  26  3.7500000E+00
  2.6343E+01  1.7630E+01  6.7843E+02  7.9404E+01  6.7710E+02  0.0000E+00  0.0000E+00
  2.5935E+01  2.0000E+01  6.7682E+02  7.9379E+01  6.7540E+02  3.9078E+00  5.6723E+00
  1.9055E+01  6.0000E+01  6.6560E+02  7.8292E+01  6.6100E+02  1.4720E+00  2.1366E+00
  1.5825E+01  1.0000E+02  6.6049E+02  7.6895E+01  6.5284E+02  1.1488E+00  7.8290E-01
  1.3679E+01  1.4000E+02  6.5671E+02  7.5317E+01  6.4614E+02  1.0271E+00  4.6506E-01
  1.2062E+01  1.8000E+02  6.5346E+02  7.3650E+01  6.4012E+02  9.8265E-01  3.3521E-01
  1.0759E+01  2.2000E+02  6.5046E+02  7.1934E+01  6.3449E+02  9.8140E-01  2.6980E-01
  9.6646E+00  2.6000E+02  6.4762E+02  7.0185E+01  6.2914E+02  1.0031E+00  2.3162E-01
  8.7191E+00  3.0000E+02  6.4489E+02  6.8406E+01  6.2403E+02  9.9925E-01  1.9933E-01
  7.8855E+00  3.4000E+02  6.4226E+02  6.6601E+01  6.1913E+02  9.9192E-01  1.7444E-01
  7.1387E+00  3.8000E+02  6.3968E+02  6.4776E+01  6.1440E+02  1.0067E+00  1.5862E-01
  6.4601E+00  4.2000E+02  6.3713E+02  6.2938E+01  6.0981E+02  1.0481E+00  1.5005E-01
  5.8365E+00  4.6000E+02  6.3460E+02  6.1089E+01  6.0533E+02  1.0956E+00  1.4415E-01
  5.2583E+00  5.0000E+02  6.3208E+02  5.9230E+01  6.0097E+02  1.1477E+00  1.4001E-01
  4.7186E+00  5.4000E+02  6.2956E+02  5.7362E+01  5.9672E+02  1.2021E+00  1.3688E-01
  4.2120E+00  5.8000E+02  6.2705E+02  5.5486E+01  5.9256E+02  1.2565E+00  1.3428E-01
  3.7341E+00  6.2000E+02  6.2454E+02  5.3603E+01  5.8849E+02  1.3104E+00  1.3213E-01
  3.2808E+00  6.6000E+02  6.2203E+02  5.1714E+01  5.8451E+02  1.3627E+00  1.3033E-01
  2.8488E+00  7.0000E+02  6.1953E+02  4.9817E+01  5.8062E+02  1.4129E+00  1.2878E-01
  2.4356E+00  7.4000E+02  6.1702E+02  4.7914E+01  5.7680E+02  1.4611E+00  1.2736E-01
  2.0394E+00  7.8000E+02  6.1451E+02  4.6005E+01  5.7307E+02  1.5082E+00  1.2607E-01
  1.6587E+00  8.2000E+02  6.1200E+02  4.4089E+01  5.6941E+02  1.5547E+00  1.2488E-01
  1.2922E+00  8.6000E+02  6.0950E+02  4.2167E+01  5.6582E+02  1.6011E+00  1.2380E-01
  9.3894E-01  9.0000E+02  6.0698E+02  4.0238E+01  5.6230E+02  1.6474E+00  1.2280E-01
  5.9777E-01  9.4000E+02  6.0447E+02  3.8302E+01  5.5884E+02  1.6924E+00  1.2182E-01
  2.6735E-01  9.8000E+02  6.0195E+02  3.6358E+01  5.5545E+02  1.7342E+00  1.2090E-01
