  26  6.0000000E+00
  3.2100E+01  1.0000E-03  1.2224E+00  1.4089E+02  1.2224E+00  0.0000E+00  0.0000E+00
  2.2920E+01  4.0000E+01  1.3175E+00  1.4088E+02  1.2220E+00 -1.1220E-02 -2.1731E-02
  1.8066E+01  8.0000E+01  1.8919E+00  1.4106E+02  1.2168E+00 -8.1885E-02 -8.3867E-02
  1.5608E+01  1.2000E+02  2.1737E+00  1.4141E+02  1.2129E+00  3.0819E-02  1.5982E-02
  1.3827E+01  1.6000E+02  2.5342E+00  1.4193E+02  1.2091E+00  8.8931E-02  3.3415E-02
  1.2388E+01  2.0000E+02  3.0651E+00  1.4256E+02  1.2051E+00  6.4092E-02  1.9460E-02
  1.1162E+01  2.4000E+02  3.7830E+00  1.4324E+02  1.2010E+00 -2.9600E-02 -7.6580E-03
  1.0086E+01  2.8000E+02  4.6534E+00  1.4393E+02  1.1967E+00 -1.6813E-01 -3.8166E-02
  9.1258E+00  3.2000E+02  5.6243E+00  1.4461E+02  1.1923E+00 -2.9706E-01 -6.0155E-02
  8.2587E+00  3.6000E+02  6.6661E+00  1.4529E+02  1.1879E+00 -4.1571E-01 -7.6054E-02
  7.4667E+00  4.0000E+02  7.7681E+00  1.4597E+02  1.1835E+00 -5.3966E-01 -9.0167E-02
  6.7369E+00  4.4000E+02  8.9254E+00  1.4663E+02  1.1792E+00 -6.8394E-01 -1.0532E-01
  6.0592E+00  4.8000E+02  1.0130E+01  1.4725E+02  1.1748E+00 -8.5105E-01 -1.2167E-01
  5.4264E+00  5.2000E+02  1.1368E+01  1.4784E+02  1.1705E+00 -1.0336E+00 -1.3800E-01
  4.8327E+00  5.6000E+02  1.2621E+01  1.4837E+02  1.1663E+00 -1.2189E+00 -1.5267E-01
  4.2738E+00  6.0000E+02  1.3867E+01  1.4884E+02  1.1620E+00 -1.3913E+00 -1.6406E-01
  3.7462E+00  6.4000E+02  1.5085E+01  1.4925E+02  1.1578E+00 -1.5333E+00 -1.7069E-01
  3.2469E+00  6.8000E+02  1.6257E+01  1.4961E+02  1.1537E+00 -1.6244E+00 -1.7109E-01
  2.7736E+00  7.2000E+02  1.7374E+01  1.4994E+02  1.1496E+00 -1.6566E+00 -1.6545E-01
  2.3236E+00  7.6000E+02  1.8450E+01  1.5026E+02  1.1456E+00 -1.6669E+00 -1.5824E-01
  1.8947E+00  8.0000E+02  1.9510E+01  1.5059E+02  1.1416E+00 -1.7161E+00 -1.5530E-01
  1.4846E+00  8.4000E+02  2.0569E+01  1.5090E+02  1.1377E+00 -1.8272E+00 -1.5809E-01
  1.0916E+00  8.8000E+02  2.1622E+01  1.5118E+02  1.1338E+00 -1.9524E+00 -1.6187E-01
  7.1435E-01  9.2000E+02  2.2668E+01  1.5146E+02  1.1299E+00 -2.0454E+00 -1.6281E-01
  3.5103E-01  9.6000E+02  2.3753E+01  1.5173E+02  1.1261E+00 -2.2501E+00 -1.7248E-01
  7.2256E-04  1.0000E+03  2.4954E+01  1.5187E+02  1.1223E+00 -3.0302E+00 -2.2395E-01
