  26  6.0000000E+00
  3.0470E+01  1.0000E-03  3.7373E-01  9.6104E+01  3.7373E-01  0.0000E+00  0.0000E+00
  2.1610E+01  4.0000E+01  4.4036E-01  9.6113E+01  3.7333E-01 -6.4071E-03 -1.1976E-02
  1.6731E+01  8.0000E+01  1.1208E+00  9.6177E+01  3.6978E-01 -1.2652E-01 -1.3023E-01
  1.4146E+01  1.2000E+02  1.5760E+00  9.6212E+01  3.6733E-01 -1.6246E-01 -8.8585E-02
  1.2323E+01  1.6000E+02  1.9052E+00  9.6264E+01  3.6505E-01 -1.5226E-01 -5.8567E-02
  1.0936E+01  2.0000E+02  2.1265E+00  9.6401E+01  3.6293E-01 -6.0063E-02 -1.7584E-02
  9.8149E+00  2.4000E+02  2.3229E+00  9.6640E+01  3.6092E-01  3.7251E-02  8.8085E-03
  8.8647E+00  2.8000E+02  2.5496E+00  9.6953E+01  3.5895E-01  9.1531E-02  1.8349E-02
  8.0313E+00  3.2000E+02  2.8348E+00  9.7325E+01  3.5701E-01  1.0438E-01  1.8353E-02
  7.2837E+00  3.6000E+02  3.1848E+00  9.7735E+01  3.5508E-01  7.9285E-02  1.2506E-02
  6.6029E+00  4.0000E+02  3.5930E+00  9.8173E+01  3.5316E-01  4.3652E-02  6.2697E-03
  5.9763E+00  4.4000E+02  4.0533E+00  9.8637E+01  3.5126E-01  6.9067E-03  9.1308E-04
  5.3944E+00  4.8000E+02  4.5659E+00  9.9129E+01  3.4937E-01 -3.5610E-02 -4.3715E-03
  4.8499E+00  5.2000E+02  5.1374E+00  9.9645E+01  3.4749E-01 -1.0286E-01 -1.1818E-02
  4.3368E+00  5.6000E+02  5.7712E+00  1.0017E+02  3.4562E-01 -2.0482E-01 -2.2169E-02
  3.8511E+00  6.0000E+02  6.4640E+00  1.0070E+02  3.4375E-01 -3.3294E-01 -3.4124E-02
  3.3893E+00  6.4000E+02  7.2092E+00  1.0123E+02  3.4188E-01 -4.7681E-01 -4.6456E-02
  2.9489E+00  6.8000E+02  7.9993E+00  1.0174E+02  3.4001E-01 -6.3146E-01 -5.8670E-02
  2.5278E+00  7.2000E+02  8.8272E+00  1.0223E+02  3.3814E-01 -7.9509E-01 -7.0630E-02
  2.1244E+00  7.6000E+02  9.6865E+00  1.0270E+02  3.3628E-01 -9.6731E-01 -8.2343E-02
  1.7370E+00  8.0000E+02  1.0571E+01  1.0314E+02  3.3442E-01 -1.1484E+00 -9.3863E-02
  1.3644E+00  8.4000E+02  1.1476E+01  1.0355E+02  3.3257E-01 -1.3393E+00 -1.0529E-01
  1.0055E+00  8.8000E+02  1.2396E+01  1.0392E+02  3.3072E-01 -1.5391E+00 -1.1655E-01
  6.5921E-01  9.2000E+02  1.3331E+01  1.0424E+02  3.2888E-01 -1.7545E+00 -1.2817E-01
  3.2441E-01  9.6000E+02  1.4301E+01  1.0452E+02  3.2705E-01 -2.0804E+00 -1.4695E-01
  4.3075E-04  1.0000E+03  1.5339E+01  1.0463E+02  3.2521E-01 -2.8529E+00 -1.9500E-01
