  26  6.0000000E+00
  3.0009E+01  1.0000E-03  1.9996E-01  9.5819E+01  1.9996E-01  0.0000E+00  0.0000E+00
  2.1334E+01  4.0000E+01  2.5843E-01  9.5828E+01  1.9960E-01 -5.7872E-03 -1.0593E-02
  1.6566E+01  8.0000E+01  8.3951E-01  9.5911E+01  1.9693E-01 -1.0438E-01 -1.0499E-01
  1.4039E+01  1.2000E+02  1.2431E+00  9.5979E+01  1.9511E-01 -1.3300E-01 -7.0920E-02
  1.2248E+01  1.6000E+02  1.5481E+00  9.6060E+01  1.9345E-01 -1.2470E-01 -4.7110E-02
  1.0882E+01  2.0000E+02  1.7648E+00  9.6223E+01  1.9192E-01 -3.9838E-02 -1.1484E-02
  9.7740E+00  2.4000E+02  1.9663E+00  9.6475E+01  1.9047E-01  4.5953E-02  1.0741E-02
  8.8314E+00  2.8000E+02  2.2042E+00  9.6797E+01  1.8907E-01  8.8982E-02  1.7695E-02
  8.0031E+00  3.2000E+02  2.4991E+00  9.7168E+01  1.8770E-01  9.1863E-02  1.6054E-02
  7.2597E+00  3.6000E+02  2.8519E+00  9.7573E+01  1.8635E-01  7.1061E-02  1.1146E-02
  6.5828E+00  4.0000E+02  3.2559E+00  9.8008E+01  1.8502E-01  4.5704E-02  6.5273E-03
  5.9598E+00  4.4000E+02  3.7070E+00  9.8474E+01  1.8370E-01  2.3059E-02  3.0305E-03
  5.3813E+00  4.8000E+02  4.2102E+00  9.8972E+01  1.8240E-01 -8.4743E-03 -1.0343E-03
  4.8396E+00  5.2000E+02  4.7766E+00  9.9497E+01  1.8111E-01 -7.5781E-02 -8.6615E-03
  4.3288E+00  5.6000E+02  5.4100E+00  1.0004E+02  1.7981E-01 -1.8516E-01 -1.9955E-02
  3.8447E+00  6.0000E+02  6.1052E+00  1.0058E+02  1.7852E-01 -3.1966E-01 -3.2646E-02
  3.3843E+00  6.4000E+02  6.8541E+00  1.0111E+02  1.7722E-01 -4.6723E-01 -4.5389E-02
  2.9450E+00  6.8000E+02  7.6485E+00  1.0163E+02  1.7592E-01 -6.2378E-01 -5.7812E-02
  2.5248E+00  7.2000E+02  8.4810E+00  1.0213E+02  1.7462E-01 -7.8806E-01 -6.9858E-02
  2.1221E+00  7.6000E+02  9.3450E+00  1.0261E+02  1.7332E-01 -9.6018E-01 -8.1587E-02
  1.7353E+00  8.0000E+02  1.0235E+01  1.0306E+02  1.7202E-01 -1.1409E+00 -9.3103E-02
  1.3632E+00  8.4000E+02  1.1145E+01  1.0347E+02  1.7072E-01 -1.3314E+00 -1.0452E-01
  1.0047E+00  8.8000E+02  1.2069E+01  1.0385E+02  1.6943E-01 -1.5269E+00 -1.1549E-01
  6.5882E-01  9.2000E+02  1.3010E+01  1.0419E+02  1.6814E-01 -1.7361E+00 -1.2670E-01
  3.2426E-01  9.6000E+02  1.3988E+01  1.0448E+02  1.6685E-01 -2.0632E+00 -1.4563E-01
  4.1680E-04  1.0000E+03  1.5039E+01  1.0461E+02  1.6556E-01 -2.8248E+00 -1.9300E-01
