  26  6.0000000E+00
  3.2086E+01  1.0000E-03  1.2734E+00  1.5107E+02  1.2734E+00  0.0000E+00  0.0000E+00
  2.2946E+01  4.0000E+01  1.3666E+00  1.5107E+02  1.2730E+00 -1.0912E-02 -2.1042E-02
  1.8130E+01  8.0000E+01  1.9153E+00  1.5126E+02  1.2678E+00 -7.3647E-02 -7.4843E-02
  1.5704E+01  1.2000E+02  2.1672E+00  1.5165E+02  1.2639E+00  5.7360E-02  2.9350E-02
  1.3944E+01  1.6000E+02  2.5148E+00  1.5222E+02  1.2601E+00  1.2844E-01  4.7711E-02
  1.2509E+01  2.0000E+02  3.0695E+00  1.5292E+02  1.2560E+00  9.6104E-02  2.9079E-02
  1.1280E+01  2.4000E+02  3.8458E+00  1.5367E+02  1.2517E+00 -1.6761E-02 -4.3491E-03
  1.0196E+01  2.8000E+02  4.8044E+00  1.5443E+02  1.2472E+00 -1.8121E-01 -4.1439E-02
  9.2256E+00  3.2000E+02  5.8868E+00  1.5518E+02  1.2427E+00 -3.4651E-01 -7.0918E-02
  8.3473E+00  3.6000E+02  7.0507E+00  1.5590E+02  1.2381E+00 -5.0462E-01 -9.3503E-02
  7.5447E+00  4.0000E+02  8.2664E+00  1.5659E+02  1.2335E+00 -6.5541E-01 -1.1099E-01
  6.8055E+00  4.4000E+02  9.5119E+00  1.5725E+02  1.2290E+00 -7.9831E-01 -1.2450E-01
  6.1204E+00  4.8000E+02  1.0771E+01  1.5787E+02  1.2245E+00 -9.3152E-01 -1.3465E-01
  5.4819E+00  5.2000E+02  1.2033E+01  1.5846E+02  1.2200E+00 -1.0556E+00 -1.4220E-01
  4.8839E+00  5.6000E+02  1.3291E+01  1.5901E+02  1.2156E+00 -1.1735E+00 -1.4804E-01
  4.3216E+00  6.0000E+02  1.4543E+01  1.5954E+02  1.2113E+00 -1.2880E+00 -1.5279E-01
  3.7909E+00  6.4000E+02  1.5785E+01  1.6004E+02  1.2070E+00 -1.4012E+00 -1.5690E-01
  3.2882E+00  6.8000E+02  1.7019E+01  1.6051E+02  1.2027E+00 -1.5158E+00 -1.6076E-01
  2.8107E+00  7.2000E+02  1.8244E+01  1.6095E+02  1.1985E+00 -1.6358E+00 -1.6481E-01
  2.3558E+00  7.6000E+02  1.9463E+01  1.6137E+02  1.1943E+00 -1.7656E+00 -1.6944E-01
  1.9215E+00  8.0000E+02  2.0675E+01  1.6175E+02  1.1901E+00 -1.9084E+00 -1.7489E-01
  1.5058E+00  8.4000E+02  2.1878E+01  1.6210E+02  1.1860E+00 -2.0624E+00 -1.8089E-01
  1.1072E+00  8.8000E+02  2.3069E+01  1.6241E+02  1.1819E+00 -2.2175E+00 -1.8648E-01
  7.2435E-01  9.2000E+02  2.4242E+01  1.6268E+02  1.1779E+00 -2.3436E+00 -1.8928E-01
  3.5582E-01  9.6000E+02  2.5429E+01  1.6294E+02  1.1739E+00 -2.5310E+00 -1.9680E-01
  7.3913E-04  1.0000E+03  2.6701E+01  1.6308E+02  1.1699E+00 -3.1676E+00 -2.3730E-01
