  26  6.0000000E+00
  3.1439E+01  1.0000E-03  6.1972E-01  9.6814E+01  6.1972E-01  0.0000E+00  0.0000E+00
  2.2217E+01  4.0000E+01  7.0504E-01  9.6828E+01  6.1927E-01 -7.6926E-03 -1.4968E-02
  1.7121E+01  8.0000E+01  1.6137E+00  9.6845E+01  6.1472E-01 -1.7498E-01 -1.8811E-01
  1.4424E+01  1.2000E+02  2.1807E+00  9.6817E+01  6.1151E-01 -2.2057E-01 -1.2555E-01
  1.2530E+01  1.6000E+02  2.5757E+00  9.6817E+01  6.0856E-01 -2.0885E-01 -8.3433E-02
  1.1091E+01  2.0000E+02  2.8368E+00  9.6900E+01  6.0579E-01 -1.2363E-01 -3.7533E-02
  9.9345E+00  2.4000E+02  3.0425E+00  9.7093E+01  6.0315E-01 -1.0538E-02 -2.5715E-03
  8.9609E+00  2.8000E+02  3.2579E+00  9.7379E+01  6.0060E-01  7.2380E-02  1.4867E-02
  8.1120E+00  3.2000E+02  3.5244E+00  9.7740E+01  5.9807E-01  1.1122E-01  1.9921E-02
  7.3528E+00  3.6000E+02  3.8622E+00  9.8151E+01  5.9554E-01  9.6698E-02  1.5488E-02
  6.6622E+00  4.0000E+02  4.2718E+00  9.8596E+01  5.9301E-01  5.0235E-02  7.3191E-03
  6.0266E+00  4.4000E+02  4.7472E+00  9.9064E+01  5.9048E-01 -1.1690E-02 -1.5678E-03
  5.4362E+00  4.8000E+02  5.2829E+00  9.9550E+01  5.8795E-01 -8.3500E-02 -1.0399E-02
  4.8841E+00  5.2000E+02  5.8761E+00  1.0005E+02  5.8543E-01 -1.6887E-01 -1.9672E-02
  4.3645E+00  5.6000E+02  6.5250E+00  1.0056E+02  5.8290E-01 -2.7316E-01 -2.9942E-02
  3.8733E+00  6.0000E+02  7.2256E+00  1.0106E+02  5.8039E-01 -3.9558E-01 -4.1000E-02
  3.4069E+00  6.4000E+02  7.9726E+00  1.0156E+02  5.7788E-01 -5.3264E-01 -5.2409E-02
  2.9627E+00  6.8000E+02  8.7598E+00  1.0205E+02  5.7537E-01 -6.8177E-01 -6.3892E-02
  2.5385E+00  7.2000E+02  9.5811E+00  1.0251E+02  5.7287E-01 -8.4139E-01 -7.5309E-02
  2.1324E+00  7.6000E+02  1.0430E+01  1.0295E+02  5.7038E-01 -1.0105E+00 -8.6589E-02
  1.7428E+00  8.0000E+02  1.1300E+01  1.0336E+02  5.6790E-01 -1.1871E+00 -9.7576E-02
  1.3684E+00  8.4000E+02  1.2185E+01  1.0373E+02  5.6543E-01 -1.3656E+00 -1.0786E-01
  1.0081E+00  8.8000E+02  1.3081E+01  1.0407E+02  5.6297E-01 -1.5482E+00 -1.1769E-01
  6.6074E-01  9.2000E+02  1.3992E+01  1.0437E+02  5.6052E-01 -1.7631E+00 -1.2921E-01
  3.2506E-01  9.6000E+02  1.4937E+01  1.0461E+02  5.5807E-01 -2.1027E+00 -1.4892E-01
  4.4839E-04  1.0000E+03  1.5941E+01  1.0467E+02  5.5564E-01 -2.9018E+00 -1.9874E-01
