  26  6.0000000E+00
  3.1423E+01  1.0000E-03  6.1972E-01  9.6810E+01  6.1972E-01  0.0000E+00  0.0000E+00
  2.2207E+01  4.0000E+01  7.0445E-01  9.6824E+01  6.1927E-01 -7.6294E-03 -1.4834E-02
  1.7117E+01  8.0000E+01  1.6069E+00  9.6840E+01  6.1473E-01 -1.7413E-01 -1.8701E-01
  1.4425E+01  1.2000E+02  2.1643E+00  9.6815E+01  6.1153E-01 -2.1633E-01 -1.2289E-01
  1.2536E+01  1.6000E+02  2.5522E+00  9.6825E+01  6.0858E-01 -2.0029E-01 -7.9822E-02
  1.1099E+01  2.0000E+02  2.8156E+00  9.6918E+01  6.0581E-01 -1.1858E-01 -3.5955E-02
  9.9419E+00  2.4000E+02  3.0293E+00  9.7116E+01  6.0318E-01 -1.3330E-02 -3.2534E-03
  8.9673E+00  2.8000E+02  3.2527E+00  9.7403E+01  6.0061E-01  6.5591E-02  1.3486E-02
  8.1172E+00  3.2000E+02  3.5262E+00  9.7764E+01  5.9807E-01  1.0330E-01  1.8527E-02
  7.3571E+00  3.6000E+02  3.8696E+00  9.8175E+01  5.9554E-01  8.8388E-02  1.4176E-02
  6.6657E+00  4.0000E+02  4.2837E+00  9.8619E+01  5.9301E-01  4.2615E-02  6.2165E-03
  6.0293E+00  4.4000E+02  4.7631E+00  9.9085E+01  5.9047E-01 -1.9615E-02 -2.6336E-03
  5.4383E+00  4.8000E+02  5.3020E+00  9.9570E+01  5.8794E-01 -9.1995E-02 -1.1470E-02
  4.8857E+00  5.2000E+02  5.8975E+00  1.0007E+02  5.8541E-01 -1.7704E-01 -2.0643E-02
  4.3657E+00  5.6000E+02  6.5474E+00  1.0057E+02  5.8289E-01 -2.7971E-01 -3.0683E-02
  3.8742E+00  6.0000E+02  7.2481E+00  1.0108E+02  5.8037E-01 -4.0026E-01 -4.1511E-02
  3.4076E+00  6.4000E+02  7.9946E+00  1.0157E+02  5.7786E-01 -5.3591E-01 -5.2756E-02
  2.9632E+00  6.8000E+02  8.7809E+00  1.0205E+02  5.7535E-01 -6.8391E-01 -6.4118E-02
  2.5388E+00  7.2000E+02  9.6010E+00  1.0252E+02  5.7285E-01 -8.4258E-01 -7.5440E-02
  2.1326E+00  7.6000E+02  1.0449E+01  1.0295E+02  5.7036E-01 -1.0109E+00 -8.6643E-02
  1.7429E+00  8.0000E+02  1.1318E+01  1.0336E+02  5.6788E-01 -1.1868E+00 -9.7571E-02
  1.3685E+00  8.4000E+02  1.2201E+01  1.0373E+02  5.6541E-01 -1.3650E+00 -1.0783E-01
  1.0082E+00  8.8000E+02  1.3095E+01  1.0407E+02  5.6295E-01 -1.5473E+00 -1.1763E-01
  6.6076E-01  9.2000E+02  1.4005E+01  1.0437E+02  5.6050E-01 -1.7608E+00 -1.2906E-01
  3.2507E-01  9.6000E+02  1.4948E+01  1.0461E+02  5.5806E-01 -2.0982E+00 -1.4861E-01
  4.5077E-04  1.0000E+03  1.5949E+01  1.0467E+02  5.5562E-01 -2.8937E+00 -1.9818E-01
