  26  6.0000000E+00
  3.2000E+01  1.0000E-03  9.6472E-01  1.0842E+02  9.6472E-01  0.0000E+00  0.0000E+00
  2.2695E+01  4.0000E+01  1.0514E+00  1.0844E+02  9.6426E-01 -7.8061E-03 -1.5324E-02
  1.7609E+01  8.0000E+01  1.9077E+00  1.0848E+02  9.5901E-01 -1.5951E-01 -1.7116E-01
  1.4962E+01  1.2000E+02  2.3647E+00  1.0858E+02  9.5522E-01 -1.3772E-01 -7.6908E-02
  1.3099E+01  1.6000E+02  2.7278E+00  1.0880E+02  9.5170E-01 -7.7535E-02 -3.0472E-02
  1.1647E+01  2.0000E+02  3.1147E+00  1.0909E+02  9.4822E-01 -6.3253E-02 -1.9382E-02
  1.0446E+01  2.4000E+02  3.5447E+00  1.0943E+02  9.4474E-01 -7.2012E-02 -1.8244E-02
  9.4174E+00  2.8000E+02  4.0146E+00  1.0982E+02  9.4127E-01 -8.3206E-02 -1.8061E-02
  8.5135E+00  3.2000E+02  4.5284E+00  1.1024E+02  9.3780E-01 -9.9518E-02 -1.8979E-02
  7.7039E+00  3.6000E+02  5.0940E+00  1.1070E+02  9.3434E-01 -1.3528E-01 -2.3106E-02
  6.9682E+00  4.0000E+02  5.7146E+00  1.1118E+02  9.3090E-01 -1.9392E-01 -3.0100E-02
  6.2922E+00  4.4000E+02  6.3880E+00  1.1167E+02  9.2746E-01 -2.7103E-01 -3.8655E-02
  5.6657E+00  4.8000E+02  7.1097E+00  1.1216E+02  9.2403E-01 -3.6184E-01 -4.7828E-02
  5.0811E+00  5.2000E+02  7.8740E+00  1.1265E+02  9.2061E-01 -4.6396E-01 -5.7224E-02
  4.5325E+00  5.6000E+02  8.6753E+00  1.1314E+02  9.1721E-01 -5.7587E-01 -6.6646E-02
  4.0154E+00  6.0000E+02  9.5078E+00  1.1361E+02  9.1383E-01 -6.9634E-01 -7.5968E-02
  3.5261E+00  6.4000E+02  1.0366E+01  1.1407E+02  9.1047E-01 -8.2419E-01 -8.5093E-02
  3.0615E+00  6.8000E+02  1.1243E+01  1.1450E+02  9.0712E-01 -9.5778E-01 -9.3889E-02
  2.6191E+00  7.2000E+02  1.2135E+01  1.1491E+02  9.0380E-01 -1.0952E+00 -1.0222E-01
  2.1968E+00  7.6000E+02  1.3034E+01  1.1528E+02  9.0050E-01 -1.2350E+00 -1.1003E-01
  1.7929E+00  8.0000E+02  1.3936E+01  1.1563E+02  8.9723E-01 -1.3768E+00 -1.1733E-01
  1.4058E+00  8.4000E+02  1.4832E+01  1.1594E+02  8.9398E-01 -1.5110E+00 -1.2339E-01
  1.0343E+00  8.8000E+02  1.5716E+01  1.1623E+02  8.9075E-01 -1.6137E+00 -1.2647E-01
  6.7725E-01  9.2000E+02  1.6595E+01  1.1650E+02  8.8756E-01 -1.7018E+00 -1.2821E-01
  3.3295E-01  9.6000E+02  1.7507E+01  1.1675E+02  8.8439E-01 -1.9133E+00 -1.3898E-01
  6.0097E-04  1.0000E+03  1.8501E+01  1.1690E+02  8.8122E-01 -2.5462E+00 -1.7853E-01
