  26  6.0000000E+00
  2.9895E+01  1.0000E-03  6.6899E-02  9.5735E+01  6.6899E-02  0.0000E+00  0.0000E+00
  2.1256E+01  4.0000E+01  1.2489E-01  9.5742E+01  6.6596E-02 -5.9463E-03 -1.0838E-02
  1.6512E+01  8.0000E+01  6.8537E-01  9.5829E+01  6.4941E-02 -9.9703E-02 -9.9789E-02
  1.3997E+01  1.2000E+02  1.0806E+00  9.5900E+01  6.3886E-02 -1.2912E-01 -6.8518E-02
  1.2214E+01  1.6000E+02  1.3794E+00  9.5982E+01  6.2957E-02 -1.2141E-01 -4.5677E-02
  1.0854E+01  2.0000E+02  1.5891E+00  9.6146E+01  6.2126E-02 -3.3546E-02 -9.6224E-03
  9.7520E+00  2.4000E+02  1.7853E+00  9.6401E+01  6.1357E-02  5.3138E-02  1.2359E-02
  8.8133E+00  2.8000E+02  2.0205E+00  9.6724E+01  6.0621E-02  9.3779E-02  1.8571E-02
  7.9881E+00  3.2000E+02  2.3129E+00  9.7095E+01  5.9906E-02  9.4985E-02  1.6538E-02
  7.2472E+00  3.6000E+02  2.6617E+00  9.7500E+01  5.9204E-02  7.6041E-02  1.1886E-02
  6.5726E+00  4.0000E+02  3.0604E+00  9.7936E+01  5.8511E-02  5.4742E-02  7.7911E-03
  5.9518E+00  4.4000E+02  3.5054E+00  9.8404E+01  5.7823E-02  3.7460E-02  4.9064E-03
  5.3751E+00  4.8000E+02  4.0045E+00  9.8908E+01  5.7136E-02  7.8751E-03  9.5816E-04
  4.8348E+00  5.2000E+02  4.5704E+00  9.9439E+01  5.6448E-02 -6.3812E-02 -7.2748E-03
  4.3250E+00  5.6000E+02  5.2057E+00  9.9983E+01  5.5754E-02 -1.7923E-01 -1.9276E-02
  3.8417E+00  6.0000E+02  5.9037E+00  1.0053E+02  5.5055E-02 -3.1701E-01 -3.2323E-02
  3.3819E+00  6.4000E+02  6.6555E+00  1.0107E+02  5.4350E-02 -4.6592E-01 -4.5199E-02
  2.9431E+00  6.8000E+02  7.4529E+00  1.0159E+02  5.3641E-02 -6.2302E-01 -5.7674E-02
  2.5234E+00  7.2000E+02  8.2884E+00  1.0209E+02  5.2929E-02 -7.8769E-01 -6.9755E-02
  2.1210E+00  7.6000E+02  9.1555E+00  1.0258E+02  5.2215E-02 -9.6014E-01 -8.1513E-02
  1.7345E+00  8.0000E+02  1.0048E+01  1.0303E+02  5.1501E-02 -1.1410E+00 -9.3038E-02
  1.3626E+00  8.4000E+02  1.0962E+01  1.0344E+02  5.0787E-02 -1.3315E+00 -1.0446E-01
  1.0044E+00  8.8000E+02  1.1889E+01  1.0383E+02  5.0074E-02 -1.5256E+00 -1.1532E-01
  6.5862E-01  9.2000E+02  1.2833E+01  1.0417E+02  4.9363E-02 -1.7337E+00 -1.2646E-01
  3.2419E-01  9.6000E+02  1.3817E+01  1.0446E+02  4.8652E-02 -2.0660E+00 -1.4578E-01
  4.0786E-04  1.0000E+03  1.4875E+01  1.0460E+02  4.7940E-02 -2.8332E+00 -1.9354E-01
