  26  6.0000000E+00
  2.9875E+01  1.0000E-03  1.1141E-01  9.5740E+01  1.1141E-01  0.0000E+00  0.0000E+00
  2.1254E+01  4.0000E+01  1.6840E-01  9.5747E+01  1.1107E-01 -5.8100E-03 -1.0568E-02
  1.6520E+01  8.0000E+01  7.2094E-01  9.5837E+01  1.0901E-01 -9.7548E-02 -9.7436E-02
  1.4009E+01  1.2000E+02  1.1114E+00  9.5914E+01  1.0764E-01 -1.2518E-01 -6.6306E-02
  1.2228E+01  1.6000E+02  1.4105E+00  9.6004E+01  1.0642E-01 -1.1742E-01 -4.4130E-02
  1.0867E+01  2.0000E+02  1.6268E+00  9.6172E+01  1.0530E-01 -3.5013E-02 -1.0050E-02
  9.7627E+00  2.4000E+02  1.8304E+00  9.6428E+01  1.0426E-01  4.7103E-02  1.0976E-02
  8.8222E+00  2.8000E+02  2.0715E+00  9.6751E+01  1.0326E-01  8.7425E-02  1.7349E-02
  7.9953E+00  3.2000E+02  2.3689E+00  9.7122E+01  1.0229E-01  8.8344E-02  1.5412E-02
  7.2530E+00  3.6000E+02  2.7221E+00  9.7526E+01  1.0134E-01  6.9159E-02  1.0831E-02
  6.5772E+00  4.0000E+02  3.1247E+00  9.7960E+01  1.0040E-01  4.6846E-02  6.6793E-03
  5.9553E+00  4.4000E+02  3.5731E+00  9.8426E+01  9.9470E-02  2.8174E-02  3.6963E-03
  5.3778E+00  4.8000E+02  4.0738E+00  9.8927E+01  9.8550E-02 -5.6349E-04 -6.8659E-05
  4.8369E+00  5.2000E+02  4.6392E+00  9.9455E+01  9.7631E-02 -6.8528E-02 -7.8212E-03
  4.3267E+00  5.6000E+02  5.2731E+00  9.9997E+01  9.6710E-02 -1.8061E-01 -1.9442E-02
  3.8430E+00  6.0000E+02  5.9695E+00  1.0054E+02  9.5785E-02 -3.1711E-01 -3.2355E-02
  3.3830E+00  6.4000E+02  6.7198E+00  1.0108E+02  9.4854E-02 -4.6561E-01 -4.5196E-02
  2.9440E+00  6.8000E+02  7.5156E+00  1.0160E+02  9.3919E-02 -6.2255E-01 -5.7660E-02
  2.5241E+00  7.2000E+02  8.3496E+00  1.0210E+02  9.2982E-02 -7.8696E-01 -6.9721E-02
  2.1215E+00  7.6000E+02  9.2151E+00  1.0258E+02  9.2042E-02 -9.5903E-01 -8.1450E-02
  1.7349E+00  8.0000E+02  1.0106E+01  1.0303E+02  9.1101E-02 -1.1396E+00 -9.2959E-02
  1.3629E+00  8.4000E+02  1.1018E+01  1.0345E+02  9.0161E-02 -1.3299E+00 -1.0436E-01
  1.0045E+00  8.8000E+02  1.1944E+01  1.0383E+02  8.9222E-02 -1.5241E+00 -1.1524E-01
  6.5871E-01  9.2000E+02  1.2886E+01  1.0417E+02  8.8286E-02 -1.7316E+00 -1.2633E-01
  3.2422E-01  9.6000E+02  1.3867E+01  1.0446E+02  8.7350E-02 -2.0585E+00 -1.4527E-01
  4.1283E-04  1.0000E+03  1.4920E+01  1.0461E+02  8.6412E-02 -2.8128E+00 -1.9216E-01
