  26  6.0000000E+00
  3.2011E+01  1.0000E-03  1.0720E+00  1.1844E+02  1.0720E+00  0.0000E+00  0.0000E+00
  2.2779E+01  4.0000E+01  1.1585E+00  1.1845E+02  1.0716E+00 -8.5323E-03 -1.6619E-02
  1.7776E+01  8.0000E+01  1.9030E+00  1.1855E+02  1.0663E+00 -1.2895E-01 -1.3612E-01
  1.5193E+01  1.2000E+02  2.2987E+00  1.1874E+02  1.0624E+00 -7.9180E-02 -4.3152E-02
  1.3359E+01  1.6000E+02  2.6580E+00  1.1907E+02  1.0588E+00 -1.7430E-02 -6.7426E-03
  1.1910E+01  2.0000E+02  3.1012E+00  1.1948E+02  1.0551E+00 -2.1320E-02 -6.5212E-03
  1.0697E+01  2.4000E+02  3.6343E+00  1.1993E+02  1.0514E+00 -7.0142E-02 -1.7936E-02
  9.6506E+00  2.8000E+02  4.2367E+00  1.2040E+02  1.0476E+00 -1.1884E-01 -2.6249E-02
  8.7257E+00  3.2000E+02  4.8997E+00  1.2091E+02  1.0437E+00 -1.7512E-01 -3.4174E-02
  7.8946E+00  3.6000E+02  5.6184E+00  1.2142E+02  1.0399E+00 -2.4081E-01 -4.2222E-02
  7.1382E+00  4.0000E+02  6.3897E+00  1.2195E+02  1.0361E+00 -3.2004E-01 -5.1074E-02
  6.4427E+00  4.4000E+02  7.2100E+00  1.2249E+02  1.0324E+00 -4.1451E-01 -6.0824E-02
  5.7981E+00  4.8000E+02  8.0738E+00  1.2301E+02  1.0286E+00 -5.2356E-01 -7.1212E-02
  5.1966E+00  5.2000E+02  8.9736E+00  1.2352E+02  1.0248E+00 -6.4338E-01 -8.1642E-02
  4.6325E+00  5.6000E+02  9.9005E+00  1.2402E+02  1.0211E+00 -7.6827E-01 -9.1428E-02
  4.1013E+00  6.0000E+02  1.0846E+01  1.2449E+02  1.0174E+00 -8.9392E-01 -1.0020E-01
  3.5991E+00  6.4000E+02  1.1802E+01  1.2493E+02  1.0137E+00 -1.0183E+00 -1.0790E-01
  3.1228E+00  6.8000E+02  1.2762E+01  1.2535E+02  1.0101E+00 -1.1404E+00 -1.1458E-01
  2.6700E+00  7.2000E+02  1.3722E+01  1.2574E+02  1.0065E+00 -1.2590E+00 -1.2029E-01
  2.2383E+00  7.6000E+02  1.4676E+01  1.2610E+02  1.0029E+00 -1.3722E+00 -1.2496E-01
  1.8260E+00  8.0000E+02  1.5621E+01  1.2644E+02  9.9936E-01 -1.4804E+00 -1.2879E-01
  1.4312E+00  8.4000E+02  1.6559E+01  1.2675E+02  9.9585E-01 -1.5894E+00 -1.3236E-01
  1.0527E+00  8.8000E+02  1.7486E+01  1.2703E+02  9.9237E-01 -1.6929E+00 -1.3522E-01
  6.8899E-01  9.2000E+02  1.8402E+01  1.2731E+02  9.8892E-01 -1.7686E+00 -1.3570E-01
  3.3862E-01  9.6000E+02  1.9344E+01  1.2758E+02  9.8549E-01 -1.9177E+00 -1.4176E-01
  6.8030E-04  1.0000E+03  2.0382E+01  1.2778E+02  9.8209E-01 -2.4586E+00 -1.7529E-01
