  26  6.0000000E+00
  3.0982E+01  1.0000E-03  4.9946E-01  9.6447E+01  4.9946E-01  0.0000E+00  0.0000E+00
  2.1920E+01  4.0000E+01  5.7647E-01  9.6459E+01  4.9903E-01 -7.1944E-03 -1.3756E-02
  1.6920E+01  8.0000E+01  1.3797E+00  9.6495E+01  4.9494E-01 -1.5338E-01 -1.6182E-01
  1.4271E+01  1.2000E+02  1.8979E+00  9.6492E+01  4.9208E-01 -1.9693E-01 -1.1005E-01
  1.2409E+01  1.6000E+02  2.2608E+00  9.6505E+01  4.8944E-01 -1.8784E-01 -7.3797E-02
  1.0995E+01  2.0000E+02  2.4910E+00  9.6608E+01  4.8698E-01 -9.0264E-02 -2.6914E-02
  9.8591E+00  2.4000E+02  2.6806E+00  9.6823E+01  4.8464E-01  2.2329E-02  5.3534E-03
  8.9000E+00  2.8000E+02  2.8903E+00  9.7122E+01  4.8236E-01  9.3725E-02  1.8965E-02
  8.0612E+00  3.2000E+02  3.1582E+00  9.7492E+01  4.8011E-01  1.2209E-01  2.1608E-02
  7.3095E+00  3.6000E+02  3.4982E+00  9.7905E+01  4.7787E-01  9.6193E-02  1.5255E-02
  6.6252E+00  4.0000E+02  3.9044E+00  9.8347E+01  4.7562E-01  5.2509E-02  7.5817E-03
  5.9951E+00  4.4000E+02  4.3697E+00  9.8814E+01  4.7338E-01  2.1551E-03  2.8649E-04
  5.4099E+00  4.8000E+02  4.8910E+00  9.9303E+01  4.7115E-01 -5.4473E-02 -6.7253E-03
  4.8624E+00  5.2000E+02  5.4701E+00  9.9811E+01  4.6892E-01 -1.2906E-01 -1.4908E-02
  4.3469E+00  5.6000E+02  6.1081E+00  1.0033E+02  4.6671E-01 -2.3024E-01 -2.5042E-02
  3.8590E+00  6.0000E+02  6.8021E+00  1.0085E+02  4.6449E-01 -3.5455E-01 -3.6491E-02
  3.3955E+00  6.4000E+02  7.5462E+00  1.0137E+02  4.6228E-01 -4.9506E-01 -4.8410E-02
  2.9538E+00  6.8000E+02  8.3336E+00  1.0187E+02  4.6007E-01 -6.4746E-01 -6.0345E-02
  2.5316E+00  7.2000E+02  9.1578E+00  1.0235E+02  4.5787E-01 -8.0966E-01 -7.2119E-02
  2.1272E+00  7.6000E+02  1.0012E+01  1.0281E+02  4.5568E-01 -9.8080E-01 -8.3685E-02
  1.7390E+00  8.0000E+02  1.0891E+01  1.0324E+02  4.5348E-01 -1.1604E+00 -9.5031E-02
  1.3658E+00  8.4000E+02  1.1788E+01  1.0363E+02  4.5130E-01 -1.3482E+00 -1.0616E-01
  1.0064E+00  8.8000E+02  1.2701E+01  1.0399E+02  4.4913E-01 -1.5469E+00 -1.1730E-01
  6.5973E-01  9.2000E+02  1.3628E+01  1.0430E+02  4.4696E-01 -1.7676E+00 -1.2928E-01
  3.2462E-01  9.6000E+02  1.4589E+01  1.0456E+02  4.4480E-01 -2.0979E+00 -1.4832E-01
  4.4038E-04  1.0000E+03  1.5612E+01  1.0465E+02  4.4264E-01 -2.8818E+00 -1.9710E-01
