  26  6.0000000E+00
  3.0783E+01  1.0000E-03  4.5809E-01  9.6318E+01  4.5809E-01  0.0000E+00  0.0000E+00
  2.1802E+01  4.0000E+01  5.3079E-01  9.6329E+01  4.5767E-01 -6.8580E-03 -1.2996E-02
  1.6849E+01  8.0000E+01  1.2838E+00  9.6376E+01  4.5377E-01 -1.4265E-01 -1.4904E-01
  1.4227E+01  1.2000E+02  1.7740E+00  9.6390E+01  4.5104E-01 -1.8170E-01 -1.0054E-01
  1.2381E+01  1.6000E+02  2.1219E+00  9.6422E+01  4.4852E-01 -1.7096E-01 -6.6575E-02
  1.0978E+01  2.0000E+02  2.3505E+00  9.6542E+01  4.4617E-01 -7.7119E-02 -2.2831E-02
  9.8470E+00  2.4000E+02  2.5470E+00  9.6768E+01  4.4393E-01  2.5928E-02  6.1866E-03
  8.8906E+00  2.8000E+02  2.7670E+00  9.7073E+01  4.4175E-01  8.9220E-02  1.8003E-02
  8.0532E+00  3.2000E+02  3.0448E+00  9.7445E+01  4.3959E-01  1.1178E-01  1.9750E-02
  7.3024E+00  3.6000E+02  3.3917E+00  9.7856E+01  4.3744E-01  8.5447E-02  1.3534E-02
  6.6188E+00  4.0000E+02  3.8015E+00  9.8296E+01  4.3529E-01  4.4214E-02  6.3766E-03
  5.9895E+00  4.4000E+02  4.2676E+00  9.8761E+01  4.3316E-01 -2.0719E-03 -2.7509E-04
  5.4052E+00  4.8000E+02  4.7876E+00  9.9249E+01  4.3103E-01 -5.3797E-02 -6.6326E-03
  4.8584E+00  5.2000E+02  5.3645E+00  9.9758E+01  4.2892E-01 -1.2436E-01 -1.4345E-02
  4.3436E+00  5.6000E+02  6.0006E+00  1.0028E+02  4.2681E-01 -2.2365E-01 -2.4292E-02
  3.8564E+00  6.0000E+02  6.6933E+00  1.0080E+02  4.2470E-01 -3.4762E-01 -3.5733E-02
  3.3934E+00  6.4000E+02  7.4366E+00  1.0132E+02  4.2260E-01 -4.8822E-01 -4.7686E-02
  2.9521E+00  6.8000E+02  8.2238E+00  1.0182E+02  4.2050E-01 -6.4061E-01 -5.9646E-02
  2.5303E+00  7.2000E+02  9.0481E+00  1.0231E+02  4.1841E-01 -8.0277E-01 -7.1442E-02
  2.1262E+00  7.6000E+02  9.9033E+00  1.0277E+02  4.1632E-01 -9.7410E-01 -8.3049E-02
  1.7383E+00  8.0000E+02  1.0783E+01  1.0320E+02  4.1424E-01 -1.1543E+00 -9.4471E-02
  1.3653E+00  8.4000E+02  1.1683E+01  1.0360E+02  4.1216E-01 -1.3437E+00 -1.0574E-01
  1.0061E+00  8.8000E+02  1.2598E+01  1.0396E+02  4.1009E-01 -1.5438E+00 -1.1701E-01
  6.5954E-01  9.2000E+02  1.3527E+01  1.0428E+02  4.0803E-01 -1.7629E+00 -1.2888E-01
  3.2454E-01  9.6000E+02  1.4490E+01  1.0454E+02  4.0597E-01 -2.0897E+00 -1.4770E-01
  4.3841E-04  1.0000E+03  1.5517E+01  1.0464E+02  4.0391E-01 -2.8645E+00 -1.9587E-01
