  26  6.0000000E+00
  3.1994E+01  1.0000E-03  9.6472E-01  1.0842E+02  9.6472E-01  0.0000E+00  0.0000E+00
  2.2694E+01  4.0000E+01  1.0512E+00  1.0843E+02  9.6426E-01 -7.7831E-03 -1.5272E-02
  1.7608E+01  8.0000E+01  1.9070E+00  1.0848E+02  9.5901E-01 -1.5924E-01 -1.7084E-01
  1.4961E+01  1.2000E+02  2.3657E+00  1.0857E+02  9.5522E-01 -1.3875E-01 -7.7514E-02
  1.3097E+01  1.6000E+02  2.7289E+00  1.0879E+02  9.5170E-01 -7.8753E-02 -3.0959E-02
  1.1645E+01  2.0000E+02  3.1133E+00  1.0908E+02  9.4822E-01 -6.2632E-02 -1.9188E-02
  1.0445E+01  2.4000E+02  3.5403E+00  1.0942E+02  9.4475E-01 -6.9586E-02 -1.7622E-02
  9.4166E+00  2.8000E+02  4.0077E+00  1.0981E+02  9.4127E-01 -8.0256E-02 -1.7412E-02
  8.5131E+00  3.2000E+02  4.5193E+00  1.1023E+02  9.3781E-01 -9.5781E-02 -1.8257E-02
  7.7039E+00  3.6000E+02  5.0836E+00  1.1069E+02  9.3435E-01 -1.3145E-01 -2.2442E-02
  6.9684E+00  4.0000E+02  5.7042E+00  1.1117E+02  9.3091E-01 -1.9142E-01 -2.9704E-02
  6.2925E+00  4.4000E+02  6.3786E+00  1.1166E+02  9.2747E-01 -2.7007E-01 -3.8513E-02
  5.6660E+00  4.8000E+02  7.1017E+00  1.1216E+02  9.2404E-01 -3.6233E-01 -4.7891E-02
  5.0814E+00  5.2000E+02  7.8679E+00  1.1265E+02  9.2062E-01 -4.6607E-01 -5.7488E-02
  4.5327E+00  5.6000E+02  8.6711E+00  1.1314E+02  9.1722E-01 -5.7921E-01 -6.7041E-02
  4.0156E+00  6.0000E+02  9.5050E+00  1.1361E+02  9.1384E-01 -6.9997E-01 -7.6375E-02
  3.5262E+00  6.4000E+02  1.0364E+01  1.1406E+02  9.1047E-01 -8.2723E-01 -8.5418E-02
  3.0615E+00  6.8000E+02  1.1241E+01  1.1450E+02  9.0713E-01 -9.5982E-01 -9.4099E-02
  2.6190E+00  7.2000E+02  1.2132E+01  1.1490E+02  9.0380E-01 -1.0962E+00 -1.0233E-01
  2.1967E+00  7.6000E+02  1.3031E+01  1.1528E+02  9.0050E-01 -1.2352E+00 -1.1005E-01
  1.7928E+00  8.0000E+02  1.3932E+01  1.1562E+02  8.9723E-01 -1.3760E+00 -1.1727E-01
  1.4057E+00  8.4000E+02  1.4828E+01  1.1593E+02  8.9398E-01 -1.5091E+00 -1.2324E-01
  1.0343E+00  8.8000E+02  1.5710E+01  1.1622E+02  8.9076E-01 -1.6104E+00 -1.2620E-01
  6.7721E-01  9.2000E+02  1.6587E+01  1.1649E+02  8.8757E-01 -1.6964E+00 -1.2780E-01
  3.3293E-01  9.6000E+02  1.7498E+01  1.1675E+02  8.8439E-01 -1.9053E+00 -1.3840E-01
  6.0228E-04  1.0000E+03  1.8492E+01  1.1690E+02  8.8123E-01 -2.5322E+00 -1.7754E-01
