  26  6.0000000E+00
  3.0665E+01  1.0000E-03  4.1616E-01  9.6221E+01  4.1616E-01  0.0000E+00  0.0000E+00
  2.1721E+01  4.0000E+01  4.8726E-01  9.6231E+01  4.1575E-01 -6.8146E-03 -1.2859E-02
  1.6793E+01  8.0000E+01  1.2147E+00  9.6283E+01  4.1201E-01 -1.3719E-01 -1.4265E-01
  1.4182E+01  1.2000E+02  1.6955E+00  9.6302E+01  4.0941E-01 -1.7694E-01 -9.7455E-02
  1.2344E+01  1.6000E+02  2.0370E+00  9.6333E+01  4.0700E-01 -1.6871E-01 -6.5437E-02
  1.0947E+01  2.0000E+02  2.2557E+00  9.6455E+01  4.0477E-01 -6.9489E-02 -2.0470E-02
  9.8226E+00  2.4000E+02  2.4438E+00  9.6684E+01  4.0265E-01  3.6917E-02  8.7614E-03
  8.8707E+00  2.8000E+02  2.6596E+00  9.6993E+01  4.0058E-01  9.7560E-02  1.9593E-02
  8.0366E+00  3.2000E+02  2.9350E+00  9.7365E+01  3.9853E-01  1.1600E-01  2.0415E-02
  7.2885E+00  3.6000E+02  3.2787E+00  9.7776E+01  3.9650E-01  8.9480E-02  1.4123E-02
  6.6072E+00  4.0000E+02  3.6835E+00  9.8215E+01  3.9447E-01  5.1268E-02  7.3687E-03
  5.9801E+00  4.4000E+02  4.1428E+00  9.8682E+01  3.9245E-01  1.0832E-02  1.4333E-03
  5.3977E+00  4.8000E+02  4.6563E+00  9.9174E+01  3.9044E-01 -3.5894E-02 -4.4108E-03
  4.8525E+00  5.2000E+02  5.2292E+00  9.9689E+01  3.8844E-01 -1.0645E-01 -1.2243E-02
  4.3390E+00  5.6000E+02  5.8643E+00  1.0022E+02  3.8645E-01 -2.0984E-01 -2.2735E-02
  3.8528E+00  6.0000E+02  6.5579E+00  1.0075E+02  3.8446E-01 -3.3811E-01 -3.4684E-02
  3.3906E+00  6.4000E+02  7.3033E+00  1.0127E+02  3.8248E-01 -4.8176E-01 -4.6976E-02
  2.9499E+00  6.8000E+02  8.0932E+00  1.0178E+02  3.8050E-01 -6.3617E-01 -5.9148E-02
  2.5286E+00  7.2000E+02  8.9205E+00  1.0227E+02  3.7852E-01 -7.9952E-01 -7.1066E-02
  2.1250E+00  7.6000E+02  9.7788E+00  1.0273E+02  3.7654E-01 -9.7135E-01 -8.2728E-02
  1.7374E+00  8.0000E+02  1.0662E+01  1.0317E+02  3.7457E-01 -1.1517E+00 -9.4174E-02
  1.3647E+00  8.4000E+02  1.1565E+01  1.0357E+02  3.7260E-01 -1.3418E+00 -1.0551E-01
  1.0057E+00  8.8000E+02  1.2484E+01  1.0394E+02  3.7064E-01 -1.5421E+00 -1.1680E-01
  6.5932E-01  9.2000E+02  1.3418E+01  1.0426E+02  3.6869E-01 -1.7602E+00 -1.2862E-01
  3.2445E-01  9.6000E+02  1.4386E+01  1.0453E+02  3.6674E-01 -2.0888E+00 -1.4758E-01
  4.3280E-04  1.0000E+03  1.5421E+01  1.0464E+02  3.6480E-01 -2.8718E+00 -1.9632E-01
