  26  6.0000000E+00
  3.2010E+01  1.0000E-03  1.0720E+00  1.1843E+02  1.0720E+00  0.0000E+00  0.0000E+00
  2.2780E+01  4.0000E+01  1.1584E+00  1.1844E+02  1.0716E+00 -8.5152E-03 -1.6583E-02
  1.7776E+01  8.0000E+01  1.9036E+00  1.1854E+02  1.0663E+00 -1.2898E-01 -1.3617E-01
  1.5192E+01  1.2000E+02  2.3009E+00  1.1873E+02  1.0624E+00 -8.0219E-02 -4.3735E-02
  1.3358E+01  1.6000E+02  2.6594E+00  1.1906E+02  1.0588E+00 -1.7602E-02 -6.8100E-03
  1.1908E+01  2.0000E+02  3.1022E+00  1.1947E+02  1.0551E+00 -2.0635E-02 -6.3117E-03
  1.0696E+01  2.4000E+02  3.6365E+00  1.1992E+02  1.0514E+00 -7.1657E-02 -1.8327E-02
  9.6490E+00  2.8000E+02  4.2392E+00  1.2039E+02  1.0476E+00 -1.2100E-01 -2.6729E-02
  8.7240E+00  3.2000E+02  4.9011E+00  1.2089E+02  1.0437E+00 -1.7610E-01 -3.4367E-02
  7.8931E+00  3.6000E+02  5.6175E+00  1.2141E+02  1.0399E+00 -2.3981E-01 -4.2042E-02
  7.1369E+00  4.0000E+02  6.3863E+00  1.2194E+02  1.0361E+00 -3.1761E-01 -5.0674E-02
  6.4416E+00  4.4000E+02  7.2040E+00  1.2247E+02  1.0324E+00 -4.1122E-01 -6.0324E-02
  5.7971E+00  4.8000E+02  8.0656E+00  1.2300E+02  1.0286E+00 -5.1971E-01 -7.0668E-02
  5.1958E+00  5.2000E+02  8.9638E+00  1.2351E+02  1.0248E+00 -6.3971E-01 -8.1155E-02
  4.6319E+00  5.6000E+02  9.8895E+00  1.2401E+02  1.0211E+00 -7.6522E-01 -9.1044E-02
  4.1007E+00  6.0000E+02  1.0834E+01  1.2448E+02  1.0174E+00 -8.9135E-01 -9.9887E-02
  3.5986E+00  6.4000E+02  1.1789E+01  1.2492E+02  1.0137E+00 -1.0161E+00 -1.0764E-01
  3.1224E+00  6.8000E+02  1.2749E+01  1.2534E+02  1.0101E+00 -1.1386E+00 -1.1438E-01
  2.6697E+00  7.2000E+02  1.3708E+01  1.2573E+02  1.0065E+00 -1.2572E+00 -1.2009E-01
  2.2381E+00  7.6000E+02  1.4662E+01  1.2609E+02  1.0029E+00 -1.3695E+00 -1.2470E-01
  1.8258E+00  8.0000E+02  1.5607E+01  1.2643E+02  9.9937E-01 -1.4764E+00 -1.2842E-01
  1.4311E+00  8.4000E+02  1.6543E+01  1.2674E+02  9.9586E-01 -1.5841E+00 -1.3191E-01
  1.0526E+00  8.8000E+02  1.7470E+01  1.2703E+02  9.9238E-01 -1.6884E+00 -1.3483E-01
  6.8896E-01  9.2000E+02  1.8388E+01  1.2730E+02  9.8893E-01 -1.7669E+00 -1.3556E-01
  3.3861E-01  9.6000E+02  1.9331E+01  1.2757E+02  9.8551E-01 -1.9181E+00 -1.4178E-01
  6.7771E-04  1.0000E+03  2.0370E+01  1.2778E+02  9.8210E-01 -2.4542E+00 -1.7497E-01
