  26  6.0000000E+00
  3.2002E+01  1.0000E-03  9.9340E-01  1.1068E+02  9.9340E-01  0.0000E+00  0.0000E+00
  2.2716E+01  4.0000E+01  1.0790E+00  1.1070E+02  9.9294E-01 -7.7559E-03 -1.5195E-02
  1.7650E+01  8.0000E+01  1.9083E+00  1.1075E+02  9.8768E-01 -1.5245E-01 -1.6293E-01
  1.5019E+01  1.2000E+02  2.3483E+00  1.1087E+02  9.8386E-01 -1.2301E-01 -6.8282E-02
  1.3164E+01  1.6000E+02  2.7080E+00  1.1112E+02  9.8031E-01 -6.0831E-02 -2.3807E-02
  1.1713E+01  2.0000E+02  3.1086E+00  1.1144E+02  9.7678E-01 -5.1823E-02 -1.5870E-02
  1.0509E+01  2.4000E+02  3.5649E+00  1.1181E+02  9.7323E-01 -7.2667E-02 -1.8454E-02
  9.4753E+00  2.8000E+02  4.0678E+00  1.1222E+02  9.6967E-01 -9.3887E-02 -2.0472E-02
  8.5660E+00  3.2000E+02  4.6176E+00  1.1266E+02  9.6611E-01 -1.1955E-01 -2.2935E-02
  7.7510E+00  3.6000E+02  5.2194E+00  1.1313E+02  9.6256E-01 -1.6186E-01 -2.7831E-02
  7.0101E+00  4.0000E+02  5.8754E+00  1.1362E+02  9.5902E-01 -2.2513E-01 -3.5192E-02
  6.3292E+00  4.4000E+02  6.5830E+00  1.1412E+02  9.5550E-01 -3.0609E-01 -4.3970E-02
  5.6982E+00  4.8000E+02  7.3375E+00  1.1462E+02  9.5198E-01 -4.0073E-01 -5.3351E-02
  5.1094E+00  5.2000E+02  8.1330E+00  1.1512E+02  9.4848E-01 -5.0665E-01 -6.2935E-02
  4.5570E+00  5.6000E+02  8.9632E+00  1.1560E+02  9.4500E-01 -6.2144E-01 -7.2423E-02
  4.0364E+00  6.0000E+02  9.8218E+00  1.1607E+02  9.4153E-01 -7.4314E-01 -8.1622E-02
  3.5439E+00  6.4000E+02  1.0703E+01  1.1653E+02  9.3809E-01 -8.7044E-01 -9.0451E-02
  3.0764E+00  6.8000E+02  1.1599E+01  1.1696E+02  9.3467E-01 -1.0017E+00 -9.8804E-02
  2.6314E+00  7.2000E+02  1.2506E+01  1.1736E+02  9.3127E-01 -1.1349E+00 -1.0655E-01
  2.2068E+00  7.6000E+02  1.3418E+01  1.1773E+02  9.2790E-01 -1.2683E+00 -1.1362E-01
  1.8008E+00  8.0000E+02  1.4330E+01  1.1807E+02  9.2455E-01 -1.4023E+00 -1.2012E-01
  1.4119E+00  8.4000E+02  1.5236E+01  1.1838E+02  9.2123E-01 -1.5323E+00 -1.2574E-01
  1.0386E+00  8.8000E+02  1.6128E+01  1.1866E+02  9.1794E-01 -1.6367E+00 -1.2887E-01
  6.7997E-01  9.2000E+02  1.7013E+01  1.1893E+02  9.1468E-01 -1.7165E+00 -1.2989E-01
  3.3425E-01  9.6000E+02  1.7926E+01  1.1919E+02  9.1144E-01 -1.9005E+00 -1.3862E-01
  6.3005E-04  1.0000E+03  1.8927E+01  1.1936E+02  9.0822E-01 -2.4972E+00 -1.7577E-01
