  26  6.0000000E+00
  3.2030E+01  1.0000E-03  1.1180E+00  1.2430E+02  1.1180E+00  0.0000E+00  0.0000E+00
  2.2823E+01  4.0000E+01  1.2037E+00  1.2431E+02  1.1175E+00 -8.5638E-03 -1.6635E-02
  1.7860E+01  8.0000E+01  1.9045E+00  1.2442E+02  1.1123E+00 -1.1788E-01 -1.2344E-01
  1.5308E+01  1.2000E+02  2.2657E+00  1.2466E+02  1.1084E+00 -4.7084E-02 -2.5345E-02
  1.3488E+01  1.6000E+02  2.6286E+00  1.2504E+02  1.1047E+00  1.0512E-02  4.0374E-03
  1.2040E+01  2.0000E+02  3.0999E+00  1.2551E+02  1.1009E+00 -4.2182E-03 -1.2889E-03
  1.0823E+01  2.4000E+02  3.6794E+00  1.2601E+02  1.0970E+00 -6.1317E-02 -1.5736E-02
  9.7685E+00  2.8000E+02  4.3464E+00  1.2655E+02  1.0931E+00 -1.2739E-01 -2.8346E-02
  8.8340E+00  3.2000E+02  5.0871E+00  1.2710E+02  1.0891E+00 -2.0400E-01 -4.0220E-02
  7.9929E+00  3.6000E+02  5.8905E+00  1.2766E+02  1.0852E+00 -2.8829E-01 -5.1164E-02
  7.2264E+00  4.0000E+02  6.7494E+00  1.2822E+02  1.0812E+00 -3.8399E-01 -6.2099E-02
  6.5211E+00  4.4000E+02  7.6577E+00  1.2878E+02  1.0773E+00 -4.9380E-01 -7.3478E-02
  5.8671E+00  4.8000E+02  8.6081E+00  1.2933E+02  1.0733E+00 -6.1735E-01 -8.5182E-02
  5.2569E+00  5.2000E+02  9.5905E+00  1.2985E+02  1.0694E+00 -7.4994E-01 -9.6546E-02
  4.6847E+00  5.6000E+02  1.0593E+01  1.3035E+02  1.0655E+00 -8.8384E-01 -1.0669E-01
  4.1460E+00  6.0000E+02  1.1606E+01  1.3082E+02  1.0617E+00 -1.0128E+00 -1.1511E-01
  3.6371E+00  6.4000E+02  1.2619E+01  1.3125E+02  1.0579E+00 -1.1335E+00 -1.2171E-01
  3.1549E+00  6.8000E+02  1.3626E+01  1.3166E+02  1.0541E+00 -1.2449E+00 -1.2667E-01
  2.6967E+00  7.2000E+02  1.4622E+01  1.3204E+02  1.0504E+00 -1.3478E+00 -1.3030E-01
  2.2602E+00  7.6000E+02  1.5605E+01  1.3239E+02  1.0467E+00 -1.4418E+00 -1.3277E-01
  1.8435E+00  8.0000E+02  1.6574E+01  1.3273E+02  1.0430E+00 -1.5287E+00 -1.3439E-01
  1.4449E+00  8.4000E+02  1.7534E+01  1.3304E+02  1.0394E+00 -1.6246E+00 -1.3665E-01
  1.0626E+00  8.8000E+02  1.8487E+01  1.3333E+02  1.0358E+00 -1.7284E+00 -1.3939E-01
  6.9547E-01  9.2000E+02  1.9431E+01  1.3361E+02  1.0322E+00 -1.8037E+00 -1.3972E-01
  3.4180E-01  9.6000E+02  2.0405E+01  1.3389E+02  1.0287E+00 -1.9530E+00 -1.4573E-01
  6.9652E-04  1.0000E+03  2.1484E+01  1.3412E+02  1.0252E+00 -2.5179E+00 -1.8120E-01
