  26  6.0000000E+00
  3.0621E+01  1.0000E-03  4.1616E-01  9.6207E+01  4.1616E-01  0.0000E+00  0.0000E+00
  2.1702E+01  4.0000E+01  4.8585E-01  9.6218E+01  4.1575E-01 -6.6595E-03 -1.2532E-02
  1.6787E+01  8.0000E+01  1.2003E+00  9.6272E+01  4.1203E-01 -1.3421E-01 -1.3916E-01
  1.4184E+01  1.2000E+02  1.6725E+00  9.6298E+01  4.0943E-01 -1.7152E-01 -9.4196E-02
  1.2350E+01  1.6000E+02  2.0111E+00  9.6340E+01  4.0703E-01 -1.6202E-01 -6.2694E-02
  1.0955E+01  2.0000E+02  2.2352E+00  9.6469E+01  4.0479E-01 -6.7999E-02 -2.0013E-02
  9.8297E+00  2.4000E+02  2.4311E+00  9.6701E+01  4.0267E-01  3.2384E-02  7.6901E-03
  8.8767E+00  2.8000E+02  2.6543E+00  9.7011E+01  4.0059E-01  9.0888E-02  1.8275E-02
  8.0414E+00  3.2000E+02  2.9359E+00  9.7383E+01  3.9854E-01  1.0808E-01  1.9046E-02
  7.2924E+00  3.6000E+02  3.2844E+00  9.7793E+01  3.9650E-01  8.2169E-02  1.2986E-02
  6.6103E+00  4.0000E+02  3.6935E+00  9.8232E+01  3.9446E-01  4.3583E-02  6.2719E-03
  5.9824E+00  4.4000E+02  4.1566E+00  9.8696E+01  3.9244E-01  2.1535E-03  2.8527E-04
  5.3993E+00  4.8000E+02  4.6726E+00  9.9186E+01  3.9043E-01 -4.4634E-02 -5.4905E-03
  4.8538E+00  5.2000E+02  5.2463E+00  9.9698E+01  3.8843E-01 -1.1306E-01 -1.3014E-02
  4.3399E+00  5.6000E+02  5.8808E+00  1.0022E+02  3.8644E-01 -2.1332E-01 -2.3127E-02
  3.8535E+00  6.0000E+02  6.5732E+00  1.0075E+02  3.8445E-01 -3.3926E-01 -3.4818E-02
  3.3911E+00  6.4000E+02  7.3172E+00  1.0127E+02  3.8247E-01 -4.8150E-01 -4.6966E-02
  2.9503E+00  6.8000E+02  8.1056E+00  1.0178E+02  3.8048E-01 -6.3505E-01 -5.9059E-02
  2.5290E+00  7.2000E+02  8.9316E+00  1.0227E+02  3.7850E-01 -7.9799E-01 -7.0946E-02
  2.1252E+00  7.6000E+02  9.7887E+00  1.0274E+02  3.7653E-01 -9.6982E-01 -8.2614E-02
  1.7376E+00  8.0000E+02  1.0671E+01  1.0317E+02  3.7456E-01 -1.1506E+00 -9.4095E-02
  1.3648E+00  8.4000E+02  1.1573E+01  1.0357E+02  3.7259E-01 -1.3410E+00 -1.0546E-01
  1.0057E+00  8.8000E+02  1.2491E+01  1.0394E+02  3.7063E-01 -1.5413E+00 -1.1676E-01
  6.5936E-01  9.2000E+02  1.3423E+01  1.0426E+02  3.6868E-01 -1.7585E+00 -1.2851E-01
  3.2447E-01  9.6000E+02  1.4390E+01  1.0453E+02  3.6673E-01 -2.0842E+00 -1.4726E-01
  4.3486E-04  1.0000E+03  1.5422E+01  1.0464E+02  3.6479E-01 -2.8581E+00 -1.9539E-01
