  26  6.0000000E+00
  3.1997E+01  1.0000E-03  9.9340E-01  1.1068E+02  9.9340E-01  0.0000E+00  0.0000E+00
  2.2715E+01  4.0000E+01  1.0788E+00  1.1069E+02  9.9294E-01 -7.7343E-03 -1.5147E-02
  1.7650E+01  8.0000E+01  1.9080E+00  1.1075E+02  9.8768E-01 -1.5229E-01 -1.6275E-01
  1.5018E+01  1.2000E+02  2.3494E+00  1.1086E+02  9.8386E-01 -1.2394E-01 -6.8825E-02
  1.3162E+01  1.6000E+02  2.7089E+00  1.1111E+02  9.8030E-01 -6.1589E-02 -2.4109E-02
  1.1711E+01  2.0000E+02  3.1076E+00  1.1143E+02  9.7678E-01 -5.1298E-02 -1.5706E-02
  1.0508E+01  2.4000E+02  3.5620E+00  1.1180E+02  9.7323E-01 -7.1306E-02 -1.8104E-02
  9.4744E+00  2.8000E+02  4.0630E+00  1.1221E+02  9.6967E-01 -9.2250E-02 -2.0109E-02
  8.5654E+00  3.2000E+02  4.6106E+00  1.1265E+02  9.6612E-01 -1.1679E-01 -2.2397E-02
  7.7507E+00  3.6000E+02  5.2107E+00  1.1312E+02  9.6257E-01 -1.5822E-01 -2.7196E-02
  7.0101E+00  4.0000E+02  5.8659E+00  1.1361E+02  9.5903E-01 -2.2200E-01 -3.4692E-02
  6.3293E+00  4.4000E+02  6.5737E+00  1.1411E+02  9.5551E-01 -3.0409E-01 -4.3674E-02
  5.6983E+00  4.8000E+02  7.3292E+00  1.1462E+02  9.5199E-01 -4.0007E-01 -5.3259E-02
  5.1095E+00  5.2000E+02  8.1262E+00  1.1511E+02  9.4849E-01 -5.0776E-01 -6.3075E-02
  4.5571E+00  5.6000E+02  8.9581E+00  1.1560E+02  9.4500E-01 -6.2407E-01 -7.2735E-02
  4.0365E+00  6.0000E+02  9.8179E+00  1.1607E+02  9.4154E-01 -7.4631E-01 -8.1981E-02
  3.5439E+00  6.4000E+02  1.0699E+01  1.1652E+02  9.3809E-01 -8.7327E-01 -9.0754E-02
  3.0764E+00  6.8000E+02  1.1596E+01  1.1695E+02  9.3467E-01 -1.0036E+00 -9.8998E-02
  2.6313E+00  7.2000E+02  1.2503E+01  1.1735E+02  9.3127E-01 -1.1356E+00 -1.0662E-01
  2.2067E+00  7.6000E+02  1.3414E+01  1.1772E+02  9.2790E-01 -1.2679E+00 -1.1358E-01
  1.8007E+00  8.0000E+02  1.4325E+01  1.1807E+02  9.2455E-01 -1.4008E+00 -1.1999E-01
  1.4118E+00  8.4000E+02  1.5230E+01  1.1838E+02  9.2124E-01 -1.5300E+00 -1.2556E-01
  1.0386E+00  8.8000E+02  1.6122E+01  1.1866E+02  9.1795E-01 -1.6340E+00 -1.2865E-01
  6.7994E-01  9.2000E+02  1.7005E+01  1.1893E+02  9.1469E-01 -1.7125E+00 -1.2959E-01
  3.3423E-01  9.6000E+02  1.7917E+01  1.1919E+02  9.1145E-01 -1.8939E+00 -1.3813E-01
  6.3156E-04  1.0000E+03  1.8917E+01  1.1936E+02  9.0822E-01 -2.4838E+00 -1.7482E-01
