  26  6.0000000E+00
  2.9991E+01  1.0000E-03  1.5578E-01  9.5793E+01  1.5578E-01  0.0000E+00  0.0000E+00
  2.1313E+01  4.0000E+01  2.1483E-01  9.5800E+01  1.5543E-01 -5.9358E-03 -1.0868E-02
  1.6546E+01  8.0000E+01  7.9514E-01  9.5882E+01  1.5302E-01 -1.0445E-01 -1.0506E-01
  1.4019E+01  1.2000E+02  1.1994E+00  9.5947E+01  1.5141E-01 -1.3444E-01 -7.1679E-02
  1.2229E+01  1.6000E+02  1.5024E+00  9.6024E+01  1.4994E-01 -1.2645E-01 -4.7750E-02
  1.0865E+01  2.0000E+02  1.7125E+00  9.6183E+01  1.4861E-01 -3.7193E-02 -1.0702E-02
  9.7600E+00  2.4000E+02  1.9072E+00  9.6435E+01  1.4735E-01  5.1954E-02  1.2113E-02
  8.8198E+00  2.8000E+02  2.1401E+00  9.6757E+01  1.4614E-01  9.4579E-02  1.8761E-02
  7.9935E+00  3.2000E+02  2.4304E+00  9.7128E+01  1.4496E-01  9.7349E-02  1.6971E-02
  7.2518E+00  3.6000E+02  2.7784E+00  9.7533E+01  1.4380E-01  7.7613E-02  1.2146E-02
  6.5764E+00  4.0000E+02  3.1772E+00  9.7969E+01  1.4265E-01  5.4813E-02  7.8100E-03
  5.9549E+00  4.4000E+02  3.6232E+00  9.8437E+01  1.4152E-01  3.5489E-02  4.6535E-03
  5.3776E+00  4.8000E+02  4.1233E+00  9.8940E+01  1.4040E-01  4.3051E-03  5.2437E-04
  4.8367E+00  5.2000E+02  4.6894E+00  9.9469E+01  1.3928E-01 -6.7231E-02 -7.6719E-03
  4.3265E+00  5.6000E+02  5.3245E+00  1.0001E+02  1.3817E-01 -1.8159E-01 -1.9547E-02
  3.8429E+00  6.0000E+02  6.0218E+00  1.0056E+02  1.3705E-01 -3.1875E-01 -3.2522E-02
  3.3829E+00  6.4000E+02  6.7728E+00  1.0109E+02  1.3592E-01 -4.6725E-01 -4.5354E-02
  2.9439E+00  6.8000E+02  7.5692E+00  1.0161E+02  1.3480E-01 -6.2405E-01 -5.7798E-02
  2.5240E+00  7.2000E+02  8.4036E+00  1.0212E+02  1.3367E-01 -7.8849E-01 -6.9854E-02
  2.1214E+00  7.6000E+02  9.2696E+00  1.0260E+02  1.3254E-01 -9.6072E-01 -8.1591E-02
  1.7348E+00  8.0000E+02  1.0161E+01  1.0305E+02  1.3141E-01 -1.1415E+00 -9.3110E-02
  1.3629E+00  8.4000E+02  1.1073E+01  1.0346E+02  1.3028E-01 -1.3321E+00 -1.0454E-01
  1.0045E+00  8.8000E+02  1.2000E+01  1.0384E+02  1.2915E-01 -1.5271E+00 -1.1546E-01
  6.5871E-01  9.2000E+02  1.2943E+01  1.0418E+02  1.2802E-01 -1.7366E+00 -1.2670E-01
  3.2423E-01  9.6000E+02  1.3925E+01  1.0448E+02  1.2690E-01 -2.0688E+00 -1.4599E-01
  4.1095E-04  1.0000E+03  1.4980E+01  1.0461E+02  1.2578E-01 -2.8411E+00 -1.9410E-01
