  26  6.0000000E+00
  3.2100E+01  1.0000E-03  1.2548E+00  1.4731E+02  1.2548E+00  0.0000E+00  0.0000E+00
  2.2939E+01  4.0000E+01  1.3501E+00  1.4731E+02  1.2543E+00 -1.1362E-02 -2.1960E-02
  1.8113E+01  8.0000E+01  1.9005E+00  1.4750E+02  1.2492E+00 -7.4660E-02 -7.6018E-02
  1.5680E+01  1.2000E+02  2.1598E+00  1.4788E+02  1.2453E+00  5.1137E-02  2.6242E-02
  1.3913E+01  1.6000E+02  2.5136E+00  1.4844E+02  1.2415E+00  1.1562E-01  4.3105E-02
  1.2477E+01  2.0000E+02  3.0627E+00  1.4911E+02  1.2374E+00  8.4467E-02  2.5592E-02
  1.1248E+01  2.4000E+02  3.8202E+00  1.4984E+02  1.2332E+00 -2.0163E-02 -5.2275E-03
  1.0167E+01  2.8000E+02  4.7503E+00  1.5058E+02  1.2288E+00 -1.7434E-01 -3.9778E-02
  9.2000E+00  3.2000E+02  5.7995E+00  1.5131E+02  1.2243E+00 -3.2946E-01 -6.7217E-02
  8.3248E+00  3.6000E+02  6.9289E+00  1.5202E+02  1.2197E+00 -4.7828E-01 -8.8308E-02
  7.5251E+00  4.0000E+02  8.1141E+00  1.5271E+02  1.2152E+00 -6.2322E-01 -1.0515E-01
  6.7883E+00  4.4000E+02  9.3385E+00  1.5337E+02  1.2108E+00 -7.7062E-01 -1.1979E-01
  6.1050E+00  4.8000E+02  1.0587E+01  1.5399E+02  1.2063E+00 -9.1812E-01 -1.3236E-01
  5.4678E+00  5.2000E+02  1.1846E+01  1.5457E+02  1.2019E+00 -1.0600E+00 -1.4250E-01
  4.8708E+00  5.6000E+02  1.3105E+01  1.5512E+02  1.1975E+00 -1.1960E+00 -1.5064E-01
  4.3092E+00  6.0000E+02  1.4356E+01  1.5562E+02  1.1932E+00 -1.3271E+00 -1.5723E-01
  3.7791E+00  6.4000E+02  1.5594E+01  1.5609E+02  1.1890E+00 -1.4496E+00 -1.6212E-01
  3.2772E+00  6.8000E+02  1.6811E+01  1.5653E+02  1.1847E+00 -1.5589E+00 -1.6507E-01
  2.8007E+00  7.2000E+02  1.8008E+01  1.5693E+02  1.1805E+00 -1.6588E+00 -1.6678E-01
  2.3469E+00  7.6000E+02  1.9189E+01  1.5731E+02  1.1764E+00 -1.7653E+00 -1.6898E-01
  1.9139E+00  8.0000E+02  2.0359E+01  1.5766E+02  1.1723E+00 -1.8889E+00 -1.7258E-01
  1.4996E+00  8.4000E+02  2.1517E+01  1.5798E+02  1.1683E+00 -2.0283E+00 -1.7727E-01
  1.1026E+00  8.8000E+02  2.2654E+01  1.5827E+02  1.1642E+00 -2.1481E+00 -1.7993E-01
  7.2146E-01  9.2000E+02  2.3776E+01  1.5854E+02  1.1603E+00 -2.2410E+00 -1.8021E-01
  3.5446E-01  9.6000E+02  2.4932E+01  1.5878E+02  1.1563E+00 -2.4709E+00 -1.9132E-01
  7.0863E-04  1.0000E+03  2.6180E+01  1.5889E+02  1.1524E+00 -3.2308E+00 -2.4112E-01
