  26  9.5995000E+01
  2.7202E+01  1.7630E+01  9.1089E+00  2.7855E+02  8.6283E+00  0.0000E+00  0.0000E+00
  2.6783E+01  2.0000E+01  9.5551E+00  2.7857E+02  8.5047E+00 -1.0226E+00 -1.5274E+00
  1.9703E+01  6.0000E+01  1.5654E+01  2.7934E+02  7.8060E+00 -7.5209E-01 -1.1234E+00
  1.6371E+01  1.0000E+02  1.9268E+01  2.8036E+02  7.5988E+00 -7.8019E-01 -5.4848E-01
  1.4145E+01  1.4000E+02  2.2303E+01  2.8156E+02  7.4481E+00 -8.2197E-01 -3.8598E-01
  1.2459E+01  1.8000E+02  2.4971E+01  2.8269E+02  7.3219E+00 -9.1413E-01 -3.2516E-01
  1.1099E+01  2.2000E+02  2.7250E+01  2.8369E+02  7.2088E+00 -9.4209E-01 -2.7039E-01
  9.9583E+00  2.6000E+02  2.9174E+01  2.8462E+02  7.1044E+00 -8.6796E-01 -2.0883E-01
  8.9766E+00  3.0000E+02  3.0857E+01  2.8562E+02  7.0065E+00 -6.9699E-01 -1.4437E-01
  8.1138E+00  3.4000E+02  3.2446E+01  2.8680E+02  6.9138E+00 -4.6714E-01 -8.5032E-02
  7.3422E+00  3.8000E+02  3.4143E+01  2.8829E+02  6.8249E+00 -2.7900E-01 -4.5420E-02
  6.6415E+00  4.2000E+02  3.6089E+01  2.9004E+02  6.7388E+00 -2.6922E-01 -3.9802E-02
  5.9973E+00  4.6000E+02  3.8276E+01  2.9196E+02  6.6548E+00 -4.2470E-01 -5.7719E-02
  5.3997E+00  5.0000E+02  4.0634E+01  2.9393E+02  6.5725E+00 -6.4236E-01 -8.0985E-02
  4.8416E+00  5.4000E+02  4.3106E+01  2.9592E+02  6.4916E+00 -8.7289E-01 -1.0279E-01
  4.3174E+00  5.8000E+02  4.5641E+01  2.9788E+02  6.4119E+00 -1.0938E+00 -1.2096E-01
  3.8230E+00  6.2000E+02  4.8210E+01  2.9982E+02  6.3334E+00 -1.2766E+00 -1.3316E-01
  3.3548E+00  6.6000E+02  5.0835E+01  3.0176E+02  6.2559E+00 -1.4534E+00 -1.4356E-01
  2.9098E+00  7.0000E+02  5.3548E+01  3.0372E+02  6.1795E+00 -1.6948E+00 -1.5913E-01
  2.4853E+00  7.4000E+02  5.6360E+01  3.0567E+02  6.1042E+00 -2.0295E+00 -1.8177E-01
  2.0791E+00  7.8000E+02  5.9262E+01  3.0757E+02  6.0299E+00 -2.4526E+00 -2.1014E-01
  1.6897E+00  8.2000E+02  6.2231E+01  3.0940E+02  5.9566E+00 -2.9491E+00 -2.4232E-01
  1.3154E+00  8.6000E+02  6.5235E+01  3.1109E+02  5.8844E+00 -3.5026E+00 -2.7657E-01
  9.5519E-01  9.0000E+02  6.8224E+01  3.1264E+02  5.8131E+00 -3.9928E+00 -3.0346E-01
  6.0776E-01  9.4000E+02  7.1356E+01  3.1415E+02  5.7429E+00 -4.6582E+00 -3.4145E-01
  2.7164E-01  9.8000E+02  7.4840E+01  3.1534E+02  5.6736E+00 -6.8395E+00 -4.8501E-01
