  25  8.5995000E+01
  2.7468E+01  2.0000E+01  5.1005E+00  1.2063E+02  2.7221E-01  0.0000E+00  0.0000E+00
  1.9691E+01  6.0000E+01  8.2542E+00  1.1856E+02  2.4491E-01 -6.7188E-01 -1.1024E+00
  1.6725E+01  1.0000E+02  8.7385E+00  1.1846E+02  2.3011E-01 -1.9747E-01 -1.2358E-01
  1.4735E+01  1.4000E+02  1.3377E+01  1.2058E+02  2.1604E-01 -1.2658E+00 -5.3132E-01
  1.3174E+01  1.8000E+02  2.5238E+01  1.2436E+02  1.9792E-01 -5.1753E+00 -1.7052E+00
  1.1862E+01  2.2000E+02  4.2986E+01  1.3008E+02  1.7593E-01 -9.1693E+00 -2.5375E+00
  1.0717E+01  2.6000E+02  6.2797E+01  1.3662E+02  1.5155E-01 -1.1581E+01 -2.7980E+00
  9.6987E+00  3.0000E+02  8.1816E+01  1.4331E+02  1.2771E-01 -1.2112E+01 -2.6016E+00
  8.7819E+00  3.4000E+02  9.9432E+01  1.4983E+02  1.0582E-01 -1.2104E+01 -2.3412E+00
  7.9477E+00  3.8000E+02  1.1558E+02  1.5604E+02  8.6059E-02 -1.1910E+01 -2.0962E+00
  7.1821E+00  4.2000E+02  1.3010E+02  1.6186E+02  6.8485E-02 -1.1370E+01 -1.8365E+00
  6.4746E+00  4.6000E+02  1.4290E+02  1.6723E+02  5.2998E-02 -1.0502E+01 -1.5676E+00
  5.8169E+00  5.0000E+02  1.5405E+02  1.7220E+02  3.9501E-02 -9.4035E+00 -1.3048E+00
  5.2024E+00  5.4000E+02  1.6359E+02  1.7680E+02  2.8194E-02 -8.0273E+00 -1.0406E+00
  4.6258E+00  5.8000E+02  1.7162E+02  1.8108E+02  1.9239E-02 -6.5103E+00 -7.9207E-01
  4.0824E+00  6.2000E+02  1.7835E+02  1.8508E+02  1.2552E-02 -5.0339E+00 -5.7706E-01
  3.5687E+00  6.6000E+02  1.8403E+02  1.8883E+02  7.8288E-03 -3.7348E+00 -4.0483E-01
  3.0813E+00  7.0000E+02  1.8888E+02  1.9238E+02  4.6644E-03 -2.6781E+00 -2.7537E-01
  2.6177E+00  7.4000E+02  1.9312E+02  1.9575E+02  2.6507E-03 -1.8770E+00 -1.8360E-01
  2.1755E+00  7.8000E+02  1.9693E+02  1.9897E+02  1.4341E-03 -1.3170E+00 -1.2287E-01
  1.7528E+00  8.2000E+02  2.0039E+02  2.0202E+02  7.3724E-04 -9.7012E-01 -8.6525E-02
  1.3478E+00  8.6000E+02  2.0356E+02  2.0487E+02  3.5757E-04 -7.9768E-01 -6.8157E-02
  9.5911E-01  9.0000E+02  2.0645E+02  2.0748E+02  1.5809E-04 -7.0976E-01 -5.8200E-02
  5.8557E-01  9.4000E+02  2.0916E+02  2.1006E+02  5.7304E-05 -3.6470E-01 -2.8743E-02
  2.2544E-01  9.8000E+02  2.1288E+02  2.1334E+02  1.4685E-05 -1.2403E+00 -9.4239E-02
