  25  8.5995000E+01
  2.6886E+01  2.0000E+01  4.4516E+00  1.1461E+02  1.3615E-01  0.0000E+00  0.0000E+00
  1.8921E+01  6.0000E+01  1.0158E+01  1.1504E+02  1.1890E-01 -6.6242E-01 -1.1130E+00
  1.5581E+01  1.0000E+02  1.3153E+01  1.1404E+02  1.0990E-01 -1.1971E+00 -8.4366E-01
  1.3375E+01  1.4000E+02  1.4994E+01  1.1277E+02  1.0399E-01 -1.4078E+00 -6.5520E-01
  1.1763E+01  1.8000E+02  1.7290E+01  1.1181E+02  9.9100E-02 -2.0209E+00 -6.8752E-01
  1.0499E+01  2.2000E+02  2.0709E+01  1.1159E+02  9.4242E-02 -2.8796E+00 -7.6773E-01
  9.4537E+00  2.6000E+02  2.5309E+01  1.1220E+02  8.9110E-02 -3.8191E+00 -8.4222E-01
  8.5537E+00  3.0000E+02  3.1139E+01  1.1359E+02  8.3681E-02 -4.9359E+00 -9.3726E-01
  7.7561E+00  3.4000E+02  3.8011E+01  1.1561E+02  7.7894E-02 -6.0811E+00 -1.0233E+00
  7.0352E+00  3.8000E+02  4.5720E+01  1.1810E+02  7.1750E-02 -7.2377E+00 -1.1009E+00
  6.3747E+00  4.2000E+02  5.3922E+01  1.2093E+02  6.5466E-02 -8.1291E+00 -1.1328E+00
  5.7636E+00  4.6000E+02  6.2291E+01  1.2403E+02  5.9223E-02 -8.6157E+00 -1.1108E+00
  5.1939E+00  5.0000E+02  7.0704E+01  1.2737E+02  5.3151E-02 -8.9193E+00 -1.0721E+00
  4.6593E+00  5.4000E+02  7.9123E+01  1.3089E+02  4.7321E-02 -9.1645E+00 -1.0335E+00
  4.1552E+00  5.8000E+02  8.7522E+01  1.3454E+02  4.1771E-02 -9.4123E+00 -1.0012E+00
  3.6775E+00  6.2000E+02  9.5866E+01  1.3827E+02  3.6528E-02 -9.6563E+00 -9.7307E-01
  3.2234E+00  6.6000E+02  1.0409E+02  1.4202E+02  3.1601E-02 -9.8537E+00 -9.4410E-01
  2.7903E+00  7.0000E+02  1.1213E+02  1.4574E+02  2.6986E-02 -9.9772E+00 -9.1166E-01
  2.3762E+00  7.4000E+02  1.1992E+02  1.4937E+02  2.2671E-02 -1.0032E+01 -8.7644E-01
  1.9794E+00  7.8000E+02  1.2740E+02  1.5287E+02  1.8657E-02 -1.0048E+01 -8.4116E-01
  1.5986E+00  8.2000E+02  1.3454E+02  1.5619E+02  1.4954E-02 -1.0022E+01 -8.0527E-01
  1.2324E+00  8.6000E+02  1.4131E+02  1.5937E+02  1.1603E-02 -9.8147E+00 -7.5817E-01
  8.7988E-01  9.0000E+02  1.4777E+02  1.6252E+02  8.6643E-03 -9.3891E+00 -6.9838E-01
  5.3973E-01  9.4000E+02  1.5403E+02  1.6570E+02  6.2089E-03 -9.0333E+00 -6.4829E-01
  2.1065E-01  9.8000E+02  1.6030E+02  1.6844E+02  4.2588E-03 -1.0745E+01 -7.4604E-01
