  25  3.9900000E+00
  2.7399E+01  2.0000E+01  9.4769E+00  1.5644E+01  9.4441E+00  0.0000E+00  0.0000E+00
  1.9589E+01  6.0000E+01  9.0897E+00  1.5661E+01  9.0017E+00  5.1782E-02  8.5326E-02
  1.6554E+01  1.0000E+02  8.9284E+00  1.5735E+01  8.7982E+00  7.7649E-02  4.9722E-02
  1.4532E+01  1.4000E+02  8.7858E+00  1.5908E+01  8.5545E+00  1.5583E-01  6.6487E-02
  1.2965E+01  1.8000E+02  8.6755E+00  1.6293E+01  8.0900E+00  3.1622E-01  1.0452E-01
  1.1659E+01  2.2000E+02  8.9196E+00  1.7026E+01  7.4780E+00  3.7449E-01  1.0320E-01
  1.0527E+01  2.6000E+02  9.7452E+00  1.8122E+01  6.7769E+00  2.3867E-01  5.7008E-02
  9.5252E+00  3.0000E+02  1.1146E+01  1.9513E+01  6.1060E+00 -9.4716E-03 -2.0015E-03
  8.6263E+00  3.4000E+02  1.2971E+01  2.1147E+01  5.5313E+00 -2.1270E-01 -4.0340E-02
  7.8099E+00  3.8000E+02  1.5095E+01  2.3006E+01  5.0693E+00 -3.2447E-01 -5.5892E-02
  7.0607E+00  4.2000E+02  1.7464E+01  2.5077E+01  4.6933E+00 -3.9825E-01 -6.2945E-02
  6.3675E+00  4.6000E+02  2.0040E+01  2.7306E+01  4.3758E+00 -5.0050E-01 -7.3203E-02
  5.7217E+00  5.0000E+02  2.2738E+01  2.9595E+01  4.1015E+00 -6.3348E-01 -8.6311E-02
  5.1170E+00  5.4000E+02  2.5438E+01  3.1830E+01  3.8632E+00 -7.6981E-01 -9.8204E-02
  4.5487E+00  5.8000E+02  2.8010E+01  3.3890E+01  3.6561E+00 -9.0082E-01 -1.0802E-01
  4.0129E+00  6.2000E+02  3.0364E+01  3.5691E+01  3.4732E+00 -1.0317E+00 -1.1663E-01
  3.5065E+00  6.6000E+02  3.2474E+01  3.7222E+01  3.3034E+00 -1.1416E+00 -1.2197E-01
  3.0268E+00  7.0000E+02  3.4451E+01  3.8628E+01  3.1335E+00 -1.1912E+00 -1.2055E-01
  2.5711E+00  7.4000E+02  3.6505E+01  4.0128E+01  2.9562E+00 -1.2154E+00 -1.1684E-01
  2.1369E+00  7.8000E+02  3.8675E+01  4.1755E+01  2.7753E+00 -1.2530E+00 -1.1480E-01
  1.7218E+00  8.2000E+02  4.0872E+01  4.3422E+01  2.5983E+00 -1.2761E+00 -1.1174E-01
  1.3243E+00  8.6000E+02  4.3000E+01  4.5036E+01  2.4282E+00 -1.2919E+00 -1.0836E-01
  9.4283E-01  9.0000E+02  4.4990E+01  4.6560E+01  2.2607E+00 -1.2239E+00 -9.8488E-02
  5.7622E-01  9.4000E+02  4.7126E+01  4.8319E+01  2.0946E+00 -1.0237E+00 -7.9183E-02
  2.2249E-01  9.8000E+02  5.0137E+01  5.0682E+01  1.9330E+00 -1.8326E+00 -1.3677E-01
