  25  3.9900000E+00
  2.5321E+01  2.0000E+01  4.9392E-01  1.0271E+01  4.8309E-01  0.0000E+00  0.0000E+00
  1.8028E+01  6.0000E+01  4.8693E-01  1.0292E+01  4.4747E-01  3.7208E-03  5.7254E-03
  1.5002E+01  1.0000E+02  5.0052E-01  1.0318E+01  4.2224E-01  4.1280E-03  2.6351E-03
  1.2955E+01  1.4000E+02  5.1913E-01  1.0350E+01  3.9583E-01  6.8314E-03  2.9507E-03
  1.1450E+01  1.8000E+02  5.3604E-01  1.0409E+01  3.5867E-01  2.7888E-02  8.8540E-03
  1.0260E+01  2.2000E+02  5.7245E-01  1.0517E+01  3.1702E-01  6.0118E-02  1.5093E-02
  9.2618E+00  2.6000E+02  6.4316E-01  1.0679E+01  2.7787E-01  9.1012E-02  1.9172E-02
  8.3923E+00  3.0000E+02  7.6738E-01  1.0892E+01  2.4353E-01  1.0250E-01  1.8804E-02
  7.6170E+00  3.4000E+02  9.7073E-01  1.1162E+01  2.1308E-01  8.6161E-02  1.4094E-02
  6.9149E+00  3.8000E+02  1.2734E+00  1.1498E+01  1.8627E-01  4.7348E-02  7.0138E-03
  6.2719E+00  4.2000E+02  1.6849E+00  1.1914E+01  1.6290E-01  6.3865E-03  8.6636E-04
  5.6775E+00  4.6000E+02  2.2157E+00  1.2428E+01  1.4248E-01 -2.7147E-02 -3.4045E-03
  5.1231E+00  5.0000E+02  2.8963E+00  1.3060E+01  1.2449E-01 -8.7992E-02 -1.0294E-02
  4.6017E+00  5.4000E+02  3.7705E+00  1.3816E+01  1.0848E-01 -2.2777E-01 -2.5052E-02
  4.1086E+00  5.8000E+02  4.8721E+00  1.4696E+01  9.4127E-02 -4.4851E-01 -4.6662E-02
  3.6401E+00  6.2000E+02  6.1999E+00  1.5696E+01  8.1228E-02 -7.0058E-01 -6.9246E-02
  3.1936E+00  6.6000E+02  7.7194E+00  1.6804E+01  6.9615E-02 -9.2156E-01 -8.6819E-02
  2.7669E+00  7.0000E+02  9.3850E+00  1.8004E+01  5.9216E-02 -1.0899E+00 -9.8122E-02
  2.3582E+00  7.4000E+02  1.1158E+01  1.9280E+01  5.0022E-02 -1.2182E+00 -1.0504E-01
  1.9659E+00  7.8000E+02  1.3011E+01  2.0611E+01  4.1989E-02 -1.3276E+00 -1.0986E-01
  1.5889E+00  8.2000E+02  1.4920E+01  2.1980E+01  3.5027E-02 -1.4341E+00 -1.1409E-01
  1.2258E+00  8.6000E+02  1.6867E+01  2.3360E+01  2.9022E-02 -1.5589E+00 -1.1942E-01
  8.7568E-01  9.0000E+02  1.8843E+01  2.4740E+01  2.3787E-02 -1.7033E+00 -1.2581E-01
  5.3759E-01  9.4000E+02  2.0991E+01  2.6235E+01  1.9042E-02 -1.9329E+00 -1.3787E-01
  2.1009E-01  9.8000E+02  2.3517E+01  2.7756E+01  1.4905E-02 -3.0707E+00 -2.1217E-01
