  25  8.5995000E+01
  2.6533E+01  2.0000E+01  4.1113E+00  1.1247E+02  1.1060E-01  0.0000E+00  0.0000E+00
  1.8694E+01  6.0000E+01  9.2979E+00  1.1280E+02  9.6065E-02 -6.1907E-01 -1.0238E+00
  1.5409E+01  1.0000E+02  1.2063E+01  1.1201E+02  8.8808E-02 -1.0836E+00 -7.5098E-01
  1.3233E+01  1.4000E+02  1.3476E+01  1.1081E+02  8.4251E-02 -1.1977E+00 -5.4999E-01
  1.1645E+01  1.8000E+02  1.5161E+01  1.0987E+02  8.0484E-02 -1.6561E+00 -5.5490E-01
  1.0403E+01  2.2000E+02  1.8502E+01  1.0973E+02  7.6390E-02 -2.8038E+00 -7.3467E-01
  9.3747E+00  2.6000E+02  2.3216E+01  1.1047E+02  7.1914E-02 -3.8594E+00 -8.3711E-01
  8.4874E+00  3.0000E+02  2.8998E+01  1.1200E+02  6.7306E-02 -4.8008E+00 -8.9867E-01
  7.6994E+00  3.4000E+02  3.5601E+01  1.1408E+02  6.2556E-02 -5.7385E+00 -9.5407E-01
  6.9862E+00  3.8000E+02  4.2884E+01  1.1653E+02  5.7633E-02 -6.7643E+00 -1.0178E+00
  6.3325E+00  4.2000E+02  5.0605E+01  1.1927E+02  5.2658E-02 -7.6234E+00 -1.0514E+00
  5.7277E+00  4.6000E+02  5.8498E+01  1.2227E+02  4.7737E-02 -8.0944E+00 -1.0328E+00
  5.1638E+00  5.0000E+02  6.6486E+01  1.2553E+02  4.2947E-02 -8.3919E+00 -9.9850E-01
  4.6344E+00  5.4000E+02  7.4587E+01  1.2901E+02  3.8326E-02 -8.7222E+00 -9.7421E-01
  4.1347E+00  5.8000E+02  8.2802E+01  1.3266E+02  3.3883E-02 -9.1330E+00 -9.6287E-01
  3.6609E+00  6.2000E+02  9.1101E+01  1.3642E+02  2.9628E-02 -9.5899E+00 -9.5859E-01
  3.2101E+00  6.6000E+02  9.9405E+01  1.4021E+02  2.5579E-02 -9.9985E+00 -9.5100E-01
  2.7798E+00  7.0000E+02  1.0762E+02  1.4400E+02  2.1747E-02 -1.0289E+01 -9.3400E-01
  2.3681E+00  7.4000E+02  1.1564E+02  1.4772E+02  1.8149E-02 -1.0447E+01 -9.0734E-01
  1.9734E+00  7.8000E+02  1.2340E+02  1.5134E+02  1.4806E-02 -1.0497E+01 -8.7412E-01
  1.5943E+00  8.2000E+02  1.3087E+02  1.5483E+02  1.1749E-02 -1.0483E+01 -8.3854E-01
  1.2295E+00  8.6000E+02  1.3801E+02  1.5818E+02  9.0148E-03 -1.0376E+01 -7.9853E-01
  8.7801E-01  9.0000E+02  1.4485E+02  1.6145E+02  6.6436E-03 -1.0173E+01 -7.5444E-01
  5.3872E-01  9.4000E+02  1.5150E+02  1.6467E+02  4.6380E-03 -1.0109E+01 -7.2363E-01
  2.1036E-01  9.8000E+02  1.5830E+02  1.6749E+02  3.0256E-03 -1.2106E+01 -8.3869E-01
