  25  8.5995000E+01
  2.7443E+01  2.0000E+01  5.1062E+00  1.2323E+02  2.6598E-01  0.0000E+00  0.0000E+00
  1.9650E+01  6.0000E+01  8.3404E+00  1.2122E+02  2.3910E-01 -6.7293E-01 -1.1063E+00
  1.6665E+01  1.0000E+02  8.9917E+00  1.2110E+02  2.2447E-01 -2.5891E-01 -1.6307E-01
  1.4665E+01  1.4000E+02  1.4023E+01  1.2309E+02  2.1029E-01 -1.5214E+00 -6.4209E-01
  1.3102E+01  1.8000E+02  2.5474E+01  1.2678E+02  1.9282E-01 -4.9628E+00 -1.6362E+00
  1.1793E+01  2.2000E+02  4.1096E+01  1.3211E+02  1.7348E-01 -7.8603E+00 -2.1715E+00
  1.0652E+01  2.6000E+02  5.8293E+01  1.3799E+02  1.5309E-01 -9.9251E+00 -2.3879E+00
  9.6402E+00  3.0000E+02  7.5143E+01  1.4395E+02  1.3291E-01 -1.0762E+01 -2.2976E+00
  8.7300E+00  3.4000E+02  9.0970E+01  1.4982E+02  1.1403E-01 -1.0942E+01 -2.1013E+00
  7.9023E+00  3.8000E+02  1.0565E+02  1.5556E+02  9.6874E-02 -1.0804E+01 -1.8866E+00
  7.1428E+00  4.2000E+02  1.1912E+02  1.6112E+02  8.1614E-02 -1.0401E+01 -1.6667E+00
  6.4404E+00  4.6000E+02  1.3140E+02  1.6648E+02  6.8221E-02 -9.8679E+00 -1.4623E+00
  5.7867E+00  5.0000E+02  1.4260E+02  1.7152E+02  5.6368E-02 -9.4134E+00 -1.2983E+00
  5.1752E+00  5.4000E+02  1.5270E+02  1.7616E+02  4.5834E-02 -8.9330E+00 -1.1525E+00
  4.6008E+00  5.8000E+02  1.6164E+02  1.8032E+02  3.6579E-02 -8.3159E+00 -1.0079E+00
  4.0593E+00  6.2000E+02  1.6941E+02  1.8398E+02  2.8553E-02 -7.6045E+00 -8.6870E-01
  3.5475E+00  6.6000E+02  1.7615E+02  1.8720E+02  2.1566E-02 -6.8615E+00 -7.4092E-01
  3.0624E+00  7.0000E+02  1.8210E+02  1.9022E+02  1.5475E-02 -6.0377E+00 -6.1796E-01
  2.6012E+00  7.4000E+02  1.8745E+02  1.9323E+02  1.0384E-02 -5.0813E+00 -4.9443E-01
  2.1615E+00  7.8000E+02  1.9216E+02  1.9618E+02  6.4954E-03 -4.0005E+00 -3.7114E-01
  1.7412E+00  8.2000E+02  1.9619E+02  1.9897E+02  3.8181E-03 -2.9628E+00 -2.6271E-01
  1.3387E+00  8.6000E+02  1.9961E+02  2.0145E+02  2.1049E-03 -2.3201E+00 -1.9703E-01
  9.5278E-01  9.0000E+02  2.0216E+02  2.0343E+02  9.8623E-04 -1.4868E+00 -1.2105E-01
  5.8210E-01  9.4000E+02  2.0515E+02  2.0629E+02  3.5691E-04 -3.4677E-01 -2.7120E-02
  2.2441E-01  9.8000E+02  2.0937E+02  2.0996E+02  9.9620E-05 -1.5390E+00 -1.1614E-01
