  25  8.5995000E+01
  2.7398E+01  2.0000E+01  4.9475E+00  1.2263E+02  2.5786E-01  0.0000E+00  0.0000E+00
  1.9592E+01  6.0000E+01  8.5306E+00  1.2101E+02  2.3139E-01 -6.6706E-01 -1.0987E+00
  1.6555E+01  1.0000E+02  9.6094E+00  1.2073E+02  2.1677E-01 -4.4820E-01 -2.8709E-01
  1.4532E+01  1.4000E+02  1.4881E+01  1.2235E+02  2.0269E-01 -1.8020E+00 -7.6947E-01
  1.2965E+01  1.8000E+02  2.5783E+01  1.2566E+02  1.8610E-01 -4.8460E+00 -1.6021E+00
  1.1658E+01  2.2000E+02  4.0369E+01  1.3035E+02  1.6797E-01 -7.5735E+00 -2.0873E+00
  1.0526E+01  2.6000E+02  5.6230E+01  1.3558E+02  1.4902E-01 -9.3902E+00 -2.2428E+00
  9.5248E+00  3.0000E+02  7.1489E+01  1.4090E+02  1.3057E-01 -9.9268E+00 -2.0972E+00
  8.6262E+00  3.4000E+02  8.5670E+01  1.4624E+02  1.1354E-01 -9.8386E+00 -1.8654E+00
  7.8099E+00  3.8000E+02  9.8912E+01  1.5165E+02  9.8137E-02 -9.5931E+00 -1.6521E+00
  7.0608E+00  4.2000E+02  1.1139E+02  1.5712E+02  8.4348E-02 -9.3524E+00 -1.4781E+00
  6.3676E+00  4.6000E+02  1.2308E+02  1.6251E+02  7.2138E-02 -9.1000E+00 -1.3310E+00
  5.7218E+00  5.0000E+02  1.3384E+02  1.6762E+02  6.1469E-02 -8.7382E+00 -1.1906E+00
  5.1171E+00  5.4000E+02  1.4348E+02  1.7227E+02  5.2272E-02 -8.2558E+00 -1.0533E+00
  4.5487E+00  5.8000E+02  1.5187E+02  1.7630E+02  4.4468E-02 -7.6706E+00 -9.1983E-01
  4.0128E+00  6.2000E+02  1.5904E+02  1.7965E+02  3.7843E-02 -7.1330E+00 -8.0642E-01
  3.5064E+00  6.6000E+02  1.6525E+02  1.8239E+02  3.1907E-02 -6.8490E+00 -7.3175E-01
  3.0268E+00  7.0000E+02  1.7103E+02  1.8485E+02  2.6026E-02 -6.9105E+00 -6.9935E-01
  2.5711E+00  7.4000E+02  1.7681E+02  1.8741E+02  1.9946E-02 -7.0695E+00 -6.7965E-01
  2.1368E+00  7.8000E+02  1.8244E+02  1.9011E+02  1.4119E-02 -6.7417E+00 -6.1768E-01
  1.7218E+00  8.2000E+02  1.8753E+02  1.9282E+02  9.2310E-03 -5.7513E+00 -5.0361E-01
  1.3242E+00  8.6000E+02  1.9190E+02  1.9537E+02  5.5354E-03 -4.5574E+00 -3.8226E-01
  9.4282E-01  9.0000E+02  1.9552E+02  1.9776E+02  2.8944E-03 -3.2600E+00 -2.6233E-01
  5.7622E-01  9.4000E+02  1.9890E+02  2.0052E+02  1.2520E-03 -1.6717E+00 -1.2930E-01
  2.2249E-01  9.8000E+02  2.0323E+02  2.0403E+02  4.3943E-04 -2.3167E+00 -1.7290E-01
