  25  8.5995000E+01
  2.7466E+01  2.0000E+01  5.0836E+00  1.2038E+02  2.7326E-01  0.0000E+00  0.0000E+00
  1.9693E+01  6.0000E+01  8.2351E+00  1.1832E+02  2.4590E-01 -6.7019E-01 -1.0990E+00
  1.6728E+01  1.0000E+02  8.7074E+00  1.1822E+02  2.3105E-01 -1.9407E-01 -1.2140E-01
  1.4741E+01  1.4000E+02  1.3236E+01  1.2033E+02  2.1703E-01 -1.2122E+00 -5.0839E-01
  1.3179E+01  1.8000E+02  2.5127E+01  1.2415E+02  1.9887E-01 -5.1697E+00 -1.7028E+00
  1.1867E+01  2.2000E+02  4.3183E+01  1.2991E+02  1.7651E-01 -9.3686E+00 -2.5942E+00
  1.0721E+01  2.6000E+02  6.3319E+01  1.3653E+02  1.5163E-01 -1.1802E+01 -2.8536E+00
  9.7019E+00  3.0000E+02  8.2616E+01  1.4327E+02  1.2727E-01 -1.2316E+01 -2.6477E+00
  8.7843E+00  3.4000E+02  1.0047E+02  1.4984E+02  1.0491E-01 -1.2299E+01 -2.3811E+00
  7.9493E+00  3.8000E+02  1.1677E+02  1.5607E+02  8.4750E-02 -1.2066E+01 -2.1255E+00
  7.1832E+00  4.2000E+02  1.3135E+02  1.6188E+02  6.6832E-02 -1.1452E+01 -1.8510E+00
  6.4754E+00  4.6000E+02  1.4411E+02  1.6725E+02  5.1124E-02 -1.0441E+01 -1.5592E+00
  5.8175E+00  5.0000E+02  1.5510E+02  1.7221E+02  3.7641E-02 -9.1510E+00 -1.2701E+00
  5.2030E+00  5.4000E+02  1.6440E+02  1.7682E+02  2.6582E-02 -7.6409E+00 -9.9073E-01
  4.6262E+00  5.8000E+02  1.7222E+02  1.8112E+02  1.7995E-02 -6.0962E+00 -7.4181E-01
  4.0828E+00  6.2000E+02  1.7878E+02  1.8513E+02  1.1675E-02 -4.6816E+00 -5.3676E-01
  3.5689E+00  6.6000E+02  1.8434E+02  1.8890E+02  7.2505E-03 -3.4919E+00 -3.7858E-01
  3.0815E+00  7.0000E+02  1.8911E+02  1.9243E+02  4.2965E-03 -2.5528E+00 -2.6254E-01
  2.6178E+00  7.4000E+02  1.9326E+02  1.9572E+02  2.4162E-03 -1.8386E+00 -1.7986E-01
  2.1756E+00  7.8000E+02  1.9692E+02  1.9881E+02  1.2816E-03 -1.2978E+00 -1.2107E-01
  1.7530E+00  8.2000E+02  2.0023E+02  2.0174E+02  6.3810E-04 -8.9246E-01 -7.9570E-02
  1.3483E+00  8.6000E+02  2.0332E+02  2.0458E+02  2.9571E-04 -6.1997E-01 -5.2942E-02
  9.5978E-01  9.0000E+02  2.0634E+02  2.0742E+02  1.2427E-04 -4.9454E-01 -4.0535E-02
  5.8621E-01  9.4000E+02  2.0934E+02  2.1035E+02  4.4110E-05 -1.7425E-01 -1.3733E-02
  2.2576E-01  9.8000E+02  2.1363E+02  2.1415E+02  1.1576E-05 -1.3348E+00 -1.0151E-01
