  25  8.5995000E+01
  2.7177E+01  2.0000E+01  4.5536E+00  1.1998E+02  2.1011E-01  0.0000E+00  0.0000E+00
  1.9261E+01  6.0000E+01  9.7117E+00  1.1980E+02  1.8653E-01 -6.7448E-01 -1.1265E+00
  1.6021E+01  1.0000E+02  1.2055E+01  1.1872E+02  1.7333E-01 -1.0568E+00 -7.2232E-01
  1.3897E+01  1.4000E+02  1.6575E+01  1.1872E+02  1.6211E-01 -2.1253E+00 -9.5242E-01
  1.2303E+01  1.8000E+02  2.4150E+01  1.1985E+02  1.5073E-01 -4.0443E+00 -1.3597E+00
  1.1011E+01  2.2000E+02  3.2832E+01  1.2161E+02  1.3975E-01 -5.3591E+00 -1.4608E+00
  9.9180E+00  2.6000E+02  4.1329E+01  1.2375E+02  1.2955E-01 -5.8229E+00 -1.3428E+00
  8.9669E+00  3.0000E+02  4.9522E+01  1.2620E+02  1.1993E-01 -6.0290E+00 -1.2099E+00
  8.1215E+00  3.4000E+02  5.7737E+01  1.2905E+02  1.1061E-01 -6.3486E+00 -1.1324E+00
  7.3573E+00  3.8000E+02  6.6296E+01  1.3228E+02  1.0135E-01 -6.9779E+00 -1.1250E+00
  6.6576E+00  4.2000E+02  7.5250E+01  1.3579E+02  9.2058E-02 -7.7843E+00 -1.1491E+00
  6.0110E+00  4.6000E+02  8.4387E+01  1.3947E+02  8.2909E-02 -8.4315E+00 -1.1503E+00
  5.4090E+00  5.0000E+02  9.3457E+01  1.4325E+02  7.4131E-02 -8.7936E+00 -1.1169E+00
  4.8451E+00  5.4000E+02  1.0229E+02  1.4705E+02  6.5897E-02 -8.9238E+00 -1.0615E+00
  4.3145E+00  5.8000E+02  1.1080E+02  1.5083E+02  5.8281E-02 -8.9188E+00 -9.9847E-01
  3.8130E+00  6.2000E+02  1.1894E+02  1.5453E+02  5.1260E-02 -8.8587E+00 -9.3726E-01
  3.3374E+00  6.6000E+02  1.2671E+02  1.5811E+02  4.4768E-02 -8.7849E+00 -8.8150E-01
  2.8850E+00  7.0000E+02  1.3408E+02  1.6155E+02  3.8745E-02 -8.7051E+00 -8.3093E-01
  2.4535E+00  7.4000E+02  1.4107E+02  1.6480E+02  3.3117E-02 -8.6661E+00 -7.8893E-01
  2.0411E+00  7.8000E+02  1.4771E+02  1.6785E+02  2.7821E-02 -8.6778E+00 -7.5512E-01
  1.6461E+00  8.2000E+02  1.5400E+02  1.7069E+02  2.2805E-02 -8.7435E+00 -7.2869E-01
  1.2671E+00  8.6000E+02  1.5990E+02  1.7327E+02  1.8037E-02 -8.7664E+00 -7.0085E-01
  9.0316E-01  9.0000E+02  1.6538E+02  1.7567E+02  1.3520E-02 -8.4666E+00 -6.5015E-01
  5.5300E-01  9.4000E+02  1.7070E+02  1.7828E+02  9.3615E-03 -7.7670E+00 -5.7380E-01
  2.1491E-01  9.8000E+02  1.7647E+02  1.8108E+02  5.9408E-03 -8.7602E+00 -6.2486E-01
