  25  8.5995000E+01
  2.6666E+01  2.0000E+01  4.2437E+00  1.1318E+02  1.1924E-01  0.0000E+00  0.0000E+00
  1.8775E+01  6.0000E+01  9.6522E+00  1.1356E+02  1.0376E-01 -6.3695E-01 -1.0604E+00
  1.5466E+01  1.0000E+02  1.2507E+01  1.1267E+02  9.5908E-02 -1.1313E+00 -7.8979E-01
  1.3277E+01  1.4000E+02  1.4000E+01  1.1143E+02  9.0928E-02 -1.2515E+00 -5.7804E-01
  1.1679E+01  1.8000E+02  1.5763E+01  1.1044E+02  8.6856E-02 -1.7195E+00 -5.7957E-01
  1.0430E+01  2.2000E+02  1.9046E+01  1.1024E+02  8.2550E-02 -2.7856E+00 -7.3427E-01
  9.3966E+00  2.6000E+02  2.3709E+01  1.1092E+02  7.7848E-02 -3.8560E+00 -8.4072E-01
  8.5057E+00  3.0000E+02  2.9531E+01  1.1239E+02  7.2936E-02 -4.8854E+00 -9.1831E-01
  7.7150E+00  3.4000E+02  3.6244E+01  1.1445E+02  6.7821E-02 -5.8826E+00 -9.8132E-01
  6.9997E+00  3.8000E+02  4.3673E+01  1.1693E+02  6.2487E-02 -6.9292E+00 -1.0457E+00
  6.3441E+00  4.2000E+02  5.1551E+01  1.1970E+02  5.7081E-02 -7.7900E+00 -1.0775E+00
  5.7375E+00  4.6000E+02  5.9592E+01  1.2273E+02  5.1729E-02 -8.2627E+00 -1.0574E+00
  5.1719E+00  5.0000E+02  6.7709E+01  1.2600E+02  4.6521E-02 -8.5586E+00 -1.0213E+00
  4.6411E+00  5.4000E+02  7.5900E+01  1.2949E+02  4.1506E-02 -8.8562E+00 -9.9189E-01
  4.1401E+00  5.8000E+02  8.4163E+01  1.3314E+02  3.6698E-02 -9.2104E+00 -9.7345E-01
  3.6653E+00  6.2000E+02  9.2470E+01  1.3689E+02  3.2111E-02 -9.6037E+00 -9.6211E-01
  3.2136E+00  6.6000E+02  1.0075E+02  1.4067E+02  2.7760E-02 -9.9515E+00 -9.4842E-01
  2.7825E+00  7.0000E+02  1.0891E+02  1.4444E+02  2.3654E-02 -1.0193E+01 -9.2692E-01
  2.3702E+00  7.4000E+02  1.1686E+02  1.4814E+02  1.9801E-02 -1.0320E+01 -8.9769E-01
  1.9750E+00  7.8000E+02  1.2454E+02  1.5172E+02  1.6217E-02 -1.0358E+01 -8.6374E-01
  1.5954E+00  8.2000E+02  1.3191E+02  1.5517E+02  1.2926E-02 -1.0342E+01 -8.2822E-01
  1.2303E+00  8.6000E+02  1.3895E+02  1.5848E+02  9.9679E-03 -1.0209E+01 -7.8641E-01
  8.7850E-01  9.0000E+02  1.4569E+02  1.6172E+02  7.3890E-03 -9.9417E+00 -7.3785E-01
  5.3898E-01  9.4000E+02  1.5223E+02  1.6494E+02  5.2160E-03 -9.7787E+00 -7.0047E-01
  2.1043E-01  9.8000E+02  1.5887E+02  1.6774E+02  3.4698E-03 -1.1689E+01 -8.1023E-01
