  25  8.5995000E+01
  2.6239E+01  2.0000E+01  3.8125E+00  1.1106E+02  9.2977E-02  0.0000E+00  0.0000E+00
  1.8523E+01  6.0000E+01  8.4958E+00  1.1128E+02  8.0443E-02 -5.7802E-01 -9.4088E-01
  1.5297E+01  1.0000E+02  1.1064E+01  1.1070E+02  7.4410E-02 -9.7498E-01 -6.6362E-01
  1.3152E+01  1.4000E+02  1.2409E+01  1.0967E+02  7.0657E-02 -1.1087E+00 -5.0193E-01
  1.1584E+01  1.8000E+02  1.4139E+01  1.0886E+02  6.7409E-02 -1.6180E+00 -5.3493E-01
  1.0357E+01  2.2000E+02  1.7691E+01  1.0889E+02  6.3726E-02 -2.8726E+00 -7.4370E-01
  9.3388E+00  2.6000E+02  2.2472E+01  1.0980E+02  5.9776E-02 -3.8000E+00 -8.1662E-01
  8.4575E+00  3.0000E+02  2.8131E+01  1.1142E+02  5.5834E-02 -4.5841E+00 -8.5229E-01
  7.6737E+00  3.4000E+02  3.4519E+01  1.1352E+02  5.1819E-02 -5.4721E+00 -9.0490E-01
  6.9640E+00  3.8000E+02  4.1546E+01  1.1594E+02  4.7692E-02 -6.4927E+00 -9.7220E-01
  6.3135E+00  4.2000E+02  4.8997E+01  1.1861E+02  4.3538E-02 -7.3443E+00 -1.0079E+00
  5.7118E+00  4.6000E+02  5.6631E+01  1.2155E+02  3.9439E-02 -7.7985E+00 -9.9009E-01
  5.1506E+00  5.0000E+02  6.4399E+01  1.2478E+02  3.5455E-02 -8.0889E+00 -9.5768E-01
  4.6237E+00  5.4000E+02  7.2345E+01  1.2826E+02  3.1607E-02 -8.4784E+00 -9.4260E-01
  4.1260E+00  5.8000E+02  8.0483E+01  1.3192E+02  2.7889E-02 -8.9971E+00 -9.4461E-01
  3.6540E+00  6.2000E+02  8.8776E+01  1.3569E+02  2.4307E-02 -9.5760E+00 -9.5370E-01
  3.2046E+00  6.6000E+02  9.7136E+01  1.3951E+02  2.0877E-02 -1.0101E+01 -9.5768E-01
  2.7755E+00  7.0000E+02  1.0545E+02  1.4333E+02  1.7621E-02 -1.0482E+01 -9.4883E-01
  2.3649E+00  7.4000E+02  1.1360E+02  1.4709E+02  1.4563E-02 -1.0696E+01 -9.2669E-01
  1.9710E+00  7.8000E+02  1.2151E+02  1.5076E+02  1.1737E-02 -1.0770E+01 -8.9494E-01
  1.5926E+00  8.2000E+02  1.2913E+02  1.5431E+02  9.1799E-03 -1.0756E+01 -8.5885E-01
  1.2283E+00  8.6000E+02  1.3643E+02  1.5772E+02  6.9304E-03 -1.0675E+01 -8.2032E-01
  8.7725E-01  9.0000E+02  1.4343E+02  1.6101E+02  5.0100E-03 -1.0552E+01 -7.8160E-01
  5.3833E-01  9.4000E+02  1.5027E+02  1.6425E+02  3.3879E-03 -1.0655E+01 -7.6193E-01
  2.1026E-01  9.8000E+02  1.5736E+02  1.6714E+02  2.1062E-03 -1.2789E+01 -8.8519E-01
