  25  3.9900000E+00
  2.7077E+01  2.0000E+01  5.9577E+00  1.1316E+01  5.9303E+00  0.0000E+00  0.0000E+00
  1.9066E+01  6.0000E+01  5.7647E+00  1.1326E+01  5.6527E+00  2.5374E-02  4.2887E-02
  1.5716E+01  1.0000E+02  5.7194E+00  1.1306E+01  5.5058E+00  7.5768E-03  5.3545E-03
  1.3514E+01  1.4000E+02  5.6994E+00  1.1299E+01  5.3679E+00  5.9862E-03  2.7816E-03
  1.1898E+01  1.8000E+02  5.6759E+00  1.1327E+01  5.1957E+00  3.1825E-02  1.0850E-02
  1.0623E+01  2.2000E+02  5.6322E+00  1.1412E+01  4.9854E+00  1.0103E-01  2.7178E-02
  9.5632E+00  2.6000E+02  5.6023E+00  1.1568E+01  4.7615E+00  1.7549E-01  3.9226E-02
  8.6494E+00  3.0000E+02  5.6280E+00  1.1809E+01  4.5186E+00  2.3542E-01  4.5387E-02
  7.8395E+00  3.4000E+02  5.7604E+00  1.2151E+01  4.2439E+00  2.5852E-01  4.4178E-02
  7.1077E+00  3.8000E+02  6.0570E+00  1.2609E+01  3.9452E+00  2.2142E-01  3.4186E-02
  6.4376E+00  4.2000E+02  6.5556E+00  1.3194E+01  3.6420E+00  1.2788E-01  1.8079E-02
  5.8179E+00  4.6000E+02  7.2689E+00  1.3906E+01  3.3518E+00 -7.9544E-04 -1.0400E-04
  5.2404E+00  5.0000E+02  8.1922E+00  1.4746E+01  3.0892E+00 -1.4475E-01 -1.7636E-02
  4.6990E+00  5.4000E+02  9.3027E+00  1.5708E+01  2.8587E+00 -2.7527E-01 -3.1448E-02
  4.1886E+00  5.8000E+02  1.0570E+01  1.6780E+01  2.6556E+00 -3.8272E-01 -4.1211E-02
  3.7054E+00  6.2000E+02  1.1970E+01  1.7948E+01  2.4744E+00 -4.7773E-01 -4.8695E-02
  3.2465E+00  6.6000E+02  1.3478E+01  1.9193E+01  2.3107E+00 -5.7476E-01 -5.5658E-02
  2.8091E+00  7.0000E+02  1.5076E+01  2.0491E+01  2.1618E+00 -6.8411E-01 -6.3130E-02
  2.3912E+00  7.4000E+02  1.6741E+01  2.1818E+01  2.0255E+00 -8.1067E-01 -7.1474E-02
  1.9911E+00  7.8000E+02  1.8444E+01  2.3142E+01  1.8993E+00 -9.4764E-01 -7.9994E-02
  1.6073E+00  8.2000E+02  2.0145E+01  2.4436E+01  1.7809E+00 -1.0585E+00 -8.5702E-02
  1.2388E+00  8.6000E+02  2.1822E+01  2.5712E+01  1.6684E+00 -1.0886E+00 -8.4652E-02
  8.8414E-01  9.0000E+02  2.3552E+01  2.7057E+01  1.5615E+00 -1.0856E+00 -8.1223E-02
  5.4215E-01  9.4000E+02  2.5444E+01  2.8525E+01  1.4607E+00 -1.2404E+00 -8.9496E-02
  2.1141E-01  9.8000E+02  2.7585E+01  2.9927E+01  1.3664E+00 -2.2327E+00 -1.5579E-01
