  25  8.5995000E+01
  2.5586E+01  2.0000E+01  3.1575E+00  1.0842E+02  4.7568E-02  0.0000E+00  0.0000E+00
  1.8167E+01  6.0000E+01  6.7630E+00  1.0843E+02  4.0592E-02 -4.8363E-01 -7.5704E-01
  1.5081E+01  1.0000E+02  8.9559E+00  1.0836E+02  3.7728E-02 -7.3491E-01 -4.7839E-01
  1.3006E+01  1.4000E+02  1.0375E+01  1.0773E+02  3.5850E-02 -9.8782E-01 -4.3258E-01
  1.1483E+01  1.8000E+02  1.2598E+01  1.0731E+02  3.3836E-02 -1.7348E+00 -5.5721E-01
  1.0284E+01  2.2000E+02  1.6559E+01  1.0776E+02  3.1492E-02 -2.9292E+00 -7.4142E-01
  9.2803E+00  2.6000E+02  2.1303E+01  1.0897E+02  2.9180E-02 -3.5158E+00 -7.4416E-01
  8.4081E+00  3.0000E+02  2.6672E+01  1.1071E+02  2.6959E-02 -4.1606E+00 -7.6558E-01
  7.6309E+00  3.4000E+02  3.2683E+01  1.1279E+02  2.4738E-02 -5.0646E+00 -8.3054E-01
  6.9269E+00  3.8000E+02  3.9243E+01  1.1510E+02  2.2512E-02 -6.0371E+00 -8.9662E-01
  6.2821E+00  4.2000E+02  4.6158E+01  1.1765E+02  2.0310E-02 -6.7727E+00 -9.2140E-01
  5.6858E+00  4.6000E+02  5.3266E+01  1.2050E+02  1.8173E-02 -7.1338E+00 -8.9744E-01
  5.1296E+00  5.0000E+02  6.0596E+01  1.2370E+02  1.6124E-02 -7.4230E+00 -8.7106E-01
  4.6069E+00  5.4000E+02  6.8261E+01  1.2719E+02  1.4149E-02 -7.9884E+00 -8.8104E-01
  4.1127E+00  5.8000E+02  7.6310E+01  1.3088E+02  1.2229E-02 -8.8245E+00 -9.2015E-01
  3.6433E+00  6.2000E+02  8.4678E+01  1.3468E+02  1.0358E-02 -9.7273E+00 -9.6318E-01
  3.1961E+00  6.6000E+02  9.3218E+01  1.3853E+02  8.5589E-03 -1.0485E+01 -9.8925E-01
  2.7689E+00  7.0000E+02  1.0177E+02  1.4238E+02  6.8658E-03 -1.1007E+01 -9.9215E-01
  2.3598E+00  7.4000E+02  1.1019E+02  1.4618E+02  5.3220E-03 -1.1288E+01 -9.7441E-01
  1.9672E+00  7.8000E+02  1.1837E+02  1.4990E+02  3.9695E-03 -1.1372E+01 -9.4197E-01
  1.5898E+00  8.2000E+02  1.2625E+02  1.5350E+02  2.8335E-03 -1.1322E+01 -9.0151E-01
  1.2264E+00  8.6000E+02  1.3378E+02  1.5696E+02  1.9206E-03 -1.1209E+01 -8.5934E-01
  8.7606E-01  9.0000E+02  1.4098E+02  1.6026E+02  1.2147E-03 -1.1123E+01 -8.2216E-01
  5.3776E-01  9.4000E+02  1.4821E+02  1.6360E+02  6.7508E-04 -1.1526E+01 -8.2261E-01
  2.1013E-01  9.8000E+02  1.5577E+02  1.6662E+02  3.2090E-04 -1.3850E+01 -9.5734E-01
