  25  3.9900000E+00
  2.6885E+01  2.0000E+01  5.0795E+00  1.0855E+01  5.0540E+00  0.0000E+00  0.0000E+00
  1.8917E+01  6.0000E+01  4.9218E+00  1.0865E+01  4.8169E+00  2.1044E-02  3.5376E-02
  1.5574E+01  1.0000E+02  4.8898E+00  1.0846E+01  4.6886E+00  3.9661E-03  2.7969E-03
  1.3369E+01  1.4000E+02  4.8727E+00  1.0835E+01  4.5754E+00  2.4820E-03  1.1549E-03
  1.1757E+01  1.8000E+02  4.8481E+00  1.0852E+01  4.4484E+00  2.5788E-02  8.7681E-03
  1.0495E+01  2.2000E+02  4.8022E+00  1.0918E+01  4.2839E+00  8.8448E-02  2.3563E-02
  9.4503E+00  2.6000E+02  4.7558E+00  1.1049E+01  4.0882E+00  1.6996E-01  3.7453E-02
  8.5509E+00  3.0000E+02  4.7534E+00  1.1260E+01  3.8728E+00  2.3765E-01  4.5098E-02
  7.7536E+00  3.4000E+02  4.8396E+00  1.1564E+01  3.6321E+00  2.7314E-01  4.5942E-02
  7.0330E+00  3.8000E+02  5.0649E+00  1.1971E+01  3.3739E+00  2.5200E-01  3.8313E-02
  6.3728E+00  4.2000E+02  5.4664E+00  1.2488E+01  3.1142E+00  1.7451E-01  2.4307E-02
  5.7619E+00  4.6000E+02  6.0589E+00  1.3120E+01  2.8655E+00  6.5281E-02  8.4127E-03
  5.1925E+00  5.0000E+02  6.8493E+00  1.3873E+01  2.6382E+00 -6.6268E-02 -7.9619E-03
  4.6582E+00  5.4000E+02  7.8334E+00  1.4747E+01  2.4368E+00 -2.0598E-01 -2.3219E-02
  4.1542E+00  5.8000E+02  8.9939E+00  1.5737E+01  2.2584E+00 -3.3809E-01 -3.5949E-02
  3.6768E+00  6.2000E+02  1.0309E+01  1.6832E+01  2.0981E+00 -4.6117E-01 -4.6454E-02
  3.2228E+00  6.6000E+02  1.1757E+01  1.8017E+01  1.9525E+00 -5.7882E-01 -5.5438E-02
  2.7898E+00  7.0000E+02  1.3313E+01  1.9271E+01  1.8193E+00 -6.9704E-01 -6.3671E-02
  2.3759E+00  7.4000E+02  1.4956E+01  2.0574E+01  1.6973E+00 -8.2240E-01 -7.1827E-02
  1.9792E+00  7.8000E+02  1.6660E+01  2.1899E+01  1.5850E+00 -9.5528E-01 -7.9946E-02
  1.5984E+00  8.2000E+02  1.8395E+01  2.3222E+01  1.4804E+00 -1.0797E+00 -8.6740E-02
  1.2324E+00  8.6000E+02  2.0140E+01  2.4543E+01  1.3815E+00 -1.1598E+00 -8.9577E-02
  8.7986E-01  9.0000E+02  2.1938E+01  2.5912E+01  1.2875E+00 -1.2169E+00 -9.0501E-02
  5.3972E-01  9.4000E+02  2.3863E+01  2.7366E+01  1.1987E+00 -1.3856E+00 -9.9432E-02
  2.1065E-01  9.8000E+02  2.6038E+01  2.8755E+01  1.1150E+00 -2.3881E+00 -1.6580E-01
