  25  3.9900000E+00
  2.7149E+01  2.0000E+01  7.0287E+00  1.2214E+01  7.0016E+00  0.0000E+00  0.0000E+00
  1.9178E+01  6.0000E+01  6.7788E+00  1.2226E+01  6.6733E+00  3.2897E-02  5.5322E-02
  1.5881E+01  1.0000E+02  6.7023E+00  1.2222E+01  6.5053E+00  2.1902E-02  1.5234E-02
  1.3720E+01  1.4000E+02  6.6613E+00  1.2250E+01  6.3261E+00  3.2225E-02  1.4692E-02
  1.2118E+01  1.8000E+02  6.6207E+00  1.2342E+01  6.0627E+00  8.2644E-02  2.7941E-02
  1.0834E+01  2.2000E+02  6.6050E+00  1.2515E+01  5.7637E+00  1.4698E-01  3.9811E-02
  9.7565E+00  2.6000E+02  6.6478E+00  1.2772E+01  5.4650E+00  1.9902E-01  4.5251E-02
  8.8225E+00  3.0000E+02  6.7766E+00  1.3126E+01  5.1580E+00  2.4048E-01  4.7386E-02
  7.9933E+00  3.4000E+02  7.0511E+00  1.3597E+01  4.8370E+00  2.3691E-01  4.1446E-02
  7.2436E+00  3.8000E+02  7.5364E+00  1.4204E+01  4.5030E+00  1.6270E-01  2.5733E-02
  6.5571E+00  4.2000E+02  8.2646E+00  1.4953E+01  4.1679E+00  3.0688E-02  4.4450E-03
  5.9224E+00  4.6000E+02  9.2289E+00  1.5841E+01  3.8527E+00 -1.2134E-01 -1.6248E-02
  5.3314E+00  5.0000E+02  1.0395E+01  1.6856E+01  3.5718E+00 -2.5503E-01 -3.1803E-02
  4.7776E+00  5.4000E+02  1.1723E+01  1.7987E+01  3.3254E+00 -3.5576E-01 -4.1567E-02
  4.2560E+00  5.8000E+02  1.3182E+01  1.9217E+01  3.1073E+00 -4.3830E-01 -4.8225E-02
  3.7629E+00  6.2000E+02  1.4747E+01  2.0527E+01  2.9117E+00 -5.1952E-01 -5.4058E-02
  3.2948E+00  6.6000E+02  1.6398E+01  2.1890E+01  2.7348E+00 -6.1298E-01 -6.0536E-02
  2.8492E+00  7.0000E+02  1.8113E+01  2.3283E+01  2.5737E+00 -7.2342E-01 -6.8013E-02
  2.4238E+00  7.4000E+02  1.9869E+01  2.4676E+01  2.4254E+00 -8.5252E-01 -7.6499E-02
  2.0170E+00  7.8000E+02  2.1643E+01  2.6043E+01  2.2871E+00 -1.0014E+00 -8.5954E-02
  1.6272E+00  8.2000E+02  2.3390E+01  2.7343E+01  2.1555E+00 -1.1478E+00 -9.4401E-02
  1.2531E+00  8.6000E+02  2.5064E+01  2.8562E+01  2.0280E+00 -1.2138E+00 -9.5793E-02
  8.9371E-01  9.0000E+02  2.6712E+01  2.9791E+01  1.9037E+00 -1.1670E+00 -8.8493E-02
  5.4761E-01  9.4000E+02  2.8551E+01  3.1212E+01  1.7832E+00 -1.2087E+00 -8.8258E-02
  2.1317E-01  9.8000E+02  3.0771E+01  3.2709E+01  1.6685E+00 -2.1615E+00 -1.5251E-01
