  25  8.5995000E+01
  2.7164E+01  2.0000E+01  4.5706E+00  1.1928E+02  2.0372E-01  0.0000E+00  0.0000E+00
  1.9228E+01  6.0000E+01  9.8658E+00  1.1919E+02  1.8059E-01 -6.7929E-01 -1.1373E+00
  1.5969E+01  1.0000E+02  1.2316E+01  1.1805E+02  1.6768E-01 -1.1001E+00 -7.5641E-01
  1.3834E+01  1.4000E+02  1.6610E+01  1.1785E+02  1.5694E-01 -2.1066E+00 -9.4914E-01
  1.2238E+01  1.8000E+02  2.3712E+01  1.1869E+02  1.4619E-01 -3.9247E+00 -1.3213E+00
  1.0949E+01  2.2000E+02  3.1805E+01  1.2017E+02  1.3587E-01 -5.1256E+00 -1.3937E+00
  9.8617E+00  2.6000E+02  3.9727E+01  1.2207E+02  1.2633E-01 -5.5432E+00 -1.2720E+00
  8.9167E+00  3.0000E+02  4.7460E+01  1.2436E+02  1.1729E-01 -5.7591E+00 -1.1482E+00
  8.0772E+00  3.4000E+02  5.5431E+01  1.2710E+02  1.0839E-01 -6.2245E+00 -1.1025E+00
  7.3182E+00  3.8000E+02  6.3925E+01  1.3026E+02  9.9366E-02 -7.0296E+00 -1.1257E+00
  6.6231E+00  4.2000E+02  7.2888E+01  1.3371E+02  9.0209E-02 -7.9362E+00 -1.1638E+00
  5.9806E+00  4.6000E+02  8.2041E+01  1.3734E+02  8.1154E-02 -8.5912E+00 -1.1646E+00
  5.3823E+00  5.0000E+02  9.1113E+01  1.4108E+02  7.2461E-02 -8.9194E+00 -1.1258E+00
  4.8220E+00  5.4000E+02  9.9956E+01  1.4486E+02  6.4303E-02 -9.0246E+00 -1.0669E+00
  4.2945E+00  5.8000E+02  1.0849E+02  1.4865E+02  5.6753E-02 -9.0112E+00 -1.0028E+00
  3.7959E+00  6.2000E+02  1.1668E+02  1.5237E+02  4.9799E-02 -8.9395E+00 -9.4042E-01
  3.3228E+00  6.6000E+02  1.2449E+02  1.5600E+02  4.3384E-02 -8.8464E+00 -8.8285E-01
  2.8727E+00  7.0000E+02  1.3192E+02  1.5949E+02  3.7447E-02 -8.7538E+00 -8.3127E-01
  2.4433E+00  7.4000E+02  1.3896E+02  1.6280E+02  3.1930E-02 -8.6889E+00 -7.8715E-01
  2.0328E+00  7.8000E+02  1.4564E+02  1.6591E+02  2.6772E-02 -8.6895E+00 -7.5266E-01
  1.6395E+00  8.2000E+02  1.5194E+02  1.6877E+02  2.1917E-02 -8.7580E+00 -7.2669E-01
  1.2622E+00  8.6000E+02  1.5781E+02  1.7135E+02  1.7324E-02 -8.7393E+00 -6.9568E-01
  8.9981E-01  9.0000E+02  1.6325E+02  1.7377E+02  1.3015E-02 -8.3253E+00 -6.3656E-01
  5.5107E-01  9.4000E+02  1.6858E+02  1.7645E+02  9.1172E-03 -7.5996E+00 -5.5915E-01
  2.1429E-01  9.8000E+02  1.7430E+02  1.7923E+02  5.9419E-03 -8.7250E+00 -6.1996E-01
