  25  8.5995000E+01
  2.7430E+01  2.0000E+01  5.0727E+00  1.2307E+02  2.6360E-01  0.0000E+00  0.0000E+00
  1.9635E+01  6.0000E+01  8.3792E+00  1.2115E+02  2.3685E-01 -6.7068E-01 -1.1031E+00
  1.6636E+01  1.0000E+02  9.1451E+00  1.2100E+02  2.2224E-01 -3.0352E-01 -1.9201E-01
  1.4629E+01  1.4000E+02  1.4232E+01  1.2287E+02  2.0810E-01 -1.6016E+00 -6.7828E-01
  1.3066E+01  1.8000E+02  2.5540E+01  1.2646E+02  1.9086E-01 -4.9378E+00 -1.6287E+00
  1.1757E+01  2.2000E+02  4.0932E+01  1.3164E+02  1.7182E-01 -7.8046E+00 -2.1543E+00
  1.0619E+01  2.6000E+02  5.7830E+01  1.3736E+02  1.5175E-01 -9.8250E+00 -2.3593E+00
  9.6099E+00  3.0000E+02  7.4292E+01  1.4315E+02  1.3197E-01 -1.0577E+01 -2.2520E+00
  8.7028E+00  3.4000E+02  8.9659E+01  1.4885E+02  1.1357E-01 -1.0651E+01 -2.0384E+00
  7.8784E+00  3.8000E+02  1.0390E+02  1.5450E+02  9.6903E-02 -1.0423E+01 -1.8130E+00
  7.1219E+00  4.2000E+02  1.1708E+02  1.6010E+02  8.2069E-02 -1.0025E+01 -1.6000E+00
  6.4221E+00  4.6000E+02  1.2920E+02  1.6555E+02  6.9072E-02 -9.5285E+00 -1.4069E+00
  5.7704E+00  5.0000E+02  1.4028E+02  1.7072E+02  5.7681E-02 -9.0664E+00 -1.2465E+00
  5.1605E+00  5.4000E+02  1.5026E+02  1.7548E+02  4.7719E-02 -8.5734E+00 -1.1032E+00
  4.5873E+00  5.8000E+02  1.5903E+02  1.7967E+02  3.9141E-02 -7.9670E+00 -9.6347E-01
  4.0469E+00  6.2000E+02  1.6656E+02  1.8323E+02  3.1815E-02 -7.3517E+00 -8.3818E-01
  3.5362E+00  6.6000E+02  1.7302E+02  1.8619E+02  2.5358E-02 -6.8555E+00 -7.3873E-01
  3.0523E+00  7.0000E+02  1.7883E+02  1.8888E+02  1.9332E-02 -6.4386E+00 -6.5729E-01
  2.5925E+00  7.4000E+02  1.8431E+02  1.9166E+02  1.3733E-02 -5.8983E+00 -5.7212E-01
  2.1543E+00  7.8000E+02  1.8935E+02  1.9450E+02  9.0266E-03 -5.0040E+00 -4.6266E-01
  1.7355E+00  8.2000E+02  1.9371E+02  1.9724E+02  5.5512E-03 -3.8678E+00 -3.4176E-01
  1.3344E+00  8.6000E+02  1.9739E+02  1.9972E+02  3.1983E-03 -2.9885E+00 -2.5290E-01
  9.4978E-01  9.0000E+02  2.0026E+02  2.0179E+02  1.5796E-03 -2.0713E+00 -1.6808E-01
  5.8030E-01  9.4000E+02  2.0329E+02  2.0453E+02  6.0486E-04 -7.8135E-01 -6.0910E-02
  2.2381E-01  9.8000E+02  2.0750E+02  2.0813E+02  1.7906E-04 -1.7168E+00 -1.2912E-01
