  25  3.9900000E+00
  2.5812E+01  2.0000E+01  2.5125E+00  1.0352E+01  2.4980E+00  0.0000E+00  0.0000E+00
  1.8287E+01  6.0000E+01  2.4292E+00  1.0368E+01  2.3740E+00  1.3236E-02  2.1013E-02
  1.5152E+01  1.0000E+02  2.4083E+00  1.0383E+01  2.3002E+00  1.1442E-02  7.5684E-03
  1.3052E+01  1.4000E+02  2.3955E+00  1.0404E+01  2.2324E+00  1.5958E-02  7.0695E-03
  1.1515E+01  1.8000E+02  2.3732E+00  1.0450E+01  2.1508E+00  4.4361E-02  1.4389E-02
  1.0306E+01  2.2000E+02  2.3409E+00  1.0544E+01  2.0348E+00  1.0465E-01  2.6681E-02
  9.2984E+00  2.6000E+02  2.3316E+00  1.0698E+01  1.9093E+00  1.6234E-01  3.4518E-02
  8.4236E+00  3.0000E+02  2.3709E+00  1.0913E+01  1.7815E+00  2.0084E-01  3.7069E-02
  7.6443E+00  3.4000E+02  2.4881E+00  1.1192E+01  1.6492E+00  2.0738E-01  3.4095E-02
  6.9385E+00  3.8000E+02  2.7144E+00  1.1543E+01  1.5162E+00  1.7630E-01  2.6254E-02
  6.2918E+00  4.2000E+02  3.0679E+00  1.1977E+01  1.3878E+00  1.2524E-01  1.7088E-02
  5.6937E+00  4.6000E+02  3.5612E+00  1.2512E+01  1.2685E+00  6.9788E-02  8.8060E-03
  5.1360E+00  5.0000E+02  4.2199E+00  1.3165E+01  1.1612E+00 -1.1379E-02 -1.3391E-03
  4.6119E+00  5.4000E+02  5.0749E+00  1.3941E+01  1.0650E+00 -1.5015E-01 -1.6602E-02
  4.1167E+00  5.8000E+02  6.1443E+00  1.4841E+01  9.7720E-01 -3.4104E-01 -3.5635E-02
  3.6465E+00  6.2000E+02  7.4215E+00  1.5860E+01  8.9592E-01 -5.5023E-01 -5.4576E-02
  3.1987E+00  6.6000E+02  8.8779E+00  1.6984E+01  8.2046E-01 -7.4112E-01 -7.0023E-02
  2.7709E+00  7.0000E+02  1.0477E+01  1.8199E+01  7.5092E-01 -9.0007E-01 -8.1233E-02
  2.3613E+00  7.4000E+02  1.2187E+01  1.9485E+01  6.8739E-01 -1.0339E+00 -8.9342E-02
  1.9683E+00  7.8000E+02  1.3979E+01  2.0823E+01  6.2930E-01 -1.1555E+00 -9.5805E-02
  1.5906E+00  8.2000E+02  1.5833E+01  2.2195E+01  5.7571E-01 -1.2753E+00 -1.0163E-01
  1.2270E+00  8.6000E+02  1.7732E+01  2.3583E+01  5.2588E-01 -1.4067E+00 -1.0792E-01
  8.7643E-01  9.0000E+02  1.9667E+01  2.4972E+01  4.7912E-01 -1.5581E+00 -1.1524E-01
  5.3793E-01  9.4000E+02  2.1730E+01  2.6435E+01  4.3389E-01 -1.7705E+00 -1.2644E-01
  2.1017E-01  9.8000E+02  2.4156E+01  2.7923E+01  3.9076E-01 -2.8631E+00 -1.9799E-01
