  25  3.9900000E+00
  2.7355E+01  2.0000E+01  9.2180E+00  1.5397E+01  9.1878E+00  0.0000E+00  0.0000E+00
  1.9531E+01  6.0000E+01  8.8444E+00  1.5416E+01  8.7566E+00  5.0217E-02  8.2896E-02
  1.6452E+01  1.0000E+02  8.6926E+00  1.5480E+01  8.5545E+00  6.9990E-02  4.5462E-02
  1.4413E+01  1.4000E+02  8.5590E+00  1.5642E+01  8.3076E+00  1.4474E-01  6.2279E-02
  1.2840E+01  1.8000E+02  8.4648E+00  1.5999E+01  7.8637E+00  2.8708E-01  9.5251E-02
  1.1535E+01  2.2000E+02  8.6700E+00  1.6637E+01  7.3050E+00  3.3156E-01  9.1331E-02
  1.0409E+01  2.6000E+02  9.3227E+00  1.7569E+01  6.6795E+00  2.4827E-01  5.8970E-02
  9.4156E+00  3.0000E+02  1.0421E+01  1.8740E+01  6.0800E+00  7.2840E-02  1.5262E-02
  8.5258E+00  3.4000E+02  1.1881E+01  2.0117E+01  5.5526E+00 -9.2977E-02 -1.7455E-02
  7.7184E+00  3.8000E+02  1.3635E+01  2.1691E+01  5.1112E+00 -2.2305E-01 -3.7995E-02
  6.9780E+00  4.2000E+02  1.5640E+01  2.3449E+01  4.7450E+00 -3.3290E-01 -5.1999E-02
  6.2933E+00  4.6000E+02  1.7834E+01  2.5338E+01  4.4346E+00 -4.4617E-01 -6.4453E-02
  5.6559E+00  5.0000E+02  2.0133E+01  2.7279E+01  4.1665E+00 -5.6182E-01 -7.5559E-02
  5.0593E+00  5.4000E+02  2.2438E+01  2.9184E+01  3.9331E+00 -6.7155E-01 -8.4519E-02
  4.4988E+00  5.8000E+02  2.4665E+01  3.0974E+01  3.7290E+00 -7.7931E-01 -9.2159E-02
  3.9704E+00  6.2000E+02  2.6772E+01  3.2604E+01  3.5472E+00 -9.0100E-01 -1.0045E-01
  3.4708E+00  6.6000E+02  2.8785E+01  3.4097E+01  3.3764E+00 -1.0425E+00 -1.0989E-01
  2.9971E+00  7.0000E+02  3.0792E+01  3.5541E+01  3.2048E+00 -1.1874E+00 -1.1867E-01
  2.5467E+00  7.4000E+02  3.2874E+01  3.7037E+01  3.0252E+00 -1.3014E+00 -1.2366E-01
  2.1172E+00  7.8000E+02  3.5063E+01  3.8639E+01  2.8392E+00 -1.3664E+00 -1.2382E-01
  1.7064E+00  8.2000E+02  3.7316E+01  4.0314E+01  2.6543E+00 -1.4075E+00 -1.2197E-01
  1.3127E+00  8.6000E+02  3.9535E+01  4.1958E+01  2.4761E+00 -1.4598E+00 -1.2125E-01
  9.3484E-01  9.0000E+02  4.1538E+01  4.3436E+01  2.3040E+00 -1.3906E+00 -1.1086E-01
  5.7159E-01  9.4000E+02  4.3630E+01  4.5109E+01  2.1361E+00 -1.1528E+00 -8.8352E-02
  2.2100E-01  9.8000E+02  4.6603E+01  4.7387E+01  1.9740E+00 -1.9823E+00 -1.4663E-01
