  25  8.5995000E+01
  2.6388E+01  2.0000E+01  3.9639E+00  1.1175E+02  1.0184E-01  0.0000E+00  0.0000E+00
  1.8609E+01  6.0000E+01  8.9017E+00  1.1203E+02  8.8292E-02 -5.9895E-01 -9.8296E-01
  1.5353E+01  1.0000E+02  1.1569E+01  1.1134E+02  8.1642E-02 -1.0302E+00 -7.0777E-01
  1.3191E+01  1.4000E+02  1.2938E+01  1.1022E+02  7.7490E-02 -1.1511E+00 -5.2495E-01
  1.1613E+01  1.8000E+02  1.4625E+01  1.0934E+02  7.3991E-02 -1.6276E+00 -5.4175E-01
  1.0379E+01  2.2000E+02  1.8065E+01  1.0928E+02  7.0100E-02 -2.8369E+00 -7.3885E-01
  9.3558E+00  2.6000E+02  2.2820E+01  1.1011E+02  6.5875E-02 -3.8380E+00 -8.2849E-01
  8.4717E+00  3.0000E+02  2.8544E+01  1.1168E+02  6.1594E-02 -4.6950E+00 -8.7574E-01
  7.6859E+00  3.4000E+02  3.5036E+01  1.1377E+02  5.7213E-02 -5.5993E+00 -9.2828E-01
  6.9746E+00  3.8000E+02  4.2185E+01  1.1621E+02  5.2693E-02 -6.6203E+00 -9.9358E-01
  6.3226E+00  4.2000E+02  4.9767E+01  1.1892E+02  4.8133E-02 -7.4782E+00 -1.0287E+00
  5.7194E+00  4.6000E+02  5.7527E+01  1.2189E+02  4.3626E-02 -7.9435E+00 -1.0109E+00
  5.1568E+00  5.0000E+02  6.5403E+01  1.2513E+02  3.9241E-02 -8.2398E+00 -9.7788E-01
  4.6287E+00  5.4000E+02  7.3425E+01  1.2861E+02  3.5008E-02 -8.6004E+00 -9.5830E-01
  4.1301E+00  5.8000E+02  8.1601E+01  1.3227E+02  3.0928E-02 -9.0638E+00 -9.5350E-01
  3.6572E+00  6.2000E+02  8.9895E+01  1.3603E+02  2.7008E-02 -9.5799E+00 -9.5575E-01
  3.2072E+00  6.6000E+02  9.8225E+01  1.3984E+02  2.3266E-02 -1.0046E+01 -9.5394E-01
  2.7775E+00  7.0000E+02  1.0649E+02  1.4364E+02  1.9719E-02 -1.0383E+01 -9.4114E-01
  2.3664E+00  7.4000E+02  1.1457E+02  1.4738E+02  1.6386E-02 -1.0570E+01 -9.1686E-01
  1.9722E+00  7.8000E+02  1.2241E+02  1.5103E+02  1.3297E-02 -1.0633E+01 -8.8442E-01
  1.5934E+00  8.2000E+02  1.2996E+02  1.5455E+02  1.0485E-02 -1.0619E+01 -8.4863E-01
  1.2289E+00  8.6000E+02  1.3718E+02  1.5794E+02  7.9886E-03 -1.0528E+01 -8.0962E-01
  8.7761E-01  9.0000E+02  1.4411E+02  1.6122E+02  5.8386E-03 -1.0372E+01 -7.6873E-01
  5.3851E-01  9.4000E+02  1.5086E+02  1.6444E+02  4.0185E-03 -1.0395E+01 -7.4372E-01
  2.1031E-01  9.8000E+02  1.5781E+02  1.6730E+02  2.5639E-03 -1.2466E+01 -8.6317E-01
