  25  3.9900000E+00
  2.7328E+01  2.0000E+01  9.0714E+00  1.5288E+01  9.0427E+00  0.0000E+00  0.0000E+00
  1.9502E+01  6.0000E+01  8.7053E+00  1.5309E+01  8.6178E+00  4.9445E-02  8.1645E-02
  1.6399E+01  1.0000E+02  8.5591E+00  1.5367E+01  8.4168E+00  6.5758E-02  4.3048E-02
  1.4349E+01  1.4000E+02  8.4324E+00  1.5520E+01  8.1708E+00  1.3672E-01  5.9140E-02
  1.2773E+01  1.8000E+02  8.3458E+00  1.5861E+01  7.7400E+00  2.7127E-01  9.0180E-02
  1.1468E+01  2.2000E+02  8.5312E+00  1.6450E+01  7.2116E+00  3.0913E-01  8.5137E-02
  1.0345E+01  2.6000E+02  9.0986E+00  1.7294E+01  6.6290E+00  2.4613E-01  5.8300E-02
  9.3562E+00  3.0000E+02  1.0050E+01  1.8349E+01  6.0679E+00  1.0493E-01  2.1887E-02
  8.4714E+00  3.4000E+02  1.1327E+01  1.9590E+01  5.5664E+00 -4.1229E-02 -7.6972E-03
  7.6690E+00  3.8000E+02  1.2887E+01  2.1011E+01  5.1364E+00 -1.7299E-01 -2.9286E-02
  6.9336E+00  4.2000E+02  1.4689E+01  2.2596E+01  4.7747E+00 -2.9459E-01 -4.5707E-02
  6.2538E+00  4.6000E+02  1.6673E+01  2.4303E+01  4.4668E+00 -4.0777E-01 -5.8483E-02
  5.6212E+00  5.0000E+02  1.8765E+01  2.6072E+01  4.2004E+00 -5.0967E-01 -6.8025E-02
  5.0293E+00  5.4000E+02  2.0887E+01  2.7836E+01  3.9678E+00 -6.0646E-01 -7.5731E-02
  4.4731E+00  5.8000E+02  2.2976E+01  2.9530E+01  3.7632E+00 -7.0901E-01 -8.3193E-02
  3.9487E+00  6.2000E+02  2.5006E+01  3.1122E+01  3.5792E+00 -8.3534E-01 -9.2429E-02
  3.4526E+00  6.6000E+02  2.7007E+01  3.2628E+01  3.4061E+00 -9.9831E-01 -1.0449E-01
  2.9819E+00  7.0000E+02  2.9034E+01  3.4098E+01  3.2334E+00 -1.1828E+00 -1.1746E-01
  2.5341E+00  7.4000E+02  3.1126E+01  3.5591E+01  3.0543E+00 -1.3389E+00 -1.2649E-01
  2.1070E+00  7.8000E+02  3.3299E+01  3.7155E+01  2.8685E+00 -1.4251E+00 -1.2843E-01
  1.6984E+00  8.2000E+02  3.5542E+01  3.8797E+01  2.6819E+00 -1.4714E+00 -1.2683E-01
  1.3067E+00  8.6000E+02  3.7772E+01  4.0425E+01  2.5008E+00 -1.5355E+00 -1.2689E-01
  9.3069E-01  9.0000E+02  3.9790E+01  4.1887E+01  2.3264E+00 -1.4797E+00 -1.1739E-01
  5.6917E-01  9.4000E+02  4.1869E+01  4.3514E+01  2.1567E+00 -1.2478E+00 -9.5176E-02
  2.2022E-01  9.8000E+02  4.4800E+01  4.5723E+01  1.9935E+00 -2.0728E+00 -1.5260E-01
