  25  3.9900000E+00
  2.7251E+01  2.0000E+01  8.5652E+00  1.4613E+01  8.5385E+00  0.0000E+00  0.0000E+00
  1.9391E+01  6.0000E+01  8.2271E+00  1.4633E+01  8.1370E+00  4.5581E-02  7.5589E-02
  1.6230E+01  1.0000E+02  8.0976E+00  1.4673E+01  7.9427E+00  5.3577E-02  3.5733E-02
  1.4153E+01  1.4000E+02  7.9929E+00  1.4798E+01  7.7100E+00  1.1056E-01  4.8457E-02
  1.2568E+01  1.8000E+02  7.9252E+00  1.5074E+01  7.3246E+00  2.1695E-01  7.2506E-02
  1.1266E+01  2.2000E+02  8.0523E+00  1.5522E+01  6.8744E+00  2.4645E-01  6.7738E-02
  1.0153E+01  2.6000E+02  8.4201E+00  1.6132E+01  6.3975E+00  2.1700E-01  5.0958E-02
  9.1777E+00  3.0000E+02  9.0171E+00  1.6872E+01  5.9345E+00  1.4672E-01  3.0180E-02
  8.3085E+00  3.4000E+02  9.8230E+00  1.7740E+01  5.5092E+00  7.1588E-02  1.3128E-02
  7.5225E+00  3.8000E+02  1.0850E+01  1.8753E+01  5.1224E+00 -1.8326E-02 -3.0389E-03
  6.8034E+00  4.2000E+02  1.2119E+01  1.9921E+01  4.7744E+00 -1.3895E-01 -2.1082E-02
  6.1391E+00  4.6000E+02  1.3616E+01  2.1235E+01  4.4655E+00 -2.7550E-01 -3.8608E-02
  5.5211E+00  5.0000E+02  1.5285E+01  2.2658E+01  4.1927E+00 -3.9866E-01 -5.1982E-02
  4.9427E+00  5.4000E+02  1.7065E+01  2.4147E+01  3.9510E+00 -5.0225E-01 -6.1289E-02
  4.3988E+00  5.8000E+02  1.8908E+01  2.5660E+01  3.7349E+00 -6.0764E-01 -6.9724E-02
  3.8854E+00  6.2000E+02  2.0794E+01  2.7170E+01  3.5382E+00 -7.3192E-01 -7.9282E-02
  3.3991E+00  6.6000E+02  2.2718E+01  2.8666E+01  3.3543E+00 -8.8033E-01 -9.0326E-02
  2.9371E+00  7.0000E+02  2.4683E+01  3.0151E+01  3.1782E+00 -1.0408E+00 -1.0146E-01
  2.4969E+00  7.4000E+02  2.6689E+01  3.1631E+01  3.0058E+00 -1.1933E+00 -1.1081E-01
  2.0767E+00  7.8000E+02  2.8730E+01  3.3118E+01  2.8348E+00 -1.3176E+00 -1.1683E-01
  1.6744E+00  8.2000E+02  3.0802E+01  3.4620E+01  2.6650E+00 -1.4185E+00 -1.2037E-01
  1.2887E+00  8.6000E+02  3.2877E+01  3.6105E+01  2.4971E+00 -1.5277E+00 -1.2433E-01
  9.1822E-01  9.0000E+02  3.4846E+01  3.7495E+01  2.3313E+00 -1.5651E+00 -1.2234E-01
  5.6186E-01  9.4000E+02  3.6868E+01  3.8995E+01  2.1661E+00 -1.4627E+00 -1.0997E-01
  2.1783E-01  9.8000E+02  3.9597E+01  4.0936E+01  2.0057E+00 -2.2928E+00 -1.6642E-01
