  25  8.5995000E+01
  2.7251E+01  2.0000E+01  4.5823E+00  1.2240E+02  2.3289E-01  0.0000E+00  0.0000E+00
  1.9391E+01  6.0000E+01  9.2090E+00  1.2178E+02  2.0778E-01 -6.6742E-01 -1.1068E+00
  1.6230E+01  1.0000E+02  1.1090E+01  1.2091E+02  1.9367E-01 -8.7278E-01 -5.8210E-01
  1.4153E+01  1.4000E+02  1.6202E+01  1.2174E+02  1.8088E-01 -2.0609E+00 -9.0325E-01
  1.2568E+01  1.8000E+02  2.5315E+01  1.2400E+02  1.6726E-01 -4.3238E+00 -1.4451E+00
  1.1266E+01  2.2000E+02  3.6262E+01  1.2691E+02  1.5366E-01 -6.1686E+00 -1.6955E+00
  1.0153E+01  2.6000E+02  4.7340E+01  1.3015E+02  1.4058E-01 -7.0417E+00 -1.6536E+00
  9.1777E+00  3.0000E+02  5.7841E+01  1.3349E+02  1.2822E-01 -7.3486E+00 -1.5116E+00
  8.3085E+00  3.4000E+02  6.7635E+01  1.3694E+02  1.1675E-01 -7.2963E+00 -1.3380E+00
  7.5225E+00  3.8000E+02  7.7064E+01  1.4058E+02  1.0605E-01 -7.3635E+00 -1.2211E+00
  6.8034E+00  4.2000E+02  8.6401E+01  1.4442E+02  9.5908E-02 -7.6531E+00 -1.1612E+00
  6.1391E+00  4.6000E+02  9.5686E+01  1.4837E+02  8.6290E-02 -8.0250E+00 -1.1246E+00
  5.5211E+00  5.0000E+02  1.0476E+02  1.5233E+02  7.7286E-02 -8.2757E+00 -1.0791E+00
  4.9427E+00  5.4000E+02  1.1344E+02  1.5620E+02  6.9024E-02 -8.3165E+00 -1.0149E+00
  4.3988E+00  5.8000E+02  1.2162E+02  1.5990E+02  6.1519E-02 -8.2428E+00 -9.4582E-01
  3.8854E+00  6.2000E+02  1.2933E+02  1.6340E+02  5.4644E-02 -8.2012E+00 -8.8836E-01
  3.3991E+00  6.6000E+02  1.3669E+02  1.6670E+02  4.8166E-02 -8.3336E+00 -8.5507E-01
  2.9371E+00  7.0000E+02  1.4383E+02  1.6984E+02  4.1845E-02 -8.6644E+00 -8.4460E-01
  2.4969E+00  7.4000E+02  1.5085E+02  1.7285E+02  3.5496E-02 -9.1172E+00 -8.4660E-01
  2.0767E+00  7.8000E+02  1.5777E+02  1.7577E+02  2.9080E-02 -9.5009E+00 -8.4243E-01
  1.6744E+00  8.2000E+02  1.6448E+02  1.7863E+02  2.2752E-02 -9.5822E+00 -8.1313E-01
  1.2887E+00  8.6000E+02  1.7078E+02  1.8137E+02  1.6817E-02 -9.2397E+00 -7.5195E-01
  9.1822E-01  9.0000E+02  1.7638E+02  1.8389E+02  1.1527E-02 -8.3244E+00 -6.5069E-01
  5.6186E-01  9.4000E+02  1.8150E+02  1.8660E+02  7.0548E-03 -6.7475E+00 -5.0731E-01
  2.1783E-01  9.8000E+02  1.8709E+02  1.8979E+02  3.8032E-03 -6.9484E+00 -5.0434E-01
