  25  8.5995000E+01
  2.5946E+01  2.0000E+01  3.5158E+00  1.0981E+02  7.4982E-02  0.0000E+00  0.0000E+00
  1.8360E+01  6.0000E+01  7.7056E+00  1.0993E+02  6.4566E-02 -5.3602E-01 -8.5785E-01
  1.5196E+01  1.0000E+02  1.0091E+01  1.0958E+02  5.9792E-02 -8.6615E-01 -5.7823E-01
  1.3082E+01  1.4000E+02  1.1437E+01  1.0872E+02  5.6814E-02 -1.0404E+00 -4.6408E-01
  1.1535E+01  1.8000E+02  1.3339E+01  1.0808E+02  5.4044E-02 -1.6439E+00 -5.3640E-01
  1.0321E+01  2.2000E+02  1.7101E+01  1.0830E+02  5.0831E-02 -2.9242E+00 -7.4894E-01
  9.3101E+00  2.6000E+02  2.1888E+01  1.0936E+02  4.7495E-02 -3.6861E+00 -7.8614E-01
  8.4335E+00  3.0000E+02  2.7414E+01  1.1105E+02  4.4242E-02 -4.3748E+00 -8.0910E-01
  7.6529E+00  3.4000E+02  3.3624E+01  1.1315E+02  4.0948E-02 -5.2657E+00 -8.6718E-01
  6.9460E+00  3.8000E+02  4.0438E+01  1.1552E+02  3.7590E-02 -6.2823E+00 -9.3705E-01
  6.2981E+00  4.2000E+02  4.7648E+01  1.1813E+02  3.4230E-02 -7.0972E+00 -9.7006E-01
  5.6989E+00  4.6000E+02  5.5038E+01  1.2102E+02  3.0933E-02 -7.5086E+00 -9.4921E-01
  5.1401E+00  5.0000E+02  6.2593E+01  1.2423E+02  2.7741E-02 -7.7818E+00 -9.1742E-01
  4.6152E+00  5.4000E+02  7.0395E+01  1.2771E+02  2.4657E-02 -8.2367E+00 -9.1217E-01
  4.1193E+00  5.8000E+02  7.8475E+01  1.3138E+02  2.1663E-02 -8.8869E+00 -9.2987E-01
  3.6486E+00  6.2000E+02  8.6785E+01  1.3517E+02  1.8759E-02 -9.6067E+00 -9.5397E-01
  3.2004E+00  6.6000E+02  9.5216E+01  1.3901E+02  1.5964E-02 -1.0245E+01 -9.6893E-01
  2.7722E+00  7.0000E+02  1.0363E+02  1.4284E+02  1.3307E-02 -1.0702E+01 -9.6670E-01
  2.3623E+00  7.4000E+02  1.1191E+02  1.4663E+02  1.0823E-02 -1.0958E+01 -9.4764E-01
  1.9691E+00  7.8000E+02  1.1995E+02  1.5033E+02  8.5519E-03 -1.1046E+01 -9.1644E-01
  1.5912E+00  8.2000E+02  1.2770E+02  1.5391E+02  6.5351E-03 -1.1027E+01 -8.7922E-01
  1.2274E+00  8.6000E+02  1.3513E+02  1.5735E+02  4.8026E-03 -1.0946E+01 -8.4019E-01
  8.7667E-01  9.0000E+02  1.4223E+02  1.6065E+02  3.3599E-03 -1.0854E+01 -8.0314E-01
  5.3804E-01  9.4000E+02  1.4926E+02  1.6392E+02  2.1618E-03 -1.1097E+01 -7.9282E-01
  2.1019E-01  9.8000E+02  1.5659E+02  1.6688E+02  1.2548E-03 -1.3330E+01 -9.2200E-01
