  25  8.5995000E+01
  2.7188E+01  2.0000E+01  4.5497E+00  1.2058E+02  2.1623E-01  0.0000E+00  0.0000E+00
  1.9287E+01  6.0000E+01  9.5802E+00  1.2030E+02  1.9222E-01 -6.7287E-01 -1.1216E+00
  1.6067E+01  1.0000E+02  1.1801E+01  1.1925E+02  1.7876E-01 -1.0150E+00 -6.8942E-01
  1.3956E+01  1.4000E+02  1.6497E+01  1.1948E+02  1.6711E-01 -2.1170E+00 -9.4286E-01
  1.2366E+01  1.8000E+02  2.4493E+01  1.2091E+02  1.5514E-01 -4.1231E+00 -1.3837E+00
  1.1071E+01  2.2000E+02  3.3757E+01  1.2296E+02  1.4350E-01 -5.5729E+00 -1.5226E+00
  9.9723E+00  2.6000E+02  4.2843E+01  1.2532E+02  1.3264E-01 -6.1209E+00 -1.4184E+00
  9.0152E+00  3.0000E+02  5.1495E+01  1.2793E+02  1.2242E-01 -6.3134E+00 -1.2748E+00
  8.1643E+00  3.4000E+02  5.9960E+01  1.3088E+02  1.1267E-01 -6.4891E+00 -1.1650E+00
  7.3952E+00  3.8000E+02  6.8630E+01  1.3418E+02  1.0312E-01 -6.9766E+00 -1.1320E+00
  6.6912E+00  4.2000E+02  7.7642E+01  1.3776E+02  9.3636E-02 -7.7102E+00 -1.1452E+00
  6.0405E+00  4.6000E+02  8.6819E+01  1.4151E+02  8.4340E-02 -8.3404E+00 -1.1449E+00
  5.4349E+00  5.0000E+02  9.5898E+01  1.4533E+02  7.5459E-02 -8.6852E+00 -1.1098E+00
  4.8678E+00  5.4000E+02  1.0469E+02  1.4915E+02  6.7179E-02 -8.7746E+00 -1.0499E+00
  4.3342E+00  5.8000E+02  1.1312E+02  1.5292E+02  5.9560E-02 -8.7395E+00 -9.8391E-01
  3.8300E+00  6.2000E+02  1.2117E+02  1.5659E+02  5.2542E-02 -8.6860E+00 -9.2394E-01
  3.3519E+00  6.6000E+02  1.2885E+02  1.6013E+02  4.6031E-02 -8.6521E+00 -8.7263E-01
  2.8973E+00  7.0000E+02  1.3617E+02  1.6352E+02  3.9936E-02 -8.6508E+00 -8.2977E-01
  2.4638E+00  7.4000E+02  1.4315E+02  1.6673E+02  3.4175E-02 -8.6921E+00 -7.9498E-01
  2.0495E+00  7.8000E+02  1.4981E+02  1.6977E+02  2.8693E-02 -8.7558E+00 -7.6532E-01
  1.6528E+00  8.2000E+02  1.5616E+02  1.7261E+02  2.3460E-02 -8.8333E+00 -7.3936E-01
  1.2722E+00  8.6000E+02  1.6214E+02  1.7522E+02  1.8466E-02 -8.8569E+00 -7.1111E-01
  9.0669E-01  9.0000E+02  1.6770E+02  1.7764E+02  1.3729E-02 -8.5837E+00 -6.6199E-01
  5.5505E-01  9.4000E+02  1.7303E+02  1.8021E+02  9.3475E-03 -7.8460E+00 -5.8209E-01
  2.1558E-01  9.8000E+02  1.7883E+02  1.8307E+02  5.7547E-03 -8.6703E+00 -6.2098E-01
