  25  8.5995000E+01
  2.7149E+01  2.0000E+01  4.6013E+00  1.1823E+02  1.9017E-01  0.0000E+00  0.0000E+00
  1.9178E+01  6.0000E+01  1.0153E+01  1.1832E+02  1.6806E-01 -6.8538E-01 -1.1526E+00
  1.5881E+01  1.0000E+02  1.2832E+01  1.1713E+02  1.5582E-01 -1.1744E+00 -8.1685E-01
  1.3720E+01  1.4000E+02  1.6603E+01  1.1652E+02  1.4611E-01 -2.0232E+00 -9.2240E-01
  1.2118E+01  1.8000E+02  2.2649E+01  1.1679E+02  1.3673E-01 -3.6084E+00 -1.2199E+00
  1.0834E+01  2.2000E+02  2.9496E+01  1.1774E+02  1.2781E-01 -4.5924E+00 -1.2438E+00
  9.7565E+00  2.6000E+02  3.6351E+01  1.1922E+02  1.1954E-01 -4.9889E+00 -1.1344E+00
  8.8225E+00  3.0000E+02  4.3324E+01  1.2122E+02  1.1159E-01 -5.3178E+00 -1.0479E+00
  7.9933E+00  3.4000E+02  5.0916E+01  1.2375E+02  1.0348E-01 -6.1051E+00 -1.0681E+00
  7.2436E+00  3.8000E+02  5.9263E+01  1.2672E+02  9.5009E-02 -7.1835E+00 -1.1362E+00
  6.5571E+00  4.2000E+02  6.8128E+01  1.2998E+02  8.6293E-02 -8.1533E+00 -1.1810E+00
  5.9224E+00  4.6000E+02  7.7192E+01  1.3347E+02  7.7619E-02 -8.7915E+00 -1.1772E+00
  5.3314E+00  5.0000E+02  8.6204E+01  1.3710E+02  6.9251E-02 -9.1108E+00 -1.1362E+00
  4.7776E+00  5.4000E+02  9.5052E+01  1.4082E+02  6.1340E-02 -9.2505E+00 -1.0808E+00
  4.2560E+00  5.8000E+02  1.0366E+02  1.4458E+02  5.3969E-02 -9.2832E+00 -1.0214E+00
  3.7629E+00  6.2000E+02  1.1196E+02  1.4833E+02  4.7163E-02 -9.2291E+00 -9.6032E-01
  3.2948E+00  6.6000E+02  1.1990E+02  1.5200E+02  4.0893E-02 -9.1259E+00 -9.0125E-01
  2.8492E+00  7.0000E+02  1.2747E+02  1.5556E+02  3.5104E-02 -9.0179E+00 -8.4783E-01
  2.4238E+00  7.4000E+02  1.3466E+02  1.5894E+02  2.9743E-02 -8.9404E+00 -8.0225E-01
  2.0170E+00  7.8000E+02  1.4146E+02  1.6211E+02  2.4760E-02 -8.9323E+00 -7.6668E-01
  1.6272E+00  8.2000E+02  1.4785E+02  1.6501E+02  2.0106E-02 -8.9485E+00 -7.3600E-01
  1.2531E+00  8.6000E+02  1.5376E+02  1.6765E+02  1.5775E-02 -8.7262E+00 -6.8866E-01
  8.9371E-01  9.0000E+02  1.5926E+02  1.7026E+02  1.1843E-02 -8.0461E+00 -6.1011E-01
  5.4761E-01  9.4000E+02  1.6470E+02  1.7316E+02  8.4419E-03 -7.3495E+00 -5.3667E-01
  2.1317E-01  9.8000E+02  1.7038E+02  1.7591E+02  5.7274E-03 -8.7361E+00 -6.1642E-01
