  25  3.9900000E+00
  2.7460E+01  2.0000E+01  9.9131E+00  1.5839E+01  9.8773E+00  0.0000E+00  0.0000E+00
  1.9677E+01  6.0000E+01  9.5046E+00  1.5854E+01  9.4152E+00  5.4459E-02  8.9429E-02
  1.6706E+01  1.0000E+02  9.3297E+00  1.5943E+01  9.2083E+00  8.8691E-02  5.5589E-02
  1.4713E+01  1.4000E+02  9.1761E+00  1.6133E+01  8.9720E+00  1.7252E-01  7.2562E-02
  1.3150E+01  1.8000E+02  9.0540E+00  1.6561E+01  8.4837E+00  3.5181E-01  1.1599E-01
  1.1839E+01  2.2000E+02  9.3713E+00  1.7434E+01  7.7967E+00  4.2393E-01  1.1725E-01
  1.0696E+01  2.6000E+02  1.0484E+01  1.8797E+01  6.9912E+00  2.1893E-01  5.2791E-02
  9.6808E+00  3.0000E+02  1.2418E+01  2.0575E+01  6.2225E+00 -1.5355E-01 -3.2894E-02
  8.7666E+00  3.4000E+02  1.4933E+01  2.2650E+01  5.5840E+00 -4.8140E-01 -9.2858E-02
  7.9346E+00  3.8000E+02  1.7760E+01  2.4915E+01  5.0808E+00 -6.7444E-01 -1.1839E-01
  7.1709E+00  4.2000E+02  2.0730E+01  2.7284E+01  4.6690E+00 -7.8763E-01 -1.2691E-01
  6.4648E+00  4.6000E+02  2.3744E+01  2.9672E+01  4.3172E+00 -8.8708E-01 -1.3215E-01
  5.8082E+00  5.0000E+02  2.6732E+01  3.2024E+01  4.0077E+00 -9.6833E-01 -1.3414E-01
  5.1946E+00  5.4000E+02  2.9655E+01  3.4329E+01  3.7304E+00 -1.0075E+00 -1.3043E-01
  4.6187E+00  5.8000E+02  3.2499E+01  3.6592E+01  3.4787E+00 -1.0101E+00 -1.2273E-01
  4.0761E+00  6.2000E+02  3.5253E+01  3.8810E+01  3.2483E+00 -9.8771E-01 -1.1308E-01
  3.5629E+00  6.6000E+02  3.7915E+01  4.0984E+01  3.0372E+00 -9.4930E-01 -1.0277E-01
  3.0762E+00  7.0000E+02  4.0481E+01  4.3110E+01  2.8435E+00 -9.0437E-01 -9.2876E-02
  2.6131E+00  7.4000E+02  4.2950E+01  4.5182E+01  2.6652E+00 -8.5854E-01 -8.3872E-02
  2.1715E+00  7.8000E+02  4.5316E+01  4.7188E+01  2.5001E+00 -8.1304E-01 -7.5745E-02
  1.7495E+00  8.2000E+02  4.7584E+01  4.9130E+01  2.3466E+00 -7.7320E-01 -6.8850E-02
  1.3452E+00  8.6000E+02  4.9768E+01  5.1008E+01  2.2024E+00 -7.5610E-01 -6.4486E-02
  9.5734E-01  9.0000E+02  5.1886E+01  5.2832E+01  2.0639E+00 -7.5785E-01 -6.2022E-02
  5.8444E-01  9.4000E+02  5.4034E+01  5.4694E+01  1.9269E+00 -7.6868E-01 -6.0474E-02
  2.2501E-01  9.8000E+02  5.6686E+01  5.6818E+01  1.7839E+00 -1.4710E+00 -1.1155E-01
