  25  8.5995000E+01
  2.7453E+01  2.0000E+01  5.1183E+00  1.2297E+02  2.6804E-01  0.0000E+00  0.0000E+00
  1.9665E+01  6.0000E+01  8.3087E+00  1.2092E+02  2.4103E-01 -6.7328E-01 -1.1063E+00
  1.6688E+01  1.0000E+02  8.8932E+00  1.2082E+02  2.2635E-01 -2.3106E-01 -1.4512E-01
  1.4692E+01  1.4000E+02  1.3869E+01  1.2288E+02  2.1215E-01 -1.4593E+00 -6.1463E-01
  1.3129E+01  1.8000E+02  2.5417E+01  1.2663E+02  1.9450E-01 -4.9910E+00 -1.6456E+00
  1.1819E+01  2.2000E+02  4.1331E+01  1.3205E+02  1.7478E-01 -8.0103E+00 -2.2145E+00
  1.0677E+01  2.6000E+02  5.8906E+01  1.3806E+02  1.5386E-01 -1.0126E+01 -2.4392E+00
  9.6630E+00  3.0000E+02  7.6137E+01  1.4418E+02  1.3315E-01 -1.0963E+01 -2.3448E+00
  8.7506E+00  3.4000E+02  9.2368E+01  1.5020E+02  1.1376E-01 -1.1189E+01 -2.1538E+00
  7.9205E+00  3.8000E+02  1.0748E+02  1.5605E+02  9.6059E-02 -1.1159E+01 -1.9541E+00
  7.1587E+00  4.2000E+02  1.2136E+02  1.6165E+02  8.0207E-02 -1.0864E+01 -1.7462E+00
  6.4542E+00  4.6000E+02  1.3397E+02  1.6694E+02  6.6151E-02 -1.0402E+01 -1.5459E+00
  5.7989E+00  5.0000E+02  1.4541E+02  1.7184E+02  5.3498E-02 -9.9769E+00 -1.3794E+00
  5.1862E+00  5.4000E+02  1.5573E+02  1.7637E+02  4.2045E-02 -9.4367E+00 -1.2198E+00
  4.6109E+00  5.8000E+02  1.6484E+02  1.8053E+02  3.1908E-02 -8.6127E+00 -1.0453E+00
  4.0688E+00  6.2000E+02  1.7272E+02  1.8434E+02  2.3295E-02 -7.5103E+00 -8.5900E-01
  3.5563E+00  6.6000E+02  1.7943E+02  1.8785E+02  1.6280E-02 -6.2610E+00 -6.7704E-01
  3.0702E+00  7.0000E+02  1.8518E+02  1.9116E+02  1.0810E-02 -4.9951E+00 -5.1224E-01
  2.6079E+00  7.4000E+02  1.9012E+02  1.9434E+02  6.7744E-03 -3.8243E+00 -3.7298E-01
  2.1671E+00  7.8000E+02  1.9438E+02  1.9735E+02  3.9957E-03 -2.8061E+00 -2.6097E-01
  1.7458E+00  8.2000E+02  1.9805E+02  2.0018E+02  2.2185E-03 -2.0012E+00 -1.7788E-01
  1.3424E+00  8.6000E+02  2.0125E+02  2.0277E+02  1.1472E-03 -1.5184E+00 -1.2926E-01
  9.5539E-01  9.0000E+02  2.0393E+02  2.0508E+02  5.1406E-04 -9.5918E-01 -7.8311E-02
  5.8349E-01  9.4000E+02  2.0689E+02  2.0792E+02  1.8687E-04 -3.3306E-01 -2.6133E-02
  2.2478E-01  9.8000E+02  2.1073E+02  2.1124E+02  5.0972E-05 -1.4412E+00 -1.0907E-01
