  25  8.5995000E+01
  2.7156E+01  2.0000E+01  4.5862E+00  1.1872E+02  1.9707E-01  0.0000E+00  0.0000E+00
  1.9202E+01  6.0000E+01  1.0013E+01  1.1872E+02  1.7443E-01 -6.8259E-01 -1.1454E+00
  1.5924E+01  1.0000E+02  1.2578E+01  1.1755E+02  1.6184E-01 -1.1392E+00 -7.8794E-01
  1.3776E+01  1.4000E+02  1.6625E+01  1.1714E+02  1.5160E-01 -2.0747E+00 -9.4032E-01
  1.2177E+01  1.8000E+02  2.3219E+01  1.1768E+02  1.4152E-01 -3.7832E+00 -1.2761E+00
  1.0891E+01  2.2000E+02  3.0700E+01  1.1890E+02  1.3189E-01 -4.8715E+00 -1.3218E+00
  9.8085E+00  2.6000E+02  3.8078E+01  1.2058E+02  1.2299E-01 -5.2629E+00 -1.2020E+00
  8.8692E+00  3.0000E+02  4.5416E+01  1.2273E+02  1.1450E-01 -5.5237E+00 -1.0947E+00
  8.0350E+00  3.4000E+02  5.3188E+01  1.2537E+02  1.0600E-01 -6.1503E+00 -1.0825E+00
  7.2807E+00  3.8000E+02  6.1610E+01  1.2844E+02  9.7247E-02 -7.0980E+00 -1.1295E+00
  6.5899E+00  4.2000E+02  7.0534E+01  1.3180E+02  8.8293E-02 -8.0505E+00 -1.1733E+00
  5.9513E+00  4.6000E+02  7.9653E+01  1.3536E+02  7.9408E-02 -8.7016E+00 -1.1724E+00
  5.3567E+00  5.0000E+02  8.8703E+01  1.3905E+02  7.0858E-02 -9.0237E+00 -1.1321E+00
  4.7996E+00  5.4000E+02  9.7555E+01  1.4281E+02  6.2805E-02 -9.1442E+00 -1.0747E+00
  4.2751E+00  5.8000E+02  1.0613E+02  1.4658E+02  5.5329E-02 -9.1511E+00 -1.0126E+00
  3.7792E+00  6.2000E+02  1.1438E+02  1.5032E+02  4.8435E-02 -9.0842E+00 -9.5043E-01
  3.3086E+00  6.6000E+02  1.2226E+02  1.5398E+02  4.2083E-02 -8.9791E+00 -8.9142E-01
  2.8608E+00  7.0000E+02  1.2976E+02  1.5751E+02  3.6213E-02 -8.8763E+00 -8.3870E-01
  2.4334E+00  7.4000E+02  1.3686E+02  1.6085E+02  3.0778E-02 -8.7905E+00 -7.9256E-01
  2.0248E+00  7.8000E+02  1.4359E+02  1.6399E+02  2.5717E-02 -8.7835E+00 -7.5735E-01
  1.6332E+00  8.2000E+02  1.4992E+02  1.6687E+02  2.0974E-02 -8.8317E+00 -7.2959E-01
  1.2575E+00  8.6000E+02  1.5579E+02  1.6946E+02  1.6521E-02 -8.7195E+00 -6.9110E-01
  8.9665E-01  9.0000E+02  1.6123E+02  1.7196E+02  1.2409E-02 -8.1604E+00 -6.2131E-01
  5.4928E-01  9.4000E+02  1.6660E+02  1.7475E+02  8.7739E-03 -7.4307E+00 -5.4459E-01
  2.1371E-01  9.8000E+02  1.7229E+02  1.7751E+02  5.8454E-03 -8.6962E+00 -6.1568E-01
