  25  3.9900000E+00
  2.7227E+01  2.0000E+01  8.3752E+00  1.4275E+01  8.3488E+00  0.0000E+00  0.0000E+00
  1.9355E+01  6.0000E+01  8.0476E+00  1.4294E+01  7.9562E+00  4.4064E-02  7.3182E-02
  1.6174E+01  1.0000E+02  7.9244E+00  1.4327E+01  7.7649E+00  4.9256E-02  3.3053E-02
  1.4086E+01  1.4000E+02  7.8284E+00  1.4439E+01  7.5379E+00  9.9632E-02  4.3893E-02
  1.2500E+01  1.8000E+02  7.7646E+00  1.4689E+01  7.1673E+00  1.9749E-01  6.6101E-02
  1.1199E+01  2.2000E+02  7.8689E+00  1.5090E+01  6.7396E+00  2.2845E-01  6.2690E-02
  1.0090E+01  2.6000E+02  8.1749E+00  1.5630E+01  6.2925E+00  2.1078E-01  4.9300E-02
  9.1212E+00  3.0000E+02  8.6713E+00  1.6286E+01  5.8574E+00  1.6428E-01  3.3595E-02
  8.2580E+00  3.4000E+02  9.3555E+00  1.7065E+01  5.4531E+00  1.1042E-01  2.0108E-02
  7.4779E+00  3.8000E+02  1.0260E+01  1.7992E+01  5.0774E+00  2.8156E-02  4.6344E-03
  6.7640E+00  4.2000E+02  1.1417E+01  1.9077E+01  4.7311E+00 -1.0012E-01 -1.5078E-02
  6.1046E+00  4.6000E+02  1.2815E+01  2.0311E+01  4.4190E+00 -2.4925E-01 -3.4677E-02
  5.4909E+00  5.0000E+02  1.4396E+01  2.1660E+01  4.1422E+00 -3.7873E-01 -4.9035E-02
  4.9165E+00  5.4000E+02  1.6099E+01  2.3086E+01  3.8971E+00 -4.8046E-01 -5.8228E-02
  4.3762E+00  5.8000E+02  1.7880E+01  2.4554E+01  3.6779E+00 -5.7924E-01 -6.6024E-02
  3.8661E+00  6.2000E+02  1.9718E+01  2.6039E+01  3.4784E+00 -6.9251E-01 -7.4539E-02
  3.3827E+00  6.6000E+02  2.1607E+01  2.7529E+01  3.2933E+00 -8.2495E-01 -8.4137E-02
  2.9232E+00  7.0000E+02  2.3538E+01  2.9015E+01  3.1182E+00 -9.6911E-01 -9.3938E-02
  2.4854E+00  7.4000E+02  2.5502E+01  3.0492E+01  2.9500E+00 -1.1128E+00 -1.0279E-01
  2.0672E+00  7.8000E+02  2.7490E+01  3.1960E+01  2.7863E+00 -1.2424E+00 -1.0962E-01
  1.6669E+00  8.2000E+02  2.9494E+01  3.3419E+01  2.6252E+00 -1.3619E+00 -1.1502E-01
  1.2830E+00  8.6000E+02  3.1487E+01  3.4842E+01  2.4658E+00 -1.4861E+00 -1.2037E-01
  9.1422E-01  9.0000E+02  3.3401E+01  3.6185E+01  2.3072E+00 -1.5465E+00 -1.2033E-01
  5.5950E-01  9.4000E+02  3.5373E+01  3.7629E+01  2.1472E+00 -1.4894E+00 -1.1147E-01
  2.1705E-01  9.8000E+02  3.8002E+01  3.9462E+01  1.9905E+00 -2.3238E+00 -1.6789E-01
