  25  3.9900000E+00
  2.7442E+01  2.0000E+01  9.7756E+00  1.6180E+01  9.7402E+00  0.0000E+00  0.0000E+00
  1.9651E+01  6.0000E+01  9.3735E+00  1.6197E+01  9.2847E+00  5.3730E-02  8.8319E-02
  1.6666E+01  1.0000E+02  9.2021E+00  1.6284E+01  9.0795E+00  8.6526E-02  5.4495E-02
  1.4665E+01  1.4000E+02  9.0507E+00  1.6472E+01  8.8406E+00  1.6993E-01  7.1741E-02
  1.3102E+01  1.8000E+02  8.9301E+00  1.6900E+01  8.3572E+00  3.5079E-01  1.1566E-01
  1.1792E+01  2.2000E+02  9.2251E+00  1.7745E+01  7.7058E+00  4.1985E-01  1.1600E-01
  1.0652E+01  2.6000E+02  1.0235E+01  1.9022E+01  6.9567E+00  2.3438E-01  5.6385E-02
  9.6402E+00  3.0000E+02  1.1977E+01  2.0661E+01  6.2352E+00 -1.0142E-01 -2.1651E-02
  8.7300E+00  3.4000E+02  1.4248E+01  2.2570E+01  5.6189E+00 -3.9789E-01 -7.6406E-02
  7.9024E+00  3.8000E+02  1.6825E+01  2.4686E+01  5.1271E+00 -5.5775E-01 -9.7390E-02
  7.1429E+00  4.2000E+02  1.9578E+01  2.6960E+01  4.7282E+00 -6.2944E-01 -1.0086E-01
  6.4405E+00  4.6000E+02  2.2446E+01  2.9331E+01  4.3929E+00 -7.0785E-01 -1.0490E-01
  5.7867E+00  5.0000E+02  2.5377E+01  3.1725E+01  4.1018E+00 -8.2231E-01 -1.1342E-01
  5.1752E+00  5.4000E+02  2.8295E+01  3.4068E+01  3.8443E+00 -9.3966E-01 -1.2124E-01
  4.6007E+00  5.8000E+02  3.1118E+01  3.6292E+01  3.6139E+00 -1.0421E+00 -1.2630E-01
  4.0593E+00  6.2000E+02  3.3773E+01  3.8339E+01  3.4034E+00 -1.1252E+00 -1.2853E-01
  3.5475E+00  6.6000E+02  3.6240E+01  4.0211E+01  3.2053E+00 -1.1612E+00 -1.2538E-01
  3.0624E+00  7.0000E+02  3.8606E+01  4.2022E+01  3.0136E+00 -1.1439E+00 -1.1707E-01
  2.6012E+00  7.4000E+02  4.0977E+01  4.3879E+01  2.8271E+00 -1.1162E+00 -1.0861E-01
  2.1615E+00  7.8000E+02  4.3335E+01  4.5756E+01  2.6489E+00 -1.0933E+00 -1.0142E-01
  1.7412E+00  8.2000E+02  4.5609E+01  4.7581E+01  2.4822E+00 -1.0681E+00 -9.4705E-02
  1.3387E+00  8.6000E+02  4.7742E+01  4.9265E+01  2.3267E+00 -1.1146E+00 -9.4653E-02
  9.5279E-01  9.0000E+02  4.9468E+01  5.0615E+01  2.1714E+00 -9.7375E-01 -7.9276E-02
  5.8211E-01  9.4000E+02  5.1673E+01  5.2563E+01  2.0126E+00 -6.9216E-01 -5.4131E-02
  2.2441E-01  9.8000E+02  5.4851E+01  5.5166E+01  1.8559E+00 -1.6087E+00 -1.2140E-01
