  25  3.9900000E+00
  2.7468E+01  2.0000E+01  1.0001E+01  1.5234E+01  9.9652E+00  0.0000E+00  0.0000E+00
  1.9691E+01  6.0000E+01  9.5879E+00  1.5248E+01  9.4986E+00  5.4874E-02  9.0034E-02
  1.6725E+01  1.0000E+02  9.4112E+00  1.5335E+01  9.2906E+00  8.8850E-02  5.5599E-02
  1.4735E+01  1.4000E+02  9.2578E+00  1.5519E+01  9.0595E+00  1.6964E-01  7.1210E-02
  1.3174E+01  1.8000E+02  9.1315E+00  1.5933E+01  8.5647E+00  3.4606E-01  1.1402E-01
  1.1862E+01  2.2000E+02  9.4799E+00  1.6838E+01  7.8092E+00  4.2410E-01  1.1736E-01
  1.0717E+01  2.6000E+02  1.0741E+01  1.8308E+01  6.9090E+00  1.8243E-01  4.4075E-02
  9.6988E+00  3.0000E+02  1.2891E+01  2.0230E+01  6.0843E+00 -2.2443E-01 -4.8205E-02
  8.7820E+00  3.4000E+02  1.5589E+01  2.2445E+01  5.4391E+00 -5.2623E-01 -1.0179E-01
  7.9477E+00  3.8000E+02  1.8534E+01  2.4825E+01  4.9402E+00 -6.7647E-01 -1.1907E-01
  7.1821E+00  4.2000E+02  2.1567E+01  2.7275E+01  4.5309E+00 -7.6151E-01 -1.2300E-01
  6.4746E+00  4.6000E+02  2.4597E+01  2.9725E+01  4.1824E+00 -8.2096E-01 -1.2254E-01
  5.8169E+00  5.0000E+02  2.7572E+01  3.2139E+01  3.8797E+00 -8.5241E-01 -1.1828E-01
  5.2024E+00  5.4000E+02  3.0470E+01  3.4509E+01  3.6118E+00 -8.5932E-01 -1.1140E-01
  4.6258E+00  5.8000E+02  3.3280E+01  3.6829E+01  3.3707E+00 -8.5016E-01 -1.0343E-01
  4.0824E+00  6.2000E+02  3.5996E+01  3.9096E+01  3.1516E+00 -8.2682E-01 -9.4783E-02
  3.5687E+00  6.6000E+02  3.8619E+01  4.1313E+01  2.9514E+00 -7.8980E-01 -8.5611E-02
  3.0813E+00  7.0000E+02  4.1158E+01  4.3489E+01  2.7677E+00 -7.4413E-01 -7.6512E-02
  2.6177E+00  7.4000E+02  4.3622E+01  4.5629E+01  2.5982E+00 -6.9929E-01 -6.8399E-02
  2.1755E+00  7.8000E+02  4.6021E+01  4.7734E+01  2.4412E+00 -6.6670E-01 -6.2198E-02
  1.7528E+00  8.2000E+02  4.8353E+01  4.9787E+01  2.2952E+00 -6.5796E-01 -5.8683E-02
  1.3478E+00  8.6000E+02  5.0595E+01  5.1753E+01  2.1584E+00 -6.8061E-01 -5.8155E-02
  9.5912E-01  9.0000E+02  5.2724E+01  5.3602E+01  2.0271E+00 -7.2077E-01 -5.9103E-02
  5.8557E-01  9.4000E+02  5.4795E+01  5.5423E+01  1.8944E+00 -6.6865E-01 -5.2698E-02
  2.2544E-01  9.8000E+02  5.7684E+01  5.7812E+01  1.7550E+00 -1.3909E+00 -1.0568E-01
