  25  8.5995000E+01
  2.5716E+01  2.0000E+01  3.2930E+00  1.0891E+02  5.6718E-02  0.0000E+00  0.0000E+00
  1.8237E+01  6.0000E+01  7.0563E+00  1.0895E+02  4.8564E-02 -4.9907E-01 -7.8747E-01
  1.5125E+01  1.0000E+02  9.2865E+00  1.0881E+02  4.5086E-02 -7.6030E-01 -4.9914E-01
  1.3035E+01  1.4000E+02  1.0649E+01  1.0811E+02  4.2872E-02 -9.8589E-01 -4.3480E-01
  1.1503E+01  1.8000E+02  1.2848E+01  1.0761E+02  4.0556E-02 -1.7627E+00 -5.6971E-01
  1.0298E+01  2.2000E+02  1.6832E+01  1.0797E+02  3.7872E-02 -3.0066E+00 -7.6465E-01
  9.2914E+00  2.6000E+02  2.1615E+01  1.0912E+02  3.5198E-02 -3.6071E+00 -7.6588E-01
  8.4175E+00  3.0000E+02  2.7025E+01  1.1084E+02  3.2628E-02 -4.2219E+00 -7.7840E-01
  7.6390E+00  3.4000E+02  3.3080E+01  1.1293E+02  3.0050E-02 -5.1027E+00 -8.3812E-01
  6.9339E+00  3.8000E+02  3.9708E+01  1.1526E+02  2.7450E-02 -6.0943E+00 -9.0657E-01
  6.2879E+00  4.2000E+02  4.6718E+01  1.1783E+02  2.4865E-02 -6.8728E+00 -9.3665E-01
  5.6906E+00  4.6000E+02  5.3919E+01  1.2069E+02  2.2342E-02 -7.2650E+00 -9.1562E-01
  5.1334E+00  5.0000E+02  6.1317E+01  1.2389E+02  1.9914E-02 -7.5361E+00 -8.8580E-01
  4.6099E+00  5.4000E+02  6.9023E+01  1.2738E+02  1.7571E-02 -8.0593E+00 -8.9015E-01
  4.1151E+00  5.8000E+02  7.7080E+01  1.3106E+02  1.5292E-02 -8.8403E+00 -9.2293E-01
  3.6453E+00  6.2000E+02  8.5426E+01  1.3486E+02  1.3073E-02 -9.6790E+00 -9.5937E-01
  3.1977E+00  6.6000E+02  9.3927E+01  1.3871E+02  1.0937E-02 -1.0395E+01 -9.8161E-01
  2.7702E+00  7.0000E+02  1.0243E+02  1.4255E+02  8.9166E-03 -1.0897E+01 -9.8300E-01
  2.3607E+00  7.4000E+02  1.1080E+02  1.4635E+02  7.0517E-03 -1.1174E+01 -9.6522E-01
  1.9679E+00  7.8000E+02  1.1894E+02  1.5006E+02  5.3868E-03 -1.1265E+01 -9.3361E-01
  1.5903E+00  8.2000E+02  1.2678E+02  1.5366E+02  3.9554E-03 -1.1227E+01 -8.9440E-01
  1.2268E+00  8.6000E+02  1.3428E+02  1.5712E+02  2.7738E-03 -1.1121E+01 -8.5298E-01
  8.7629E-01  9.0000E+02  1.4144E+02  1.6041E+02  1.8321E-03 -1.1028E+01 -8.1545E-01
  5.3787E-01  9.4000E+02  1.4860E+02  1.6372E+02  1.0852E-03 -1.1369E+01 -8.1176E-01
  2.1015E-01  9.8000E+02  1.5607E+02  1.6672E+02  5.6217E-04 -1.3672E+01 -9.4528E-01
