  25  8.5995000E+01
  2.7110E+01  2.0000E+01  4.6260E+00  1.1684E+02  1.6814E-01  0.0000E+00  0.0000E+00
  1.9101E+01  6.0000E+01  1.0475E+01  1.1717E+02  1.4784E-01 -6.8922E-01 -1.1647E+00
  1.5759E+01  1.0000E+02  1.3417E+01  1.1596E+02  1.3682E-01 -1.2420E+00 -8.7565E-01
  1.3564E+01  1.4000E+02  1.6218E+01  1.1491E+02  1.2883E-01 -1.7547E+00 -8.1257E-01
  1.1950E+01  1.8000E+02  2.0404E+01  1.1443E+02  1.2166E-01 -2.8926E+00 -9.8479E-01
  1.0673E+01  2.2000E+02  2.5306E+01  1.1467E+02  1.1485E-01 -3.6472E+00 -9.8301E-01
  9.6088E+00  2.6000E+02  3.0759E+01  1.1561E+02  1.0830E-01 -4.2383E+00 -9.5134E-01
  8.6901E+00  3.0000E+02  3.6951E+01  1.1723E+02  1.0170E-01 -4.9789E+00 -9.6501E-01
  7.8755E+00  3.4000E+02  4.4172E+01  1.1943E+02  9.4638E-02 -6.1639E+00 -1.0594E+00
  7.1393E+00  3.8000E+02  5.2354E+01  1.2210E+02  8.7024E-02 -7.4956E+00 -1.1641E+00
  6.4653E+00  4.2000E+02  6.1057E+01  1.2511E+02  7.9139E-02 -8.4350E+00 -1.1995E+00
  5.8420E+00  4.6000E+02  6.9942E+01  1.2840E+02  7.1268E-02 -8.9866E+00 -1.1817E+00
  5.2613E+00  5.0000E+02  7.8820E+01  1.3188E+02  6.3633E-02 -9.2932E+00 -1.1386E+00
  4.7169E+00  5.4000E+02  8.7600E+01  1.3551E+02  5.6360E-02 -9.4641E+00 -1.0871E+00
  4.2038E+00  5.8000E+02  9.6218E+01  1.3922E+02  4.9528E-02 -9.5640E+00 -1.0352E+00
  3.7183E+00  6.2000E+02  1.0461E+02  1.4296E+02  4.3178E-02 -9.5855E+00 -9.8187E-01
  3.2572E+00  6.6000E+02  1.1272E+02  1.4667E+02  3.7302E-02 -9.5475E+00 -9.2886E-01
  2.8179E+00  7.0000E+02  1.2051E+02  1.5029E+02  3.1862E-02 -9.4835E+00 -8.7897E-01
  2.3983E+00  7.4000E+02  1.2796E+02  1.5378E+02  2.6807E-02 -9.4435E+00 -8.3600E-01
  1.9967E+00  7.8000E+02  1.3505E+02  1.5707E+02  2.2104E-02 -9.4393E+00 -7.9984E-01
  1.6116E+00  8.2000E+02  1.4171E+02  1.6014E+02  1.7757E-02 -9.3362E+00 -7.5853E-01
  1.2418E+00  8.6000E+02  1.4790E+02  1.6304E+02  1.3809E-02 -8.9036E+00 -6.9456E-01
  8.8620E-01  9.0000E+02  1.5376E+02  1.6600E+02  1.0360E-02 -8.1438E+00 -6.1103E-01
  5.4333E-01  9.4000E+02  1.5950E+02  1.6913E+02  7.4978E-03 -7.6200E+00 -5.5122E-01
  2.1179E-01  9.8000E+02  1.6526E+02  1.7184E+02  5.2460E-03 -9.2011E+00 -6.4360E-01
