  25  8.5995000E+01
  2.7132E+01  2.0000E+01  4.6282E+00  1.1730E+02  1.7570E-01  0.0000E+00  0.0000E+00
  1.9130E+01  6.0000E+01  1.0405E+01  1.1756E+02  1.5475E-01 -6.8969E-01 -1.1643E+00
  1.5800E+01  1.0000E+02  1.3273E+01  1.1634E+02  1.4328E-01 -1.2276E+00 -8.6244E-01
  1.3615E+01  1.4000E+02  1.6400E+01  1.1541E+02  1.3472E-01 -1.8553E+00 -8.5534E-01
  1.2005E+01  1.8000E+02  2.1216E+01  1.1515E+02  1.2683E-01 -3.1556E+00 -1.0721E+00
  1.0725E+01  2.2000E+02  2.6737E+01  1.1560E+02  1.1934E-01 -3.9624E+00 -1.0696E+00
  9.6571E+00  2.6000E+02  3.2616E+01  1.1671E+02  1.1225E-01 -4.4650E+00 -1.0063E+00
  8.7335E+00  3.0000E+02  3.9029E+01  1.1846E+02  1.0525E-01 -5.0506E+00 -9.8414E-01
  7.9141E+00  3.4000E+02  4.6375E+01  1.2077E+02  9.7834E-02 -6.1447E+00 -1.0623E+00
  7.1734E+00  3.8000E+02  5.4638E+01  1.2353E+02  8.9905E-02 -7.4284E+00 -1.1608E+00
  6.4952E+00  4.2000E+02  6.3419E+01  1.2663E+02  8.1698E-02 -8.3793E+00 -1.1990E+00
  5.8681E+00  4.6000E+02  7.2392E+01  1.2997E+02  7.3506E-02 -8.9665E+00 -1.1863E+00
  5.2840E+00  5.0000E+02  8.1349E+01  1.3351E+02  6.5568E-02 -9.2832E+00 -1.1441E+00
  4.7364E+00  5.4000E+02  9.0186E+01  1.3717E+02  5.8022E-02 -9.4461E+00 -1.0912E+00
  4.2206E+00  5.8000E+02  9.8829E+01  1.4091E+02  5.0956E-02 -9.5160E+00 -1.0356E+00
  3.7325E+00  6.2000E+02  1.0721E+02  1.4465E+02  4.4412E-02 -9.4948E+00 -9.7768E-01
  3.2691E+00  6.6000E+02  1.1527E+02  1.4835E+02  3.8376E-02 -9.4143E+00 -9.2047E-01
  2.8277E+00  7.0000E+02  1.2298E+02  1.5195E+02  3.2800E-02 -9.3185E+00 -8.6775E-01
  2.4063E+00  7.4000E+02  1.3033E+02  1.5540E+02  2.7626E-02 -9.2638E+00 -8.2373E-01
  2.0030E+00  7.8000E+02  1.3730E+02  1.5864E+02  2.2822E-02 -9.2472E+00 -7.8684E-01
  1.6164E+00  8.2000E+02  1.4384E+02  1.6163E+02  1.8370E-02 -9.1670E+00 -7.4769E-01
  1.2453E+00  8.6000E+02  1.4989E+02  1.6444E+02  1.4304E-02 -8.7560E+00 -6.8551E-01
  8.8852E-01  9.0000E+02  1.5560E+02  1.6730E+02  1.0727E-02 -7.9713E+00 -6.0002E-01
  5.4465E-01  9.4000E+02  1.6122E+02  1.7038E+02  7.7377E-03 -7.3943E+00 -5.3645E-01
  2.1221E-01  9.8000E+02  1.6691E+02  1.7310E+02  5.3823E-03 -8.9375E+00 -6.2685E-01
