  25  3.9900000E+00
  2.7277E+01  2.0000E+01  8.7448E+00  1.4904E+01  8.7175E+00  0.0000E+00  0.0000E+00
  1.9428E+01  6.0000E+01  8.3968E+00  1.4925E+01  8.3076E+00  4.6962E-02  7.7776E-02
  1.6286E+01  1.0000E+02  8.2614E+00  1.4971E+01  8.1108E+00  5.7796E-02  3.8307E-02
  1.4219E+01  1.4000E+02  8.1484E+00  1.5108E+01  7.8728E+00  1.2077E-01  5.2669E-02
  1.2637E+01  1.8000E+02  8.0757E+00  1.5408E+01  7.4724E+00  2.3613E-01  7.8786E-02
  1.1333E+01  2.2000E+02  8.2243E+00  1.5904E+01  6.9983E+00  2.6621E-01  7.3256E-02
  1.0216E+01  2.6000E+02  8.6570E+00  1.6589E+01  6.4891E+00  2.2573E-01  5.3190E-02
  9.2362E+00  3.0000E+02  9.3656E+00  1.7426E+01  5.9956E+00  1.3120E-01  2.7131E-02
  8.3612E+00  3.4000E+02  1.0314E+01  1.8402E+01  5.5467E+00  3.0686E-02  5.6645E-03
  7.5694E+00  3.8000E+02  1.1493E+01  1.9523E+01  5.1466E+00 -7.1870E-02 -1.2006E-02
  6.8448E+00  4.2000E+02  1.2903E+01  2.0797E+01  4.7955E+00 -1.8778E-01 -2.8709E-02
  6.1755E+00  4.6000E+02  1.4523E+01  2.2209E+01  4.4889E+00 -3.1215E-01 -4.4078E-02
  5.5528E+00  5.0000E+02  1.6298E+01  2.3719E+01  4.2196E+00 -4.2525E-01 -5.5864E-02
  4.9702E+00  5.4000E+02  1.8166E+01  2.5281E+01  3.9816E+00 -5.2508E-01 -6.4542E-02
  4.4225E+00  5.8000E+02  2.0077E+01  2.6846E+01  3.7695E+00 -6.3263E-01 -7.3102E-02
  3.9057E+00  6.2000E+02  2.2010E+01  2.8383E+01  3.5766E+00 -7.6513E-01 -8.3435E-02
  3.4163E+00  6.6000E+02  2.3969E+01  2.9887E+01  3.3954E+00 -9.2962E-01 -9.5987E-02
  2.9515E+00  7.0000E+02  2.5966E+01  3.1369E+01  3.2192E+00 -1.1090E+00 -1.0874E-01
  2.5089E+00  7.4000E+02  2.8010E+01  3.2850E+01  3.0432E+00 -1.2693E+00 -1.1852E-01
  2.0865E+00  7.8000E+02  3.0103E+01  3.4359E+01  2.8654E+00 -1.3826E+00 -1.2323E-01
  1.6823E+00  8.2000E+02  3.2244E+01  3.5911E+01  2.6873E+00 -1.4602E+00 -1.2453E-01
  1.2946E+00  8.6000E+02  3.4396E+01  3.7461E+01  2.5121E+00 -1.5538E+00 -1.2708E-01
  9.2233E-01  9.0000E+02  3.6406E+01  3.8889E+01  2.3410E+00 -1.5626E+00 -1.2274E-01
  5.6428E-01  9.4000E+02  3.8463E+01  4.0441E+01  2.1724E+00 -1.4094E+00 -1.0646E-01
  2.1863E-01  9.8000E+02  4.1278E+01  4.2483E+01  2.0099E+00 -2.2355E+00 -1.6303E-01
