  25  8.5995000E+01
  2.6089E+01  2.0000E+01  3.6610E+00  1.1040E+02  8.4020E-02  0.0000E+00  0.0000E+00
  1.8439E+01  6.0000E+01  8.0916E+00  1.1057E+02  7.2530E-02 -5.5676E-01 -8.9862E-01
  1.5244E+01  1.0000E+02  1.0564E+01  1.1011E+02  6.7123E-02 -9.1950E-01 -6.1980E-01
  1.3115E+01  1.4000E+02  1.1901E+01  1.0916E+02  6.3761E-02 -1.0711E+00 -4.8129E-01
  1.1558E+01  1.8000E+02  1.3706E+01  1.0844E+02  6.0754E-02 -1.6243E+00 -5.3339E-01
  1.0338E+01  2.2000E+02  1.7370E+01  1.0856E+02  5.7295E-02 -2.9042E+00 -7.4766E-01
  9.3235E+00  2.6000E+02  2.2162E+01  1.0955E+02  5.3642E-02 -3.7484E+00 -8.0226E-01
  8.4448E+00  3.0000E+02  2.7754E+01  1.1121E+02  5.0043E-02 -4.4745E+00 -8.2956E-01
  7.6627E+00  3.4000E+02  3.4048E+01  1.1331E+02  4.6391E-02 -5.3598E+00 -8.8436E-01
  6.9544E+00  3.8000E+02  4.0963E+01  1.1571E+02  4.2651E-02 -6.3806E+00 -9.5345E-01
  6.3053E+00  4.2000E+02  4.8292E+01  1.1835E+02  3.8897E-02 -7.2187E+00 -9.8858E-01
  5.7049E+00  4.6000E+02  5.5803E+01  1.2127E+02  3.5200E-02 -7.6551E+00 -9.6971E-01
  5.1450E+00  5.0000E+02  6.3461E+01  1.2448E+02  3.1615E-02 -7.9345E+00 -9.3732E-01
  4.6191E+00  5.4000E+02  7.1331E+01  1.2796E+02  2.8151E-02 -8.3524E+00 -9.2669E-01
  4.1224E+00  5.8000E+02  7.9435E+01  1.3163E+02  2.4796E-02 -8.9334E+00 -9.3622E-01
  3.6511E+00  6.2000E+02  8.7732E+01  1.3541E+02  2.1553E-02 -9.5817E+00 -9.5278E-01
  3.2023E+00  6.6000E+02  9.6124E+01  1.3924E+02  1.8440E-02 -1.0166E+01 -9.6251E-01
  2.7738E+00  7.0000E+02  1.0449E+02  1.4306E+02  1.5480E-02 -1.0587E+01 -9.5724E-01
  2.3635E+00  7.4000E+02  1.1270E+02  1.4684E+02  1.2705E-02 -1.0825E+01 -9.3689E-01
  1.9700E+00  7.8000E+02  1.2068E+02  1.5052E+02  1.0152E-02 -1.0909E+01 -9.0567E-01
  1.5918E+00  8.2000E+02  1.2837E+02  1.5409E+02  7.8594E-03 -1.0895E+01 -8.6930E-01
  1.2278E+00  8.6000E+02  1.3574E+02  1.5753E+02  5.8639E-03 -1.0819E+01 -8.3087E-01
  8.7694E-01  9.0000E+02  1.4280E+02  1.6082E+02  4.1788E-03 -1.0716E+01 -7.9335E-01
  5.3818E-01  9.4000E+02  1.4974E+02  1.6407E+02  2.7641E-03 -1.0893E+01 -7.7852E-01
  2.1022E-01  9.8000E+02  1.5695E+02  1.6700E+02  1.6662E-03 -1.3079E+01 -9.0492E-01
