  25  8.5995000E+01
  2.7227E+01  2.0000E+01  4.5410E+00  1.2193E+02  2.2765E-01  0.0000E+00  0.0000E+00
  1.9360E+01  6.0000E+01  9.3078E+00  1.2146E+02  2.0288E-01 -6.6530E-01 -1.1044E+00
  1.6177E+01  1.0000E+02  1.1339E+01  1.2054E+02  1.8894E-01 -9.2893E-01 -6.2370E-01
  1.4087E+01  1.4000E+02  1.6349E+01  1.2116E+02  1.7648E-01 -2.1025E+00 -9.2696E-01
  1.2501E+01  1.8000E+02  2.5102E+01  1.2315E+02  1.6340E-01 -4.2577E+00 -1.4253E+00
  1.1200E+01  2.2000E+02  3.5472E+01  1.2577E+02  1.5048E-01 -5.9604E+00 -1.6356E+00
  1.0091E+01  2.6000E+02  4.5839E+01  1.2870E+02  1.3820E-01 -6.7101E+00 -1.5694E+00
  9.1221E+00  3.0000E+02  5.5668E+01  1.3176E+02  1.2662E-01 -6.9794E+00 -1.4273E+00
  8.2588E+00  3.4000E+02  6.4945E+01  1.3501E+02  1.1580E-01 -6.9867E+00 -1.2725E+00
  7.4785E+00  3.8000E+02  7.4024E+01  1.3850E+02  1.0557E-01 -7.1618E+00 -1.1791E+00
  6.7645E+00  4.2000E+02  8.3149E+01  1.4222E+02  9.5741E-02 -7.5735E+00 -1.1408E+00
  6.1050E+00  4.6000E+02  9.2306E+01  1.4607E+02  8.6317E-02 -8.0341E+00 -1.1179E+00
  5.4913E+00  5.0000E+02  1.0132E+02  1.4997E+02  7.7418E-02 -8.3405E+00 -1.0799E+00
  4.9168E+00  5.4000E+02  1.1000E+02  1.5380E+02  6.9183E-02 -8.4355E+00 -1.0224E+00
  4.3765E+00  5.8000E+02  1.1827E+02  1.5752E+02  6.1636E-02 -8.4238E+00 -9.6023E-01
  3.8663E+00  6.2000E+02  1.2612E+02  1.6107E+02  5.4677E-02 -8.4213E+00 -9.0649E-01
  3.3829E+00  6.6000E+02  1.3362E+02  1.6446E+02  4.8143E-02 -8.5088E+00 -8.6788E-01
  2.9234E+00  7.0000E+02  1.4086E+02  1.6769E+02  4.1862E-02 -8.7183E+00 -8.4515E-01
  2.4855E+00  7.4000E+02  1.4788E+02  1.7078E+02  3.5702E-02 -9.0067E+00 -8.3201E-01
  2.0673E+00  7.8000E+02  1.5472E+02  1.7373E+02  2.9613E-02 -9.2697E+00 -8.1792E-01
  1.6670E+00  8.2000E+02  1.6131E+02  1.7657E+02  2.3660E-02 -9.3717E+00 -7.9155E-01
  1.2830E+00  8.6000E+02  1.6753E+02  1.7926E+02  1.8005E-02 -9.2108E+00 -7.4613E-01
  9.1425E-01  9.0000E+02  1.7319E+02  1.8175E+02  1.2805E-02 -8.6056E+00 -6.6958E-01
  5.5950E-01  9.4000E+02  1.7846E+02  1.8439E+02  8.2012E-03 -7.4015E+00 -5.5396E-01
  2.1705E-01  9.8000E+02  1.8419E+02  1.8745E+02  4.6540E-03 -7.7930E+00 -5.6305E-01
