  26  8.5995000E+01
  3.2092E+01  1.0000E-03  2.9276E-01  1.2091E+02  2.9275E-01  0.0000E+00  0.0000E+00
  2.2946E+01  4.0000E+01  3.8527E+00  1.1999E+02  2.7611E-01 -4.8925E-01 -9.4407E-01
  1.8127E+01  8.0000E+01  9.0188E+00  1.1847E+02  2.2799E-01 -1.3889E+00 -1.4119E+00
  1.5701E+01  1.2000E+02  1.2141E+01  1.1945E+02  2.1017E-01 -8.8097E-01 -4.5096E-01
  1.3939E+01  1.6000E+02  2.1115E+01  1.2292E+02  1.9368E-01 -3.1249E+00 -1.1619E+00
  1.2504E+01  2.0000E+02  3.6220E+01  1.2818E+02  1.7494E-01 -6.8614E+00 -2.0769E+00
  1.1275E+01  2.4000E+02  5.5188E+01  1.3480E+02  1.5349E-01 -1.0045E+01 -2.6052E+00
  1.0192E+01  2.8000E+02  7.4707E+01  1.4176E+02  1.3085E-01 -1.1598E+01 -2.6502E+00
  9.2224E+00  3.2000E+02  9.3019E+01  1.4862E+02  1.0951E-01 -1.1816E+01 -2.4163E+00
  8.3447E+00  3.6000E+02  1.0984E+02  1.5517E+02  9.0222E-02 -1.1698E+01 -2.1661E+00
  7.5425E+00  4.0000E+02  1.2515E+02  1.6134E+02  7.2975E-02 -1.1394E+01 -1.9283E+00
  6.8036E+00  4.4000E+02  1.3883E+02  1.6706E+02  5.7704E-02 -1.0782E+01 -1.6808E+00
  6.1187E+00  4.8000E+02  1.5092E+02  1.7232E+02  4.4174E-02 -9.9702E+00 -1.4407E+00
  5.4803E+00  5.2000E+02  1.6146E+02  1.7718E+02  3.2399E-02 -8.8823E+00 -1.1963E+00
  4.8825E+00  5.6000E+02  1.7045E+02  1.8169E+02  2.2633E-02 -7.4897E+00 -9.4465E-01
  4.3203E+00  6.0000E+02  1.7800E+02  1.8590E+02  1.5037E-02 -5.9567E+00 -7.0653E-01
  3.7897E+00  6.4000E+02  1.8432E+02  1.8984E+02  9.5036E-03 -4.4900E+00 -5.0270E-01
  3.2871E+00  6.8000E+02  1.8965E+02  1.9354E+02  5.7141E-03 -3.2322E+00 -3.4273E-01
  2.8096E+00  7.2000E+02  1.9423E+02  1.9704E+02  3.2658E-03 -2.2470E+00 -2.2634E-01
  2.3549E+00  7.6000E+02  1.9825E+02  2.0037E+02  1.7704E-03 -1.5356E+00 -1.4734E-01
  1.9206E+00  8.0000E+02  2.0188E+02  2.0354E+02  9.0749E-04 -1.0619E+00 -9.7289E-02
  1.5050E+00  8.4000E+02  2.0520E+02  2.0654E+02  4.3750E-04 -7.8160E-01 -6.8528E-02
  1.1066E+00  8.8000E+02  2.0828E+02  2.0934E+02  1.9553E-04 -6.8648E-01 -5.7714E-02
  7.2384E-01  9.2000E+02  2.1102E+02  2.1188E+02  7.6446E-05 -5.4285E-01 -4.3834E-02
  3.5547E-01  9.6000E+02  2.1395E+02  2.1470E+02  2.2405E-05 -2.7174E-01 -2.1119E-02
  7.3801E-04  1.0000E+03  2.1781E+02  2.1866E+02  3.6930E-06  2.9726E-01  2.2248E-02
