  26  3.9900000E+00
  3.2100E+01  1.0000E-03  1.0395E+01  1.6899E+01  1.0395E+01  0.0000E+00  0.0000E+00
  2.2920E+01  4.0000E+01  9.6889E+00  1.6887E+01  9.6689E+00  7.5590E-02  1.4641E-01
  1.8066E+01  8.0000E+01  9.0011E+00  1.6951E+01  8.9238E+00  1.5479E-01  1.5853E-01
  1.5608E+01  1.2000E+02  8.8241E+00  1.7090E+01  8.6784E+00  1.2889E-01  6.6837E-02
  1.3827E+01  1.6000E+02  8.6773E+00  1.7399E+01  8.3043E+00  2.5574E-01  9.6092E-02
  1.2388E+01  2.0000E+02  8.7546E+00  1.8028E+01  7.7414E+00  3.8360E-01  1.1647E-01
  1.1162E+01  2.4000E+02  9.4083E+00  1.9080E+01  7.0677E+00  3.2415E-01  8.3862E-02
  1.0086E+01  2.8000E+02  1.0762E+01  2.0489E+01  6.3651E+00  5.1013E-02  1.1580E-02
  9.1258E+00  3.2000E+02  1.2698E+01  2.2193E+01  5.7245E+00 -2.4090E-01 -4.8782E-02
  8.2587E+00  3.6000E+02  1.5028E+01  2.4164E+01  5.1938E+00 -4.1396E-01 -7.5734E-02
  7.4667E+00  4.0000E+02  1.7622E+01  2.6381E+01  4.7707E+00 -4.7640E-01 -7.9598E-02
  6.7369E+00  4.4000E+02  2.0415E+01  2.8785E+01  4.4250E+00 -5.3210E-01 -8.1935E-02
  6.0592E+00  4.8000E+02  2.3349E+01  3.1289E+01  4.1332E+00 -6.3517E-01 -9.0809E-02
  5.4264E+00  5.2000E+02  2.6336E+01  3.3788E+01  3.8819E+00 -7.7102E-01 -1.0294E-01
  4.8327E+00  5.6000E+02  2.9254E+01  3.6163E+01  3.6640E+00 -9.1444E-01 -1.1454E-01
  4.2738E+00  6.0000E+02  3.1986E+01  3.8304E+01  3.4735E+00 -1.0570E+00 -1.2464E-01
  3.7462E+00  6.4000E+02  3.4447E+01  4.0132E+01  3.3033E+00 -1.2001E+00 -1.3360E-01
  3.2469E+00  6.8000E+02  3.6616E+01  4.1639E+01  3.1434E+00 -1.3254E+00 -1.3960E-01
  2.7736E+00  7.2000E+02  3.8590E+01  4.2952E+01  2.9811E+00 -1.3981E+00 -1.3963E-01
  2.3236E+00  7.6000E+02  4.0567E+01  4.4295E+01  2.8079E+00 -1.4078E+00 -1.3363E-01
  1.8947E+00  8.0000E+02  4.2672E+01  4.5809E+01  2.6274E+00 -1.3802E+00 -1.2490E-01
  1.4846E+00  8.4000E+02  4.4861E+01  4.7438E+01  2.4495E+00 -1.3628E+00 -1.1791E-01
  1.0916E+00  8.8000E+02  4.6975E+01  4.9033E+01  2.2762E+00 -1.3224E+00 -1.0964E-01
  7.1435E-01  9.2000E+02  4.9056E+01  5.0698E+01  2.1047E+00 -1.1002E+00 -8.7574E-02
  3.5103E-01  9.6000E+02  5.1650E+01  5.2975E+01  1.9369E+00 -8.7382E-01 -6.6982E-02
  7.2256E-04  1.0000E+03  5.5365E+01  5.5893E+01  1.7761E+00 -2.2754E+00 -1.6817E-01
