  26  8.5995000E+01
  3.2043E+01  1.0000E-03  2.6281E-01  1.2242E+02  2.6280E-01  0.0000E+00  0.0000E+00
  2.2845E+01  4.0000E+01  3.6719E+00  1.2219E+02  2.4677E-01 -3.9562E-01 -7.6776E-01
  1.7901E+01  8.0000E+01  1.0585E+01  1.2108E+02  2.0149E-01 -1.6224E+00 -1.6925E+00
  1.5364E+01  1.2000E+02  1.4486E+01  1.2136E+02  1.8514E-01 -1.4282E+00 -7.6430E-01
  1.3550E+01  1.6000E+02  2.2769E+01  1.2348E+02  1.7088E-01 -3.3964E+00 -1.3001E+00
  1.2102E+01  2.0000E+02  3.4523E+01  1.2692E+02  1.5635E-01 -5.7460E+00 -1.7545E+00
  1.0884E+01  2.4000E+02  4.7490E+01  1.3092E+02  1.4171E-01 -7.3600E+00 -1.8920E+00
  9.8256E+00  2.8000E+02  6.0415E+01  1.3525E+02  1.2720E-01 -8.1164E+00 -1.8124E+00
  8.8866E+00  3.2000E+02  7.2734E+01  1.3976E+02  1.1344E-01 -8.3210E+00 -1.6484E+00
  8.0407E+00  3.6000E+02  8.4462E+01  1.4440E+02  1.0066E-01 -8.3829E+00 -1.4961E+00
  7.2694E+00  4.0000E+02  9.5653E+01  1.4912E+02  8.8953E-02 -8.3819E+00 -1.3639E+00
  6.5595E+00  4.4000E+02  1.0626E+02  1.5385E+02  7.8392E-02 -8.2838E+00 -1.2408E+00
  5.9010E+00  4.8000E+02  1.1616E+02  1.5846E+02  6.9054E-02 -8.0335E+00 -1.1161E+00
  5.2865E+00  5.2000E+02  1.2519E+02  1.6280E+02  6.0966E-02 -7.6329E+00 -9.8955E-01
  4.7103E+00  5.6000E+02  1.3328E+02  1.6676E+02  5.4047E-02 -7.1571E+00 -8.7001E-01
  4.1680E+00  6.0000E+02  1.4048E+02  1.7031E+02  4.8090E-02 -6.7498E+00 -7.7235E-01
  3.6558E+00  6.4000E+02  1.4698E+02  1.7345E+02  4.2810E-02 -6.5465E+00 -7.0747E-01
  3.1706E+00  6.8000E+02  1.5303E+02  1.7627E+02  3.7853E-02 -6.6751E+00 -6.8329E-01
  2.7098E+00  7.2000E+02  1.5893E+02  1.7884E+02  3.2834E-02 -7.1957E+00 -6.9958E-01
  2.2710E+00  7.6000E+02  1.6486E+02  1.8128E+02  2.7452E-02 -7.9663E+00 -7.3741E-01
  1.8523E+00  8.0000E+02  1.7085E+02  1.8368E+02  2.1664E-02 -8.5788E+00 -7.5789E-01
  1.4517E+00  8.4000E+02  1.7675E+02  1.8614E+02  1.5819E-02 -8.5971E+00 -7.2659E-01
  1.0676E+00  8.8000E+02  1.8216E+02  1.8855E+02  1.0474E-02 -7.8086E+00 -6.3273E-01
  6.9875E-01  9.2000E+02  1.8686E+02  1.9101E+02  6.0656E-03 -6.0632E+00 -4.7187E-01
  3.4341E-01  9.6000E+02  1.9147E+02  1.9432E+02  2.9631E-03 -3.6730E+00 -2.7536E-01
  7.0245E-04  1.0000E+03  1.9697E+02  1.9938E+02  1.2398E-03 -1.2667E+00 -9.1590E-02
