  26  3.9900000E+00
  3.1989E+01  1.0000E-03  7.9494E+00  1.2903E+01  7.9494E+00  0.0000E+00  0.0000E+00
  2.2672E+01  4.0000E+01  7.3507E+00  1.2911E+01  7.3337E+00  6.5042E-02  1.2786E-01
  1.7568E+01  8.0000E+01  6.8828E+00  1.2923E+01  6.7597E+00  9.4092E-02  1.0132E-01
  1.4905E+01  1.2000E+02  6.8075E+00  1.2947E+01  6.5665E+00  3.7197E-02  2.0902E-02
  1.3033E+01  1.6000E+02  6.7792E+00  1.3029E+01  6.3224E+00  5.9209E-02  2.3378E-02
  1.1580E+01  2.0000E+02  6.7889E+00  1.3194E+01  5.9958E+00  1.0670E-01  3.2716E-02
  1.0383E+01  2.4000E+02  6.8804E+00  1.3455E+01  5.6558E+00  1.4124E-01  3.5680E-02
  9.3591E+00  2.8000E+02  7.0656E+00  1.3811E+01  5.3089E+00  1.6682E-01  3.6020E-02
  8.4611E+00  3.2000E+02  7.3802E+00  1.4281E+01  4.9599E+00  1.7328E-01  3.2826E-02
  7.6574E+00  3.6000E+02  7.8801E+00  1.4884E+01  4.6123E+00  1.2928E-01  2.1921E-02
  6.9272E+00  4.0000E+02  8.6065E+00  1.5632E+01  4.2713E+00  2.9307E-02  4.5154E-03
  6.2561E+00  4.4000E+02  9.5643E+00  1.6522E+01  3.9515E+00 -1.0108E-01 -1.4311E-02
  5.6341E+00  4.8000E+02  1.0724E+01  1.7542E+01  3.6661E+00 -2.2402E-01 -2.9398E-02
  5.0537E+00  5.2000E+02  1.2043E+01  1.8674E+01  3.4161E+00 -3.2336E-01 -3.9602E-02
  4.5089E+00  5.6000E+02  1.3488E+01  1.9897E+01  3.1950E+00 -4.0799E-01 -4.6895E-02
  3.9952E+00  6.0000E+02  1.5034E+01  2.1190E+01  2.9969E+00 -4.9138E-01 -5.3256E-02
  3.5089E+00  6.4000E+02  1.6659E+01  2.2533E+01  2.8174E+00 -5.8157E-01 -5.9667E-02
  3.0470E+00  6.8000E+02  1.8344E+01  2.3903E+01  2.6532E+00 -6.8169E-01 -6.6426E-02
  2.6071E+00  7.2000E+02  2.0069E+01  2.5278E+01  2.5021E+00 -7.9350E-01 -7.3647E-02
  2.1871E+00  7.6000E+02  2.1816E+01  2.6639E+01  2.3612E+00 -9.1959E-01 -8.1493E-02
  1.7852E+00  8.0000E+02  2.3566E+01  2.7963E+01  2.2272E+00 -1.0598E+00 -8.9867E-02
  1.4000E+00  8.4000E+02  2.5278E+01  2.9223E+01  2.0972E+00 -1.1737E+00 -9.5385E-02
  1.0302E+00  8.8000E+02  2.6929E+01  3.0441E+01  1.9690E+00 -1.1726E+00 -9.1473E-02
  6.7466E-01  9.2000E+02  2.8653E+01  3.1782E+01  1.8424E+00 -1.0742E+00 -8.0576E-02
  3.3172E-01  9.6000E+02  3.0704E+01  3.3448E+01  1.7195E+00 -1.1247E+00 -8.1378E-02
  5.6963E-04  1.0000E+03  3.3270E+01  3.5319E+01  1.6041E+00 -2.0986E+00 -1.4662E-01
