  26  8.5995000E+01
  2.9936E+01  1.0000E-03  2.5708E-02  1.0865E+02  2.5707E-02  0.0000E+00  0.0000E+00
  2.1280E+01  4.0000E+01  2.4991E+00  1.0859E+02  2.1091E-02 -2.9223E-01 -5.3365E-01
  1.6526E+01  8.0000E+01  8.8031E+00  1.0875E+02  1.6122E-02 -1.2931E+00 -1.2969E+00
  1.4006E+01  1.2000E+02  1.1024E+01  1.0863E+02  1.5147E-02 -9.2886E-01 -4.9389E-01
  1.2220E+01  1.6000E+02  1.2641E+01  1.0795E+02  1.4258E-02 -1.2855E+00 -4.8438E-01
  1.0859E+01  2.0000E+02  1.6006E+01  1.0771E+02  1.3046E-02 -2.6482E+00 -7.6063E-01
  9.7553E+00  2.4000E+02  2.0544E+01  1.0842E+02  1.1770E-02 -3.4672E+00 -8.0724E-01
  8.8160E+00  2.8000E+02  2.5630E+01  1.0990E+02  1.0598E-02 -3.8367E+00 -7.6033E-01
  7.9903E+00  3.2000E+02  3.1240E+01  1.1186E+02  9.5224E-03 -4.4188E+00 -7.6979E-01
  7.2490E+00  3.6000E+02  3.7400E+01  1.1412E+02  8.4883E-03 -5.2700E+00 -8.2415E-01
  6.5741E+00  4.0000E+02  4.4044E+01  1.1662E+02  7.4771E-03 -6.1435E+00 -8.7478E-01
  5.9531E+00  4.4000E+02  5.1006E+01  1.1941E+02  6.5072E-03 -6.7182E+00 -8.8032E-01
  5.3761E+00  4.8000E+02  5.8250E+01  1.2259E+02  5.5935E-03 -7.0430E+00 -8.5728E-01
  4.8356E+00  5.2000E+02  6.5923E+01  1.2615E+02  4.7295E-03 -7.6086E+00 -8.6773E-01
  4.3256E+00  5.6000E+02  7.4078E+01  1.2994E+02  3.8993E-03 -8.5480E+00 -9.1966E-01
  3.8422E+00  6.0000E+02  8.2604E+01  1.3387E+02  3.1032E-03 -9.5174E+00 -9.7066E-01
  3.3823E+00  6.4000E+02  9.1323E+01  1.3786E+02  2.3641E-03 -1.0287E+01 -9.9818E-01
  2.9434E+00  6.8000E+02  1.0007E+02  1.4186E+02  1.7128E-03 -1.0820E+01 -1.0019E+00
  2.5236E+00  7.2000E+02  1.0871E+02  1.4582E+02  1.1731E-03 -1.1125E+01 -9.8531E-01
  2.1212E+00  7.6000E+02  1.1713E+02  1.4973E+02  7.5264E-04 -1.1224E+01 -9.5299E-01
  1.7346E+00  8.0000E+02  1.2525E+02  1.5353E+02  4.4589E-04 -1.1153E+01 -9.0960E-01
  1.3627E+00  8.4000E+02  1.3301E+02  1.5722E+02  2.3916E-04 -1.0962E+01 -8.6010E-01
  1.0044E+00  8.8000E+02  1.4037E+02  1.6075E+02  1.1250E-04 -1.0698E+01 -8.0876E-01
  6.5866E-01  9.2000E+02  1.4760E+02  1.6430E+02  4.2145E-05 -1.0607E+01 -7.7380E-01
  3.2421E-01  9.6000E+02  1.5501E+02  1.6815E+02  1.1189E-05 -1.0655E+01 -7.5185E-01
  4.0914E-04  1.0000E+03  1.6257E+02  1.7156E+02  2.1629E-06 -1.2831E+01 -8.7653E-01
