  26  3.9900000E+00
  3.2006E+01  1.0000E-03  8.9037E+00  1.4312E+01  8.9037E+00  0.0000E+00  0.0000E+00
  2.2758E+01  4.0000E+01  8.2594E+00  1.4315E+01  8.2436E+00  7.0031E-02  1.3665E-01
  1.7733E+01  8.0000E+01  7.7041E+00  1.4346E+01  7.6002E+00  1.1662E-01  1.2361E-01
  1.5134E+01  1.2000E+02  7.5944E+00  1.4409E+01  7.3788E+00  6.6409E-02  3.6415E-02
  1.3294E+01  1.6000E+02  7.5222E+00  1.4572E+01  7.0708E+00  1.2807E-01  4.9727E-02
  1.1844E+01  2.0000E+02  7.5519E+00  1.4889E+01  6.6640E+00  1.9810E-01  6.0612E-02
  1.0634E+01  2.4000E+02  7.7764E+00  1.5345E+01  6.2292E+00  1.9136E-01  4.8826E-02
  9.5919E+00  2.8000E+02  8.1989E+00  1.5940E+01  5.7838E+00  1.6485E-01  3.6262E-02
  8.6720E+00  3.2000E+02  8.8406E+00  1.6678E+01  5.3541E+00  1.0512E-01  2.0401E-02
  7.8462E+00  3.6000E+02  9.7250E+00  1.7575E+01  4.9489E+00  1.4848E-02  2.5868E-03
  7.0950E+00  4.0000E+02  1.0859E+01  1.8636E+01  4.5780E+00 -9.6997E-02 -1.5374E-02
  6.4044E+00  4.4000E+02  1.2210E+01  1.9848E+01  4.2533E+00 -2.0057E-01 -2.9223E-02
  5.7643E+00  4.8000E+02  1.3722E+01  2.1178E+01  3.9755E+00 -2.8409E-01 -3.8365E-02
  5.1671E+00  5.2000E+02  1.5343E+01  2.2581E+01  3.7361E+00 -3.6611E-01 -4.6128E-02
  4.6070E+00  5.6000E+02  1.7041E+01  2.4018E+01  3.5255E+00 -4.6445E-01 -5.4885E-02
  4.0793E+00  6.0000E+02  1.8797E+01  2.5467E+01  3.3355E+00 -5.8314E-01 -6.4918E-02
  3.5804E+00  6.4000E+02  2.0597E+01  2.6910E+01  3.1604E+00 -7.1582E-01 -7.5352E-02
  3.1071E+00  6.8000E+02  2.2425E+01  2.8334E+01  2.9963E+00 -8.5253E-01 -8.5130E-02
  2.6569E+00  7.2000E+02  2.4261E+01  2.9727E+01  2.8406E+00 -9.8421E-01 -9.3484E-02
  2.2276E+00  7.6000E+02  2.6091E+01  3.1083E+01  2.6911E+00 -1.1035E+00 -9.9939E-02
  1.8174E+00  8.0000E+02  2.7909E+01  3.2405E+01  2.5452E+00 -1.2114E+00 -1.0485E-01
  1.4246E+00  8.4000E+02  2.9716E+01  3.3694E+01  2.4004E+00 -1.3173E+00 -1.0917E-01
  1.0478E+00  8.8000E+02  3.1489E+01  3.4943E+01  2.2542E+00 -1.3900E+00 -1.1049E-01
  6.8586E-01  9.2000E+02  3.3259E+01  3.6234E+01  2.1042E+00 -1.3256E+00 -1.0124E-01
  3.3709E-01  9.6000E+02  3.5369E+01  3.7924E+01  1.9523E+00 -1.2036E+00 -8.8565E-02
  6.6961E-04  1.0000E+03  3.8248E+01  4.0624E+01  1.8068E+00 -5.3407E-01 -3.7907E-02
