  26  3.9900000E+00
  3.2081E+01  1.0000E-03  1.0855E+01  1.5801E+01  1.0855E+01  0.0000E+00  0.0000E+00
  2.2946E+01  4.0000E+01  1.0130E+01  1.5790E+01  1.0110E+01  7.8163E-02  1.5065E-01
  1.8130E+01  8.0000E+01  9.4081E+00  1.5852E+01  9.3322E+00  1.6277E-01  1.6538E-01
  1.5706E+01  1.2000E+02  9.2178E+00  1.5995E+01  9.0847E+00  1.3726E-01  7.0216E-02
  1.3946E+01  1.6000E+02  9.0521E+00  1.6304E+01  8.7154E+00  2.6981E-01  1.0017E-01
  1.2512E+01  2.0000E+02  9.1404E+00  1.6994E+01  8.0672E+00  4.1943E-01  1.2689E-01
  1.1282E+01  2.4000E+02  1.0050E+01  1.8283E+01  7.1975E+00  3.0890E-01  8.0179E-02
  1.0198E+01  2.8000E+02  1.1999E+01  2.0128E+01  6.3028E+00 -9.6786E-02 -2.2143E-02
  9.2270E+00  3.2000E+02  1.4701E+01  2.2359E+01  5.5647E+00 -4.8501E-01 -9.9311E-02
  8.3483E+00  3.6000E+02  1.7766E+01  2.4818E+01  5.0063E+00 -6.8841E-01 -1.2762E-01
  7.5454E+00  4.0000E+02  2.0959E+01  2.7385E+01  4.5627E+00 -7.7976E-01 -1.3209E-01
  6.8060E+00  4.4000E+02  2.4166E+01  2.9975E+01  4.1930E+00 -8.3634E-01 -1.3046E-01
  6.1208E+00  4.8000E+02  2.7326E+01  3.2539E+01  3.8769E+00 -8.6920E-01 -1.2566E-01
  5.4822E+00  5.2000E+02  3.0408E+01  3.5059E+01  3.6009E+00 -8.7920E-01 -1.1845E-01
  4.8842E+00  5.6000E+02  3.3398E+01  3.7527E+01  3.3548E+00 -8.7344E-01 -1.1019E-01
  4.3219E+00  6.0000E+02  3.6292E+01  3.9940E+01  3.1320E+00 -8.5590E-01 -1.0154E-01
  3.7911E+00  6.4000E+02  3.9091E+01  4.2300E+01  2.9288E+00 -8.2719E-01 -9.2634E-02
  3.2884E+00  6.8000E+02  4.1796E+01  4.4608E+01  2.7425E+00 -7.8994E-01 -8.3783E-02
  2.8108E+00  7.2000E+02  4.4411E+01  4.6865E+01  2.5707E+00 -7.4841E-01 -7.5405E-02
  2.3560E+00  7.6000E+02  4.6938E+01  4.9071E+01  2.4117E+00 -7.0560E-01 -6.7715E-02
  1.9217E+00  8.0000E+02  4.9383E+01  5.1227E+01  2.2640E+00 -6.6614E-01 -6.1040E-02
  1.5060E+00  8.4000E+02  5.1750E+01  5.3327E+01  2.1259E+00 -6.4011E-01 -5.6129E-02
  1.1075E+00  8.8000E+02  5.4042E+01  5.5367E+01  1.9952E+00 -6.3288E-01 -5.3210E-02
  7.2476E-01  9.2000E+02  5.6262E+01  5.7380E+01  1.8674E+00 -5.4194E-01 -4.3765E-02
  3.5611E-01  9.6000E+02  5.8950E+01  5.9900E+01  1.7370E+00 -4.5580E-01 -3.5451E-02
  7.2624E-04  1.0000E+03  6.2857E+01  6.3258E+01  1.6000E+00 -1.5438E+00 -1.1575E-01
