  26  3.9900000E+00
  3.1768E+01  1.0000E-03  6.2345E+00  1.1641E+01  6.2345E+00  0.0000E+00  0.0000E+00
  2.2448E+01  4.0000E+01  5.7297E+00  1.1649E+01  5.7114E+00  5.5047E-02  1.0825E-01
  1.7301E+01  8.0000E+01  5.3984E+00  1.1651E+01  5.2623E+00  6.4659E-02  7.0212E-02
  1.4584E+01  1.2000E+02  5.3641E+00  1.1642E+01  5.1140E+00  9.4904E-03  5.4415E-03
  1.2678E+01  1.6000E+02  5.3591E+00  1.1649E+01  4.9733E+00  5.9193E-03  2.3799E-03
  1.1223E+01  2.0000E+02  5.3560E+00  1.1685E+01  4.7974E+00  2.7232E-02  8.3611E-03
  1.0047E+01  2.4000E+02  5.3441E+00  1.1778E+01  4.5850E+00  8.9209E-02  2.2128E-02
  9.0556E+00  2.8000E+02  5.3515E+00  1.1948E+01  4.3558E+00  1.6394E-01  3.4287E-02
  8.1919E+00  3.2000E+02  5.4220E+00  1.2217E+01  4.1042E+00  2.2977E-01  4.1868E-02
  7.4209E+00  3.6000E+02  5.6157E+00  1.2596E+01  3.8290E+00  2.4118E-01  3.9233E-02
  6.7205E+00  4.0000E+02  5.9851E+00  1.3097E+01  3.5435E+00  1.8642E-01  2.7546E-02
  6.0765E+00  4.4000E+02  6.5597E+00  1.3724E+01  3.2620E+00  8.2110E-02  1.1157E-02
  5.4788E+00  4.8000E+02  7.3500E+00  1.4482E+01  2.9981E+00 -5.3182E-02 -6.7065E-03
  4.9200E+00  5.2000E+02  8.3503E+00  1.5373E+01  2.7620E+00 -1.9697E-01 -2.3218E-02
  4.3947E+00  5.6000E+02  9.5377E+00  1.6388E+01  2.5543E+00 -3.2763E-01 -3.6312E-02
  3.8984E+00  6.0000E+02  1.0882E+01  1.7514E+01  2.3700E+00 -4.4110E-01 -4.6191E-02
  3.4276E+00  6.4000E+02  1.2356E+01  1.8731E+01  2.2047E+00 -5.4468E-01 -5.4104E-02
  2.9795E+00  6.8000E+02  1.3935E+01  2.0019E+01  2.0551E+00 -6.4916E-01 -6.1368E-02
  2.5519E+00  7.2000E+02  1.5599E+01  2.1356E+01  1.9188E+00 -7.6391E-01 -6.8921E-02
  2.1428E+00  7.6000E+02  1.7326E+01  2.2718E+01  1.7938E+00 -8.9292E-01 -7.7069E-02
  1.7506E+00  8.0000E+02  1.9086E+01  2.4077E+01  1.6777E+00 -1.0243E+00 -8.4743E-02
  1.3741E+00  8.4000E+02  2.0845E+01  2.5417E+01  1.5681E+00 -1.1110E+00 -8.8254E-02
  1.0121E+00  8.8000E+02  2.2614E+01  2.6779E+01  1.4640E+00 -1.1256E+00 -8.5980E-02
  6.6322E-01  9.2000E+02  2.4482E+01  2.8244E+01  1.3652E+00 -1.1533E+00 -8.4879E-02
  3.2624E-01  9.6000E+02  2.6562E+01  2.9852E+01  1.2723E+00 -1.4032E+00 -9.9760E-02
  4.6107E-04  1.0000E+03  2.8948E+01  3.0916E+01  1.1855E+00 -4.0572E+00 -2.7886E-01
