  26  3.9900000E+00
  3.2084E+01  1.0000E-03  1.0148E+01  1.6370E+01  1.0148E+01  0.0000E+00  0.0000E+00
  2.2897E+01  4.0000E+01  9.4507E+00  1.6363E+01  9.4323E+00  7.5080E-02  1.4552E-01
  1.8010E+01  8.0000E+01  8.7850E+00  1.6419E+01  8.7034E+00  1.4782E-01  1.5242E-01
  1.5523E+01  1.2000E+02  8.6188E+00  1.6546E+01  8.4593E+00  1.1782E-01  6.1836E-02
  1.3728E+01  1.6000E+02  8.4877E+00  1.6828E+01  8.0905E+00  2.3009E-01  8.7123E-02
  1.2285E+01  2.0000E+02  8.5604E+00  1.7387E+01  7.5519E+00  3.3693E-01  1.0255E-01
  1.1062E+01  2.4000E+02  9.1075E+00  1.8297E+01  6.9154E+00  2.9692E-01  7.6609E-02
  9.9936E+00  2.8000E+02  1.0220E+01  1.9526E+01  6.2556E+00  1.0828E-01  2.4416E-02
  9.0422E+00  3.2000E+02  1.1830E+01  2.1034E+01  5.6540E+00 -1.0706E-01 -2.1492E-02
  8.1832E+00  3.6000E+02  1.3829E+01  2.2809E+01  5.1485E+00 -2.5990E-01 -4.7100E-02
  7.3988E+00  4.0000E+02  1.6125E+01  2.4829E+01  4.7404E+00 -3.5148E-01 -5.8165E-02
  6.6759E+00  4.4000E+02  1.8647E+01  2.7037E+01  4.4049E+00 -4.3394E-01 -6.6191E-02
  6.0045E+00  4.8000E+02  2.1316E+01  2.9341E+01  4.1219E+00 -5.4466E-01 -7.7149E-02
  5.3775E+00  5.2000E+02  2.4024E+01  3.1625E+01  3.8794E+00 -6.7624E-01 -8.9461E-02
  4.7892E+00  5.6000E+02  2.6650E+01  3.3774E+01  3.6708E+00 -8.1006E-01 -1.0053E-01
  4.2355E+00  6.0000E+02  2.9092E+01  3.5695E+01  3.4896E+00 -9.4243E-01 -1.1009E-01
  3.7129E+00  6.4000E+02  3.1297E+01  3.7339E+01  3.3285E+00 -1.0732E+00 -1.1834E-01
  3.2184E+00  6.8000E+02  3.3277E+01  3.8724E+01  3.1782E+00 -1.2016E+00 -1.2537E-01
  2.7494E+00  7.2000E+02  3.5136E+01  3.9961E+01  3.0261E+00 -1.3271E+00 -1.3131E-01
  2.3035E+00  7.6000E+02  3.7015E+01  4.1206E+01  2.8618E+00 -1.4216E+00 -1.3373E-01
  1.8785E+00  8.0000E+02  3.9018E+01  4.2589E+01  2.6843E+00 -1.4596E+00 -1.3090E-01
  1.4720E+00  8.4000E+02  4.1162E+01  4.4129E+01  2.5019E+00 -1.4846E+00 -1.2730E-01
  1.0825E+00  8.8000E+02  4.3273E+01  4.5673E+01  2.3216E+00 -1.4563E+00 -1.1969E-01
  7.0844E-01  9.2000E+02  4.5330E+01  4.7280E+01  2.1456E+00 -1.2048E+00 -9.5081E-02
  3.4816E-01  9.6000E+02  4.7864E+01  4.9476E+01  1.9758E+00 -9.3669E-01 -7.1199E-02
  7.1168E-04  1.0000E+03  5.1489E+01  5.2635E+01  1.8153E+00 -1.3429E+00 -9.8444E-02
