  26  3.9900000E+00
  3.1423E+01  1.0000E-03  5.2696E+00  1.1312E+01  5.2696E+00  0.0000E+00  0.0000E+00
  2.2207E+01  4.0000E+01  4.8228E+00  1.1319E+01  4.8069E+00  4.9218E-02  9.5696E-02
  1.7117E+01  8.0000E+01  4.5477E+00  1.1324E+01  4.4274E+00  5.4977E-02  5.9041E-02
  1.4425E+01  1.2000E+02  4.5194E+00  1.1320E+01  4.2999E+00  8.9040E-03  5.0580E-03
  1.2536E+01  1.6000E+02  4.5081E+00  1.1327E+01  4.1855E+00  9.7293E-03  3.8775E-03
  1.1099E+01  2.0000E+02  4.4941E+00  1.1363E+01  4.0461E+00  3.4756E-02  1.0538E-02
  9.9419E+00  2.4000E+02  4.4684E+00  1.1454E+01  3.8624E+00  1.0142E-01  2.4753E-02
  8.9673E+00  2.8000E+02  4.4608E+00  1.1623E+01  3.6574E+00  1.8089E-01  3.7192E-02
  8.1172E+00  3.2000E+02  4.5134E+00  1.1887E+01  3.4362E+00  2.4830E-01  4.4532E-02
  7.3571E+00  3.6000E+02  4.6803E+00  1.2250E+01  3.1995E+00  2.5833E-01  4.1431E-02
  6.6657E+00  4.0000E+02  5.0082E+00  1.2720E+01  2.9577E+00  2.0489E-01  2.9888E-02
  6.0293E+00  4.4000E+02  5.5226E+00  1.3303E+01  2.7213E+00  1.0803E-01  1.4505E-02
  5.4383E+00  4.8000E+02  6.2346E+00  1.4007E+01  2.4997E+00 -1.3349E-02 -1.6643E-03
  4.8857E+00  5.2000E+02  7.1497E+00  1.4838E+01  2.3004E+00 -1.5191E-01 -1.7713E-02
  4.3657E+00  5.6000E+02  8.2595E+00  1.5795E+01  2.1237E+00 -2.9450E-01 -3.2305E-02
  3.8742E+00  6.0000E+02  9.5438E+00  1.6867E+01  1.9659E+00 -4.3085E-01 -4.4683E-02
  3.4076E+00  6.4000E+02  1.0978E+01  1.8041E+01  1.8232E+00 -5.5835E-01 -5.4966E-02
  2.9632E+00  6.8000E+02  1.2537E+01  1.9298E+01  1.6931E+00 -6.7906E-01 -6.3664E-02
  2.5388E+00  7.2000E+02  1.4198E+01  2.0620E+01  1.5742E+00 -7.9891E-01 -7.1529E-02
  2.1326E+00  7.6000E+02  1.5938E+01  2.1985E+01  1.4651E+00 -9.2261E-01 -7.9075E-02
  1.7429E+00  8.0000E+02  1.7734E+01  2.3372E+01  1.3645E+00 -1.0487E+00 -8.6218E-02
  1.3685E+00  8.4000E+02  1.9560E+01  2.4765E+01  1.2704E+00 -1.1587E+00 -9.1533E-02
  1.0082E+00  8.8000E+02  2.1416E+01  2.6175E+01  1.1813E+00 -1.2376E+00 -9.4088E-02
  6.6076E-01  9.2000E+02  2.3346E+01  2.7648E+01  1.0965E+00 -1.3162E+00 -9.6469E-02
  3.2507E-01  9.6000E+02  2.5478E+01  2.9254E+01  1.0155E+00 -1.5649E+00 -1.1083E-01
  4.5077E-04  1.0000E+03  2.7952E+01  3.0431E+01  9.3887E-01 -3.9956E+00 -2.7365E-01
