  26  8.5995000E+01
  3.1423E+01  1.0000E-03  1.4300E-01  1.1478E+02  1.4300E-01  0.0000E+00  0.0000E+00
  2.2207E+01  4.0000E+01  3.5527E+00  1.1521E+02  1.3064E-01 -3.2361E-01 -6.2920E-01
  1.7117E+01  8.0000E+01  1.2893E+01  1.1507E+02  1.0252E-01 -1.8619E+00 -1.9996E+00
  1.4425E+01  1.2000E+02  1.5454E+01  1.1414E+02  9.5221E-02 -1.2977E+00 -7.3718E-01
  1.2536E+01  1.6000E+02  1.7189E+01  1.1303E+02  9.0644E-02 -1.5050E+00 -5.9979E-01
  1.1099E+01  2.0000E+02  1.9936E+01  1.1219E+02  8.6324E-02 -2.4971E+00 -7.5711E-01
  9.9419E+00  2.4000E+02  2.4234E+01  1.1217E+02  8.1627E-02 -3.7287E+00 -9.1006E-01
  8.9673E+00  2.8000E+02  2.9741E+01  1.1301E+02  7.6602E-02 -4.7944E+00 -9.8576E-01
  8.1172E+00  3.2000E+02  3.6232E+01  1.1472E+02  7.1418E-02 -5.6197E+00 -1.0079E+00
  7.3571E+00  3.6000E+02  4.3514E+01  1.1704E+02  6.6010E-02 -6.5278E+00 -1.0469E+00
  6.6657E+00  4.0000E+02  5.1426E+01  1.1978E+02  6.0438E-02 -7.4886E+00 -1.0924E+00
  6.0293E+00  4.4000E+02  5.9665E+01  1.2281E+02  5.4835E-02 -8.1724E+00 -1.0973E+00
  5.4383E+00  4.8000E+02  6.8023E+01  1.2611E+02  4.9320E-02 -8.5695E+00 -1.0684E+00
  4.8857E+00  5.2000E+02  7.6435E+01  1.2963E+02  4.3989E-02 -8.8459E+00 -1.0314E+00
  4.3657E+00  5.6000E+02  8.4869E+01  1.3333E+02  3.8892E-02 -9.0980E+00 -9.9803E-01
  3.8742E+00  6.0000E+02  9.3287E+01  1.3715E+02  3.4059E-02 -9.3622E+00 -9.7096E-01
  3.4076E+00  6.4000E+02  1.0163E+02  1.4101E+02  2.9508E-02 -9.5968E+00 -9.4473E-01
  2.9632E+00  6.8000E+02  1.0982E+02  1.4487E+02  2.5240E-02 -9.7545E+00 -9.1451E-01
  2.5388E+00  7.2000E+02  1.1778E+02  1.4866E+02  2.1253E-02 -9.8244E+00 -8.7962E-01
  2.1326E+00  7.6000E+02  1.2547E+02  1.5236E+02  1.7552E-02 -9.8185E+00 -8.4153E-01
  1.7429E+00  8.0000E+02  1.3284E+02  1.5593E+02  1.4151E-02 -9.7627E+00 -8.0262E-01
  1.3685E+00  8.4000E+02  1.3986E+02  1.5935E+02  1.1082E-02 -9.6041E+00 -7.5869E-01
  1.0082E+00  8.8000E+02  1.4652E+02  1.6267E+02  8.3728E-03 -9.2878E+00 -7.0611E-01
  6.6076E-01  9.2000E+02  1.5292E+02  1.6600E+02  6.0517E-03 -8.8350E+00 -6.4754E-01
  3.2507E-01  9.6000E+02  1.5929E+02  1.6946E+02  4.1417E-03 -8.6476E+00 -6.1247E-01
  4.5077E-04  1.0000E+03  1.6583E+02  1.7176E+02  2.6644E-03 -1.3063E+01 -8.9467E-01
