  26  3.9900000E+00
  3.0949E+01  1.0000E-03  4.2470E+00  1.1111E+01  4.2470E+00  0.0000E+00  0.0000E+00
  2.1905E+01  4.0000E+01  3.8663E+00  1.1116E+01  3.8538E+00  4.2614E-02  8.1318E-02
  1.6915E+01  8.0000E+01  3.6429E+00  1.1128E+01  3.5472E+00  4.7250E-02  4.9744E-02
  1.4273E+01  1.2000E+02  3.6175E+00  1.1136E+01  3.4403E+00  1.2471E-02  6.9513E-03
  1.2415E+01  1.6000E+02  3.6037E+00  1.1153E+01  3.3445E+00  1.6697E-02  6.5435E-03
  1.1003E+01  2.0000E+02  3.5840E+00  1.1201E+01  3.2224E+00  4.7896E-02  1.4266E-02
  9.8664E+00  2.4000E+02  3.5573E+00  1.1307E+01  3.0578E+00  1.1703E-01  2.8070E-02
  8.9062E+00  2.8000E+02  3.5553E+00  1.1487E+01  2.8812E+00  1.8944E-01  3.8377E-02
  8.0663E+00  3.2000E+02  3.6139E+00  1.1754E+01  2.6969E+00  2.4757E-01  4.3875E-02
  7.3136E+00  3.6000E+02  3.7808E+00  1.2104E+01  2.5049E+00  2.4314E-01  3.8608E-02
  6.6284E+00  4.0000E+02  4.0921E+00  1.2545E+01  2.3116E+00  1.9013E-01  2.7485E-02
  5.9976E+00  4.4000E+02  4.5680E+00  1.3089E+01  2.1240E+00  1.0800E-01  1.4373E-02
  5.4118E+00  4.8000E+02  5.2211E+00  1.3749E+01  1.9489E+00  1.2026E-02  1.4864E-03
  4.8638E+00  5.2000E+02  6.0700E+00  1.4538E+01  1.7910E+00 -1.0977E-01 -1.2692E-02
  4.3479E+00  5.6000E+02  7.1242E+00  1.5457E+01  1.6498E+00 -2.6264E-01 -2.8587E-02
  3.8598E+00  6.0000E+02  8.3742E+00  1.6497E+01  1.5223E+00 -4.2924E-01 -4.4204E-02
  3.3961E+00  6.4000E+02  9.7965E+00  1.7646E+01  1.4058E+00 -5.8917E-01 -5.7637E-02
  2.9542E+00  6.8000E+02  1.1363E+01  1.8888E+01  1.2990E+00 -7.3343E-01 -6.8380E-02
  2.5319E+00  7.2000E+02  1.3045E+01  2.0206E+01  1.2010E+00 -8.6494E-01 -7.7063E-02
  2.1274E+00  7.6000E+02  1.4820E+01  2.1580E+01  1.1113E+00 -9.9060E-01 -8.4540E-02
  1.7392E+00  8.0000E+02  1.6664E+01  2.2992E+01  1.0287E+00 -1.1138E+00 -9.1227E-02
  1.3659E+00  8.4000E+02  1.8558E+01  2.4426E+01  9.5186E-01 -1.2325E+00 -9.7060E-02
  1.0065E+00  8.8000E+02  2.0493E+01  2.5875E+01  8.7956E-01 -1.3495E+00 -1.0235E-01
  6.5976E-01  9.2000E+02  2.2494E+01  2.7368E+01  8.1046E-01 -1.4669E+00 -1.0730E-01
  3.2463E-01  9.6000E+02  2.4708E+01  2.9009E+01  7.4380E-01 -1.7094E+00 -1.2086E-01
  4.4159E-04  1.0000E+03  2.7307E+01  3.0392E+01  6.8051E-01 -3.7510E+00 -2.5656E-01
