  26  8.5995000E+01
  3.1900E+01  1.0000E-03  1.8562E-01  1.1766E+02  1.8562E-01  0.0000E+00  0.0000E+00
  2.2551E+01  4.0000E+01  3.8012E+00  1.1818E+02  1.7147E-01 -3.3176E-01 -6.5436E-01
  1.7400E+01  8.0000E+01  1.3610E+01  1.1778E+02  1.3615E-01 -1.9819E+00 -2.1539E+00
  1.4692E+01  1.2000E+02  1.6497E+01  1.1666E+02  1.2593E-01 -1.4804E+00 -8.4593E-01
  1.2793E+01  1.6000E+02  2.0145E+01  1.1601E+02  1.1877E-01 -2.2613E+00 -9.0559E-01
  1.1336E+01  2.0000E+02  2.5139E+01  1.1586E+02  1.1203E-01 -3.5323E+00 -1.0861E+00
  1.0151E+01  2.4000E+02  3.0836E+01  1.1628E+02  1.0542E-01 -4.4509E+00 -1.1131E+00
  9.1471E+00  2.8000E+02  3.6964E+01  1.1730E+02  9.8939E-02 -5.0918E+00 -1.0782E+00
  8.2712E+00  3.2000E+02  4.3747E+01  1.1903E+02  9.2307E-02 -5.7673E+00 -1.0658E+00
  7.4892E+00  3.6000E+02  5.1381E+01  1.2133E+02  8.5265E-02 -6.8152E+00 -1.1244E+00
  6.7794E+00  4.0000E+02  5.9690E+01  1.2410E+02  7.7884E-02 -7.8066E+00 -1.1691E+00
  6.1271E+00  4.4000E+02  6.8357E+01  1.2722E+02  7.0381E-02 -8.4987E+00 -1.1696E+00
  5.5221E+00  4.8000E+02  7.7156E+01  1.3061E+02  6.2980E-02 -8.9407E+00 -1.1411E+00
  4.9571E+00  5.2000E+02  8.5938E+01  1.3421E+02  5.5854E-02 -9.1824E+00 -1.0947E+00
  4.4261E+00  5.6000E+02  9.4611E+01  1.3794E+02  4.9109E-02 -9.3109E+00 -1.0430E+00
  3.9248E+00  6.0000E+02  1.0309E+02  1.4173E+02  4.2819E-02 -9.3477E+00 -9.8863E-01
  3.4497E+00  6.4000E+02  1.1130E+02  1.4552E+02  3.7006E-02 -9.2948E+00 -9.3183E-01
  2.9977E+00  6.8000E+02  1.1918E+02  1.4926E+02  3.1650E-02 -9.1844E+00 -8.7574E-01
  2.5667E+00  7.2000E+02  1.2672E+02  1.5288E+02  2.6709E-02 -9.0699E+00 -8.2486E-01
  2.1545E+00  7.6000E+02  1.3389E+02  1.5634E+02  2.2139E-02 -9.0012E+00 -7.8266E-01
  1.7597E+00  8.0000E+02  1.4068E+02  1.5961E+02  1.7925E-02 -8.9241E+00 -7.4335E-01
  1.3809E+00  8.4000E+02  1.4702E+02  1.6266E+02  1.4072E-02 -8.6778E+00 -6.9358E-01
  1.0168E+00  8.8000E+02  1.5295E+02  1.6566E+02  1.0643E-02 -8.0489E+00 -6.1824E-01
  6.6623E-01  9.2000E+02  1.5865E+02  1.6883E+02  7.7334E-03 -7.2163E+00 -5.3377E-01
  3.2768E-01  9.6000E+02  1.6436E+02  1.7224E+02  5.4004E-03 -6.7934E+00 -4.8524E-01
  4.8098E-04  1.0000E+03  1.7018E+02  1.7442E+02  3.6408E-03 -1.1140E+01 -7.6901E-01
