  26  3.9900000E+00
  3.1997E+01  1.0000E-03  8.4472E+00  1.3554E+01  8.4472E+00  0.0000E+00  0.0000E+00
  2.2715E+01  4.0000E+01  7.8237E+00  1.3560E+01  7.8078E+00  6.7858E-02  1.3289E-01
  1.7650E+01  8.0000E+01  7.3109E+00  1.3580E+01  7.1975E+00  1.0525E-01  1.1248E-01
  1.5018E+01  1.2000E+02  7.2184E+00  1.3623E+01  6.9897E+00  5.1170E-02  2.8415E-02
  1.3162E+01  1.6000E+02  7.1676E+00  1.3745E+01  6.7110E+00  9.3230E-02  3.6495E-02
  1.1711E+01  2.0000E+02  7.1846E+00  1.3984E+01  6.3412E+00  1.5308E-01  4.6870E-02
  1.0508E+01  2.4000E+02  7.3375E+00  1.4336E+01  5.9533E+00  1.6578E-01  4.2090E-02
  9.4744E+00  2.8000E+02  7.6283E+00  1.4799E+01  5.5575E+00  1.6681E-01  3.6361E-02
  8.5654E+00  3.2000E+02  8.0854E+00  1.5389E+01  5.1695E+00  1.4522E-01  2.7850E-02
  7.7507E+00  3.6000E+02  8.7541E+00  1.6124E+01  4.7942E+00  8.1912E-02  1.4079E-02
  7.0101E+00  4.0000E+02  9.6651E+00  1.7015E+01  4.4379E+00 -2.6903E-02 -4.2042E-03
  6.3293E+00  4.4000E+02  1.0806E+01  1.8054E+01  4.1149E+00 -1.4941E-01 -2.1460E-02
  5.6983E+00  4.8000E+02  1.2131E+01  1.9220E+01  3.8330E+00 -2.5340E-01 -3.3734E-02
  5.1095E+00  5.2000E+02  1.3594E+01  2.0481E+01  3.5880E+00 -3.4257E-01 -4.2555E-02
  4.5571E+00  5.6000E+02  1.5159E+01  2.1807E+01  3.3718E+00 -4.3340E-01 -5.0512E-02
  4.0365E+00  6.0000E+02  1.6805E+01  2.3175E+01  3.1771E+00 -5.3305E-01 -5.8554E-02
  3.5439E+00  6.4000E+02  1.8512E+01  2.4566E+01  2.9991E+00 -6.4127E-01 -6.6643E-02
  3.0764E+00  6.8000E+02  2.0260E+01  2.5961E+01  2.8346E+00 -7.5430E-01 -7.4405E-02
  2.6313E+00  7.2000E+02  2.2030E+01  2.7344E+01  2.6812E+00 -8.6959E-01 -8.1643E-02
  2.2067E+00  7.6000E+02  2.3804E+01  2.8700E+01  2.5366E+00 -9.8678E-01 -8.8398E-02
  1.8007E+00  8.0000E+02  2.5576E+01  3.0020E+01  2.3978E+00 -1.1121E+00 -9.5263E-02
  1.4118E+00  8.4000E+02  2.7324E+01  3.1286E+01  2.2618E+00 -1.2376E+00 -1.0156E-01
  1.0386E+00  8.8000E+02  2.9015E+01  3.2495E+01  2.1258E+00 -1.2922E+00 -1.0174E-01
  6.7994E-01  9.2000E+02  3.0725E+01  3.3772E+01  1.9880E+00 -1.2075E+00 -9.1375E-02
  3.3423E-01  9.6000E+02  3.2771E+01  3.5420E+01  1.8505E+00 -1.1513E+00 -8.3971E-02
  6.3156E-04  1.0000E+03  3.5481E+01  3.7687E+01  1.7197E+00 -1.3275E+00 -9.3433E-02
