  26  8.5995000E+01
  3.2086E+01  1.0000E-03  2.9383E-01  1.2006E+02  2.9383E-01  0.0000E+00  0.0000E+00
  2.2946E+01  4.0000E+01  3.8377E+00  1.1917E+02  2.7716E-01 -4.8515E-01 -9.3554E-01
  1.8130E+01  8.0000E+01  9.0124E+00  1.1764E+02  2.2891E-01 -1.3922E+00 -1.4148E+00
  1.5704E+01  1.2000E+02  1.2024E+01  1.1860E+02  2.1110E-01 -8.4649E-01 -4.3312E-01
  1.3944E+01  1.6000E+02  2.0939E+01  1.2205E+02  1.9461E-01 -3.1049E+00 -1.1533E+00
  1.2510E+01  2.0000E+02  3.6534E+01  1.2741E+02  1.7533E-01 -7.1397E+00 -2.1603E+00
  1.1280E+01  2.4000E+02  5.6322E+01  1.3418E+02  1.5275E-01 -1.0577E+01 -2.7445E+00
  1.0196E+01  2.8000E+02  7.6435E+01  1.4130E+02  1.2902E-01 -1.1994E+01 -2.7428E+00
  9.2257E+00  3.2000E+02  9.5138E+01  1.4828E+02  1.0685E-01 -1.2078E+01 -2.4719E+00
  8.3474E+00  3.6000E+02  1.1222E+02  1.5495E+02  8.6911E-02 -1.1866E+01 -2.1988E+00
  7.5447E+00  4.0000E+02  1.2762E+02  1.6120E+02  6.9225E-02 -1.1393E+01 -1.9294E+00
  6.8056E+00  4.4000E+02  1.4121E+02  1.6699E+02  5.3761E-02 -1.0552E+01 -1.6456E+00
  6.1204E+00  4.8000E+02  1.5304E+02  1.7231E+02  4.0332E-02 -9.5028E+00 -1.3736E+00
  5.4819E+00  5.2000E+02  1.6319E+02  1.7722E+02  2.8989E-02 -8.2111E+00 -1.1062E+00
  4.8840E+00  5.6000E+02  1.7177E+02  1.8177E+02  1.9893E-02 -6.7371E+00 -8.4990E-01
  4.3217E+00  6.0000E+02  1.7895E+02  1.8599E+02  1.3020E-02 -5.2559E+00 -6.2351E-01
  3.7909E+00  6.4000E+02  1.8498E+02  1.8995E+02  8.1233E-03 -3.9163E+00 -4.3854E-01
  3.2882E+00  6.8000E+02  1.9012E+02  1.9367E+02  4.8269E-03 -2.8034E+00 -2.9731E-01
  2.8107E+00  7.2000E+02  1.9458E+02  1.9721E+02  2.7270E-03 -1.9486E+00 -1.9631E-01
  2.3559E+00  7.6000E+02  1.9856E+02  2.0058E+02  1.4613E-03 -1.3438E+00 -1.2897E-01
  1.9215E+00  8.0000E+02  2.0218E+02  2.0378E+02  7.4076E-04 -9.5955E-01 -8.7937E-02
  1.5058E+00  8.4000E+02  2.0549E+02  2.0678E+02  3.5332E-04 -7.5552E-01 -6.6264E-02
  1.1072E+00  8.8000E+02  2.0851E+02  2.0953E+02  1.5510E-04 -6.6767E-01 -5.6149E-02
  7.2436E-01  9.2000E+02  2.1124E+02  2.1208E+02  5.8246E-05 -4.4046E-01 -3.5573E-02
  3.5582E-01  9.6000E+02  2.1437E+02  2.1518E+02  1.6198E-05 -9.3227E-02 -7.2487E-03
  7.3912E-04  1.0000E+03  2.1877E+02  2.1942E+02  2.7140E-06 -4.4420E-01 -3.3277E-02
