  26  8.5995000E+01
  3.2019E+01  1.0000E-03  2.5283E-01  1.2177E+02  2.5282E-01  0.0000E+00  0.0000E+00
  2.2801E+01  4.0000E+01  3.6330E+00  1.2173E+02  2.3701E-01 -3.7167E-01 -7.2284E-01
  1.7818E+01  8.0000E+01  1.1108E+01  1.2078E+02  1.9277E-01 -1.6906E+00 -1.7774E+00
  1.5251E+01  1.2000E+02  1.4991E+01  1.2074E+02  1.7713E-01 -1.5276E+00 -8.2740E-01
  1.3424E+01  1.6000E+02  2.2754E+01  1.2239E+02  1.6382E-01 -3.3468E+00 -1.2900E+00
  1.1975E+01  2.0000E+02  3.3558E+01  1.2530E+02  1.5048E-01 -5.4436E+00 -1.6643E+00
  1.0760E+01  2.4000E+02  4.5234E+01  1.2865E+02  1.3731E-01 -6.8564E+00 -1.7566E+00
  9.7095E+00  2.8000E+02  5.6793E+01  1.3233E+02  1.2442E-01 -7.5013E+00 -1.6631E+00
  8.7797E+00  3.2000E+02  6.7904E+01  1.3622E+02  1.1209E-01 -7.7651E+00 -1.5233E+00
  7.9435E+00  3.6000E+02  7.8613E+01  1.4030E+02  1.0047E-01 -7.9294E+00 -1.3989E+00
  7.1820E+00  4.0000E+02  8.8971E+01  1.4453E+02  8.9623E-02 -8.0440E+00 -1.2924E+00
  6.4816E+00  4.4000E+02  9.8901E+01  1.4884E+02  7.9695E-02 -8.0209E+00 -1.1852E+00
  5.8323E+00  4.8000E+02  1.0825E+02  1.5312E+02  7.0824E-02 -7.8226E+00 -1.0716E+00
  5.2265E+00  5.2000E+02  1.1691E+02  1.5723E+02  6.3053E-02 -7.5094E+00 -9.5977E-01
  4.6584E+00  5.6000E+02  1.2486E+02  1.6108E+02  5.6266E-02 -7.2037E+00 -8.6338E-01
  4.1235E+00  6.0000E+02  1.3217E+02  1.6464E+02  5.0249E-02 -7.0105E+00 -7.9121E-01
  3.6180E+00  6.4000E+02  1.3899E+02  1.6792E+02  4.4745E-02 -7.0071E+00 -7.4735E-01
  3.1388E+00  6.8000E+02  1.4547E+02  1.7094E+02  3.9510E-02 -7.2085E+00 -7.2882E-01
  2.6833E+00  7.2000E+02  1.5173E+02  1.7375E+02  3.4343E-02 -7.5762E+00 -7.2811E-01
  2.2492E+00  7.6000E+02  1.5784E+02  1.7638E+02  2.9111E-02 -8.0136E+00 -7.3384E-01
  1.8347E+00  8.0000E+02  1.6382E+02  1.7889E+02  2.3773E-02 -8.3770E+00 -7.3259E-01
  1.4380E+00  8.4000E+02  1.6964E+02  1.8133E+02  1.8423E-02 -8.5179E+00 -7.1291E-01
  1.0576E+00  8.8000E+02  1.7513E+02  1.8369E+02  1.3270E-02 -8.2438E+00 -6.6162E-01
  6.9220E-01  9.2000E+02  1.8019E+02  1.8611E+02  8.5503E-03 -7.2226E+00 -5.5681E-01
  3.4019E-01  9.6000E+02  1.8526E+02  1.8931E+02  4.7409E-03 -5.3134E+00 -3.9461E-01
  6.8857E-04  1.0000E+03  1.9102E+02  1.9416E+02  2.2902E-03 -2.6839E+00 -1.9225E-01
