  26  3.9900000E+00
  3.2102E+01  1.0000E-03  1.0591E+01  1.7258E+01  1.0591E+01  0.0000E+00  0.0000E+00
  2.2934E+01  4.0000E+01  9.8778E+00  1.7245E+01  9.8571E+00  7.6293E-02  1.4758E-01
  1.8102E+01  8.0000E+01  9.1740E+00  1.7313E+01  9.0986E+00  1.5971E-01  1.6282E-01
  1.5664E+01  1.2000E+02  8.9891E+00  1.7462E+01  8.8504E+00  1.3706E-01  7.0485E-02
  1.3894E+01  1.6000E+02  8.8300E+00  1.7793E+01  8.4702E+00  2.7698E-01  1.0345E-01
  1.2457E+01  2.0000E+02  8.9129E+00  1.8476E+01  7.8927E+00  4.1763E-01  1.2659E-01
  1.1229E+01  2.4000E+02  9.6335E+00  1.9627E+01  7.1987E+00  3.5009E-01  9.0729E-02
  1.0148E+01  2.8000E+02  1.1148E+01  2.1185E+01  6.4740E+00  4.0544E-02  9.2416E-03
  9.1827E+00  3.2000E+02  1.3336E+01  2.3065E+01  5.8150E+00 -3.1937E-01 -6.5061E-02
  8.3093E+00  3.6000E+02  1.5955E+01  2.5186E+01  5.2692E+00 -5.6922E-01 -1.0489E-01
  7.5114E+00  4.0000E+02  1.8807E+01  2.7499E+01  4.8314E+00 -6.7581E-01 -1.1377E-01
  6.7763E+00  4.4000E+02  2.1788E+01  2.9936E+01  4.4713E+00 -7.3995E-01 -1.1476E-01
  6.0943E+00  4.8000E+02  2.4839E+01  3.2419E+01  4.1649E+00 -8.3203E-01 -1.1972E-01
  5.4580E+00  5.2000E+02  2.7899E+01  3.4879E+01  3.8975E+00 -9.4298E-01 -1.2659E-01
  4.8616E+00  5.6000E+02  3.0903E+01  3.7255E+01  3.6607E+00 -1.0537E+00 -1.3259E-01
  4.3004E+00  6.0000E+02  3.3782E+01  3.9482E+01  3.4476E+00 -1.1625E+00 -1.3764E-01
  3.7706E+00  6.4000E+02  3.6480E+01  4.1509E+01  3.2509E+00 -1.2669E+00 -1.4160E-01
  3.2692E+00  6.8000E+02  3.8971E+01  4.3331E+01  3.0627E+00 -1.3332E+00 -1.4103E-01
  2.7934E+00  7.2000E+02  4.1339E+01  4.5066E+01  2.8764E+00 -1.3301E+00 -1.3352E-01
  2.3406E+00  7.6000E+02  4.3708E+01  4.6854E+01  2.6916E+00 -1.2824E+00 -1.2250E-01
  1.9086E+00  8.0000E+02  4.6080E+01  4.8700E+01  2.5138E+00 -1.2185E+00 -1.1106E-01
  1.4954E+00  8.4000E+02  4.8391E+01  5.0514E+01  2.3479E+00 -1.2014E+00 -1.0475E-01
  1.0994E+00  8.8000E+02  5.0409E+01  5.2079E+01  2.1900E+00 -1.1457E+00 -9.5716E-02
  7.1936E-01  9.2000E+02  5.2361E+01  5.3704E+01  2.0319E+00 -8.6177E-01 -6.9092E-02
  3.5349E-01  9.6000E+02  5.5017E+01  5.6116E+01  1.8733E+00 -6.6804E-01 -5.1567E-02
  7.3286E-04  1.0000E+03  5.8920E+01  5.8851E+01  1.7182E+00 -3.3092E+00 -2.4629E-01
