  26  3.9900000E+00
  3.1567E+01  1.0000E-03  5.5982E+00  1.1402E+01  5.5982E+00  0.0000E+00  0.0000E+00
  2.2304E+01  4.0000E+01  5.1312E+00  1.1409E+01  5.1142E+00  5.1207E-02  1.0008E-01
  1.7185E+01  8.0000E+01  4.8390E+00  1.1412E+01  4.7111E+00  5.7683E-02  6.2295E-02
  1.4477E+01  1.2000E+02  4.8107E+00  1.1405E+01  4.5771E+00  7.6191E-03  4.3539E-03
  1.2576E+01  1.6000E+02  4.8021E+00  1.1407E+01  4.4568E+00  5.9874E-03  2.4005E-03
  1.1131E+01  2.0000E+02  4.7916E+00  1.1438E+01  4.3110E+00  2.8443E-02  8.6771E-03
  9.9670E+00  2.4000E+02  4.7670E+00  1.1524E+01  4.1209E+00  9.5265E-02  2.3385E-02
  8.9878E+00  2.8000E+02  4.7578E+00  1.1688E+01  3.9077E+00  1.7713E-01  3.6596E-02
  8.1344E+00  3.2000E+02  4.8076E+00  1.1949E+01  3.6761E+00  2.4721E-01  4.4509E-02
  7.3718E+00  3.6000E+02  4.9726E+00  1.2315E+01  3.4259E+00  2.6269E-01  4.2263E-02
  6.6785E+00  4.0000E+02  5.3025E+00  1.2791E+01  3.1688E+00  2.1080E-01  3.0836E-02
  6.0405E+00  4.4000E+02  5.8247E+00  1.3385E+01  2.9166E+00  1.1270E-01  1.5171E-02
  5.4480E+00  4.8000E+02  6.5511E+00  1.4103E+01  2.6797E+00 -1.3148E-02 -1.6434E-03
  4.8940E+00  5.2000E+02  7.4856E+00  1.4951E+01  2.4666E+00 -1.5629E-01 -1.8269E-02
  4.3727E+00  5.6000E+02  8.6158E+00  1.5925E+01  2.2782E+00 -2.9990E-01 -3.2979E-02
  3.8800E+00  6.0000E+02  9.9171E+00  1.7013E+01  2.1103E+00 -4.3254E-01 -4.4965E-02
  3.4124E+00  6.4000E+02  1.1363E+01  1.8200E+01  1.9590E+00 -5.5378E-01 -5.4637E-02
  2.9671E+00  6.8000E+02  1.2927E+01  1.9467E+01  1.8213E+00 -6.6939E-01 -6.2886E-02
  2.5419E+00  7.2000E+02  1.4589E+01  2.0794E+01  1.6956E+00 -7.8729E-01 -7.0624E-02
  2.1350E+00  7.6000E+02  1.6326E+01  2.2159E+01  1.5805E+00 -9.1275E-01 -7.8367E-02
  1.7447E+00  8.0000E+02  1.8111E+01  2.3538E+01  1.4740E+00 -1.0420E+00 -8.5799E-02
  1.3698E+00  8.4000E+02  1.9917E+01  2.4913E+01  1.3742E+00 -1.1466E+00 -9.0701E-02
  1.0090E+00  8.8000E+02  2.1746E+01  2.6308E+01  1.2796E+00 -1.2038E+00 -9.1621E-02
  6.6131E-01  9.2000E+02  2.3656E+01  2.7780E+01  1.1896E+00 -1.2617E+00 -9.2559E-02
  3.2532E-01  9.6000E+02  2.5770E+01  2.9387E+01  1.1043E+00 -1.5077E+00 -1.0687E-01
  4.5197E-04  1.0000E+03  2.8207E+01  3.0531E+01  1.0240E+00 -3.9801E+00 -2.7280E-01
