  26  8.5995000E+01
  3.1994E+01  1.0000E-03  2.2261E-01  1.1934E+02  2.2260E-01  0.0000E+00  0.0000E+00
  2.2694E+01  4.0000E+01  3.6778E+00  1.1969E+02  2.0743E-01 -3.3369E-01 -6.5477E-01
  1.7608E+01  8.0000E+01  1.2532E+01  1.1901E+02  1.6680E-01 -1.8738E+00 -2.0103E+00
  1.4961E+01  1.2000E+02  1.5868E+01  1.1818E+02  1.5366E-01 -1.5748E+00 -8.7980E-01
  1.3097E+01  1.6000E+02  2.2045E+01  1.1861E+02  1.4315E-01 -3.0823E+00 -1.2117E+00
  1.1645E+01  2.0000E+02  3.0370E+01  1.1992E+02  1.3279E-01 -4.8303E+00 -1.4798E+00
  1.0445E+01  2.4000E+02  3.9215E+01  1.2176E+02  1.2283E-01 -5.8378E+00 -1.4784E+00
  9.4166E+00  2.8000E+02  4.7814E+01  1.2397E+02  1.1335E-01 -6.2158E+00 -1.3485E+00
  8.5131E+00  3.2000E+02  5.6346E+01  1.2659E+02  1.0413E-01 -6.5402E+00 -1.2466E+00
  7.7039E+00  3.6000E+02  6.5037E+01  1.2963E+02  9.5051E-02 -6.9884E+00 -1.1931E+00
  6.9684E+00  4.0000E+02  7.3953E+01  1.3299E+02  8.6068E-02 -7.5478E+00 -1.1712E+00
  6.2925E+00  4.4000E+02  8.2947E+01  1.3659E+02  7.7336E-02 -7.9910E+00 -1.1396E+00
  5.6660E+00  4.8000E+02  9.1812E+01  1.4031E+02  6.9068E-02 -8.2006E+00 -1.0839E+00
  5.0814E+00  5.2000E+02  1.0041E+02  1.4409E+02  6.1393E-02 -8.2537E+00 -1.0181E+00
  4.5327E+00  5.6000E+02  1.0868E+02  1.4784E+02  5.4336E-02 -8.2373E+00 -9.5343E-01
  4.0156E+00  6.0000E+02  1.1660E+02  1.5151E+02  4.7846E-02 -8.1997E+00 -8.9468E-01
  3.5262E+00  6.4000E+02  1.2416E+02  1.5508E+02  4.1852E-02 -8.1510E+00 -8.4165E-01
  3.0615E+00  6.8000E+02  1.3134E+02  1.5851E+02  3.6295E-02 -8.0872E+00 -7.9286E-01
  2.6190E+00  7.2000E+02  1.3815E+02  1.6177E+02  3.1128E-02 -8.0206E+00 -7.4870E-01
  2.1967E+00  7.6000E+02  1.4461E+02  1.6485E+02  2.6294E-02 -7.9979E+00 -7.1258E-01
  1.7928E+00  8.0000E+02  1.5074E+02  1.6773E+02  2.1731E-02 -8.0460E+00 -6.8570E-01
  1.4057E+00  8.4000E+02  1.5652E+02  1.7038E+02  1.7388E-02 -8.0949E+00 -6.6106E-01
  1.0343E+00  8.8000E+02  1.6192E+02  1.7286E+02  1.3265E-02 -7.8577E+00 -6.1580E-01
  6.7721E-01  9.2000E+02  1.6708E+02  1.7549E+02  9.4563E-03 -7.1013E+00 -5.3498E-01
  3.3293E-01  9.6000E+02  1.7245E+02  1.7875E+02  6.2224E-03 -6.0989E+00 -4.4300E-01
  6.0228E-04  1.0000E+03  1.7832E+02  1.8250E+02  3.8283E-03 -6.4000E+00 -4.4873E-01
