  26  3.9900000E+00
  3.2092E+01  1.0000E-03  1.0788E+01  1.6211E+01  1.0788E+01  0.0000E+00  0.0000E+00
  2.2946E+01  4.0000E+01  1.0066E+01  1.6199E+01  1.0047E+01  7.7627E-02  1.4979E-01
  1.8127E+01  8.0000E+01  9.3495E+00  1.6264E+01  9.2736E+00  1.6214E-01  1.6483E-01
  1.5701E+01  1.2000E+02  9.1598E+00  1.6410E+01  9.0245E+00  1.3846E-01  7.0874E-02
  1.3939E+01  1.6000E+02  8.9953E+00  1.6729E+01  8.6498E+00  2.7442E-01  1.0203E-01
  1.2504E+01  2.0000E+02  9.0816E+00  1.7413E+01  8.0301E+00  4.1653E-01  1.2608E-01
  1.1275E+01  2.4000E+02  9.9227E+00  1.8653E+01  7.2228E+00  3.2497E-01  8.4285E-02
  1.0192E+01  2.8000E+02  1.1742E+01  2.0420E+01  6.3773E+00 -4.8897E-02 -1.1173E-02
  9.2224E+00  3.2000E+02  1.4323E+01  2.2570E+01  5.6538E+00 -4.4447E-01 -9.0895E-02
  8.3447E+00  3.6000E+02  1.7312E+01  2.4956E+01  5.0946E+00 -6.8727E-01 -1.2726E-01
  7.5425E+00  4.0000E+02  2.0474E+01  2.7465E+01  4.6488E+00 -8.1372E-01 -1.3772E-01
  6.8036E+00  4.4000E+02  2.3684E+01  3.0009E+01  4.2745E+00 -9.0160E-01 -1.4055E-01
  6.1187E+00  4.8000E+02  2.6869E+01  3.2534E+01  3.9507E+00 -9.6282E-01 -1.3913E-01
  5.4803E+00  5.2000E+02  2.9986E+01  3.5019E+01  3.6659E+00 -9.8985E-01 -1.3332E-01
  4.8825E+00  5.6000E+02  3.3014E+01  3.7458E+01  3.4107E+00 -9.8715E-01 -1.2451E-01
  4.3203E+00  6.0000E+02  3.5944E+01  3.9845E+01  3.1793E+00 -9.6353E-01 -1.1429E-01
  3.7897E+00  6.4000E+02  3.8769E+01  4.2182E+01  2.9682E+00 -9.2245E-01 -1.0328E-01
  3.2871E+00  6.8000E+02  4.1493E+01  4.4469E+01  2.7753E+00 -8.6767E-01 -9.2006E-02
  2.8096E+00  7.2000E+02  4.4124E+01  4.6714E+01  2.5985E+00 -8.0816E-01 -8.1405E-02
  2.3549E+00  7.6000E+02  4.6672E+01  4.8919E+01  2.4358E+00 -7.5484E-01 -7.2424E-02
  1.9206E+00  8.0000E+02  4.9143E+01  5.1078E+01  2.2855E+00 -7.1626E-01 -6.5621E-02
  1.5050E+00  8.4000E+02  5.1537E+01  5.3182E+01  2.1458E+00 -7.0108E-01 -6.1468E-02
  1.1066E+00  8.8000E+02  5.3853E+01  5.5205E+01  2.0145E+00 -7.3363E-01 -6.1678E-02
  7.2384E-01  9.2000E+02  5.5998E+01  5.7075E+01  1.8871E+00 -7.1984E-01 -5.8125E-02
  3.5547E-01  9.6000E+02  5.8351E+01  5.9179E+01  1.7561E+00 -6.7525E-01 -5.2479E-02
  7.3801E-04  1.0000E+03  6.1488E+01  6.2148E+01  1.6137E+00 -4.7361E-01 -3.5446E-02
