  26  8.5995000E+01
  3.2096E+01  1.0000E-03  2.9132E-01  1.2218E+02  2.9132E-01  0.0000E+00  0.0000E+00
  2.2943E+01  4.0000E+01  3.8700E+00  1.2123E+02  2.7470E-01 -4.9470E-01 -9.5536E-01
  1.8121E+01  8.0000E+01  9.0286E+00  1.1972E+02  2.2677E-01 -1.3818E+00 -1.4055E+00
  1.5693E+01  1.2000E+02  1.2264E+01  1.2073E+02  2.0896E-01 -9.1916E-01 -4.7094E-01
  1.3928E+01  1.6000E+02  2.1325E+01  1.2420E+02  1.9245E-01 -3.1658E+00 -1.1785E+00
  1.2493E+01  2.0000E+02  3.5994E+01  1.2942E+02  1.7423E-01 -6.5850E+00 -1.9942E+00
  1.1264E+01  2.4000E+02  5.3998E+01  1.3587E+02  1.5407E-01 -9.4007E+00 -2.4379E+00
  1.0182E+01  2.8000E+02  7.2552E+01  1.4258E+02  1.3300E-01 -1.0944E+01 -2.4988E+00
  9.2134E+00  3.2000E+02  9.0076E+01  1.4919E+02  1.1303E-01 -1.1265E+01 -2.3010E+00
  8.3369E+00  3.6000E+02  1.0629E+02  1.5555E+02  9.4866E-02 -1.1244E+01 -2.0793E+00
  7.5357E+00  4.0000E+02  1.2120E+02  1.6159E+02  7.8532E-02 -1.1078E+01 -1.8726E+00
  6.7976E+00  4.4000E+02  1.3470E+02  1.6721E+02  6.4010E-02 -1.0672E+01 -1.6619E+00
  6.1132E+00  4.8000E+02  1.4681E+02  1.7238E+02  5.1006E-02 -1.0146E+01 -1.4649E+00
  5.4753E+00  5.2000E+02  1.5762E+02  1.7714E+02  3.9303E-02 -9.4735E+00 -1.2751E+00
  4.8778E+00  5.6000E+02  1.6713E+02  1.8156E+02  2.8996E-02 -8.5203E+00 -1.0740E+00
  4.3159E+00  6.0000E+02  1.7534E+02  1.8569E+02  2.0352E-02 -7.2684E+00 -8.6166E-01
  3.7856E+00  6.4000E+02  1.8229E+02  1.8954E+02  1.3542E-02 -5.8475E+00 -6.5434E-01
  3.2833E+00  6.8000E+02  1.8814E+02  1.9315E+02  8.5265E-03 -4.4398E+00 -4.7051E-01
  2.8061E+00  7.2000E+02  1.9307E+02  1.9655E+02  5.0737E-03 -3.2058E+00 -3.2270E-01
  2.3518E+00  7.6000E+02  1.9728E+02  1.9975E+02  2.8459E-03 -2.2265E+00 -2.1345E-01
  1.9180E+00  8.0000E+02  2.0095E+02  2.0277E+02  1.4997E-03 -1.5107E+00 -1.3826E-01
  1.5029E+00  8.4000E+02  2.0422E+02  2.0561E+02  7.3629E-04 -1.0487E+00 -9.1823E-02
  1.1051E+00  8.8000E+02  2.0720E+02  2.0828E+02  3.2716E-04 -7.6215E-01 -6.3974E-02
  7.2298E-01  9.2000E+02  2.1001E+02  2.1091E+02  1.2445E-04 -4.6889E-01 -3.7799E-02
  3.5512E-01  9.6000E+02  2.1315E+02  2.1396E+02  3.6479E-05 -2.5812E-01 -2.0033E-02
  7.0753E-04  1.0000E+03  2.1714E+02  2.1758E+02  6.3260E-06 -1.0520E+00 -7.8664E-02
