  26  3.9900000E+00
  3.0156E+01  1.0000E-03  2.0740E+00  1.0901E+01  2.0740E+00  0.0000E+00  0.0000E+00
  2.1412E+01  4.0000E+01  1.8566E+00  1.0903E+01  1.8486E+00  2.5104E-02  4.6316E-02
  1.6604E+01  8.0000E+01  1.7542E+00  1.0927E+01  1.6914E+00  2.6237E-02  2.6612E-02
  1.4057E+01  1.2000E+02  1.7488E+00  1.0951E+01  1.6278E+00  1.1716E-02  6.2967E-03
  1.2255E+01  1.6000E+02  1.7483E+00  1.0986E+01  1.5658E+00  1.9396E-02  7.3711E-03
  1.0884E+01  2.0000E+02  1.7421E+00  1.1054E+01  1.4758E+00  5.4279E-02  1.5705E-02
  9.7744E+00  2.4000E+02  1.7486E+00  1.1182E+01  1.3700E+00  1.0927E-01  2.5579E-02
  8.8316E+00  2.8000E+02  1.7898E+00  1.1373E+01  1.2655E+00  1.5983E-01  3.1793E-02
  8.0035E+00  3.2000E+02  1.8920E+00  1.1628E+01  1.1624E+00  1.8437E-01  3.2212E-02
  7.2602E+00  3.6000E+02  2.0891E+00  1.1950E+01  1.0616E+00  1.6787E-01  2.6323E-02
  6.5835E+00  4.0000E+02  2.4049E+00  1.2351E+01  9.6479E-01  1.2526E-01  1.7885E-02
  5.9607E+00  4.4000E+02  2.8544E+00  1.2848E+01  8.7476E-01  7.5901E-02  9.9738E-03
  5.3821E+00  4.8000E+02  3.4603E+00  1.3462E+01  7.9372E-01  1.4583E-02  1.7799E-03
  4.8403E+00  5.2000E+02  4.2648E+00  1.4208E+01  7.2104E-01 -1.0707E-01 -1.2240E-02
  4.3293E+00  5.6000E+02  5.2998E+00  1.5086E+01  6.5465E-01 -3.0774E-01 -3.3175E-02
  3.8451E+00  6.0000E+02  6.5633E+00  1.6089E+01  5.9326E-01 -5.3832E-01 -5.4993E-02
  3.3846E+00  6.4000E+02  8.0262E+00  1.7207E+01  5.3656E-01 -7.4861E-01 -7.2739E-02
  2.9452E+00  6.8000E+02  9.6503E+00  1.8427E+01  4.8474E-01 -9.2109E-01 -8.5383E-02
  2.5250E+00  7.2000E+02  1.1400E+01  1.9731E+01  4.3776E-01 -1.0604E+00 -9.4017E-02
  2.1222E+00  7.6000E+02  1.3247E+01  2.1102E+01  3.9509E-01 -1.1793E+00 -1.0021E-01
  1.7354E+00  8.0000E+02  1.5166E+01  2.2522E+01  3.5603E-01 -1.2895E+00 -1.0524E-01
  1.3633E+00  8.4000E+02  1.7137E+01  2.3972E+01  3.2016E-01 -1.4030E+00 -1.1015E-01
  1.0048E+00  8.8000E+02  1.9143E+01  2.5433E+01  2.8713E-01 -1.5190E+00 -1.1490E-01
  6.5885E-01  9.2000E+02  2.1235E+01  2.6960E+01  2.5607E-01 -1.6324E+00 -1.1914E-01
  3.2428E-01  9.6000E+02  2.3585E+01  2.8691E+01  2.2669E-01 -1.8529E+00 -1.3079E-01
  4.1655E-04  1.0000E+03  2.6340E+01  3.0334E+01  2.0001E-01 -3.4323E+00 -2.3452E-01
