  26  3.9900000E+00
  3.1143E+01  1.0000E-03  4.5936E+00  1.1177E+01  4.5936E+00  0.0000E+00  0.0000E+00
  2.2022E+01  4.0000E+01  4.1899E+00  1.1183E+01  4.1760E+00  4.4852E-02  8.6307E-02
  1.6987E+01  8.0000E+01  3.9507E+00  1.1192E+01  3.8450E+00  4.9321E-02  5.2399E-02
  1.4319E+01  1.2000E+02  3.9261E+00  1.1194E+01  3.7317E+00  9.9028E-03  5.5728E-03
  1.2446E+01  1.6000E+02  3.9136E+00  1.1204E+01  3.6318E+00  1.2176E-02  4.8137E-03
  1.1023E+01  2.0000E+02  3.8951E+00  1.1244E+01  3.5080E+00  4.0957E-02  1.2289E-02
  9.8806E+00  2.4000E+02  3.8643E+00  1.1342E+01  3.3376E+00  1.1273E-01  2.7180E-02
  8.9173E+00  2.8000E+02  3.8538E+00  1.1517E+01  3.1503E+00  1.9250E-01  3.9124E-02
  8.0756E+00  3.2000E+02  3.9028E+00  1.1781E+01  2.9539E+00  2.5606E-01  4.5470E-02
  7.3219E+00  3.6000E+02  4.0604E+00  1.2134E+01  2.7479E+00  2.5880E-01  4.1155E-02
  6.6357E+00  4.0000E+02  4.3661E+00  1.2581E+01  2.5393E+00  2.0656E-01  2.9903E-02
  6.0040E+00  4.4000E+02  4.8421E+00  1.3134E+01  2.3360E+00  1.2085E-01  1.6107E-02
  5.4173E+00  4.8000E+02  5.5019E+00  1.3804E+01  2.1451E+00  1.7876E-02  2.2127E-03
  4.8684E+00  5.2000E+02  6.3622E+00  1.4603E+01  1.9724E+00 -1.1103E-01 -1.2858E-02
  4.3517E+00  5.6000E+02  7.4285E+00  1.5532E+01  1.8183E+00 -2.6583E-01 -2.8979E-02
  3.8629E+00  6.0000E+02  8.6877E+00  1.6582E+01  1.6794E+00 -4.2802E-01 -4.4142E-02
  3.3986E+00  6.4000E+02  1.0115E+01  1.7739E+01  1.5531E+00 -5.8109E-01 -5.6920E-02
  2.9562E+00  6.8000E+02  1.1681E+01  1.8988E+01  1.4374E+00 -7.1968E-01 -6.7178E-02
  2.5334E+00  7.2000E+02  1.3361E+01  2.0309E+01  1.3314E+00 -8.4775E-01 -7.5612E-02
  2.1285E+00  7.6000E+02  1.5129E+01  2.1684E+01  1.2342E+00 -9.7174E-01 -8.3007E-02
  1.7400E+00  8.0000E+02  1.6963E+01  2.3093E+01  1.1449E+00 -1.0942E+00 -8.9699E-02
  1.3665E+00  8.4000E+02  1.8843E+01  2.4520E+01  1.0617E+00 -1.2096E+00 -9.5326E-02
  1.0068E+00  8.8000E+02  2.0762E+01  2.5966E+01  9.8334E-01 -1.3182E+00 -1.0002E-01
  6.5999E-01  9.2000E+02  2.2749E+01  2.7457E+01  9.0855E-01 -1.4291E+00 -1.0458E-01
  3.2473E-01  9.6000E+02  2.4944E+01  2.9090E+01  8.3655E-01 -1.6770E+00 -1.1862E-01
  4.4336E-04  1.0000E+03  2.7513E+01  3.0404E+01  7.6808E-01 -3.8674E+00 -2.6460E-01
