  26  8.5995000E+01
  3.2011E+01  1.0000E-03  2.4737E-01  1.2135E+02  2.4737E-01  0.0000E+00  0.0000E+00
  2.2779E+01  4.0000E+01  3.6531E+00  1.2131E+02  2.3168E-01 -3.7358E-01 -7.2765E-01
  1.7776E+01  8.0000E+01  1.1371E+01  1.2049E+02  1.8804E-01 -1.7055E+00 -1.8004E+00
  1.5193E+01  1.2000E+02  1.5228E+01  1.2028E+02  1.7282E-01 -1.5737E+00 -8.5765E-01
  1.3359E+01  1.6000E+02  2.2694E+01  1.2165E+02  1.6000E-01 -3.3255E+00 -1.2864E+00
  1.1910E+01  2.0000E+02  3.3038E+01  1.2431E+02  1.4724E-01 -5.3023E+00 -1.6218E+00
  1.0697E+01  2.4000E+02  4.4135E+01  1.2735E+02  1.3474E-01 -6.6429E+00 -1.6987E+00
  9.6506E+00  2.8000E+02  5.5056E+01  1.3071E+02  1.2259E-01 -7.2257E+00 -1.5959E+00
  8.7257E+00  3.2000E+02  6.5588E+01  1.3430E+02  1.1094E-01 -7.4996E+00 -1.4635E+00
  7.8946E+00  3.6000E+02  7.5818E+01  1.3813E+02  9.9861E-02 -7.7098E+00 -1.3518E+00
  7.1382E+00  4.0000E+02  8.5813E+01  1.4215E+02  8.9412E-02 -7.9022E+00 -1.2611E+00
  6.4427E+00  4.4000E+02  9.5477E+01  1.4628E+02  7.9750E-02 -7.9472E+00 -1.1661E+00
  5.7981E+00  4.8000E+02  1.0465E+02  1.5042E+02  7.1041E-02 -7.8097E+00 -1.0622E+00
  5.1966E+00  5.2000E+02  1.1322E+02  1.5444E+02  6.3335E-02 -7.5649E+00 -9.5996E-01
  4.6325E+00  5.6000E+02  1.2118E+02  1.5826E+02  5.6520E-02 -7.3447E+00 -8.7406E-01
  4.1013E+00  6.0000E+02  1.2860E+02  1.6184E+02  5.0397E-02 -7.2317E+00 -8.1058E-01
  3.5991E+00  6.4000E+02  1.3560E+02  1.6518E+02  4.4749E-02 -7.2646E+00 -7.6972E-01
  3.1228E+00  6.8000E+02  1.4226E+02  1.6831E+02  3.9390E-02 -7.4310E+00 -7.4664E-01
  2.6700E+00  7.2000E+02  1.4865E+02  1.7122E+02  3.4183E-02 -7.6847E+00 -7.3420E-01
  2.2383E+00  7.6000E+02  1.5482E+02  1.7395E+02  2.9041E-02 -7.9631E+00 -7.2520E-01
  1.8260E+00  8.0000E+02  1.6078E+02  1.7653E+02  2.3926E-02 -8.1985E+00 -7.1326E-01
  1.4312E+00  8.4000E+02  1.6653E+02  1.7900E+02  1.8869E-02 -8.3189E+00 -6.9281E-01
  1.0527E+00  8.8000E+02  1.7199E+02  1.8136E+02  1.3966E-02 -8.1698E+00 -6.5253E-01
  6.8899E-01  9.2000E+02  1.7709E+02  1.8377E+02  9.3511E-03 -7.4108E+00 -5.6863E-01
  3.3862E-01  9.6000E+02  1.8228E+02  1.8693E+02  5.4566E-03 -5.8001E+00 -4.2875E-01
  6.8030E-04  1.0000E+03  1.8813E+02  1.9165E+02  2.8017E-03 -3.3236E+00 -2.3696E-01
