  26  3.9900000E+00
  3.2103E+01  1.0000E-03  1.0499E+01  1.7139E+01  1.0499E+01  0.0000E+00  0.0000E+00
  2.2928E+01  4.0000E+01  9.7896E+00  1.7126E+01  9.7691E+00  7.5907E-02  1.4694E-01
  1.8086E+01  8.0000E+01  9.0930E+00  1.7193E+01  9.0170E+00  1.5756E-01  1.6095E-01
  1.5640E+01  1.2000E+02  8.9116E+00  1.7338E+01  8.7703E+00  1.3352E-01  6.8910E-02
  1.3865E+01  1.6000E+02  8.7576E+00  1.7660E+01  8.3927E+00  2.6801E-01  1.0036E-01
  1.2427E+01  2.0000E+02  8.8378E+00  1.8321E+01  7.8217E+00  4.0433E-01  1.2264E-01
  1.1200E+01  2.4000E+02  9.5307E+00  1.9430E+01  7.1383E+00  3.3908E-01  8.7818E-02
  1.0121E+01  2.8000E+02  1.0978E+01  2.0919E+01  6.4250E+00  3.9047E-02  8.8866E-03
  9.1580E+00  3.2000E+02  1.3054E+01  2.2712E+01  5.7735E+00 -2.9492E-01 -5.9934E-02
  8.2873E+00  3.6000E+02  1.5537E+01  2.4757E+01  5.2330E+00 -5.0261E-01 -9.2329E-02
  7.4920E+00  4.0000E+02  1.8261E+01  2.7025E+01  4.8015E+00 -5.7312E-01 -9.6155E-02
  6.7593E+00  4.4000E+02  2.1149E+01  2.9457E+01  4.4486E+00 -6.2243E-01 -9.6219E-02
  6.0793E+00  4.8000E+02  2.4153E+01  3.1974E+01  4.1500E+00 -7.1681E-01 -1.0284E-01
  5.4445E+00  5.2000E+02  2.7197E+01  3.4483E+01  3.8916E+00 -8.4186E-01 -1.1275E-01
  4.8492E+00  5.6000E+02  3.0183E+01  3.6890E+01  3.6657E+00 -9.7268E-01 -1.2217E-01
  4.2888E+00  6.0000E+02  3.3006E+01  3.9095E+01  3.4661E+00 -1.1040E+00 -1.3053E-01
  3.7597E+00  6.4000E+02  3.5590E+01  4.1023E+01  3.2855E+00 -1.2379E+00 -1.3817E-01
  3.2591E+00  6.8000E+02  3.7903E+01  4.2662E+01  3.1142E+00 -1.3462E+00 -1.4219E-01
  2.7843E+00  7.2000E+02  4.0043E+01  4.4143E+01  2.9411E+00 -1.3874E+00 -1.3899E-01
  2.3328E+00  7.6000E+02  4.2200E+01  4.5683E+01  2.7613E+00 -1.3667E+00 -1.3019E-01
  1.9022E+00  8.0000E+02  4.4448E+01  4.7363E+01  2.5807E+00 -1.3188E+00 -1.1982E-01
  1.4903E+00  8.4000E+02  4.6708E+01  4.9088E+01  2.4083E+00 -1.2989E+00 -1.1285E-01
  1.0957E+00  8.8000E+02  4.8777E+01  5.0662E+01  2.2427E+00 -1.2571E+00 -1.0466E-01
  7.1697E-01  9.2000E+02  5.0779E+01  5.2280E+01  2.0769E+00 -1.0135E+00 -8.0991E-02
  3.5231E-01  9.6000E+02  5.3383E+01  5.4598E+01  1.9118E+00 -7.8234E-01 -6.0191E-02
  7.3613E-04  1.0000E+03  5.7194E+01  5.7499E+01  1.7524E+00 -2.5894E+00 -1.9206E-01
