  26  8.5995000E+01
  3.2091E+01  1.0000E-03  2.9276E-01  1.2090E+02  2.9275E-01  0.0000E+00  0.0000E+00
  2.2946E+01  4.0000E+01  3.8519E+00  1.1999E+02  2.7611E-01 -4.8882E-01 -9.4324E-01
  1.8127E+01  8.0000E+01  9.0215E+00  1.1846E+02  2.2799E-01 -1.3902E+00 -1.4133E+00
  1.5701E+01  1.2000E+02  1.2145E+01  1.1944E+02  2.1016E-01 -8.8099E-01 -4.5097E-01
  1.3939E+01  1.6000E+02  2.1117E+01  1.2291E+02  1.9368E-01 -3.1227E+00 -1.1611E+00
  1.2504E+01  2.0000E+02  3.6224E+01  1.2817E+02  1.7494E-01 -6.8669E+00 -2.0786E+00
  1.1275E+01  2.4000E+02  5.5200E+01  1.3479E+02  1.5347E-01 -1.0051E+01 -2.6068E+00
  1.0192E+01  2.8000E+02  7.4724E+01  1.4175E+02  1.3082E-01 -1.1598E+01 -2.6502E+00
  9.2223E+00  3.2000E+02  9.3029E+01  1.4861E+02  1.0949E-01 -1.1810E+01 -2.4150E+00
  8.3446E+00  3.6000E+02  1.0985E+02  1.5516E+02  9.0199E-02 -1.1695E+01 -2.1655E+00
  7.5425E+00  4.0000E+02  1.2516E+02  1.6133E+02  7.2947E-02 -1.1393E+01 -1.9282E+00
  6.8036E+00  4.4000E+02  1.3884E+02  1.6705E+02  5.7677E-02 -1.0778E+01 -1.6802E+00
  6.1187E+00  4.8000E+02  1.5093E+02  1.7232E+02  4.4151E-02 -9.9662E+00 -1.4402E+00
  5.4803E+00  5.2000E+02  1.6146E+02  1.7718E+02  3.2382E-02 -8.8760E+00 -1.1954E+00
  4.8825E+00  5.6000E+02  1.7045E+02  1.8169E+02  2.2623E-02 -7.4838E+00 -9.4391E-01
  4.3203E+00  6.0000E+02  1.7800E+02  1.8590E+02  1.5031E-02 -5.9542E+00 -7.0624E-01
  3.7896E+00  6.4000E+02  1.8432E+02  1.8984E+02  9.4998E-03 -4.4880E+00 -5.0248E-01
  3.2871E+00  6.8000E+02  1.8965E+02  1.9354E+02  5.7124E-03 -3.2306E+00 -3.4256E-01
  2.8096E+00  7.2000E+02  1.9423E+02  1.9704E+02  3.2653E-03 -2.2466E+00 -2.2629E-01
  2.3549E+00  7.6000E+02  1.9825E+02  2.0037E+02  1.7704E-03 -1.5359E+00 -1.4737E-01
  1.9206E+00  8.0000E+02  2.0188E+02  2.0354E+02  9.0757E-04 -1.0624E+00 -9.7331E-02
  1.5050E+00  8.4000E+02  2.0520E+02  2.0654E+02  4.3764E-04 -7.8161E-01 -6.8529E-02
  1.1066E+00  8.8000E+02  2.0828E+02  2.0934E+02  1.9570E-04 -6.8632E-01 -5.7701E-02
  7.2383E-01  9.2000E+02  2.1102E+02  2.1187E+02  7.6569E-05 -5.4340E-01 -4.3878E-02
  3.5547E-01  9.6000E+02  2.1394E+02  2.1470E+02  2.2454E-05 -2.7268E-01 -2.1192E-02
  7.3812E-04  1.0000E+03  2.1780E+02  2.1866E+02  3.7006E-06  3.1751E-01  2.3763E-02
