  26  3.9900000E+00
  3.0621E+01  1.0000E-03  3.5387E+00  1.1011E+01  3.5387E+00  0.0000E+00  0.0000E+00
  2.1702E+01  4.0000E+01  3.2072E+00  1.1014E+01  3.1968E+00  3.7568E-02  7.0695E-02
  1.6787E+01  8.0000E+01  3.0202E+00  1.1032E+01  2.9398E+00  4.1623E-02  4.3159E-02
  1.4184E+01  1.2000E+02  2.9982E+00  1.1047E+01  2.8467E+00  1.4507E-02  7.9672E-03
  1.2350E+01  1.6000E+02  2.9858E+00  1.1072E+01  2.7615E+00  2.0269E-02  7.8431E-03
  1.0955E+01  2.0000E+02  2.9665E+00  1.1129E+01  2.6475E+00  5.4716E-02  1.6104E-02
  9.8297E+00  2.4000E+02  2.9457E+00  1.1246E+01  2.4986E+00  1.2207E-01  2.8988E-02
  8.8767E+00  2.8000E+02  2.9557E+00  1.1433E+01  2.3446E+00  1.8623E-01  3.7446E-02
  8.0414E+00  3.2000E+02  3.0267E+00  1.1697E+01  2.1863E+00  2.3092E-01  4.0693E-02
  7.2924E+00  3.6000E+02  3.2008E+00  1.2037E+01  2.0242E+00  2.2129E-01  3.4973E-02
  6.6103E+00  4.0000E+02  3.5095E+00  1.2462E+01  1.8627E+00  1.7068E-01  2.4562E-02
  5.9824E+00  4.4000E+02  3.9700E+00  1.2986E+01  1.7074E+00  1.0029E-01  1.3285E-02
  5.3993E+00  4.8000E+02  4.5974E+00  1.3625E+01  1.5635E+00  2.0162E-02  2.4802E-03
  4.8538E+00  5.2000E+02  5.4186E+00  1.4394E+01  1.4339E+00 -9.4481E-02 -1.0875E-02
  4.3399E+00  5.6000E+02  6.4530E+00  1.5296E+01  1.3175E+00 -2.5857E-01 -2.8032E-02
  3.8535E+00  6.0000E+02  7.6960E+00  1.6321E+01  1.2114E+00 -4.4731E-01 -4.5907E-02
  3.3911E+00  6.4000E+02  9.1233E+00  1.7458E+01  1.1139E+00 -6.2790E-01 -6.1246E-02
  2.9503E+00  6.8000E+02  1.0703E+01  1.8692E+01  1.0242E+00 -7.8569E-01 -7.3069E-02
  2.5290E+00  7.2000E+02  1.2406E+01  2.0005E+01  9.4207E-01 -9.2331E-01 -8.2088E-02
  2.1252E+00  7.6000E+02  1.4204E+01  2.1380E+01  8.6696E-01 -1.0495E+00 -8.9400E-02
  1.7376E+00  8.0000E+02  1.6076E+01  2.2798E+01  7.9796E-01 -1.1706E+00 -9.5734E-02
  1.3648E+00  8.4000E+02  1.8001E+01  2.4242E+01  7.3390E-01 -1.2912E+00 -1.0155E-01
  1.0057E+00  8.8000E+02  1.9966E+01  2.5699E+01  6.7387E-01 -1.4151E+00 -1.0720E-01
  6.5936E-01  9.2000E+02  2.2000E+01  2.7200E+01  6.1652E-01 -1.5363E+00 -1.1227E-01
  3.2447E-01  9.6000E+02  2.4263E+01  2.8871E+01  5.6121E-01 -1.7679E+00 -1.2491E-01
  4.3486E-04  1.0000E+03  2.6930E+01  3.0369E+01  5.0923E-01 -3.6064E+00 -2.4655E-01
