  26  8.5995000E+01
  3.0982E+01  1.0000E-03  1.1525E-01  1.1277E+02  1.1525E-01  0.0000E+00  0.0000E+00
  2.1920E+01  4.0000E+01  3.2538E+00  1.1304E+02  1.0431E-01 -3.1618E-01 -6.0454E-01
  1.6920E+01  8.0000E+01  1.1689E+01  1.1301E+02  8.1284E-02 -1.6925E+00 -1.7856E+00
  1.4271E+01  1.2000E+02  1.4117E+01  1.1234E+02  7.5692E-02 -1.1713E+00 -6.5454E-01
  1.2409E+01  1.6000E+02  1.5443E+01  1.1121E+02  7.2189E-02 -1.3214E+00 -5.1912E-01
  1.0995E+01  2.0000E+02  1.7976E+01  1.1036E+02  6.8626E-02 -2.3914E+00 -7.1304E-01
  9.8591E+00  2.4000E+02  2.2397E+01  1.1053E+02  6.4572E-02 -3.7422E+00 -8.9720E-01
  8.9000E+00  2.8000E+02  2.7791E+01  1.1154E+02  6.0374E-02 -4.5693E+00 -9.2457E-01
  8.0612E+00  3.2000E+02  3.3988E+01  1.1343E+02  5.6211E-02 -5.1381E+00 -9.0934E-01
  7.3095E+00  3.6000E+02  4.0858E+01  1.1578E+02  5.1963E-02 -6.0076E+00 -9.5271E-01
  6.6252E+00  4.0000E+02  4.8304E+01  1.1845E+02  4.7626E-02 -6.9740E+00 -1.0070E+00
  5.9951E+00  4.4000E+02  5.6089E+01  1.2139E+02  4.3272E-02 -7.6904E+00 -1.0223E+00
  5.4099E+00  4.8000E+02  6.4037E+01  1.2461E+02  3.8984E-02 -8.0817E+00 -9.9778E-01
  4.8624E+00  5.2000E+02  7.2147E+01  1.2812E+02  3.4825E-02 -8.4108E+00 -9.7159E-01
  4.3469E+00  5.6000E+02  8.0425E+01  1.3184E+02  3.0816E-02 -8.8268E+00 -9.6005E-01
  3.8590E+00  6.0000E+02  8.8826E+01  1.3571E+02  2.6967E-02 -9.3004E+00 -9.5724E-01
  3.3955E+00  6.4000E+02  9.7267E+01  1.3963E+02  2.3297E-02 -9.7417E+00 -9.5259E-01
  2.9538E+00  6.8000E+02  1.0565E+02  1.4356E+02  1.9823E-02 -1.0073E+01 -9.3880E-01
  2.5316E+00  7.2000E+02  1.1387E+02  1.4745E+02  1.6561E-02 -1.0265E+01 -9.1430E-01
  2.1272E+00  7.6000E+02  1.2185E+02  1.5126E+02  1.3533E-02 -1.0322E+01 -8.8071E-01
  1.7390E+00  8.0000E+02  1.2954E+02  1.5496E+02  1.0771E-02 -1.0275E+01 -8.4145E-01
  1.3658E+00  8.4000E+02  1.3690E+02  1.5854E+02  8.3123E-03 -1.0136E+01 -7.9807E-01
  1.0064E+00  8.8000E+02  1.4391E+02  1.6199E+02  6.1825E-03 -9.9112E+00 -7.5154E-01
  6.5973E-01  9.2000E+02  1.5068E+02  1.6540E+02  4.3617E-03 -9.6840E+00 -7.0827E-01
  3.2462E-01  9.6000E+02  1.5750E+02  1.6897E+02  2.8531E-03 -9.6794E+00 -6.8435E-01
  4.4038E-04  1.0000E+03  1.6457E+02  1.7168E+02  1.7151E-03 -1.3442E+01 -9.1935E-01
