  26  3.9900000E+00
  3.2086E+01  1.0000E-03  1.0828E+01  1.5904E+01  1.0828E+01  0.0000E+00  0.0000E+00
  2.2946E+01  4.0000E+01  1.0104E+01  1.5893E+01  1.0085E+01  7.7938E-02  1.5029E-01
  1.8130E+01  8.0000E+01  9.3847E+00  1.5956E+01  9.3087E+00  1.6245E-01  1.6509E-01
  1.5704E+01  1.2000E+02  9.1946E+00  1.6099E+01  9.0607E+00  1.3752E-01  7.0366E-02
  1.3944E+01  1.6000E+02  9.0292E+00  1.6411E+01  8.6888E+00  2.7110E-01  1.0070E-01
  1.2510E+01  2.0000E+02  9.1171E+00  1.7099E+01  8.0477E+00  4.1850E-01  1.2663E-01
  1.1280E+01  2.4000E+02  1.0008E+01  1.8377E+01  7.1946E+00  3.1486E-01  8.1701E-02
  1.0196E+01  2.8000E+02  1.1920E+01  2.0201E+01  6.3145E+00 -8.1384E-02 -1.8612E-02
  9.2257E+00  3.2000E+02  1.4583E+01  2.2409E+01  5.5827E+00 -4.6905E-01 -9.5999E-02
  8.3474E+00  3.6000E+02  1.7620E+01  2.4847E+01  5.0261E+00 -6.8199E-01 -1.2637E-01
  7.5447E+00  4.0000E+02  2.0801E+01  2.7400E+01  4.5835E+00 -7.8324E-01 -1.3263E-01
  6.8056E+00  4.4000E+02  2.4010E+01  2.9980E+01  4.2135E+00 -8.5123E-01 -1.3275E-01
  6.1204E+00  4.8000E+02  2.7181E+01  3.2536E+01  3.8960E+00 -8.9602E-01 -1.2952E-01
  5.4819E+00  5.2000E+02  3.0277E+01  3.5049E+01  3.6178E+00 -9.1392E-01 -1.2312E-01
  4.8840E+00  5.6000E+02  3.3281E+01  3.7508E+01  3.3692E+00 -9.1035E-01 -1.1484E-01
  4.3217E+00  6.0000E+02  3.6186E+01  3.9913E+01  3.1438E+00 -8.9008E-01 -1.0559E-01
  3.7909E+00  6.4000E+02  3.8990E+01  4.2264E+01  2.9382E+00 -8.5351E-01 -9.5575E-02
  3.2882E+00  6.8000E+02  4.1700E+01  4.4570E+01  2.7500E+00 -8.0414E-01 -8.5282E-02
  2.8107E+00  7.2000E+02  4.4329E+01  4.6839E+01  2.5771E+00 -7.5164E-01 -7.5725E-02
  2.3559E+00  7.6000E+02  4.6887E+01  4.9076E+01  2.4176E+00 -7.0803E-01 -6.7949E-02
  1.9215E+00  8.0000E+02  4.9376E+01  5.1267E+01  2.2699E+00 -6.8445E-01 -6.2727E-02
  1.5058E+00  8.4000E+02  5.1775E+01  5.3381E+01  2.1324E+00 -6.8751E-01 -6.0299E-02
  1.1072E+00  8.8000E+02  5.4054E+01  5.5377E+01  2.0024E+00 -7.0787E-01 -5.9529E-02
  7.2436E-01  9.2000E+02  5.6195E+01  5.7275E+01  1.8747E+00 -6.3496E-01 -5.1282E-02
  3.5582E-01  9.6000E+02  5.8703E+01  5.9584E+01  1.7433E+00 -5.3988E-01 -4.1977E-02
  7.3912E-04  1.0000E+03  6.2258E+01  6.2780E+01  1.6043E+00 -1.0113E+00 -7.5759E-02
