  26  8.5995000E+01
  3.1275E+01  1.0000E-03  1.3391E-01  1.1408E+02  1.3391E-01  0.0000E+00  0.0000E+00
  2.2111E+01  4.0000E+01  3.4504E+00  1.1446E+02  1.2200E-01 -3.2032E-01 -6.1932E-01
  1.7050E+01  8.0000E+01  1.2501E+01  1.1436E+02  9.5526E-02 -1.8085E+00 -1.9309E+00
  1.4372E+01  1.2000E+02  1.5006E+01  1.1350E+02  8.8796E-02 -1.2552E+00 -7.0922E-01
  1.2492E+01  1.6000E+02  1.6582E+01  1.1239E+02  8.4588E-02 -1.4312E+00 -5.6766E-01
  1.1063E+01  2.0000E+02  1.9227E+01  1.1154E+02  8.0538E-02 -2.4399E+00 -7.3566E-01
  9.9131E+00  2.4000E+02  2.3561E+01  1.1158E+02  7.6050E-02 -3.7364E+00 -9.0652E-01
  8.9439E+00  2.8000E+02  2.9058E+01  1.1247E+02  7.1274E-02 -4.7495E+00 -9.7122E-01
  8.0977E+00  3.2000E+02  3.5482E+01  1.1425E+02  6.6408E-02 -5.4887E+00 -9.7988E-01
  7.3405E+00  3.6000E+02  4.2648E+01  1.1660E+02  6.1376E-02 -6.3683E+00 -1.0174E+00
  6.6515E+00  4.0000E+02  5.0420E+01  1.1932E+02  5.6215E-02 -7.3251E+00 -1.0649E+00
  6.0171E+00  4.4000E+02  5.8517E+01  1.2233E+02  5.1032E-02 -8.0209E+00 -1.0734E+00
  5.4281E+00  4.8000E+02  6.6738E+01  1.2560E+02  4.5930E-02 -8.4147E+00 -1.0457E+00
  4.8772E+00  5.2000E+02  7.5037E+01  1.2910E+02  4.0996E-02 -8.6981E+00 -1.0111E+00
  4.3587E+00  5.6000E+02  8.3397E+01  1.3280E+02  3.6270E-02 -8.9856E+00 -9.8283E-01
  3.8685E+00  6.0000E+02  9.1783E+01  1.3663E+02  3.1773E-02 -9.3059E+00 -9.6254E-01
  3.4030E+00  6.4000E+02  1.0013E+02  1.4051E+02  2.7522E-02 -9.6073E+00 -9.4349E-01
  2.9596E+00  6.8000E+02  1.0837E+02  1.4438E+02  2.3520E-02 -9.8278E+00 -9.1939E-01
  2.5360E+00  7.2000E+02  1.1641E+02  1.4821E+02  1.9774E-02 -9.9453E+00 -8.8873E-01
  2.1305E+00  7.6000E+02  1.2419E+02  1.5195E+02  1.6292E-02 -9.9652E+00 -8.5265E-01
  1.7414E+00  8.0000E+02  1.3166E+02  1.5557E+02  1.3098E-02 -9.9141E+00 -8.1385E-01
  1.3674E+00  8.4000E+02  1.3880E+02  1.5905E+02  1.0225E-02 -9.7683E+00 -7.7069E-01
  1.0075E+00  8.8000E+02  1.4559E+02  1.6242E+02  7.7016E-03 -9.4982E+00 -7.2139E-01
  6.6035E-01  9.2000E+02  1.5212E+02  1.6578E+02  5.5365E-03 -9.1362E+00 -6.6908E-01
  3.2488E-01  9.6000E+02  1.5864E+02  1.6928E+02  3.7432E-03 -9.0209E+00 -6.3847E-01
  4.4719E-04  1.0000E+03  1.6537E+02  1.7173E+02  2.3570E-03 -1.3181E+01 -9.0221E-01
