  26  8.5995000E+01
  3.2103E+01  1.0000E-03  2.8491E-01  1.2363E+02  2.8490E-01  0.0000E+00  0.0000E+00
  2.2928E+01  4.0000E+01  3.8893E+00  1.2267E+02  2.6842E-01 -4.9757E-01 -9.6321E-01
  1.8087E+01  8.0000E+01  9.1838E+00  1.2126E+02  2.2121E-01 -1.3840E+00 -1.4137E+00
  1.5641E+01  1.2000E+02  1.2576E+01  1.2222E+02  2.0374E-01 -9.9327E-01 -5.1256E-01
  1.3866E+01  1.6000E+02  2.1639E+01  1.2547E+02  1.8761E-01 -3.2775E+00 -1.2274E+00
  1.2428E+01  2.0000E+02  3.5613E+01  1.3036E+02  1.7028E-01 -6.3149E+00 -1.9156E+00
  1.1200E+01  2.4000E+02  5.2199E+01  1.3638E+02  1.5192E-01 -8.6105E+00 -2.2300E+00
  1.0122E+01  2.8000E+02  6.9184E+01  1.4250E+02  1.3307E-01 -1.0070E+01 -2.2915E+00
  9.1586E+00  3.2000E+02  8.5314E+01  1.4851E+02  1.1498E-01 -1.0507E+01 -2.1352E+00
  8.2879E+00  3.6000E+02  1.0032E+02  1.5441E+02  9.8344E-02 -1.0453E+01 -1.9202E+00
  7.4926E+00  4.0000E+02  1.1418E+02  1.6026E+02  8.3492E-02 -1.0071E+01 -1.6898E+00
  6.7598E+00  4.4000E+02  1.2684E+02  1.6598E+02  7.0588E-02 -9.4832E+00 -1.4662E+00
  6.0796E+00  4.8000E+02  1.3834E+02  1.7143E+02  5.9471E-02 -8.8840E+00 -1.2748E+00
  5.4447E+00  5.2000E+02  1.4868E+02  1.7649E+02  4.9864E-02 -8.3353E+00 -1.1165E+00
  4.8493E+00  5.6000E+02  1.5786E+02  1.8104E+02  4.1593E-02 -7.7754E+00 -9.7675E-01
  4.2889E+00  6.0000E+02  1.6585E+02  1.8499E+02  3.4531E-02 -7.2036E+00 -8.5176E-01
  3.7598E+00  6.4000E+02  1.7271E+02  1.8829E+02  2.8463E-02 -6.7240E+00 -7.5055E-01
  3.2591E+00  6.8000E+02  1.7864E+02  1.9100E+02  2.2988E-02 -6.4403E+00 -6.8028E-01
  2.7843E+00  7.2000E+02  1.8402E+02  1.9338E+02  1.7658E-02 -6.3125E+00 -6.3239E-01
  2.3328E+00  7.6000E+02  1.8915E+02  1.9580E+02  1.2445E-02 -5.9847E+00 -5.7012E-01
  1.9021E+00  8.0000E+02  1.9390E+02  1.9838E+02  7.9336E-03 -5.0591E+00 -4.5964E-01
  1.4903E+00  8.4000E+02  1.9806E+02  2.0095E+02  4.6213E-03 -3.8558E+00 -3.3501E-01
  1.0957E+00  8.8000E+02  2.0143E+02  2.0323E+02  2.3861E-03 -2.7747E+00 -2.3101E-01
  7.1696E-01  9.2000E+02  2.0432E+02  2.0555E+02  9.8921E-04 -1.4853E+00 -1.1869E-01
  3.5230E-01  9.6000E+02  2.0777E+02  2.0889E+02  3.0634E-04 -3.0474E-01 -2.3445E-02
  7.3676E-04  1.0000E+03  2.1274E+02  2.1297E+02  7.0638E-05 -2.5170E+00 -1.8670E-01
