  26  8.5995000E+01
  3.1989E+01  1.0000E-03  2.1572E-01  1.1896E+02  2.1571E-01  0.0000E+00  0.0000E+00
  2.2672E+01  4.0000E+01  3.7133E+00  1.1935E+02  2.0070E-01 -3.3304E-01 -6.5467E-01
  1.7568E+01  8.0000E+01  1.2808E+01  1.1873E+02  1.6099E-01 -1.9042E+00 -2.0505E+00
  1.4905E+01  1.2000E+02  1.6016E+01  1.1779E+02  1.4843E-01 -1.5563E+00 -8.7449E-01
  1.3033E+01  1.6000E+02  2.1775E+01  1.1799E+02  1.3857E-01 -2.9673E+00 -1.1716E+00
  1.1580E+01  2.0000E+02  2.9483E+01  1.1894E+02  1.2890E-01 -4.6537E+00 -1.4269E+00
  1.0383E+01  2.4000E+02  3.7729E+01  1.2047E+02  1.1960E-01 -5.6059E+00 -1.4161E+00
  9.3591E+00  2.8000E+02  4.5793E+01  1.2242E+02  1.1076E-01 -5.9768E+00 -1.2905E+00
  8.4611E+00  3.2000E+02  5.3908E+01  1.2484E+02  1.0211E-01 -6.3466E+00 -1.2023E+00
  7.6574E+00  3.6000E+02  6.2313E+01  1.2770E+02  9.3477E-02 -6.8956E+00 -1.1693E+00
  6.9272E+00  4.0000E+02  7.1035E+01  1.3092E+02  8.4837E-02 -7.5365E+00 -1.1612E+00
  6.2561E+00  4.4000E+02  7.9917E+01  1.3439E+02  7.6336E-02 -8.0635E+00 -1.1416E+00
  5.6341E+00  4.8000E+02  8.8744E+01  1.3802E+02  6.8194E-02 -8.3517E+00 -1.0960E+00
  5.0537E+00  5.2000E+02  9.7376E+01  1.4174E+02  6.0551E-02 -8.4682E+00 -1.0371E+00
  4.5089E+00  5.6000E+02  1.0574E+02  1.4547E+02  5.3466E-02 -8.4890E+00 -9.7574E-01
  3.9952E+00  6.0000E+02  1.1378E+02  1.4917E+02  4.6931E-02 -8.4538E+00 -9.1623E-01
  3.5089E+00  6.4000E+02  1.2148E+02  1.5279E+02  4.0902E-02 -8.3808E+00 -8.5984E-01
  3.0470E+00  6.8000E+02  1.2880E+02  1.5630E+02  3.5330E-02 -8.2869E+00 -8.0751E-01
  2.6071E+00  7.2000E+02  1.3575E+02  1.5964E+02  3.0173E-02 -8.1894E+00 -7.6008E-01
  2.1871E+00  7.6000E+02  1.4234E+02  1.6281E+02  2.5374E-02 -8.1453E+00 -7.2182E-01
  1.7852E+00  8.0000E+02  1.4859E+02  1.6577E+02  2.0871E-02 -8.1798E+00 -6.9359E-01
  1.4000E+00  8.4000E+02  1.5445E+02  1.6848E+02  1.6620E-02 -8.1720E+00 -6.6415E-01
  1.0302E+00  8.8000E+02  1.5990E+02  1.7104E+02  1.2642E-02 -7.8022E+00 -6.0865E-01
  6.7466E-01  9.2000E+02  1.6514E+02  1.7381E+02  9.0527E-03 -6.9518E+00 -5.2148E-01
  3.3172E-01  9.6000E+02  1.7056E+02  1.7715E+02  6.0640E-03 -6.0747E+00 -4.3953E-01
  5.6963E-04  1.0000E+03  1.7638E+02  1.8059E+02  3.8458E-03 -7.1953E+00 -5.0270E-01
