  26  3.9900000E+00
  3.2078E+01  1.0000E-03  1.0868E+01  1.5804E+01  1.0868E+01  0.0000E+00  0.0000E+00
  2.2946E+01  4.0000E+01  1.0142E+01  1.5793E+01  1.0123E+01  7.8294E-02  1.5086E-01
  1.8131E+01  8.0000E+01  9.4199E+00  1.5856E+01  9.3439E+00  1.6299E-01  1.6558E-01
  1.5706E+01  1.2000E+02  9.2294E+00  1.5998E+01  9.0966E+00  1.3735E-01  7.0255E-02
  1.3947E+01  1.6000E+02  9.0639E+00  1.6307E+01  8.7293E+00  2.6958E-01  1.0006E-01
  1.2513E+01  2.0000E+02  9.1519E+00  1.6996E+01  8.0830E+00  4.1895E-01  1.2675E-01
  1.1282E+01  2.4000E+02  1.0061E+01  1.8281E+01  7.2138E+00  3.0557E-01  7.9329E-02
  1.0198E+01  2.8000E+02  1.2016E+01  2.0125E+01  6.3156E+00 -1.0170E-01 -2.3272E-02
  9.2271E+00  3.2000E+02  1.4731E+01  2.2360E+01  5.5724E+00 -4.9516E-01 -1.0141E-01
  8.3483E+00  3.6000E+02  1.7809E+01  2.4823E+01  5.0102E+00 -6.9968E-01 -1.2973E-01
  7.5452E+00  4.0000E+02  2.1010E+01  2.7390E+01  4.5642E+00 -7.8883E-01 -1.3365E-01
  6.8057E+00  4.4000E+02  2.4216E+01  2.9976E+01  4.1929E+00 -8.3949E-01 -1.3097E-01
  6.1204E+00  4.8000E+02  2.7369E+01  3.2537E+01  3.8761E+00 -8.6448E-01 -1.2499E-01
  5.4818E+00  5.2000E+02  3.0442E+01  3.5055E+01  3.6002E+00 -8.6867E-01 -1.1704E-01
  4.8839E+00  5.6000E+02  3.3425E+01  3.7523E+01  3.3545E+00 -8.6080E-01 -1.0860E-01
  4.3215E+00  6.0000E+02  3.6318E+01  3.9941E+01  3.1323E+00 -8.4564E-01 -1.0033E-01
  3.7907E+00  6.4000E+02  3.9120E+01  4.2304E+01  2.9297E+00 -8.2545E-01 -9.2441E-02
  3.2880E+00  6.8000E+02  4.1824E+01  4.4606E+01  2.7438E+00 -8.0170E-01 -8.5033E-02
  2.8105E+00  7.2000E+02  4.4421E+01  4.6834E+01  2.5719E+00 -7.7112E-01 -7.7692E-02
  2.3557E+00  7.6000E+02  4.6903E+01  4.8986E+01  2.4121E+00 -7.2457E-01 -6.9527E-02
  1.9215E+00  8.0000E+02  4.9282E+01  5.1080E+01  2.2630E+00 -6.5728E-01 -6.0209E-02
  1.5061E+00  8.4000E+02  5.1603E+01  5.3158E+01  2.1233E+00 -5.8493E-01 -5.1266E-02
  1.1077E+00  8.8000E+02  5.3931E+01  5.5268E+01  1.9912E+00 -5.4921E-01 -4.6155E-02
  7.2503E-01  9.2000E+02  5.6259E+01  5.7416E+01  1.8634E+00 -4.6904E-01 -3.7871E-02
  3.5631E-01  9.6000E+02  5.9098E+01  6.0097E+01  1.7345E+00 -4.2925E-01 -3.3392E-02
  7.0919E-04  1.0000E+03  6.3243E+01  6.3430E+01  1.5986E+00 -2.2845E+00 -1.7140E-01
