  26  3.9900000E+00
  3.1896E+01  1.0000E-03  6.8404E+00  1.1968E+01  6.8404E+00  0.0000E+00  0.0000E+00
  2.2551E+01  4.0000E+01  6.3010E+00  1.1977E+01  6.2825E+00  5.8625E-02  1.1559E-01
  1.7400E+01  8.0000E+01  5.9263E+00  1.1979E+01  5.7893E+00  7.3233E-02  7.9587E-02
  1.4689E+01  1.2000E+02  5.8821E+00  1.1976E+01  5.6262E+00  1.5180E-02  8.6816E-03
  1.2789E+01  1.6000E+02  5.8778E+00  1.1997E+01  5.4564E+00  1.3168E-02  5.2796E-03
  1.1331E+01  2.0000E+02  5.8806E+00  1.2057E+01  5.2343E+00  3.9476E-02  1.2143E-02
  1.0146E+01  2.4000E+02  5.8917E+00  1.2180E+01  4.9873E+00  9.3846E-02  2.3461E-02
  9.1432E+00  2.8000E+02  5.9342E+00  1.2381E+01  4.7315E+00  1.5815E-01  3.3463E-02
  8.2680E+00  3.2000E+02  6.0525E+00  1.2684E+01  4.4552E+00  2.1174E-01  3.9094E-02
  7.4867E+00  3.6000E+02  6.3090E+00  1.3102E+01  4.1578E+00  2.0671E-01  3.4075E-02
  6.7773E+00  4.0000E+02  6.7546E+00  1.3648E+01  3.8506E+00  1.4108E-01  2.1115E-02
  6.1254E+00  4.4000E+02  7.4167E+00  1.4328E+01  3.5482E+00  2.7383E-02  3.7664E-03
  5.5208E+00  4.8000E+02  8.2994E+00  1.5143E+01  3.2667E+00 -1.1230E-01 -1.4326E-02
  4.9559E+00  5.2000E+02  9.3848E+00  1.6089E+01  3.0164E+00 -2.4585E-01 -2.9297E-02
  4.4252E+00  5.6000E+02  1.0642E+01  1.7158E+01  2.7964E+00 -3.5605E-01 -3.9866E-02
  3.9241E+00  6.0000E+02  1.2041E+01  1.8331E+01  2.6012E+00 -4.4950E-01 -4.7521E-02
  3.4491E+00  6.4000E+02  1.3554E+01  1.9588E+01  2.4263E+00 -5.3974E-01 -5.4092E-02
  2.9973E+00  6.8000E+02  1.5159E+01  2.0904E+01  2.2682E+00 -6.3852E-01 -6.0865E-02
  2.5664E+00  7.2000E+02  1.6836E+01  2.2257E+01  2.1242E+00 -7.5326E-01 -6.8488E-02
  2.1543E+00  7.6000E+02  1.8563E+01  2.3619E+01  1.9917E+00 -8.8583E-01 -7.7007E-02
  1.7596E+00  8.0000E+02  2.0307E+01  2.4961E+01  1.8678E+00 -1.0182E+00 -8.4798E-02
  1.3808E+00  8.4000E+02  2.2029E+01  2.6270E+01  1.7500E+00 -1.0905E+00 -8.7144E-02
  1.0168E+00  8.8000E+02  2.3748E+01  2.7600E+01  1.6374E+00 -1.0695E+00 -8.2139E-02
  6.6622E-01  9.2000E+02  2.5581E+01  2.9060E+01  1.5303E+00 -1.0652E+00 -7.8784E-02
  3.2768E-01  9.6000E+02  2.7655E+01  3.0692E+01  1.4295E+00 -1.3014E+00 -9.2955E-02
  4.7736E-04  1.0000E+03  3.0044E+01  3.1846E+01  1.3356E+00 -3.7757E+00 -2.6065E-01
