  26  8.5995000E+01
  3.2102E+01  1.0000E-03  2.8740E-01  1.2358E+02  2.8739E-01  0.0000E+00  0.0000E+00
  2.2934E+01  4.0000E+01  3.8906E+00  1.2260E+02  2.7086E-01 -4.9993E-01 -9.6706E-01
  1.8101E+01  8.0000E+01  9.1011E+00  1.2116E+02  2.2339E-01 -1.3772E+00 -1.4041E+00
  1.5664E+01  1.2000E+02  1.2470E+01  1.2215E+02  2.0576E-01 -9.7459E-01 -5.0124E-01
  1.3893E+01  1.6000E+02  2.1596E+01  1.2552E+02  1.8940E-01 -3.2519E+00 -1.2146E+00
  1.2457E+01  2.0000E+02  3.5761E+01  1.3059E+02  1.7181E-01 -6.3329E+00 -1.9196E+00
  1.1228E+01  2.4000E+02  5.2625E+01  1.3678E+02  1.5313E-01 -8.6838E+00 -2.2505E+00
  1.0148E+01  2.8000E+02  6.9940E+01  1.4311E+02  1.3393E-01 -1.0169E+01 -2.3179E+00
  9.1823E+00  3.2000E+02  8.6433E+01  1.4931E+02  1.1553E-01 -1.0661E+01 -2.1720E+00
  8.3089E+00  3.6000E+02  1.0179E+02  1.5531E+02  9.8568E-02 -1.0712E+01 -1.9739E+00
  7.5110E+00  4.0000E+02  1.1595E+02  1.6115E+02  8.3340E-02 -1.0428E+01 -1.7554E+00
  6.7760E+00  4.4000E+02  1.2883E+02  1.6678E+02  7.0026E-02 -9.8724E+00 -1.5310E+00
  6.0941E+00  4.8000E+02  1.4047E+02  1.7208E+02  5.8441E-02 -9.2883E+00 -1.3363E+00
  5.4579E+00  5.2000E+02  1.5096E+02  1.7700E+02  4.8271E-02 -8.7543E+00 -1.1751E+00
  4.8615E+00  5.6000E+02  1.6033E+02  1.8148E+02  3.9329E-02 -8.2032E+00 -1.0321E+00
  4.3004E+00  6.0000E+02  1.6858E+02  1.8546E+02  3.1532E-02 -7.6055E+00 -9.0043E-01
  3.7706E+00  6.4000E+02  1.7577E+02  1.8893E+02  2.4745E-02 -7.0218E+00 -7.8477E-01
  3.2692E+00  6.8000E+02  1.8202E+02  1.9193E+02  1.8727E-02 -6.4786E+00 -6.8535E-01
  2.7934E+00  7.2000E+02  1.8757E+02  1.9470E+02  1.3308E-02 -5.8531E+00 -5.8756E-01
  2.3407E+00  7.6000E+02  1.9260E+02  1.9749E+02  8.6622E-03 -4.9456E+00 -4.7241E-01
  1.9086E+00  8.0000E+02  1.9703E+02  2.0029E+02  5.1546E-03 -3.7595E+00 -3.4267E-01
  1.4954E+00  8.4000E+02  2.0082E+02  2.0296E+02  2.8424E-03 -2.7327E+00 -2.3826E-01
  1.0994E+00  8.8000E+02  2.0381E+02  2.0519E+02  1.3995E-03 -1.9230E+00 -1.6066E-01
  7.1938E-01  9.2000E+02  2.0644E+02  2.0748E+02  5.5196E-04 -8.6819E-01 -6.9608E-02
  3.5350E-01  9.6000E+02  2.0986E+02  2.1089E+02  1.6124E-04 -3.2558E-02 -2.5132E-03
  7.3219E-04  1.0000E+03  2.1484E+02  2.1466E+02  3.4080E-05 -3.4501E+00 -2.5678E-01
