  26  3.9900000E+00
  3.2071E+01  1.0000E-03  1.0005E+01  1.6179E+01  1.0005E+01  0.0000E+00  0.0000E+00
  2.2881E+01  4.0000E+01  9.3138E+00  1.6174E+01  9.2963E+00  7.4757E-02  1.4495E-01
  1.7976E+01  8.0000E+01  8.6608E+00  1.6227E+01  8.5768E+00  1.4398E-01  1.4899E-01
  1.5473E+01  1.2000E+02  8.5008E+00  1.6348E+01  8.3340E+00  1.1196E-01  5.9120E-02
  1.3672E+01  1.6000E+02  8.3777E+00  1.6616E+01  7.9704E+00  2.1745E-01  8.2637E-02
  1.2228E+01  2.0000E+02  8.4468E+00  1.7141E+01  7.4489E+00  3.1515E-01  9.6032E-02
  1.1007E+01  2.4000E+02  8.9369E+00  1.7980E+01  6.8402E+00  2.8577E-01  7.3629E-02
  9.9415E+00  2.8000E+02  9.9275E+00  1.9117E+01  6.2106E+00  1.3823E-01  3.1064E-02
  8.9942E+00  3.2000E+02  1.1378E+01  2.0520E+01  5.6341E+00 -5.0387E-02 -1.0071E-02
  8.1393E+00  3.6000E+02  1.3204E+01  2.2172E+01  5.1428E+00 -2.0359E-01 -3.6719E-02
  7.3589E+00  4.0000E+02  1.5324E+01  2.4050E+01  4.7416E+00 -3.1052E-01 -5.1126E-02
  6.6398E+00  4.4000E+02  1.7663E+01  2.6100E+01  4.4108E+00 -4.0129E-01 -6.0886E-02
  5.9722E+00  4.8000E+02  2.0133E+01  2.8234E+01  4.1320E+00 -5.0478E-01 -7.1100E-02
  5.3489E+00  5.2000E+02  2.2634E+01  3.0348E+01  3.8937E+00 -6.2002E-01 -8.1540E-02
  4.7643E+00  5.6000E+02  2.5062E+01  3.2345E+01  3.6884E+00 -7.3781E-01 -9.1001E-02
  4.2140E+00  6.0000E+02  2.7341E+01  3.4151E+01  3.5097E+00 -8.5767E-01 -9.9563E-02
  3.6946E+00  6.4000E+02  2.9438E+01  3.5737E+01  3.3503E+00 -9.8492E-01 -1.0793E-01
  3.2031E+00  6.8000E+02  3.1384E+01  3.7128E+01  3.2009E+00 -1.1305E+00 -1.1724E-01
  2.7367E+00  7.2000E+02  3.3271E+01  3.8408E+01  3.0502E+00 -1.2987E+00 -1.2779E-01
  2.2931E+00  7.6000E+02  3.5182E+01  3.9677E+01  2.8886E+00 -1.4485E+00 -1.3557E-01
  1.8700E+00  8.0000E+02  3.7179E+01  4.1030E+01  2.7138E+00 -1.5223E+00 -1.3588E-01
  1.4654E+00  8.4000E+02  3.9292E+01  4.2512E+01  2.5319E+00 -1.5581E+00 -1.3299E-01
  1.0776E+00  8.8000E+02  4.1377E+01  4.4000E+01  2.3503E+00 -1.5407E+00 -1.2605E-01
  7.0526E-01  9.2000E+02  4.3397E+01  4.5538E+01  2.1721E+00 -1.2947E+00 -1.0172E-01
  3.4661E-01  9.6000E+02  4.5878E+01  4.7659E+01  1.9999E+00 -1.0032E+00 -7.5911E-02
  7.1369E-04  1.0000E+03  4.9448E+01  5.0862E+01  1.8382E+00 -1.0610E+00 -7.7429E-02
