  26  3.9900000E+00
  3.2030E+01  1.0000E-03  9.5066E+00  1.5412E+01  9.5066E+00  0.0000E+00  0.0000E+00
  2.2823E+01  4.0000E+01  8.8349E+00  1.5414E+01  8.8194E+00  7.3193E-02  1.4218E-01
  1.7860E+01  8.0000E+01  8.2268E+00  1.5455E+01  8.1335E+00  1.3086E-01  1.3703E-01
  1.5308E+01  1.2000E+02  8.0898E+00  1.5550E+01  7.8973E+00  9.0858E-02  4.8907E-02
  1.3488E+01  1.6000E+02  7.9904E+00  1.5774E+01  7.5553E+00  1.7744E-01  6.8148E-02
  1.2040E+01  2.0000E+02  8.0435E+00  1.6199E+01  7.0936E+00  2.5696E-01  7.8516E-02
  1.0823E+01  2.4000E+02  8.3865E+00  1.6832E+01  6.5815E+00  2.3818E-01  6.1127E-02
  9.7685E+00  2.8000E+02  9.0509E+00  1.7672E+01  6.0540E+00  1.6666E-01  3.7084E-02
  8.8340E+00  3.2000E+02  1.0043E+01  1.8706E+01  5.5569E+00  4.4978E-02  8.8676E-03
  7.9929E+00  3.6000E+02  1.1342E+01  1.9929E+01  5.1079E+00 -9.0089E-02 -1.5988E-02
  7.2264E+00  4.0000E+02  1.2909E+01  2.1333E+01  4.7198E+00 -2.1244E-01 -3.4355E-02
  6.5211E+00  4.4000E+02  1.4678E+01  2.2888E+01  4.3925E+00 -3.0440E-01 -4.5295E-02
  5.8671E+00  4.8000E+02  1.6579E+01  2.4543E+01  4.1159E+00 -3.7619E-01 -5.1907E-02
  5.2569E+00  5.2000E+02  1.8545E+01  2.6232E+01  3.8797E+00 -4.5226E-01 -5.8223E-02
  4.6847E+00  5.6000E+02  2.0520E+01  2.7894E+01  3.6747E+00 -5.4786E-01 -6.6134E-02
  4.1460E+00  6.0000E+02  2.2477E+01  2.9490E+01  3.4930E+00 -6.7049E-01 -7.6201E-02
  3.6371E+00  6.4000E+02  2.4407E+01  3.1002E+01  3.3271E+00 -8.2280E-01 -8.8345E-02
  3.1549E+00  6.8000E+02  2.6322E+01  3.2435E+01  3.1699E+00 -9.9914E-01 -1.0166E-01
  2.6967E+00  7.2000E+02  2.8236E+01  3.3806E+01  3.0153E+00 -1.1831E+00 -1.1438E-01
  2.2602E+00  7.6000E+02  3.0152E+01  3.5136E+01  2.8588E+00 -1.3419E+00 -1.2357E-01
  1.8435E+00  8.0000E+02  3.2074E+01  3.6457E+01  2.6977E+00 -1.4436E+00 -1.2691E-01
  1.4449E+00  8.4000E+02  3.4030E+01  3.7811E+01  2.5319E+00 -1.5111E+00 -1.2710E-01
  1.0626E+00  8.8000E+02  3.5977E+01  3.9167E+01  2.3632E+00 -1.5464E+00 -1.2471E-01
  6.9547E-01  9.2000E+02  3.7900E+01  4.0570E+01  2.1925E+00 -1.4140E+00 -1.0953E-01
  3.4180E-01  9.6000E+02  4.0206E+01  4.2456E+01  2.0232E+00 -1.1881E+00 -8.8653E-02
  6.9652E-04  1.0000E+03  4.3434E+01  4.5571E+01  1.8638E+00 -3.3204E-01 -2.3895E-02
