  26  8.5995000E+01
  3.1115E+01  1.0000E-03  1.2465E-01  1.1335E+02  1.2465E-01  0.0000E+00  0.0000E+00
  2.2009E+01  4.0000E+01  3.3366E+00  1.1368E+02  1.1323E-01 -3.1650E-01 -6.0809E-01
  1.6982E+01  8.0000E+01  1.2056E+01  1.1361E+02  8.8456E-02 -1.7484E+00 -1.8542E+00
  1.4321E+01  1.2000E+02  1.4511E+01  1.1285E+02  8.2288E-02 -1.2114E+00 -6.8011E-01
  1.2452E+01  1.6000E+02  1.5990E+01  1.1175E+02  7.8419E-02 -1.3784E+00 -5.4359E-01
  1.1031E+01  2.0000E+02  1.8625E+01  1.1094E+02  7.4597E-02 -2.4238E+00 -7.2641E-01
  9.8880E+00  2.4000E+02  2.3032E+01  1.1106E+02  7.0313E-02 -3.7495E+00 -9.0434E-01
  8.9236E+00  2.8000E+02  2.8507E+01  1.1202E+02  6.5811E-02 -4.6795E+00 -9.5214E-01
  8.0808E+00  3.2000E+02  3.4846E+01  1.1387E+02  6.1283E-02 -5.3336E+00 -9.4840E-01
  7.3261E+00  3.6000E+02  4.1887E+01  1.1622E+02  5.6632E-02 -6.2076E+00 -9.8846E-01
  6.6391E+00  4.0000E+02  4.9516E+01  1.1893E+02  5.1877E-02 -7.1662E+00 -1.0387E+00
  6.0066E+00  4.4000E+02  5.7470E+01  1.2191E+02  4.7105E-02 -7.8702E+00 -1.0502E+00
  5.4193E+00  4.8000E+02  6.5556E+01  1.2514E+02  4.2410E-02 -8.2579E+00 -1.0233E+00
  4.8699E+00  5.2000E+02  7.3748E+01  1.2864E+02  3.7867E-02 -8.5488E+00 -9.9091E-01
  4.3528E+00  5.6000E+02  8.2041E+01  1.3234E+02  3.3507E-02 -8.8777E+00 -9.6849E-01
  3.8637E+00  6.0000E+02  9.0404E+01  1.3617E+02  2.9346E-02 -9.2578E+00 -9.5531E-01
  3.3992E+00  6.4000E+02  9.8770E+01  1.4007E+02  2.5397E-02 -9.6238E+00 -9.4313E-01
  2.9566E+00  6.8000E+02  1.0705E+02  1.4397E+02  2.1669E-02 -9.9014E+00 -9.2456E-01
  2.5338E+00  7.2000E+02  1.1516E+02  1.4782E+02  1.8173E-02 -1.0061E+01 -8.9763E-01
  2.1288E+00  7.6000E+02  1.2303E+02  1.5160E+02  1.4924E-02 -1.0107E+01 -8.6351E-01
  1.7402E+00  8.0000E+02  1.3060E+02  1.5526E+02  1.1949E-02 -1.0064E+01 -8.2516E-01
  1.3666E+00  8.4000E+02  1.3784E+02  1.5879E+02  9.2847E-03 -9.9301E+00 -7.8265E-01
  1.0069E+00  8.8000E+02  1.4474E+02  1.6220E+02  6.9578E-03 -9.6958E+00 -7.3580E-01
  6.6002E-01  9.2000E+02  1.5139E+02  1.6558E+02  4.9624E-03 -9.4129E+00 -6.8889E-01
  3.2474E-01  9.6000E+02  1.5805E+02  1.6911E+02  3.3050E-03 -9.3606E+00 -6.6215E-01
  4.4445E-04  1.0000E+03  1.6496E+02  1.7171E+02  2.0335E-03 -1.3279E+01 -9.0854E-01
