  26  8.5995000E+01
  3.1841E+01  1.0000E-03  1.7751E-01  1.1718E+02  1.7751E-01  0.0000E+00  0.0000E+00
  2.2504E+01  4.0000E+01  3.7862E+00  1.1769E+02  1.6366E-01 -3.3135E-01 -6.5269E-01
  1.7353E+01  8.0000E+01  1.3649E+01  1.1740E+02  1.2963E-01 -1.9712E+00 -2.1425E+00
  1.4637E+01  1.2000E+02  1.6468E+01  1.1632E+02  1.2002E-01 -1.4356E+00 -8.2263E-01
  1.2732E+01  1.6000E+02  1.9497E+01  1.1547E+02  1.1356E-01 -2.0342E+00 -8.1725E-01
  1.1275E+01  2.0000E+02  2.3737E+01  1.1501E+02  1.0751E-01 -3.2248E+00 -9.9154E-01
  1.0094E+01  2.4000E+02  2.8868E+01  1.1521E+02  1.0146E-01 -4.1817E+00 -1.0417E+00
  9.0971E+00  2.8000E+02  3.4696E+01  1.1606E+02  9.5358E-02 -4.9945E+00 -1.0508E+00
  8.2278E+00  3.2000E+02  4.1349E+01  1.1771E+02  8.9049E-02 -5.7507E+00 -1.0547E+00
  7.4517E+00  3.6000E+02  4.8908E+01  1.1998E+02  8.2319E-02 -6.8177E+00 -1.1162E+00
  6.7471E+00  4.0000E+02  5.7169E+01  1.2272E+02  7.5259E-02 -7.8333E+00 -1.1646E+00
  6.0993E+00  4.4000E+02  6.5781E+01  1.2582E+02  6.8094E-02 -8.5102E+00 -1.1631E+00
  5.4983E+00  4.8000E+02  7.4520E+01  1.2919E+02  6.1025E-02 -8.9322E+00 -1.1325E+00
  4.9368E+00  5.2000E+02  8.3258E+01  1.3277E+02  5.4210E-02 -9.1776E+00 -1.0874E+00
  4.4089E+00  5.6000E+02  9.1918E+01  1.3651E+02  4.7741E-02 -9.3323E+00 -1.0393E+00
  3.9104E+00  6.0000E+02  1.0043E+02  1.4032E+02  4.1683E-02 -9.4208E+00 -9.9095E-01
  3.4376E+00  6.4000E+02  1.0870E+02  1.4414E+02  3.6061E-02 -9.4282E+00 -9.4043E-01
  2.9878E+00  6.8000E+02  1.1669E+02  1.4791E+02  3.0862E-02 -9.3719E+00 -8.8942E-01
  2.5586E+00  7.2000E+02  1.2435E+02  1.5159E+02  2.6053E-02 -9.2918E+00 -8.4137E-01
  2.1481E+00  7.6000E+02  1.3167E+02  1.5511E+02  2.1598E-02 -9.2371E+00 -7.9994E-01
  1.7547E+00  8.0000E+02  1.3862E+02  1.5845E+02  1.7484E-02 -9.1734E+00 -7.6129E-01
  1.3772E+00  8.4000E+02  1.4513E+02  1.6159E+02  1.3726E-02 -8.9378E+00 -7.1195E-01
  1.0142E+00  8.8000E+02  1.5125E+02  1.6468E+02  1.0387E-02 -8.3446E+00 -6.3901E-01
  6.6460E-01  9.2000E+02  1.5713E+02  1.6792E+02  7.5590E-03 -7.5603E+00 -5.5769E-01
  3.2690E-01  9.6000E+02  1.6298E+02  1.7134E+02  5.2921E-03 -7.1846E+00 -5.1189E-01
  4.6768E-04  1.0000E+03  1.6890E+02  1.7338E+02  3.5739E-03 -1.1895E+01 -8.1924E-01
