  26  3.9900000E+00
  3.1900E+01  1.0000E-03  6.8404E+00  1.1984E+01  6.8404E+00  0.0000E+00  0.0000E+00
  2.2551E+01  4.0000E+01  6.3009E+00  1.1992E+01  6.2823E+00  5.8614E-02  1.1561E-01
  1.7400E+01  8.0000E+01  5.9266E+00  1.1994E+01  5.7891E+00  7.3071E-02  7.9412E-02
  1.4692E+01  1.2000E+02  5.8821E+00  1.1991E+01  5.6253E+00  1.5372E-02  8.7841E-03
  1.2793E+01  1.6000E+02  5.8772E+00  1.2015E+01  5.4529E+00  1.4904E-02  5.9687E-03
  1.1336E+01  2.0000E+02  5.8803E+00  1.2079E+01  5.2289E+00  4.1936E-02  1.2894E-02
  1.0151E+01  2.4000E+02  5.8944E+00  1.2204E+01  4.9826E+00  9.3680E-02  2.3427E-02
  9.1471E+00  2.8000E+02  5.9411E+00  1.2407E+01  4.7280E+00  1.5548E-01  3.2923E-02
  8.2712E+00  3.2000E+02  6.0643E+00  1.2710E+01  4.4527E+00  2.0559E-01  3.7991E-02
  7.4892E+00  3.6000E+02  6.3252E+00  1.3127E+01  4.1558E+00  1.9944E-01  3.2904E-02
  6.7794E+00  4.0000E+02  6.7754E+00  1.3672E+01  3.8484E+00  1.3391E-01  2.0055E-02
  6.1271E+00  4.4000E+02  7.4431E+00  1.4353E+01  3.5454E+00  1.9897E-02  2.7383E-03
  5.5221E+00  4.8000E+02  8.3330E+00  1.5170E+01  3.2632E+00 -1.2080E-01 -1.5418E-02
  4.9571E+00  5.2000E+02  9.4257E+00  1.6118E+01  3.0125E+00 -2.5463E-01 -3.0358E-02
  4.4261E+00  5.6000E+02  1.0690E+01  1.7189E+01  2.7921E+00 -3.6369E-01 -4.0740E-02
  3.9248E+00  6.0000E+02  1.2093E+01  1.8364E+01  2.5969E+00 -4.5513E-01 -4.8135E-02
  3.4497E+00  6.4000E+02  1.3609E+01  1.9622E+01  2.4220E+00 -5.4289E-01 -5.4426E-02
  2.9977E+00  6.8000E+02  1.5215E+01  2.0939E+01  2.2640E+00 -6.3911E-01 -6.0939E-02
  2.5667E+00  7.2000E+02  1.6891E+01  2.2292E+01  2.1203E+00 -7.5178E-01 -6.8370E-02
  2.1545E+00  7.6000E+02  1.8617E+01  2.3654E+01  1.9880E+00 -8.8214E-01 -7.6702E-02
  1.7597E+00  8.0000E+02  2.0361E+01  2.4998E+01  1.8645E+00 -1.0131E+00 -8.4386E-02
  1.3809E+00  8.4000E+02  2.2081E+01  2.6306E+01  1.7472E+00 -1.0878E+00 -8.6942E-02
  1.0168E+00  8.8000E+02  2.3794E+01  2.7630E+01  1.6350E+00 -1.0704E+00 -8.2219E-02
  6.6623E-01  9.2000E+02  2.5618E+01  2.9080E+01  1.5282E+00 -1.0645E+00 -7.8738E-02
  3.2768E-01  9.6000E+02  2.7682E+01  3.0705E+01  1.4276E+00 -1.2961E+00 -9.2576E-02
  4.8098E-04  1.0000E+03  3.0067E+01  3.1848E+01  1.3340E+00 -3.7992E+00 -2.6226E-01
