  26  8.5995000E+01
  3.2019E+01  1.0000E-03  2.5283E-01  1.2180E+02  2.5282E-01  0.0000E+00  0.0000E+00
  2.2802E+01  4.0000E+01  3.6308E+00  1.2175E+02  2.3701E-01 -3.7140E-01 -7.2223E-01
  1.7818E+01  8.0000E+01  1.1116E+01  1.2082E+02  1.9276E-01 -1.6891E+00 -1.7761E+00
  1.5250E+01  1.2000E+02  1.5009E+01  1.2077E+02  1.7712E-01 -1.5343E+00 -8.3135E-01
  1.3423E+01  1.6000E+02  2.2763E+01  1.2240E+02  1.6380E-01 -3.3525E+00 -1.2924E+00
  1.1974E+01  2.0000E+02  3.3574E+01  1.2534E+02  1.5047E-01 -5.4302E+00 -1.6603E+00
  1.0759E+01  2.4000E+02  4.5254E+01  1.2870E+02  1.3732E-01 -6.8533E+00 -1.7563E+00
  9.7078E+00  2.8000E+02  5.6782E+01  1.3235E+02  1.2447E-01 -7.4882E+00 -1.6607E+00
  8.7779E+00  3.2000E+02  6.7824E+01  1.3621E+02  1.1221E-01 -7.7276E+00 -1.5161E+00
  7.9417E+00  3.6000E+02  7.8448E+01  1.4025E+02  1.0067E-01 -7.8759E+00 -1.3894E+00
  7.1804E+00  4.0000E+02  8.8740E+01  1.4444E+02  8.9892E-02 -8.0086E+00 -1.2864E+00
  6.4802E+00  4.4000E+02  9.8644E+01  1.4873E+02  7.9974E-02 -8.0292E+00 -1.1862E+00
  5.8310E+00  4.8000E+02  1.0801E+02  1.5299E+02  7.1063E-02 -7.8729E+00 -1.0782E+00
  5.2254E+00  5.2000E+02  1.1671E+02  1.5709E+02  6.3227E-02 -7.5782E+00 -9.6826E-01
  4.6575E+00  5.6000E+02  1.2469E+02  1.6095E+02  5.6382E-02 -7.2622E+00 -8.7012E-01
  4.1228E+00  6.0000E+02  1.3203E+02  1.6452E+02  5.0328E-02 -7.0415E+00 -7.9448E-01
  3.6174E+00  6.4000E+02  1.3885E+02  1.6780E+02  4.4809E-02 -7.0107E+00 -7.4753E-01
  3.1383E+00  6.8000E+02  1.4533E+02  1.7083E+02  3.9574E-02 -7.1991E+00 -7.2767E-01
  2.6829E+00  7.2000E+02  1.5159E+02  1.7364E+02  3.4408E-02 -7.5734E+00 -7.2766E-01
  2.2489E+00  7.6000E+02  1.5771E+02  1.7627E+02  2.9159E-02 -8.0374E+00 -7.3584E-01
  1.8345E+00  8.0000E+02  1.6372E+02  1.7879E+02  2.3782E-02 -8.4297E+00 -7.3704E-01
  1.4379E+00  8.4000E+02  1.6958E+02  1.8125E+02  1.8385E-02 -8.5728E+00 -7.1737E-01
  1.0576E+00  8.8000E+02  1.7511E+02  1.8363E+02  1.3201E-02 -8.2709E+00 -6.6370E-01
  6.9218E-01  9.2000E+02  1.8019E+02  1.8608E+02  8.4824E-03 -7.2112E+00 -5.5588E-01
  3.4018E-01  9.6000E+02  1.8526E+02  1.8929E+02  4.6958E-03 -5.2770E+00 -3.9189E-01
  6.8619E-04  1.0000E+03  1.9100E+02  1.9415E+02  2.2683E-03 -2.5953E+00 -1.8590E-01
