  26  8.5995000E+01
  3.2084E+01  1.0000E-03  2.7536E-01  1.2282E+02  2.7536E-01  0.0000E+00  0.0000E+00
  2.2897E+01  4.0000E+01  3.8106E+00  1.2214E+02  2.5907E-01 -4.5891E-01 -8.8957E-01
  1.8010E+01  8.0000E+01  9.7539E+00  1.2086E+02  2.1268E-01 -1.4770E+00 -1.5226E+00
  1.5524E+01  1.2000E+02  1.3403E+01  1.2159E+02  1.9567E-01 -1.1764E+00 -6.1712E-01
  1.3729E+01  1.6000E+02  2.2210E+01  1.2432E+02  1.8033E-01 -3.3842E+00 -1.2813E+00
  1.2287E+01  2.0000E+02  3.5345E+01  1.2845E+02  1.6405E-01 -6.2414E+00 -1.8997E+00
  1.1064E+01  2.4000E+02  5.0559E+01  1.3353E+02  1.4692E-01 -8.2889E+00 -2.1386E+00
  9.9951E+00  2.8000E+02  6.5922E+01  1.3888E+02  1.2954E-01 -9.3671E+00 -2.1121E+00
  9.0436E+00  3.2000E+02  8.0421E+01  1.4432E+02  1.1307E-01 -9.5212E+00 -1.9115E+00
  8.1845E+00  3.6000E+02  9.3993E+01  1.4987E+02  9.8058E-02 -9.3419E+00 -1.6933E+00
  7.3999E+00  4.0000E+02  1.0672E+02  1.5550E+02  8.4678E-02 -9.0496E+00 -1.4979E+00
  6.6767E+00  4.4000E+02  1.1860E+02  1.6108E+02  7.2962E-02 -8.6945E+00 -1.3266E+00
  6.0052E+00  4.8000E+02  1.2949E+02  1.6643E+02  6.2876E-02 -8.2641E+00 -1.1709E+00
  5.3780E+00  5.2000E+02  1.3928E+02  1.7134E+02  5.4294E-02 -7.7658E+00 -1.0276E+00
  4.7896E+00  5.6000E+02  1.4785E+02  1.7567E+02  4.7077E-02 -7.2080E+00 -8.9472E-01
  4.2359E+00  6.0000E+02  1.5520E+02  1.7934E+02  4.1030E-02 -6.6681E+00 -7.7910E-01
  3.7131E+00  6.4000E+02  1.6148E+02  1.8234E+02  3.5873E-02 -6.2586E+00 -6.9023E-01
  3.2185E+00  6.8000E+02  1.6696E+02  1.8479E+02  3.1190E-02 -6.1433E+00 -6.4104E-01
  2.7495E+00  7.2000E+02  1.7215E+02  1.8691E+02  2.6398E-02 -6.5218E+00 -6.4539E-01
  2.3036E+00  7.6000E+02  1.7745E+02  1.8899E+02  2.1037E-02 -7.2249E+00 -6.7971E-01
  1.8785E+00  8.0000E+02  1.8289E+02  1.9124E+02  1.5276E-02 -7.5079E+00 -6.7338E-01
  1.4720E+00  8.4000E+02  1.8813E+02  1.9370E+02  9.9243E-03 -6.8486E+00 -5.8729E-01
  1.0825E+00  8.8000E+02  1.9266E+02  1.9610E+02  5.6643E-03 -5.4404E+00 -4.4714E-01
  7.0842E-01  9.2000E+02  1.9641E+02  1.9858E+02  2.7301E-03 -3.4210E+00 -2.6998E-01
  3.4815E-01  9.6000E+02  2.0032E+02  2.0197E+02  1.0688E-03 -1.4258E+00 -1.0837E-01
  7.1423E-04  1.0000E+03  2.0547E+02  2.0669E+02  3.3717E-04 -1.2537E+00 -9.1898E-02
