  26  8.5995000E+01
  3.2000E+01  1.0000E-03  2.2261E-01  1.1938E+02  2.2260E-01  0.0000E+00  0.0000E+00
  2.2695E+01  4.0000E+01  3.6854E+00  1.1973E+02  2.0742E-01 -3.3410E-01 -6.5588E-01
  1.7609E+01  8.0000E+01  1.2545E+01  1.1903E+02  1.6679E-01 -1.8795E+00 -2.0168E+00
  1.4962E+01  1.2000E+02  1.5900E+01  1.1820E+02  1.5364E-01 -1.5813E+00 -8.8310E-01
  1.3099E+01  1.6000E+02  2.2087E+01  1.1866E+02  1.4312E-01 -3.0735E+00 -1.2079E+00
  1.1647E+01  2.0000E+02  3.0421E+01  1.2000E+02  1.3277E-01 -4.8151E+00 -1.4755E+00
  1.0446E+01  2.4000E+02  3.9273E+01  1.2184E+02  1.2283E-01 -5.8367E+00 -1.4787E+00
  9.4174E+00  2.8000E+02  4.7885E+01  1.2405E+02  1.1335E-01 -6.2271E+00 -1.3517E+00
  8.5135E+00  3.2000E+02  5.6434E+01  1.2667E+02  1.0413E-01 -6.5651E+00 -1.2520E+00
  7.7039E+00  3.6000E+02  6.5127E+01  1.2968E+02  9.5043E-02 -7.0159E+00 -1.1983E+00
  6.9682E+00  4.0000E+02  7.4028E+01  1.3302E+02  8.6060E-02 -7.5621E+00 -1.1738E+00
  6.2922E+00  4.4000E+02  8.2999E+01  1.3658E+02  7.7332E-02 -7.9936E+00 -1.1401E+00
  5.6657E+00  4.8000E+02  9.1842E+01  1.4029E+02  6.9066E-02 -8.2042E+00 -1.0844E+00
  5.0811E+00  5.2000E+02  1.0043E+02  1.4404E+02  6.1376E-02 -8.2709E+00 -1.0201E+00
  4.5325E+00  5.6000E+02  1.0872E+02  1.4779E+02  5.4285E-02 -8.2739E+00 -9.5754E-01
  4.0154E+00  6.0000E+02  1.1666E+02  1.5147E+02  4.7748E-02 -8.2496E+00 -8.9999E-01
  3.5261E+00  6.4000E+02  1.2426E+02  1.5505E+02  4.1706E-02 -8.2007E+00 -8.4667E-01
  3.0615E+00  6.8000E+02  1.3148E+02  1.5850E+02  3.6109E-02 -8.1247E+00 -7.9645E-01
  2.6191E+00  7.2000E+02  1.3831E+02  1.6177E+02  3.0915E-02 -8.0400E+00 -7.5045E-01
  2.1968E+00  7.6000E+02  1.4478E+02  1.6486E+02  2.6067E-02 -7.9983E+00 -7.1259E-01
  1.7929E+00  8.0000E+02  1.5092E+02  1.6776E+02  2.1503E-02 -8.0280E+00 -6.8414E-01
  1.4058E+00  8.4000E+02  1.5670E+02  1.7042E+02  1.7173E-02 -8.0580E+00 -6.5804E-01
  1.0343E+00  8.8000E+02  1.6209E+02  1.7291E+02  1.3077E-02 -7.8007E+00 -6.1135E-01
  6.7725E-01  9.2000E+02  1.6724E+02  1.7555E+02  9.3078E-03 -7.0274E+00 -5.2943E-01
  3.3295E-01  9.6000E+02  1.7257E+02  1.7881E+02  6.1211E-03 -6.0260E+00 -4.3773E-01
  6.0097E-04  1.0000E+03  1.7842E+02  1.8251E+02  3.7681E-03 -6.4788E+00 -4.5428E-01
