  26  3.9900000E+00
  3.1439E+01  1.0000E-03  5.2696E+00  1.1310E+01  5.2696E+00  0.0000E+00  0.0000E+00
  2.2217E+01  4.0000E+01  4.8228E+00  1.1317E+01  4.8067E+00  4.9178E-02  9.5685E-02
  1.7121E+01  8.0000E+01  4.5487E+00  1.1322E+01  4.4274E+00  5.4724E-02  5.8832E-02
  1.4424E+01  1.2000E+02  4.5221E+00  1.1316E+01  4.3003E+00  7.9175E-03  4.5066E-03
  1.2530E+01  1.6000E+02  4.5117E+00  1.1321E+01  4.1877E+00  7.5934E-03  3.0334E-03
  1.1091E+01  2.0000E+02  4.4980E+00  1.1353E+01  4.0514E+00  3.1909E-02  9.6873E-03
  9.9345E+00  2.4000E+02  4.4699E+00  1.1441E+01  3.8687E+00  1.0075E-01  2.4586E-02
  8.9609E+00  2.8000E+02  4.4576E+00  1.1608E+01  3.6632E+00  1.8385E-01  3.7762E-02
  8.1120E+00  3.2000E+02  4.5042E+00  1.1869E+01  3.4424E+00  2.5328E-01  4.5366E-02
  7.3528E+00  3.6000E+02  4.6637E+00  1.2231E+01  3.2063E+00  2.6590E-01  4.2589E-02
  6.6622E+00  4.0000E+02  4.9826E+00  1.2697E+01  2.9651E+00  2.1376E-01  3.1144E-02
  6.0266E+00  4.4000E+02  5.4866E+00  1.3277E+01  2.7291E+00  1.1888E-01  1.5943E-02
  5.4362E+00  4.8000E+02  6.1881E+00  1.3978E+01  2.5073E+00 -2.8094E-04 -3.4990E-05
  4.8841E+00  5.2000E+02  7.0952E+00  1.4808E+01  2.3073E+00 -1.3956E-01 -1.6258E-02
  4.3645E+00  5.6000E+02  8.2015E+00  1.5765E+01  2.1299E+00 -2.8733E-01 -3.1495E-02
  3.8733E+00  6.0000E+02  9.4860E+00  1.6839E+01  1.9713E+00 -4.2945E-01 -4.4511E-02
  3.4069E+00  6.4000E+02  1.0923E+01  1.8014E+01  1.8278E+00 -5.6066E-01 -5.5165E-02
  2.9627E+00  6.8000E+02  1.2485E+01  1.9273E+01  1.6971E+00 -6.8348E-01 -6.4052E-02
  2.5385E+00  7.2000E+02  1.4151E+01  2.0598E+01  1.5776E+00 -8.0442E-01 -7.1999E-02
  2.1324E+00  7.6000E+02  1.5897E+01  2.1966E+01  1.4680E+00 -9.2885E-01 -7.9590E-02
  1.7428E+00  8.0000E+02  1.7698E+01  2.3356E+01  1.3669E+00 -1.0556E+00 -8.6763E-02
  1.3684E+00  8.4000E+02  1.9530E+01  2.4752E+01  1.2724E+00 -1.1654E+00 -9.2046E-02
  1.0081E+00  8.8000E+02  2.1393E+01  2.6166E+01  1.1830E+00 -1.2434E+00 -9.4519E-02
  6.6074E-01  9.2000E+02  2.3331E+01  2.7645E+01  1.0978E+00 -1.3223E+00 -9.6910E-02
  3.2506E-01  9.6000E+02  2.5471E+01  2.9257E+01  1.0166E+00 -1.5729E+00 -1.1140E-01
  4.4839E-04  1.0000E+03  2.7951E+01  3.0431E+01  9.3984E-01 -4.0248E+00 -2.7565E-01
