  25  3.9900000E+00
  2.7366E+01  2.0000E+01  9.5886E+00  1.5958E+01  9.5547E+00  0.0000E+00  0.0000E+00
  1.9565E+01  6.0000E+01  9.1956E+00  1.5975E+01  9.1075E+00  5.2566E-02  8.6516E-02
  1.6549E+01  1.0000E+02  9.0304E+00  1.6054E+01  8.9035E+00  8.1199E-02  5.1665E-02
  1.4534E+01  1.4000E+02  8.8846E+00  1.6233E+01  8.6616E+00  1.6075E-01  6.8350E-02
  1.2969E+01  1.8000E+02  8.7691E+00  1.6634E+01  8.1891E+00  3.3010E-01  1.0898E-01
  1.1662E+01  2.2000E+02  9.0330E+00  1.7411E+01  7.5601E+00  3.9284E-01  1.0834E-01
  1.0526E+01  2.6000E+02  9.9313E+00  1.8574E+01  6.8371E+00  2.3355E-01  5.5942E-02
  9.5209E+00  3.0000E+02  1.1461E+01  2.0057E+01  6.1435E+00 -4.7279E-02 -1.0030E-02
  8.6178E+00  3.4000E+02  1.3448E+01  2.1794E+01  5.5510E+00 -2.7664E-01 -5.2709E-02
  7.7973E+00  3.8000E+02  1.5738E+01  2.3763E+01  5.0777E+00 -3.9004E-01 -6.7521E-02
  7.0443E+00  4.2000E+02  1.8257E+01  2.5942E+01  4.6940E+00 -4.5214E-01 -7.1827E-02
  6.3476E+00  4.6000E+02  2.0965E+01  2.8274E+01  4.3713E+00 -5.4054E-01 -7.9459E-02
  5.6986E+00  5.0000E+02  2.3794E+01  3.0669E+01  4.0928E+00 -6.6805E-01 -9.1476E-02
  5.0909E+00  5.4000E+02  2.6626E+01  3.3011E+01  3.8504E+00 -8.0568E-01 -1.0329E-01
  4.5197E+00  5.8000E+02  2.9332E+01  3.5183E+01  3.6389E+00 -9.3686E-01 -1.1290E-01
  3.9812E+00  6.2000E+02  3.1810E+01  3.7086E+01  3.4515E+00 -1.0682E+00 -1.2137E-01
  3.4723E+00  6.6000E+02  3.4006E+01  3.8689E+01  3.2776E+00 -1.1638E+00 -1.2496E-01
  2.9902E+00  7.0000E+02  3.6042E+01  4.0156E+01  3.1043E+00 -1.1799E+00 -1.2000E-01
  2.5323E+00  7.4000E+02  3.8152E+01  4.1728E+01  2.9253E+00 -1.1751E+00 -1.1352E-01
  2.0959E+00  7.8000E+02  4.0360E+01  4.3419E+01  2.7450E+00 -1.1858E+00 -1.0917E-01
  1.6789E+00  8.2000E+02  4.2566E+01  4.5135E+01  2.5711E+00 -1.1722E+00 -1.0314E-01
  1.2795E+00  8.6000E+02  4.4673E+01  4.6781E+01  2.4056E+00 -1.1561E+00 -9.7419E-02
  8.9646E-01  9.0000E+02  4.6606E+01  4.8324E+01  2.2412E+00 -1.0183E+00 -8.2300E-02
  5.2834E-01  9.4000E+02  4.8752E+01  5.0245E+01  2.0756E+00 -6.1021E-01 -4.7393E-02
  1.7317E-01  9.8000E+02  5.1802E+01  5.5680E+01  1.9136E+00  6.7127E+00  5.0301E-01
