  25  3.9900000E+00
  2.7305E+01  2.0000E+01  9.2180E+00  1.5538E+01  9.1878E+00  0.0000E+00  0.0000E+00
  1.9481E+01  6.0000E+01  8.8444E+00  1.5558E+01  8.7566E+00  5.0238E-02  8.2931E-02
  1.6402E+01  1.0000E+02  8.6926E+00  1.5622E+01  8.5544E+00  7.0088E-02  4.5525E-02
  1.4363E+01  1.4000E+02  8.5590E+00  1.5784E+01  8.3075E+00  1.4498E-01  6.2383E-02
  1.2790E+01  1.8000E+02  8.4648E+00  1.6142E+01  7.8636E+00  2.8750E-01  9.5389E-02
  1.1485E+01  2.2000E+02  8.6699E+00  1.6781E+01  7.3049E+00  3.3219E-01  9.1505E-02
  1.0359E+01  2.6000E+02  9.3226E+00  1.7714E+01  6.6793E+00  2.4917E-01  5.9185E-02
  9.3656E+00  3.0000E+02  1.0421E+01  1.8886E+01  6.0798E+00  7.4090E-02  1.5524E-02
  8.4758E+00  3.4000E+02  1.1881E+01  2.0264E+01  5.5525E+00 -9.1283E-02 -1.7137E-02
  7.6684E+00  3.8000E+02  1.3635E+01  2.1840E+01  5.1111E+00 -2.2079E-01 -3.7609E-02
  6.9280E+00  4.2000E+02  1.5640E+01  2.3601E+01  4.7448E+00 -3.2991E-01 -5.1532E-02
  6.2433E+00  4.6000E+02  1.7834E+01  2.5493E+01  4.4344E+00 -4.4228E-01 -6.3891E-02
  5.6059E+00  5.0000E+02  2.0133E+01  2.7436E+01  4.1663E+00 -5.5685E-01 -7.4891E-02
  5.0093E+00  5.4000E+02  2.2438E+01  2.9345E+01  3.9330E+00 -6.6534E-01 -8.3738E-02
  4.4488E+00  5.8000E+02  2.4665E+01  3.1139E+01  3.7289E+00 -7.7170E-01 -9.1260E-02
  3.9204E+00  6.2000E+02  2.6772E+01  3.2774E+01  3.5471E+00 -8.9172E-01 -9.9416E-02
  3.4208E+00  6.6000E+02  2.8785E+01  3.4273E+01  3.3763E+00 -1.0308E+00 -1.0866E-01
  2.9471E+00  7.0000E+02  3.0792E+01  3.5725E+01  3.2048E+00 -1.1716E+00 -1.1709E-01
  2.4967E+00  7.4000E+02  3.2874E+01  3.7231E+01  3.0252E+00 -1.2785E+00 -1.2149E-01
  2.0672E+00  7.8000E+02  3.5063E+01  3.8848E+01  2.8392E+00 -1.3315E+00 -1.2066E-01
  1.6564E+00  8.2000E+02  3.7316E+01  4.0545E+01  2.6542E+00 -1.3531E+00 -1.1726E-01
  1.2627E+00  8.6000E+02  3.9535E+01  4.2224E+01  2.4760E+00 -1.3716E+00 -1.1392E-01
  8.8484E-01  9.0000E+02  4.1538E+01  4.3763E+01  2.3040E+00 -1.2306E+00 -9.8106E-02
  5.2159E-01  9.4000E+02  4.3630E+01  4.5568E+01  2.1360E+00 -7.8708E-01 -6.0321E-02
  1.7100E-01  9.8000E+02  4.6603E+01  5.0692E+01  1.9740E+00  6.1338E+00  4.5369E-01
