  25  3.9900000E+00
  2.7393E+01  2.0000E+01  9.7756E+00  1.6266E+01  9.7401E+00  0.0000E+00  0.0000E+00
  1.9600E+01  6.0000E+01  9.3735E+00  1.6283E+01  9.2845E+00  5.3708E-02  8.8299E-02
  1.6615E+01  1.0000E+02  9.2021E+00  1.6370E+01  9.0793E+00  8.6548E-02  5.4509E-02
  1.4615E+01  1.4000E+02  9.0505E+00  1.6559E+01  8.8405E+00  1.7034E-01  7.1893E-02
  1.3052E+01  1.8000E+02  8.9296E+00  1.6986E+01  8.3577E+00  3.5112E-01  1.1576E-01
  1.1743E+01  2.2000E+02  9.2245E+00  1.7831E+01  7.7072E+00  4.1997E-01  1.1602E-01
  1.0602E+01  2.6000E+02  1.0236E+01  1.9107E+01  6.9576E+00  2.3189E-01  5.5791E-02
  9.5902E+00  3.0000E+02  1.1981E+01  2.0746E+01  6.2338E+00 -1.0494E-01 -2.2404E-02
  8.6800E+00  3.4000E+02  1.4258E+01  2.2660E+01  5.6150E+00 -3.9936E-01 -7.6691E-02
  7.8523E+00  3.8000E+02  1.6842E+01  2.4782E+01  5.1226E+00 -5.5687E-01 -9.7243E-02
  7.0928E+00  4.2000E+02  1.9586E+01  2.7052E+01  4.7247E+00 -6.2520E-01 -1.0018E-01
  6.3904E+00  4.6000E+02  2.2449E+01  2.9422E+01  4.3898E+00 -7.0180E-01 -1.0400E-01
  5.7367E+00  5.0000E+02  2.5381E+01  3.1820E+01  4.0984E+00 -8.1668E-01 -1.1263E-01
  5.1252E+00  5.4000E+02  2.8303E+01  3.4171E+01  3.8408E+00 -9.3285E-01 -1.2036E-01
  4.5508E+00  5.8000E+02  3.1127E+01  3.6403E+01  3.6102E+00 -1.0323E+00 -1.2511E-01
  4.0093E+00  6.2000E+02  3.3787E+01  3.8460E+01  3.3999E+00 -1.1113E+00 -1.2695E-01
  3.4975E+00  6.6000E+02  3.6253E+01  4.0342E+01  3.2020E+00 -1.1441E+00 -1.2355E-01
  3.0124E+00  7.0000E+02  3.8620E+01  4.2165E+01  3.0108E+00 -1.1207E+00 -1.1471E-01
  2.5512E+00  7.4000E+02  4.0990E+01  4.4033E+01  2.8251E+00 -1.0881E+00 -1.0588E-01
  2.1115E+00  7.8000E+02  4.3343E+01  4.5921E+01  2.6476E+00 -1.0569E+00 -9.8051E-02
  1.6912E+00  8.2000E+02  4.5613E+01  4.7763E+01  2.4814E+00 -1.0169E+00 -9.0168E-02
  1.2887E+00  8.6000E+02  4.7745E+01  4.9478E+01  2.3262E+00 -1.0394E+00 -8.8265E-02
  9.0278E-01  9.0000E+02  4.9473E+01  5.0880E+01  2.1713E+00 -8.4178E-01 -6.8534E-02
  5.3210E-01  9.4000E+02  5.1670E+01  5.2941E+01  2.0127E+00 -3.6703E-01 -2.8704E-02
  1.7441E-01  9.8000E+02  5.4841E+01  5.8606E+01  1.8560E+00  6.9721E+00  5.2616E-01
