  25  8.5995000E+01
  2.7418E+01  2.0000E+01  5.1005E+00  1.2063E+02  2.7221E-01  0.0000E+00  0.0000E+00
  1.9641E+01  6.0000E+01  8.2543E+00  1.1856E+02  2.4491E-01 -6.7189E-01 -1.1024E+00
  1.6675E+01  1.0000E+02  8.7386E+00  1.1846E+02  2.3011E-01 -1.9748E-01 -1.2358E-01
  1.4685E+01  1.4000E+02  1.3378E+01  1.2058E+02  2.1604E-01 -1.2658E+00 -5.3132E-01
  1.3124E+01  1.8000E+02  2.5238E+01  1.2436E+02  1.9792E-01 -5.1753E+00 -1.7052E+00
  1.1812E+01  2.2000E+02  4.2987E+01  1.3008E+02  1.7593E-01 -9.1693E+00 -2.5375E+00
  1.0667E+01  2.6000E+02  6.2797E+01  1.3662E+02  1.5155E-01 -1.1581E+01 -2.7980E+00
  9.6487E+00  3.0000E+02  8.1816E+01  1.4331E+02  1.2771E-01 -1.2112E+01 -2.6015E+00
  8.7319E+00  3.4000E+02  9.9432E+01  1.4983E+02  1.0582E-01 -1.2104E+01 -2.3412E+00
  7.8977E+00  3.8000E+02  1.1558E+02  1.5604E+02  8.6059E-02 -1.1910E+01 -2.0962E+00
  7.1321E+00  4.2000E+02  1.3010E+02  1.6186E+02  6.8484E-02 -1.1370E+01 -1.8365E+00
  6.4246E+00  4.6000E+02  1.4290E+02  1.6723E+02  5.2998E-02 -1.0502E+01 -1.5676E+00
  5.7669E+00  5.0000E+02  1.5405E+02  1.7220E+02  3.9501E-02 -9.4035E+00 -1.3048E+00
  5.1524E+00  5.4000E+02  1.6359E+02  1.7680E+02  2.8194E-02 -8.0273E+00 -1.0406E+00
  4.5758E+00  5.8000E+02  1.7162E+02  1.8108E+02  1.9239E-02 -6.5102E+00 -7.9207E-01
  4.0324E+00  6.2000E+02  1.7835E+02  1.8508E+02  1.2552E-02 -5.0338E+00 -5.7705E-01
  3.5187E+00  6.6000E+02  1.8403E+02  1.8883E+02  7.8288E-03 -3.7346E+00 -4.0481E-01
  3.0313E+00  7.0000E+02  1.8888E+02  1.9238E+02  4.6644E-03 -2.6777E+00 -2.7533E-01
  2.5677E+00  7.4000E+02  1.9312E+02  1.9576E+02  2.6507E-03 -1.8762E+00 -1.8351E-01
  2.1255E+00  7.8000E+02  1.9693E+02  1.9897E+02  1.4341E-03 -1.3151E+00 -1.2268E-01
  1.7028E+00  8.2000E+02  2.0039E+02  2.0203E+02  7.3724E-04 -9.6518E-01 -8.6084E-02
  1.2978E+00  8.6000E+02  2.0356E+02  2.0488E+02  3.5757E-04 -7.8391E-01 -6.6981E-02
  9.0911E-01  9.0000E+02  2.0645E+02  2.0751E+02  1.5809E-04 -6.6342E-01 -5.4400E-02
  5.3557E-01  9.4000E+02  2.0916E+02  2.1018E+02  5.7304E-05 -1.2158E-01 -9.5816E-03
  1.7544E-01  9.8000E+02  2.1288E+02  2.1907E+02  1.4685E-05  1.4348E+01  1.0901E+00
