  25  8.5995000E+01
  2.5333E+01  2.0000E+01  2.9590E+00  1.0797E+02  2.0366E-02  0.0000E+00  0.0000E+00
  1.8012E+01  6.0000E+01  6.2000E+00  1.0791E+02  1.7296E-02 -4.5006E-01 -6.9512E-01
  1.4974E+01  1.0000E+02  8.2773E+00  1.0804E+02  1.6197E-02 -6.4239E-01 -4.1174E-01
  1.2919E+01  1.4000E+02  9.7192E+00  1.0753E+02  1.5360E-02 -9.5087E-01 -4.1233E-01
  1.1409E+01  1.8000E+02  1.2272E+01  1.0724E+02  1.4219E-02 -1.8821E+00 -5.9951E-01
  1.0216E+01  2.2000E+02  1.6414E+01  1.0782E+02  1.2925E-02 -2.9859E+00 -7.5150E-01
  9.2163E+00  2.6000E+02  2.1154E+01  1.0911E+02  1.1703E-02 -3.4530E+00 -7.2842E-01
  8.3462E+00  3.0000E+02  2.6426E+01  1.1087E+02  1.0572E-02 -4.0340E+00 -7.4048E-01
  7.5706E+00  3.4000E+02  3.2302E+01  1.1293E+02  9.4846E-03 -4.9135E+00 -8.0405E-01
  6.8682E+00  3.8000E+02  3.8708E+01  1.1522E+02  8.4138E-03 -5.8635E+00 -8.6896E-01
  6.2248E+00  4.2000E+02  4.5467E+01  1.1775E+02  7.3744E-03 -6.5800E+00 -8.9316E-01
  5.6299E+00  4.6000E+02  5.2421E+01  1.2059E+02  6.3906E-03 -6.9134E+00 -8.6767E-01
  5.0750E+00  5.0000E+02  5.9614E+01  1.2379E+02  5.4719E-03 -7.1843E+00 -8.4113E-01
  4.5532E+00  5.4000E+02  6.7204E+01  1.2730E+02  4.6046E-03 -7.8338E+00 -8.6234E-01
  4.0598E+00  5.8000E+02  7.5246E+01  1.3099E+02  3.7722E-03 -8.8038E+00 -9.1657E-01
  3.5911E+00  6.2000E+02  8.3651E+01  1.3481E+02  2.9773E-03 -9.7939E+00 -9.6854E-01
  3.1443E+00  6.6000E+02  9.2251E+01  1.3868E+02  2.2441E-03 -1.0595E+01 -9.9850E-01
  2.7175E+00  7.0000E+02  1.0087E+02  1.4255E+02  1.6047E-03 -1.1129E+01 -1.0023E+00
  2.3087E+00  7.4000E+02  1.0937E+02  1.4638E+02  1.0812E-03 -1.1404E+01 -9.8365E-01
  1.9163E+00  7.8000E+02  1.1762E+02  1.5014E+02  6.7928E-04 -1.1457E+01 -9.4833E-01
  1.5391E+00  8.2000E+02  1.2556E+02  1.5380E+02  3.9164E-04 -1.1337E+01 -9.0213E-01
  1.1759E+00  8.6000E+02  1.3314E+02  1.5734E+02  2.0276E-04 -1.1105E+01 -8.5093E-01
  8.2578E-01  9.0000E+02  1.4037E+02  1.6078E+02  8.9979E-05 -1.0843E+01 -8.0104E-01
  4.8763E-01  9.4000E+02  1.4769E+02  1.6445E+02  2.9632E-05 -1.0804E+01 -7.7080E-01
  1.6010E-01  9.8000E+02  1.5537E+02  1.7113E+02  6.7333E-06 -3.0230E+00 -2.0890E-01
