  25  8.5995000E+01
  2.7367E+01  2.0000E+01  5.0242E+00  1.2278E+02  2.6088E-01  0.0000E+00  0.0000E+00
  1.9563E+01  6.0000E+01  8.4627E+00  1.2098E+02  2.3426E-01 -6.7108E-01 -1.1049E+00
  1.6548E+01  1.0000E+02  9.3520E+00  1.2076E+02  2.1966E-01 -3.6869E-01 -2.3455E-01
  1.4534E+01  1.4000E+02  1.4496E+01  1.2253E+02  2.0557E-01 -1.6774E+00 -7.1274E-01
  1.2969E+01  1.8000E+02  2.5599E+01  1.2598E+02  1.8865E-01 -4.8873E+00 -1.6132E+00
  1.1662E+01  2.2000E+02  4.0676E+01  1.3096E+02  1.6998E-01 -7.7281E+00 -2.1312E+00
  1.0527E+01  2.6000E+02  5.7204E+01  1.3647E+02  1.5031E-01 -9.7040E+00 -2.3245E+00
  9.5212E+00  3.0000E+02  7.3209E+01  1.4206E+02  1.3100E-01 -1.0357E+01 -2.1975E+00
  8.6179E+00  3.4000E+02  8.8083E+01  1.4761E+02  1.1313E-01 -1.0321E+01 -1.9669E+00
  7.7973E+00  3.8000E+02  1.0184E+02  1.5315E+02  9.7029E-02 -1.0017E+01 -1.7345E+00
  7.0442E+00  4.2000E+02  1.1464E+02  1.5869E+02  8.2733E-02 -9.6284E+00 -1.5297E+00
  6.3475E+00  4.6000E+02  1.2654E+02  1.6415E+02  7.0144E-02 -9.2523E+00 -1.3601E+00
  5.6985E+00  5.0000E+02  1.3750E+02  1.6935E+02  5.9106E-02 -8.8688E+00 -1.2143E+00
  5.0909E+00  5.4000E+02  1.4735E+02  1.7411E+02  4.9529E-02 -8.3869E+00 -1.0751E+00
  4.5198E+00  5.8000E+02  1.5596E+02  1.7827E+02  4.1364E-02 -7.7918E+00 -9.3890E-01
  3.9813E+00  6.2000E+02  1.6332E+02  1.8174E+02  3.4437E-02 -7.2167E+00 -8.1990E-01
  3.4723E+00  6.6000E+02  1.6962E+02  1.8457E+02  2.8303E-02 -6.8271E+00 -7.3305E-01
  2.9903E+00  7.0000E+02  1.7534E+02  1.8709E+02  2.2408E-02 -6.6292E+00 -6.7421E-01
  2.5324E+00  7.4000E+02  1.8089E+02  1.8971E+02  1.6613E-02 -6.4065E+00 -6.1894E-01
  2.0960E+00  7.8000E+02  1.8615E+02  1.9245E+02  1.1393E-02 -5.7781E+00 -5.3200E-01
  1.6789E+00  8.2000E+02  1.9081E+02  1.9514E+02  7.2665E-03 -4.7057E+00 -4.1403E-01
  1.2795E+00  8.6000E+02  1.9476E+02  1.9764E+02  4.2896E-03 -3.6487E+00 -3.0746E-01
  8.9646E-01  9.0000E+02  1.9802E+02  1.9992E+02  2.1810E-03 -2.5462E+00 -2.0579E-01
  5.2834E-01  9.4000E+02  2.0122E+02  2.0278E+02  8.8609E-04 -9.1365E-01 -7.0960E-02
  1.7317E-01  9.8000E+02  2.0545E+02  2.1064E+02  2.8488E-04  1.0187E+01  7.6334E-01
