  25  3.9900000E+00
  2.5312E+01  2.0000E+01  8.2843E-01  1.0533E+01  8.1733E-01  0.0000E+00  0.0000E+00
  1.7999E+01  6.0000E+01  8.0660E-01  1.0554E+01  7.6598E-01  5.7638E-03  8.8930E-03
  1.4964E+01  1.0000E+02  8.1135E-01  1.0580E+01  7.3083E-01  6.9870E-03  4.4741E-03
  1.2913E+01  1.4000E+02  8.2194E-01  1.0612E+01  6.9565E-01  1.0760E-02  4.6577E-03
  1.1405E+01  1.8000E+02  8.2688E-01  1.0671E+01  6.4614E-01  3.5903E-02  1.1419E-02
  1.0214E+01  2.2000E+02  8.4575E-01  1.0780E+01  5.8655E-01  7.5100E-02  1.8878E-02
  9.2144E+00  2.6000E+02  8.9739E-01  1.0943E+01  5.2791E-01  1.1123E-01  2.3447E-02
  8.3446E+00  3.0000E+02  1.0015E+00  1.1158E+01  4.7308E-01  1.2797E-01  2.3486E-02
  7.5690E+00  3.4000E+02  1.1853E+00  1.1431E+01  4.2221E-01  1.1534E-01  1.8873E-02
  6.8667E+00  3.8000E+02  1.4699E+00  1.1771E+01  3.7558E-01  7.8623E-02  1.1650E-02
  6.2234E+00  4.2000E+02  1.8666E+00  1.2192E+01  3.3414E-01  3.7050E-02  5.0279E-03
  5.6288E+00  4.6000E+02  2.3866E+00  1.2712E+01  2.9783E-01  9.2180E-04  1.1566E-04
  5.0740E+00  5.0000E+02  3.0591E+00  1.3350E+01  2.6569E-01 -6.2244E-02 -7.2850E-03
  4.5525E+00  5.4000E+02  3.9258E+00  1.4112E+01  2.3664E-01 -2.0101E-01 -2.2119E-02
  4.0592E+00  5.8000E+02  5.0183E+00  1.4999E+01  2.0992E-01 -4.1589E-01 -4.3284E-02
  3.5905E+00  6.2000E+02  6.3352E+00  1.6007E+01  1.8538E-01 -6.5924E-01 -6.5177E-02
  3.1439E+00  6.6000E+02  7.8431E+00  1.7126E+01  1.6312E-01 -8.7248E-01 -8.2212E-02
  2.7171E+00  7.0000E+02  9.4978E+00  1.8339E+01  1.4299E-01 -1.0341E+00 -9.3116E-02
  2.3084E+00  7.4000E+02  1.1261E+01  1.9631E+01  1.2481E-01 -1.1539E+00 -9.9515E-02
  1.9161E+00  7.8000E+02  1.3104E+01  2.0983E+01  1.0848E-01 -1.2508E+00 -1.0352E-01
  1.5390E+00  8.2000E+02  1.5005E+01  2.2380E+01  9.3915E-02 -1.3379E+00 -1.0645E-01
  1.1758E+00  8.6000E+02  1.6945E+01  2.3801E+01  8.0964E-02 -1.4296E+00 -1.0952E-01
  8.2573E-01  9.0000E+02  1.8915E+01  2.5243E+01  6.9331E-02 -1.5071E+00 -1.1133E-01
  4.8761E-01  9.4000E+02  2.1054E+01  2.6862E+01  5.8453E-02 -1.5354E+00 -1.0953E-01
  1.6009E-01  9.8000E+02  2.3571E+01  3.0168E+01  4.8583E-02  2.4074E+00  1.6635E-01
