  25  8.5995000E+01
  2.5369E+01  2.0000E+01  2.9926E+00  1.0808E+02  2.9334E-02  0.0000E+00  0.0000E+00
  1.8029E+01  6.0000E+01  6.3381E+00  1.0805E+02  2.4897E-02 -4.5945E-01 -7.1152E-01
  1.4981E+01  1.0000E+02  8.4512E+00  1.0810E+02  2.3236E-02 -6.7528E-01 -4.3424E-01
  1.2923E+01  1.4000E+02  9.9230E+00  1.0757E+02  2.2046E-02 -9.7379E-01 -4.2277E-01
  1.1412E+01  1.8000E+02  1.2321E+01  1.0726E+02  2.0616E-02 -1.7921E+00 -5.7142E-01
  1.0218E+01  2.2000E+02  1.6365E+01  1.0782E+02  1.8959E-02 -2.9170E+00 -7.3451E-01
  9.2182E+00  2.6000E+02  2.1095E+01  1.0911E+02  1.7366E-02 -3.4439E+00 -7.2673E-01
  8.3478E+00  3.0000E+02  2.6402E+01  1.1087E+02  1.5854E-02 -4.0761E+00 -7.4852E-01
  7.5718E+00  3.4000E+02  3.2330E+01  1.1293E+02  1.4375E-02 -4.9781E+00 -8.1494E-01
  6.8691E+00  3.8000E+02  3.8780E+01  1.1522E+02  1.2910E-02 -5.9256E+00 -8.7850E-01
  6.2256E+00  4.2000E+02  4.5569E+01  1.1775E+02  1.1476E-02 -6.6239E+00 -8.9942E-01
  5.6305E+00  4.6000E+02  5.2554E+01  1.2059E+02  1.0103E-02 -6.9612E+00 -8.7396E-01
  5.0754E+00  5.0000E+02  5.9784E+01  1.2379E+02  8.8034E-03 -7.2509E+00 -8.4921E-01
  4.5535E+00  5.4000E+02  6.7385E+01  1.2729E+02  7.5653E-03 -7.8599E+00 -8.6540E-01
  4.0600E+00  5.8000E+02  7.5418E+01  1.3100E+02  6.3699E-03 -8.7763E+00 -9.1384E-01
  3.5912E+00  6.2000E+02  8.3809E+01  1.3481E+02  5.2131E-03 -9.7585E+00 -9.6515E-01
  3.1445E+00  6.6000E+02  9.2396E+01  1.3868E+02  4.1164E-03 -1.0562E+01 -9.9555E-01
  2.7176E+00  7.0000E+02  1.0100E+02  1.4255E+02  3.1170E-03 -1.1099E+01 -9.9963E-01
  2.3087E+00  7.4000E+02  1.0948E+02  1.4638E+02  2.2521E-03 -1.1371E+01 -9.8087E-01
  1.9163E+00  7.8000E+02  1.1772E+02  1.5013E+02  1.5432E-03 -1.1423E+01 -9.4556E-01
  1.5392E+00  8.2000E+02  1.2565E+02  1.5380E+02  9.9324E-04 -1.1308E+01 -8.9984E-01
  1.1760E+00  8.6000E+02  1.3322E+02  1.5734E+02  5.9227E-04 -1.1087E+01 -8.4957E-01
  8.2581E-01  9.0000E+02  1.4045E+02  1.6078E+02  3.1728E-04 -1.0828E+01 -7.9993E-01
  4.8765E-01  9.4000E+02  1.4777E+02  1.6446E+02  1.3811E-04 -1.0769E+01 -7.6833E-01
  1.6010E-01  9.8000E+02  1.5543E+02  1.7114E+02  4.6663E-05 -2.9950E+00 -2.0697E-01
