  25  8.5995000E+01
  2.7305E+01  2.0000E+01  4.7998E+00  1.2277E+02  2.5081E-01  0.0000E+00  0.0000E+00
  1.9481E+01  6.0000E+01  8.7597E+00  1.2151E+02  2.2467E-01 -6.6764E-01 -1.1021E+00
  1.6402E+01  1.0000E+02  1.0138E+01  1.2099E+02  2.1010E-01 -6.1551E-01 -3.9980E-01
  1.4363E+01  1.4000E+02  1.5514E+01  1.2241E+02  1.9623E-01 -1.9431E+00 -8.3607E-01
  1.2790E+01  1.8000E+02  2.5913E+01  1.2544E+02  1.8051E-01 -4.6826E+00 -1.5536E+00
  1.1485E+01  2.2000E+02  3.9294E+01  1.2953E+02  1.6384E-01 -7.1212E+00 -1.9616E+00
  1.0359E+01  2.6000E+02  5.3558E+01  1.3414E+02  1.4684E-01 -8.5718E+00 -2.0361E+00
  9.3656E+00  3.0000E+02  6.7205E+01  1.3886E+02  1.3049E-01 -8.9880E+00 -1.8833E+00
  8.4758E+00  3.4000E+02  7.9892E+01  1.4363E+02  1.1545E-01 -8.8965E+00 -1.6702E+00
  7.6684E+00  3.8000E+02  9.1827E+01  1.4848E+02  1.0177E-01 -8.7780E+00 -1.4953E+00
  6.9280E+00  4.2000E+02  1.0320E+02  1.5338E+02  8.9342E-02 -8.7358E+00 -1.3645E+00
  6.2433E+00  4.6000E+02  1.1398E+02  1.5822E+02  7.8160E-02 -8.6874E+00 -1.2550E+00
  5.6059E+00  5.0000E+02  1.2401E+02  1.6282E+02  6.8249E-02 -8.5015E+00 -1.1434E+00
  5.0093E+00  5.4000E+02  1.3308E+02  1.6705E+02  5.9619E-02 -8.1192E+00 -1.0219E+00
  4.4488E+00  5.8000E+02  1.4111E+02  1.7080E+02  5.2181E-02 -7.6416E+00 -9.0368E-01
  3.9204E+00  6.2000E+02  1.4822E+02  1.7406E+02  4.5670E-02 -7.2806E+00 -8.1170E-01
  3.4208E+00  6.6000E+02  1.5474E+02  1.7694E+02  3.9592E-02 -7.2968E+00 -7.6916E-01
  2.9471E+00  7.0000E+02  1.6113E+02  1.7963E+02  3.3362E-02 -7.7912E+00 -7.7865E-01
  2.4967E+00  7.4000E+02  1.6764E+02  1.8235E+02  2.6683E-02 -8.4404E+00 -8.0206E-01
  2.0672E+00  7.8000E+02  1.7414E+02  1.8517E+02  1.9883E-02 -8.5557E+00 -7.7533E-01
  1.6564E+00  8.2000E+02  1.8022E+02  1.8805E+02  1.3720E-02 -7.7794E+00 -6.7415E-01
  1.2627E+00  8.6000E+02  1.8552E+02  1.9080E+02  8.7384E-03 -6.4819E+00 -5.3839E-01
  8.8484E-01  9.0000E+02  1.8981E+02  1.9328E+02  5.0073E-03 -4.8001E+00 -3.8269E-01
  5.2159E-01  9.4000E+02  1.9363E+02  1.9620E+02  2.4671E-03 -2.4714E+00 -1.8940E-01
  1.7100E-01  9.8000E+02  1.9830E+02  2.0404E+02  1.0230E-03  9.0236E+00  6.6744E-01
