  25  3.9900000E+00
  2.7416E+01  2.0000E+01  1.0038E+01  1.5255E+01  1.0003E+01  0.0000E+00  0.0000E+00
  1.9643E+01  6.0000E+01  9.6234E+00  1.5269E+01  9.5345E+00  5.5216E-02  9.0544E-02
  1.6678E+01  1.0000E+02  9.4461E+00  1.5356E+01  9.3258E+00  8.9186E-02  5.5787E-02
  1.4691E+01  1.4000E+02  9.2926E+00  1.5540E+01  9.0971E+00  1.6956E-01  7.1112E-02
  1.3129E+01  1.8000E+02  9.1663E+00  1.5953E+01  8.6036E+00  3.4566E-01  1.1385E-01
  1.1817E+01  2.2000E+02  9.5233E+00  1.6865E+01  7.8348E+00  4.2243E-01  1.1697E-01
  1.0671E+01  2.6000E+02  1.0816E+01  1.8354E+01  6.9165E+00  1.7138E-01  4.1437E-02
  9.6520E+00  3.0000E+02  1.3014E+01  2.0301E+01  6.0788E+00 -2.4555E-01 -5.2786E-02
  8.7343E+00  3.4000E+02  1.5757E+01  2.2544E+01  5.4279E+00 -5.4537E-01 -1.0559E-01
  7.8993E+00  3.8000E+02  1.8731E+01  2.4943E+01  4.9257E+00 -6.8843E-01 -1.2127E-01
  7.1332E+00  4.2000E+02  2.1769E+01  2.7398E+01  4.5141E+00 -7.6152E-01 -1.2309E-01
  6.4254E+00  4.6000E+02  2.4787E+01  2.9849E+01  4.1648E+00 -8.0119E-01 -1.1965E-01
  5.7675E+00  5.0000E+02  2.7742E+01  3.2268E+01  3.8631E+00 -8.1399E-01 -1.1298E-01
  5.1530E+00  5.4000E+02  3.0618E+01  3.4646E+01  3.5972E+00 -8.1023E-01 -1.0506E-01
  4.5762E+00  5.8000E+02  3.3410E+01  3.6978E+01  3.3587E+00 -7.9765E-01 -9.7061E-02
  4.0328E+00  6.2000E+02  3.6119E+01  3.9264E+01  3.1424E+00 -7.7808E-01 -8.9210E-02
  3.5189E+00  6.6000E+02  3.8742E+01  4.1500E+01  2.9446E+00 -7.5266E-01 -8.1601E-02
  3.0315E+00  7.0000E+02  4.1273E+01  4.3679E+01  2.7625E+00 -7.2235E-01 -7.4288E-02
  2.5678E+00  7.4000E+02  4.3703E+01  4.5792E+01  2.5936E+00 -6.8357E-01 -6.6871E-02
  2.1256E+00  7.8000E+02  4.6029E+01  4.7841E+01  2.4360E+00 -6.2751E-01 -5.8538E-02
  1.7030E+00  8.2000E+02  4.8267E+01  4.9846E+01  2.2885E+00 -5.5138E-01 -4.9160E-02
  1.2983E+00  8.6000E+02  5.0465E+01  5.1854E+01  2.1493E+00 -4.6872E-01 -4.0026E-02
  9.0978E-01  9.0000E+02  5.2688E+01  5.3924E+01  2.0161E+00 -3.9454E-01 -3.2338E-02
  5.3621E-01  9.4000E+02  5.4959E+01  5.6155E+01  1.8841E+00 -1.0790E-01 -8.5039E-03
  1.7576E-01  9.8000E+02  5.8262E+01  6.3131E+01  1.7478E+00  1.0191E+01  7.7499E-01
