  25  3.9900000E+00
  2.7327E+01  2.0000E+01  9.3533E+00  1.5647E+01  9.3220E+00  0.0000E+00  0.0000E+00
  1.9514E+01  6.0000E+01  8.9723E+00  1.5666E+01  8.8848E+00  5.1191E-02  8.4379E-02
  1.6456E+01  1.0000E+02  8.8157E+00  1.5735E+01  8.6817E+00  7.3909E-02  4.7687E-02
  1.4424E+01  1.4000E+02  8.6778E+00  1.5902E+01  8.4349E+00  1.4997E-01  6.4317E-02
  1.2854E+01  1.8000E+02  8.5754E+00  1.6274E+01  7.9786E+00  3.0229E-01  1.0011E-01
  1.1548E+01  2.2000E+02  8.7988E+00  1.6959E+01  7.3924E+00  3.5330E-01  9.7337E-02
  1.0419E+01  2.6000E+02  9.5307E+00  1.7970E+01  6.7291E+00  2.4742E-01  5.8918E-02
  9.4223E+00  3.0000E+02  1.0767E+01  1.9248E+01  6.0943E+00  4.1991E-02  8.8329E-03
  8.5282E+00  3.4000E+02  1.2402E+01  2.0760E+01  5.5423E+00 -1.3795E-01 -2.6021E-02
  7.7164E+00  3.8000E+02  1.4351E+01  2.2496E+01  5.0890E+00 -2.6224E-01 -4.4914E-02
  6.9716E+00  4.2000E+02  1.6565E+01  2.4440E+01  4.7167E+00 -3.6180E-01 -5.6856E-02
  6.2823E+00  4.6000E+02  1.8978E+01  2.6527E+01  4.4021E+00 -4.7399E-01 -6.8925E-02
  5.6404E+00  5.0000E+02  2.1497E+01  2.8663E+01  4.1311E+00 -5.9720E-01 -8.0885E-02
  5.0394E+00  5.4000E+02  2.4008E+01  3.0741E+01  3.8962E+00 -7.1970E-01 -9.1251E-02
  4.4746E+00  5.8000E+02  2.6400E+01  3.2661E+01  3.6922E+00 -8.3601E-01 -9.9612E-02
  3.9423E+00  6.2000E+02  2.8612E+01  3.4363E+01  3.5118E+00 -9.5693E-01 -1.0748E-01
  3.4391E+00  6.6000E+02  3.0652E+01  3.5862E+01  3.3434E+00 -1.0752E+00 -1.1415E-01
  2.9623E+00  7.0000E+02  3.2636E+01  3.7286E+01  3.1742E+00 -1.1745E+00 -1.1815E-01
  2.5091E+00  7.4000E+02  3.4691E+01  3.8776E+01  2.9964E+00 -1.2478E+00 -1.1929E-01
  2.0772E+00  7.8000E+02  3.6862E+01  4.0392E+01  2.8123E+00 -1.2868E+00 -1.1727E-01
  1.6642E+00  8.2000E+02  3.9097E+01  4.2089E+01  2.6298E+00 -1.3024E+00 -1.1347E-01
  1.2686E+00  8.6000E+02  4.1280E+01  4.3756E+01  2.4541E+00 -1.3026E+00 -1.0873E-01
  8.8891E-01  9.0000E+02  4.3279E+01  4.5319E+01  2.2834E+00 -1.1489E+00 -9.2031E-02
  5.2395E-01  9.4000E+02  4.5393E+01  4.7172E+01  2.1163E+00 -7.1490E-01 -5.5047E-02
  1.7176E-01  9.8000E+02  4.8389E+01  5.2449E+01  1.9546E+00  6.4757E+00  4.8117E-01
