  25  3.9900000E+00
  2.6738E+01  2.0000E+01  4.7745E+00  1.0920E+01  4.7501E+00  0.0000E+00  0.0000E+00
  1.8806E+01  6.0000E+01  4.6262E+00  1.0930E+01  4.5270E+00  2.0048E-02  3.3548E-02
  1.5479E+01  1.0000E+02  4.5960E+00  1.0916E+01  4.4053E+00  4.7837E-03  3.3573E-03
  1.3280E+01  1.4000E+02  4.5798E+00  1.0907E+01  4.2982E+00  3.4138E-03  1.5843E-03
  1.1673E+01  1.8000E+02  4.5556E+00  1.0926E+01  4.1786E+00  2.6614E-02  9.0222E-03
  1.0415E+01  2.2000E+02  4.5105E+00  1.0993E+01  4.0212E+00  8.8923E-02  2.3594E-02
  9.3755E+00  2.6000E+02  4.4645E+00  1.1125E+01  3.8322E+00  1.7130E-01  3.7582E-02
  8.4798E+00  3.0000E+02  4.4617E+00  1.1336E+01  3.6257E+00  2.3947E-01  4.5254E-02
  7.6856E+00  3.4000E+02  4.5451E+00  1.1638E+01  3.3977E+00  2.7496E-01  4.6071E-02
  6.9674E+00  3.8000E+02  4.7631E+00  1.2038E+01  3.1550E+00  2.5363E-01  3.8428E-02
  6.3094E+00  4.2000E+02  5.1510E+00  1.2544E+01  2.9118E+00  1.7929E-01  2.4892E-02
  5.7005E+00  4.6000E+02  5.7237E+00  1.3163E+01  2.6789E+00  7.6266E-02  9.7968E-03
  5.1328E+00  5.0000E+02  6.4907E+00  1.3902E+01  2.4657E+00 -4.9674E-02 -5.9496E-03
  4.6001E+00  5.4000E+02  7.4521E+00  1.4763E+01  2.2763E+00 -1.8879E-01 -2.1219E-02
  4.0975E+00  5.8000E+02  8.5940E+00  1.5742E+01  2.1081E+00 -3.2486E-01 -3.4447E-02
  3.6213E+00  6.2000E+02  9.8966E+00  1.6829E+01  1.9566E+00 -4.5260E-01 -4.5476E-02
  3.1683E+00  6.6000E+02  1.1337E+01  1.8009E+01  1.8186E+00 -5.7358E-01 -5.4810E-02
  2.7363E+00  7.0000E+02  1.2892E+01  1.9266E+01  1.6923E+00 -6.9096E-01 -6.2984E-02
  2.3231E+00  7.4000E+02  1.4538E+01  2.0577E+01  1.5765E+00 -8.0976E-01 -7.0590E-02
  1.9271E+00  7.8000E+02  1.6248E+01  2.1918E+01  1.4700E+00 -9.3054E-01 -7.7745E-02
  1.5469E+00  8.2000E+02  1.7996E+01  2.3271E+01  1.3711E+00 -1.0409E+00 -8.3497E-02
  1.1813E+00  8.6000E+02  1.9764E+01  2.4633E+01  1.2777E+00 -1.1089E+00 -8.5537E-02
  8.2912E-01  9.0000E+02  2.1579E+01  2.6049E+01  1.1891E+00 -1.1336E+00 -8.4219E-02
  4.8931E-01  9.4000E+02  2.3512E+01  2.7587E+01  1.1048E+00 -1.1640E+00 -8.3448E-02
  1.6053E-01  9.8000E+02  2.5714E+01  3.0297E+01  1.0250E+00  1.5443E+00  1.0712E-01
