  25  3.9900000E+00
  2.7201E+01  2.0000E+01  8.5652E+00  1.4788E+01  8.5388E+00  0.0000E+00  0.0000E+00
  1.9346E+01  6.0000E+01  8.2268E+00  1.4809E+01  8.1371E+00  4.5764E-02  7.5844E-02
  1.6182E+01  1.0000E+02  8.0978E+00  1.4849E+01  7.9426E+00  5.3467E-02  3.5686E-02
  1.4103E+01  1.4000E+02  7.9939E+00  1.4973E+01  7.7093E+00  1.0985E-01  4.8185E-02
  1.2519E+01  1.8000E+02  7.9260E+00  1.5249E+01  7.3237E+00  2.1719E-01  7.2595E-02
  1.1216E+01  2.2000E+02  8.0522E+00  1.5698E+01  6.8738E+00  2.4741E-01  6.7998E-02
  1.0103E+01  2.6000E+02  8.4177E+00  1.6308E+01  6.3972E+00  2.2014E-01  5.1687E-02
  9.1283E+00  3.0000E+02  9.0148E+00  1.7053E+01  5.9337E+00  1.5163E-01  3.1187E-02
  8.2591E+00  3.4000E+02  9.8256E+00  1.7928E+01  5.5074E+00  7.4043E-02  1.3578E-02
  7.4730E+00  3.8000E+02  1.0858E+01  1.8948E+01  5.1199E+00 -1.6439E-02 -2.7263E-03
  6.7538E+00  4.2000E+02  1.2129E+01  2.0122E+01  4.7724E+00 -1.3468E-01 -2.0438E-02
  6.0895E+00  4.6000E+02  1.3622E+01  2.1438E+01  4.4647E+00 -2.6747E-01 -3.7486E-02
  5.4714E+00  5.0000E+02  1.5286E+01  2.2863E+01  4.1932E+00 -3.8553E-01 -5.0273E-02
  4.8930E+00  5.4000E+02  1.7060E+01  2.4355E+01  3.9528E+00 -4.8740E-01 -5.9480E-02
  4.3491E+00  5.8000E+02  1.8901E+01  2.5873E+01  3.7379E+00 -5.9421E-01 -6.8186E-02
  3.8356E+00  6.2000E+02  2.0786E+01  2.7387E+01  3.5418E+00 -7.2145E-01 -7.8153E-02
  3.3493E+00  6.6000E+02  2.2710E+01  2.8888E+01  3.3585E+00 -8.7068E-01 -8.9342E-02
  2.8872E+00  7.0000E+02  2.4677E+01  3.0379E+01  3.1824E+00 -1.0312E+00 -1.0052E-01
  2.4471E+00  7.4000E+02  2.6685E+01  3.1867E+01  3.0097E+00 -1.1805E+00 -1.0962E-01
  2.0268E+00  7.8000E+02  2.8732E+01  3.3369E+01  2.8381E+00 -1.2961E+00 -1.1493E-01
  1.6245E+00  8.2000E+02  3.0809E+01  3.4893E+01  2.6675E+00 -1.3779E+00 -1.1693E-01
  1.2388E+00  8.6000E+02  3.2888E+01  3.6411E+01  2.4991E+00 -1.4534E+00 -1.1829E-01
  8.6824E-01  9.0000E+02  3.4858E+01  3.7852E+01  2.3330E+00 -1.4256E+00 -1.1144E-01
  5.1187E-01  9.4000E+02  3.6873E+01  3.9461E+01  2.1676E+00 -1.1405E+00 -8.5749E-02
  1.6783E-01  9.8000E+02  3.9597E+01  4.3638E+01  2.0069E+00  4.2256E+00  3.0671E-01
