  25  3.9900000E+00
  2.6734E+01  2.0000E+01  4.7745E+00  1.0908E+01  4.7500E+00  0.0000E+00  0.0000E+00
  1.8800E+01  6.0000E+01  4.6267E+00  1.0918E+01  4.5268E+00  1.9958E-02  3.3406E-02
  1.5471E+01  1.0000E+02  4.5967E+00  1.0903E+01  4.4051E+00  4.3706E-03  3.0692E-03
  1.3273E+01  1.4000E+02  4.5795E+00  1.0894E+01  4.2985E+00  3.7887E-03  1.7577E-03
  1.1667E+01  1.8000E+02  4.5537E+00  1.0913E+01  4.1808E+00  2.8043E-02  9.4990E-03
  1.0411E+01  2.2000E+02  4.5073E+00  1.0980E+01  4.0251E+00  9.0261E-02  2.3926E-02
  9.3717E+00  2.6000E+02  4.4597E+00  1.1112E+01  3.8358E+00  1.7307E-01  3.7937E-02
  8.4767E+00  3.0000E+02  4.4558E+00  1.1324E+01  3.6288E+00  2.4098E-01  4.5506E-02
  7.6829E+00  3.4000E+02  4.5379E+00  1.1625E+01  3.4004E+00  2.7618E-01  4.6250E-02
  6.9651E+00  3.8000E+02  4.7539E+00  1.2025E+01  3.1576E+00  2.5529E-01  3.8661E-02
  6.3074E+00  4.2000E+02  5.1386E+00  1.2529E+01  2.9144E+00  1.8152E-01  2.5190E-02
  5.6988E+00  4.6000E+02  5.7064E+00  1.3145E+01  2.6817E+00  7.9869E-02  1.0255E-02
  5.1314E+00  5.0000E+02  6.4670E+00  1.3881E+01  2.4686E+00 -4.3803E-02 -5.2439E-03
  4.5989E+00  5.4000E+02  7.4217E+00  1.4739E+01  2.2793E+00 -1.8177E-01 -2.0421E-02
  4.0965E+00  5.8000E+02  8.5584E+00  1.5715E+01  2.1110E+00 -3.1924E-01 -3.3837E-02
  3.6205E+00  6.2000E+02  9.8576E+00  1.6800E+01  1.9594E+00 -4.5028E-01 -4.5226E-02
  3.1677E+00  6.6000E+02  1.1296E+01  1.7979E+01  1.8212E+00 -5.7320E-01 -5.4754E-02
  2.7358E+00  7.0000E+02  1.2850E+01  1.9234E+01  1.6945E+00 -6.9093E-01 -6.2960E-02
  2.3228E+00  7.4000E+02  1.4495E+01  2.0545E+01  1.5784E+00 -8.0974E-01 -7.0567E-02
  1.9269E+00  7.8000E+02  1.6207E+01  2.1889E+01  1.4717E+00 -9.3066E-01 -7.7734E-02
  1.5467E+00  8.2000E+02  1.7958E+01  2.3244E+01  1.3724E+00 -1.0406E+00 -8.3457E-02
  1.1812E+00  8.6000E+02  1.9730E+01  2.4612E+01  1.2788E+00 -1.1070E+00 -8.5374E-02
  8.2909E-01  9.0000E+02  2.1555E+01  2.6037E+01  1.1899E+00 -1.1336E+00 -8.4212E-02
  4.8930E-01  9.4000E+02  2.3497E+01  2.7582E+01  1.1056E+00 -1.1698E+00 -8.3865E-02
  1.6053E-01  9.8000E+02  2.5703E+01  3.0296E+01  1.0257E+00  1.5454E+00  1.0719E-01
