  25  8.5995000E+01
  2.6623E+01  2.0000E+01  4.2528E+00  1.1340E+02  1.1923E-01  0.0000E+00  0.0000E+00
  1.8733E+01  6.0000E+01  9.6284E+00  1.1377E+02  1.0377E-01 -6.3483E-01 -1.0568E+00
  1.5425E+01  1.0000E+02  1.2475E+01  1.1292E+02  9.5922E-02 -1.1175E+00 -7.7988E-01
  1.3235E+01  1.4000E+02  1.4020E+01  1.1170E+02  9.0928E-02 -1.2639E+00 -5.8407E-01
  1.1636E+01  1.8000E+02  1.5903E+01  1.1071E+02  8.6800E-02 -1.7922E+00 -6.0469E-01
  1.0385E+01  2.2000E+02  1.9244E+01  1.1051E+02  8.2462E-02 -2.8366E+00 -7.4859E-01
  9.3506E+00  2.6000E+02  2.3904E+01  1.1118E+02  7.7760E-02 -3.8566E+00 -8.4172E-01
  8.4589E+00  3.0000E+02  2.9708E+01  1.1263E+02  7.2856E-02 -4.8735E+00 -9.1683E-01
  7.6677E+00  3.4000E+02  3.6410E+01  1.1469E+02  6.7741E-02 -5.8701E+00 -9.7985E-01
  6.9520E+00  3.8000E+02  4.3841E+01  1.1717E+02  6.2403E-02 -6.9267E+00 -1.0459E+00
  6.2961E+00  4.2000E+02  5.1730E+01  1.1994E+02  5.6990E-02 -7.7919E+00 -1.0783E+00
  5.6892E+00  4.6000E+02  5.9791E+01  1.2298E+02  5.1626E-02 -8.2745E+00 -1.0595E+00
  5.1233E+00  5.0000E+02  6.7932E+01  1.2627E+02  4.6404E-02 -8.5820E+00 -1.0246E+00
  4.5922E+00  5.4000E+02  7.6145E+01  1.2977E+02  4.1375E-02 -8.8782E+00 -9.9485E-01
  4.0910E+00  5.8000E+02  8.4418E+01  1.3342E+02  3.6559E-02 -9.2161E+00 -9.7450E-01
  3.6160E+00  6.2000E+02  9.2723E+01  1.3717E+02  3.1973E-02 -9.5836E+00 -9.6048E-01
  3.1641E+00  6.6000E+02  1.0099E+02  1.4096E+02  2.7629E-02 -9.9092E+00 -9.4473E-01
  2.7330E+00  7.0000E+02  1.0914E+02  1.4474E+02  2.3533E-02 -1.0133E+01 -9.2176E-01
  2.3205E+00  7.4000E+02  1.1707E+02  1.4845E+02  1.9693E-02 -1.0240E+01 -8.9099E-01
  1.9252E+00  7.8000E+02  1.2473E+02  1.5205E+02  1.6124E-02 -1.0252E+01 -8.5510E-01
  1.5455E+00  8.2000E+02  1.3207E+02  1.5553E+02  1.2849E-02 -1.0196E+01 -8.1675E-01
  1.1804E+00  8.6000E+02  1.3908E+02  1.5889E+02  9.9077E-03 -9.9937E+00 -7.6998E-01
  8.2854E-01  9.0000E+02  1.4579E+02  1.6223E+02  7.3437E-03 -9.5768E+00 -7.1085E-01
  4.8900E-01  9.4000E+02  1.5230E+02  1.6568E+02  5.1826E-03 -8.9938E+00 -6.4428E-01
  1.6044E-01  9.8000E+02  1.5892E+02  1.7135E+02  3.4474E-03 -2.9132E+00 -2.0194E-01
