  25  3.9900000E+00
  2.7410E+01  2.0000E+01  9.9131E+00  1.5939E+01  9.8773E+00  0.0000E+00  0.0000E+00
  1.9627E+01  6.0000E+01  9.5046E+00  1.5954E+01  9.4151E+00  5.4470E-02  8.9448E-02
  1.6656E+01  1.0000E+02  9.3297E+00  1.6043E+01  9.2083E+00  8.8771E-02  5.5639E-02
  1.4663E+01  1.4000E+02  9.1761E+00  1.6234E+01  8.9719E+00  1.7272E-01  7.2643E-02
  1.3100E+01  1.8000E+02  9.0540E+00  1.6662E+01  8.4836E+00  3.5213E-01  1.1610E-01
  1.1789E+01  2.2000E+02  9.3713E+00  1.7535E+01  7.7965E+00  4.2441E-01  1.1738E-01
  1.0646E+01  2.6000E+02  1.0484E+01  1.8899E+01  6.9910E+00  2.1960E-01  5.2951E-02
  9.6308E+00  3.0000E+02  1.2418E+01  2.0678E+01  6.2223E+00 -1.5263E-01 -3.2698E-02
  8.7166E+00  3.4000E+02  1.4933E+01  2.2754E+01  5.5838E+00 -4.8014E-01 -9.2615E-02
  7.8846E+00  3.8000E+02  1.7760E+01  2.5021E+01  5.0806E+00 -6.7271E-01 -1.1808E-01
  7.1209E+00  4.2000E+02  2.0730E+01  2.7391E+01  4.6688E+00 -7.8527E-01 -1.2653E-01
  6.4148E+00  4.6000E+02  2.3744E+01  2.9782E+01  4.3170E+00 -8.8386E-01 -1.3167E-01
  5.7582E+00  5.0000E+02  2.6732E+01  3.2136E+01  4.0076E+00 -9.6395E-01 -1.3353E-01
  5.1446E+00  5.4000E+02  2.9655E+01  3.4445E+01  3.7303E+00 -1.0015E+00 -1.2965E-01
  4.5687E+00  5.8000E+02  3.2499E+01  3.6713E+01  3.4786E+00 -1.0019E+00 -1.2173E-01
  4.0261E+00  6.2000E+02  3.5253E+01  3.8937E+01  3.2483E+00 -9.7647E-01 -1.1180E-01
  3.5129E+00  6.6000E+02  3.7915E+01  4.1119E+01  3.0372E+00 -9.3398E-01 -1.0112E-01
  3.0262E+00  7.0000E+02  4.0481E+01  4.3255E+01  2.8435E+00 -8.8343E-01 -9.0725E-02
  2.5631E+00  7.4000E+02  4.2950E+01  4.5340E+01  2.6651E+00 -8.2959E-01 -8.1044E-02
  2.1215E+00  7.8000E+02  4.5316E+01  4.7365E+01  2.5001E+00 -7.7217E-01 -7.1938E-02
  1.6995E+00  8.2000E+02  4.7584E+01  4.9332E+01  2.3466E+00 -7.1357E-01 -6.3540E-02
  1.2952E+00  8.6000E+02  4.9768E+01  5.1247E+01  2.2024E+00 -6.6361E-01 -5.6597E-02
  9.0734E-01  9.0000E+02  5.1886E+01  5.3134E+01  2.0638E+00 -5.9493E-01 -4.8689E-02
  5.3444E-01  9.4000E+02  5.4034E+01  5.5136E+01  1.9268E+00 -3.9525E-01 -3.1096E-02
  1.7501E-01  9.8000E+02  5.6686E+01  6.0990E+01  1.7839E+00  8.9083E+00  6.7554E-01
