  25  3.9900000E+00
  2.6836E+01  2.0000E+01  5.0796E+00  1.1019E+01  5.0540E+00  0.0000E+00  0.0000E+00
  1.8871E+01  6.0000E+01  4.9212E+00  1.1030E+01  4.8170E+00  2.1195E-02  3.5614E-02
  1.5531E+01  1.0000E+02  4.8890E+00  1.1013E+01  4.6887E+00  4.4767E-03  3.1550E-03
  1.3325E+01  1.4000E+02  4.8730E+00  1.1002E+01  4.5747E+00  2.2957E-03  1.0684E-03
  1.1713E+01  1.8000E+02  4.8500E+00  1.1019E+01  4.4458E+00  2.5001E-02  8.5054E-03
  1.0449E+01  2.2000E+02  4.8050E+00  1.1085E+01  4.2796E+00  8.8180E-02  2.3510E-02
  9.4037E+00  2.6000E+02  4.7600E+00  1.1218E+01  4.0843E+00  1.6963E-01  3.7408E-02
  8.5037E+00  3.0000E+02  4.7585E+00  1.1430E+01  3.8694E+00  2.3802E-01  4.5197E-02
  7.7061E+00  3.4000E+02  4.8458E+00  1.1736E+01  3.6294E+00  2.7426E-01  4.6152E-02
  6.9852E+00  3.8000E+02  5.0730E+00  1.2146E+01  3.3715E+00  2.5292E-01  3.8470E-02
  6.3247E+00  4.2000E+02  5.4775E+00  1.2666E+01  3.1120E+00  1.7529E-01  2.4427E-02
  5.7136E+00  4.6000E+02  6.0746E+00  1.3304E+01  2.8631E+00  6.5748E-02  8.4765E-03
  5.1439E+00  5.0000E+02  6.8711E+00  1.4062E+01  2.6356E+00 -6.6697E-02 -8.0168E-03
  4.6093E+00  5.4000E+02  7.8616E+00  1.4942E+01  2.4341E+00 -2.0599E-01 -2.3231E-02
  4.1052E+00  5.8000E+02  9.0273E+00  1.5939E+01  2.2557E+00 -3.3552E-01 -3.5690E-02
  3.6275E+00  6.2000E+02  1.0346E+01  1.7041E+01  2.0955E+00 -4.5346E-01 -4.5695E-02
  3.1734E+00  6.6000E+02  1.1796E+01  1.8234E+01  1.9501E+00 -5.6598E-01 -5.4228E-02
  2.7403E+00  7.0000E+02  1.3355E+01  1.9499E+01  1.8172E+00 -6.7908E-01 -6.2050E-02
  2.3262E+00  7.4000E+02  1.4998E+01  2.0812E+01  1.6955E+00 -7.9771E-01 -6.9692E-02
  1.9294E+00  7.8000E+02  1.6701E+01  2.2149E+01  1.5835E+00 -9.2082E-01 -7.7083E-02
  1.5486E+00  8.2000E+02  1.8433E+01  2.3488E+01  1.4791E+00 -1.0306E+00 -8.2814E-02
  1.1824E+00  8.6000E+02  2.0174E+01  2.4832E+01  1.3805E+00 -1.0875E+00 -8.4010E-02
  8.2988E-01  9.0000E+02  2.1962E+01  2.6234E+01  1.2867E+00 -1.0930E+00 -8.1296E-02
  4.8973E-01  9.4000E+02  2.3877E+01  2.7768E+01  1.1980E+00 -1.1209E+00 -8.0443E-02
  1.6065E-01  9.8000E+02  2.6047E+01  3.0401E+01  1.1144E+00  1.4085E+00  9.7793E-02
