  25  3.9900000E+00
  2.7417E+01  2.0000E+01  9.9631E+00  1.5591E+01  9.9275E+00  0.0000E+00  0.0000E+00
  1.9636E+01  6.0000E+01  9.5522E+00  1.5606E+01  9.4627E+00  5.4692E-02  8.9778E-02
  1.6669E+01  1.0000E+02  9.3763E+00  1.5694E+01  9.2552E+00  8.8915E-02  5.5668E-02
  1.4678E+01  1.4000E+02  9.2228E+00  1.5881E+01  9.0220E+00  1.7127E-01  7.1945E-02
  1.3115E+01  1.8000E+02  9.0992E+00  1.6300E+01  8.5323E+00  3.4705E-01  1.1441E-01
  1.1804E+01  2.2000E+02  9.4290E+00  1.7185E+01  7.8125E+00  4.2312E-01  1.1705E-01
  1.0660E+01  2.6000E+02  1.0619E+01  1.8603E+01  6.9553E+00  1.9974E-01  4.8209E-02
  9.6434E+00  3.0000E+02  1.2684E+01  2.0466E+01  6.1496E+00 -1.9870E-01 -4.2629E-02
  8.7275E+00  3.4000E+02  1.5324E+01  2.2630E+01  5.5009E+00 -5.2011E-01 -1.0050E-01
  7.8940E+00  3.8000E+02  1.8244E+01  2.4973E+01  4.9963E+00 -6.9118E-01 -1.2155E-01
  7.1290E+00  4.2000E+02  2.1268E+01  2.7396E+01  4.5834E+00 -7.8704E-01 -1.2703E-01
  6.4219E+00  4.6000E+02  2.4305E+01  2.9824E+01  4.2309E+00 -8.6024E-01 -1.2833E-01
  5.7645E+00  5.0000E+02  2.7297E+01  3.2221E+01  3.9229E+00 -9.0580E-01 -1.2562E-01
  5.1503E+00  5.4000E+02  3.0215E+01  3.4576E+01  3.6492E+00 -9.1596E-01 -1.1869E-01
  4.5739E+00  5.8000E+02  3.3047E+01  3.6889E+01  3.4025E+00 -9.0140E-01 -1.0963E-01
  4.0307E+00  6.2000E+02  3.5785E+01  3.9154E+01  3.1783E+00 -8.6935E-01 -9.9625E-02
  3.5171E+00  6.6000E+02  3.8427E+01  4.1373E+01  2.9740E+00 -8.2330E-01 -8.9215E-02
  3.0299E+00  7.0000E+02  4.0976E+01  4.3548E+01  2.7869E+00 -7.6896E-01 -7.9041E-02
  2.5664E+00  7.4000E+02  4.3441E+01  4.5682E+01  2.6147E+00 -7.1180E-01 -6.9602E-02
  2.1244E+00  7.8000E+02  4.5830E+01  4.7780E+01  2.4555E+00 -6.5874E-01 -6.1433E-02
  1.7018E+00  8.2000E+02  4.8147E+01  4.9837E+01  2.3076E+00 -6.1620E-01 -5.4936E-02
  1.2970E+00  8.6000E+02  5.0393E+01  5.1844E+01  2.1691E+00 -5.9075E-01 -5.0454E-02
  9.0851E-01  9.0000E+02  5.2559E+01  5.3783E+01  2.0374E+00 -5.8427E-01 -4.7894E-02
  5.3507E-01  9.4000E+02  5.4589E+01  5.5675E+01  1.9056E+00 -3.7181E-01 -2.9294E-02
  1.7521E-01  9.8000E+02  5.7216E+01  6.1892E+01  1.7652E+00  9.9765E+00  7.5744E-01
