  25  3.9900000E+00
  2.7411E+01  2.0000E+01  9.9131E+00  1.5941E+01  9.8773E+00  0.0000E+00  0.0000E+00
  1.9627E+01  6.0000E+01  9.5046E+00  1.5956E+01  9.4151E+00  5.4469E-02  8.9452E-02
  1.6656E+01  1.0000E+02  9.3297E+00  1.6045E+01  9.2082E+00  8.8735E-02  5.5620E-02
  1.4663E+01  1.4000E+02  9.1762E+00  1.6236E+01  8.9723E+00  1.7272E-01  7.2632E-02
  1.3100E+01  1.8000E+02  9.0542E+00  1.6663E+01  8.4847E+00  3.5172E-01  1.1596E-01
  1.1789E+01  2.2000E+02  9.3712E+00  1.7537E+01  7.7982E+00  4.2424E-01  1.1734E-01
  1.0646E+01  2.6000E+02  1.0484E+01  1.8898E+01  6.9931E+00  2.1767E-01  5.2489E-02
  9.6307E+00  3.0000E+02  1.2417E+01  2.0673E+01  6.2239E+00 -1.5592E-01 -3.3402E-02
  8.7165E+00  3.4000E+02  1.4931E+01  2.2746E+01  5.5837E+00 -4.8202E-01 -9.2973E-02
  7.8845E+00  3.8000E+02  1.7760E+01  2.5017E+01  5.0793E+00 -6.7197E-01 -1.1795E-01
  7.1208E+00  4.2000E+02  2.0729E+01  2.7388E+01  4.6674E+00 -7.8131E-01 -1.2589E-01
  6.4148E+00  4.6000E+02  2.3741E+01  2.9781E+01  4.3160E+00 -8.7862E-01 -1.3088E-01
  5.7582E+00  5.0000E+02  2.6730E+01  3.2140E+01  4.0069E+00 -9.5918E-01 -1.3287E-01
  5.1446E+00  5.4000E+02  2.9657E+01  3.4454E+01  3.7302E+00 -9.9872E-01 -1.2929E-01
  4.5687E+00  5.8000E+02  3.2502E+01  3.6721E+01  3.4789E+00 -1.0019E+00 -1.2174E-01
  4.0261E+00  6.2000E+02  3.5254E+01  3.8943E+01  3.2490E+00 -9.7708E-01 -1.1187E-01
  3.5129E+00  6.6000E+02  3.7912E+01  4.1122E+01  3.0382E+00 -9.3457E-01 -1.0118E-01
  3.0261E+00  7.0000E+02  4.0477E+01  4.3257E+01  2.8446E+00 -8.8419E-01 -9.0803E-02
  2.5631E+00  7.4000E+02  4.2946E+01  4.5340E+01  2.6663E+00 -8.3114E-01 -8.1195E-02
  2.1215E+00  7.8000E+02  4.5312E+01  4.7365E+01  2.5012E+00 -7.7416E-01 -7.2124E-02
  1.6995E+00  8.2000E+02  4.7581E+01  4.9331E+01  2.3476E+00 -7.1630E-01 -6.3784E-02
  1.2952E+00  8.6000E+02  4.9763E+01  5.1244E+01  2.2034E+00 -6.6707E-01 -5.6892E-02
  9.0734E-01  9.0000E+02  5.1876E+01  5.3126E+01  2.0647E+00 -5.9525E-01 -4.8714E-02
  5.3445E-01  9.4000E+02  5.4029E+01  5.5133E+01  1.9275E+00 -3.9188E-01 -3.0830E-02
  1.7502E-01  9.8000E+02  5.6694E+01  6.0990E+01  1.7844E+00  8.8826E+00  6.7360E-01
