  25  3.9900000E+00
  2.7252E+01  2.0000E+01  8.9135E+00  1.5295E+01  8.8859E+00  0.0000E+00  0.0000E+00
  1.9417E+01  6.0000E+01  8.5560E+00  1.5317E+01  8.4681E+00  4.8401E-02  8.0004E-02
  1.6293E+01  1.0000E+02  8.4153E+00  1.5369E+01  8.2687E+00  6.1755E-02  4.0704E-02
  1.4234E+01  1.4000E+02  8.2954E+00  1.5515E+01  8.0258E+00  1.2910E-01  5.6090E-02
  1.2655E+01  1.8000E+02  8.2161E+00  1.5838E+01  7.6099E+00  2.5481E-01  8.4867E-02
  1.1350E+01  2.2000E+02  8.3830E+00  1.6381E+01  7.1100E+00  2.8803E-01  7.9303E-02
  1.0231E+01  2.6000E+02  8.8782E+00  1.7144E+01  6.5662E+00  2.3945E-01  5.6571E-02
  9.2462E+00  3.0000E+02  9.7023E+00  1.8091E+01  6.0402E+00  1.2480E-01  2.5920E-02
  8.3661E+00  3.4000E+02  1.0812E+01  1.9200E+01  5.5651E+00 -1.8252E-03 -3.3890E-04
  7.5688E+00  3.8000E+02  1.2176E+01  2.0466E+01  5.1496E+00 -1.2236E-01 -2.0582E-02
  6.8387E+00  4.2000E+02  1.3770E+01  2.1884E+01  4.7938E+00 -2.4076E-01 -3.7089E-02
  6.1641E+00  4.6000E+02  1.5553E+01  2.3428E+01  4.4877E+00 -3.5381E-01 -5.0356E-02
  5.5365E+00  5.0000E+02  1.7463E+01  2.5055E+01  4.2213E+00 -4.5203E-01 -5.9853E-02
  4.9493E+00  5.4000E+02  1.9439E+01  2.6710E+01  3.9875E+00 -5.4508E-01 -6.7523E-02
  4.3975E+00  5.8000E+02  2.1424E+01  2.8338E+01  3.7804E+00 -6.4910E-01 -7.5569E-02
  3.8770E+00  6.2000E+02  2.3401E+01  2.9907E+01  3.5928E+00 -7.8238E-01 -8.5927E-02
  3.3843E+00  6.6000E+02  2.5385E+01  3.1421E+01  3.4160E+00 -9.5528E-01 -9.9298E-02
  2.9166E+00  7.0000E+02  2.7406E+01  3.2905E+01  3.2415E+00 -1.1475E+00 -1.1322E-01
  2.4715E+00  7.4000E+02  2.9484E+01  3.4400E+01  3.0631E+00 -1.3090E+00 -1.2293E-01
  2.0467E+00  7.8000E+02  3.1629E+01  3.5951E+01  2.8796E+00 -1.3997E+00 -1.2544E-01
  1.6403E+00  8.2000E+02  3.3834E+01  3.7572E+01  2.6950E+00 -1.4368E+00 -1.2318E-01
  1.2507E+00  8.6000E+02  3.6044E+01  3.9205E+01  2.5146E+00 -1.4778E+00 -1.2149E-01
  8.7651E-01  9.0000E+02  3.8067E+01  4.0713E+01  2.3403E+00 -1.3804E+00 -1.0897E-01
  5.1673E-01  9.4000E+02  4.0138E+01  4.2431E+01  2.1701E+00 -9.7764E-01 -7.4210E-02
  1.6943E-01  9.8000E+02  4.3018E+01  4.7184E+01  2.0066E+00  5.3913E+00  3.9504E-01
