  25  3.9900000E+00
  2.7110E+01  2.0000E+01  7.2761E+00  1.2630E+01  7.2493E+00  0.0000E+00  0.0000E+00
  1.9156E+01  6.0000E+01  7.0121E+00  1.2644E+01  6.9092E+00  3.4896E-02  5.8562E-02
  1.5877E+01  1.0000E+02  6.9271E+00  1.2646E+01  6.7366E+00  2.6435E-02  1.8287E-02
  1.3728E+01  1.4000E+02  6.8779E+00  1.2687E+01  6.5480E+00  4.2217E-02  1.9140E-02
  1.2129E+01  1.8000E+02  6.8324E+00  1.2802E+01  6.2631E+00  1.0032E-01  3.3848E-02
  1.0843E+01  2.2000E+02  6.8299E+00  1.3007E+01  5.9416E+00  1.6088E-01  4.3653E-02
  9.7605E+00  2.6000E+02  6.9013E+00  1.3301E+01  5.6194E+00  2.0635E-01  4.7122E-02
  8.8211E+00  3.0000E+02  7.0711E+00  1.3697E+01  5.2922E+00  2.4005E-01  4.7573E-02
  7.9867E+00  3.4000E+02  7.3969E+00  1.4214E+01  4.9580E+00  2.2904E-01  4.0324E-02
  7.2322E+00  3.8000E+02  7.9422E+00  1.4871E+01  4.6167E+00  1.4916E-01  2.3743E-02
  6.5412E+00  4.2000E+02  8.7394E+00  1.5676E+01  4.2778E+00  1.0219E-02  1.4897E-03
  5.9025E+00  4.6000E+02  9.7774E+00  1.6620E+01  3.9607E+00 -1.4661E-01 -1.9758E-02
  5.3076E+00  5.0000E+02  1.1016E+01  1.7693E+01  3.6784E+00 -2.7856E-01 -3.4958E-02
  4.7504E+00  5.4000E+02  1.2410E+01  1.8878E+01  3.4302E+00 -3.7469E-01 -4.4052E-02
  4.2257E+00  5.8000E+02  1.3926E+01  2.0158E+01  3.2101E+00 -4.5109E-01 -4.9931E-02
  3.7297E+00  6.2000E+02  1.5541E+01  2.1510E+01  3.0128E+00 -5.2895E-01 -5.5358E-02
  3.2590E+00  6.6000E+02  1.7233E+01  2.2910E+01  2.8341E+00 -6.2023E-01 -6.1590E-02
  2.8111E+00  7.0000E+02  1.8981E+01  2.4332E+01  2.6710E+00 -7.2754E-01 -6.8760E-02
  2.3836E+00  7.4000E+02  2.0763E+01  2.5751E+01  2.5207E+00 -8.5055E-01 -7.6702E-02
  1.9749E+00  7.8000E+02  2.2558E+01  2.7142E+01  2.3801E+00 -9.8846E-01 -8.5242E-02
  1.5833E+00  8.2000E+02  2.4333E+01  2.8473E+01  2.2459E+00 -1.1306E+00 -9.3409E-02
  1.2076E+00  8.6000E+02  2.6033E+01  2.9720E+01  2.1152E+00 -1.2079E+00 -9.5741E-02
  8.4669E-01  9.0000E+02  2.7678E+01  3.0956E+01  1.9865E+00 -1.1348E+00 -8.6405E-02
  4.9930E-01  9.4000E+02  2.9496E+01  3.2420E+01  1.8599E+00 -1.0161E+00 -7.4472E-02
  1.6371E-01  9.8000E+02  3.1752E+01  3.5228E+01  1.7383E+00  1.6422E+00  1.1627E-01
