  25  8.5995000E+01
  2.7417E+01  2.0000E+01  5.0925E+00  1.2036E+02  2.7291E-01  0.0000E+00  0.0000E+00
  1.9643E+01  6.0000E+01  8.2414E+00  1.1829E+02  2.4557E-01 -6.7086E-01 -1.1003E+00
  1.6678E+01  1.0000E+02  8.7211E+00  1.1819E+02  2.3074E-01 -1.9535E-01 -1.2221E-01
  1.4689E+01  1.4000E+02  1.3291E+01  1.2030E+02  2.1669E-01 -1.2342E+00 -5.1779E-01
  1.3128E+01  1.8000E+02  2.5197E+01  1.2411E+02  1.9852E-01 -5.1885E+00 -1.7091E+00
  1.1816E+01  2.2000E+02  4.3245E+01  1.2988E+02  1.7616E-01 -9.3591E+00 -2.5909E+00
  1.0670E+01  2.6000E+02  6.3356E+01  1.3649E+02  1.5129E-01 -1.1780E+01 -2.8475E+00
  9.6513E+00  3.0000E+02  8.2586E+01  1.4324E+02  1.2703E-01 -1.2254E+01 -2.6335E+00
  8.7339E+00  3.4000E+02  1.0035E+02  1.4980E+02  1.0481E-01 -1.2206E+01 -2.3625E+00
  7.8992E+00  3.8000E+02  1.1657E+02  1.5604E+02  8.4811E-02 -1.1968E+01 -2.1078E+00
  7.1332E+00  4.2000E+02  1.3111E+02  1.6186E+02  6.7030E-02 -1.1383E+01 -1.8394E+00
  6.4255E+00  4.6000E+02  1.4387E+02  1.6724E+02  5.1423E-02 -1.0419E+01 -1.5557E+00
  5.7677E+00  5.0000E+02  1.5488E+02  1.7221E+02  3.7977E-02 -9.1867E+00 -1.2750E+00
  5.1531E+00  5.4000E+02  1.6424E+02  1.7683E+02  2.6885E-02 -7.7216E+00 -1.0012E+00
  4.5764E+00  5.8000E+02  1.7210E+02  1.8112E+02  1.8230E-02 -6.1898E+00 -7.5318E-01
  4.0329E+00  6.2000E+02  1.7869E+02  1.8512E+02  1.1836E-02 -4.7611E+00 -5.4587E-01
  3.5191E+00  6.6000E+02  1.8427E+02  1.8888E+02  7.3507E-03 -3.5361E+00 -3.8335E-01
  3.0317E+00  7.0000E+02  1.8906E+02  1.9242E+02  4.3586E-03 -2.5543E+00 -2.6267E-01
  2.5680E+00  7.4000E+02  1.9325E+02  1.9577E+02  2.4596E-03 -1.8109E+00 -1.7715E-01
  2.1258E+00  7.8000E+02  1.9698E+02  1.9894E+02  1.3163E-03 -1.2753E+00 -1.1898E-01
  1.7031E+00  8.2000E+02  2.0037E+02  2.0195E+02  6.6603E-04 -9.1632E-01 -8.1721E-02
  1.2982E+00  8.6000E+02  2.0351E+02  2.0480E+02  3.1612E-04 -7.0518E-01 -6.0244E-02
  9.0954E-01  9.0000E+02  2.0644E+02  2.0751E+02  1.3608E-04 -5.6145E-01 -4.6034E-02
  5.3596E-01  9.4000E+02  2.0929E+02  2.1036E+02  4.8402E-05 -1.5809E-04 -1.2460E-05
  1.7563E-01  9.8000E+02  2.1334E+02  2.1962E+02  1.2473E-05  1.4469E+01  1.0999E+00
