  25  3.9900000E+00
  2.6494E+01  2.0000E+01  4.1486E+00  1.0771E+01  4.1268E+00  0.0000E+00  0.0000E+00
  1.8654E+01  6.0000E+01  4.0186E+00  1.0783E+01  3.9319E+00  1.8068E-02  2.9887E-02
  1.5370E+01  1.0000E+02  3.9906E+00  1.0777E+01  3.8237E+00  6.7126E-03  4.6509E-03
  1.3192E+01  1.4000E+02  3.9736E+00  1.0776E+01  3.7289E+00  7.3108E-03  3.3594E-03
  1.1602E+01  1.8000E+02  3.9477E+00  1.0801E+01  3.6233E+00  3.2038E-02  1.0748E-02
  1.0358E+01  2.2000E+02  3.9027E+00  1.0873E+01  3.4779E+00  9.4440E-02  2.4777E-02
  9.3288E+00  2.6000E+02  3.8602E+00  1.1011E+01  3.3021E+00  1.7533E-01  3.8072E-02
  8.4408E+00  3.0000E+02  3.8627E+00  1.1225E+01  3.1147E+00  2.3838E-01  4.4662E-02
  7.6522E+00  3.4000E+02  3.9483E+00  1.1522E+01  2.9124E+00  2.6745E-01  4.4496E-02
  6.9386E+00  3.8000E+02  4.1602E+00  1.1907E+01  2.7010E+00  2.4286E-01  3.6565E-02
  6.2846E+00  4.2000E+02  4.5281E+00  1.2389E+01  2.4909E+00  1.7423E-01  2.4042E-02
  5.6794E+00  4.6000E+02  5.0659E+00  1.2978E+01  2.2905E+00  8.4919E-02  1.0842E-02
  5.1152E+00  5.0000E+02  5.7876E+00  1.3685E+01  2.1071E+00 -2.6083E-02 -3.1052E-03
  4.5855E+00  5.4000E+02  6.7037E+00  1.4516E+01  1.9434E+00 -1.6190E-01 -1.8092E-02
  4.0855E+00  5.8000E+02  7.8104E+00  1.5467E+01  1.7970E+00 -3.1051E-01 -3.2752E-02
  3.6116E+00  6.2000E+02  9.0921E+00  1.6531E+01  1.6643E+00 -4.5881E-01 -4.5880E-02
  3.1606E+00  6.6000E+02  1.0525E+01  1.7695E+01  1.5426E+00 -5.9801E-01 -5.6900E-02
  2.7302E+00  7.0000E+02  1.2083E+01  1.8940E+01  1.4309E+00 -7.2521E-01 -6.5852E-02
  2.3184E+00  7.4000E+02  1.3739E+01  2.0249E+01  1.3284E+00 -8.4479E-01 -7.3391E-02
  1.9236E+00  7.8000E+02  1.5470E+01  2.1600E+01  1.2343E+00 -9.6091E-01 -8.0038E-02
  1.5444E+00  8.2000E+02  1.7251E+01  2.2975E+01  1.1471E+00 -1.0686E+00 -8.5495E-02
  1.1796E+00  8.6000E+02  1.9068E+01  2.4372E+01  1.0651E+00 -1.1517E+00 -8.8647E-02
  8.2805E-01  9.0000E+02  2.0934E+01  2.5813E+01  9.8753E-01 -1.2126E+00 -8.9935E-02
  4.8874E-01  9.4000E+02  2.2902E+01  2.7358E+01  9.1322E-01 -1.2456E+00 -8.9174E-02
  1.6037E-01  9.8000E+02  2.5171E+01  3.0264E+01  8.4204E-01  1.9404E+00  1.3443E-01
