  25  3.9900000E+00
  2.5536E+01  2.0000E+01  1.8404E+00  1.0559E+01  1.8277E+00  0.0000E+00  0.0000E+00
  1.8117E+01  6.0000E+01  1.7797E+00  1.0577E+01  1.7323E+00  1.0683E-02  1.6722E-02
  1.5031E+01  1.0000E+02  1.7664E+00  1.0598E+01  1.6730E+00  1.1170E-02  7.2711E-03
  1.2956E+01  1.4000E+02  1.7603E+00  1.0626E+01  1.6168E+00  1.6156E-02  7.0751E-03
  1.1433E+01  1.8000E+02  1.7453E+00  1.0679E+01  1.5451E+00  4.4797E-02  1.4388E-02
  1.0234E+01  2.2000E+02  1.7281E+00  1.0781E+01  1.4471E+00  9.9350E-02  2.5147E-02
  9.2303E+00  2.6000E+02  1.7396E+00  1.0940E+01  1.3458E+00  1.4746E-01  3.1211E-02
  8.3581E+00  3.0000E+02  1.8000E+00  1.1156E+01  1.2438E+00  1.7839E-01  3.2825E-02
  7.5809E+00  3.4000E+02  1.9384E+00  1.1433E+01  1.1410E+00  1.7780E-01  2.9157E-02
  6.8769E+00  3.8000E+02  2.1817E+00  1.1779E+01  1.0405E+00  1.4584E-01  2.1660E-02
  6.2321E+00  4.2000E+02  2.5449E+00  1.2207E+01  9.4556E-01  1.0119E-01  1.3767E-02
  5.6358E+00  4.6000E+02  3.0415E+00  1.2737E+01  8.5933E-01  5.4714E-02  6.8832E-03
  5.0796E+00  5.0000E+02  3.6992E+00  1.3383E+01  7.8267E-01 -1.9716E-02 -2.3136E-03
  4.5569E+00  5.4000E+02  4.5533E+00  1.4154E+01  7.1376E-01 -1.5919E-01 -1.7558E-02
  4.0627E+00  5.8000E+02  5.6279E+00  1.5051E+01  6.5037E-01 -3.6086E-01 -3.7627E-02
  3.5933E+00  6.2000E+02  6.9184E+00  1.6067E+01  5.9127E-01 -5.8467E-01 -5.7893E-02
  3.1461E+00  6.6000E+02  8.3942E+00  1.7192E+01  5.3639E-01 -7.8372E-01 -7.3941E-02
  2.7189E+00  7.0000E+02  1.0016E+01  1.8411E+01  4.8611E-01 -9.4116E-01 -8.4837E-02
  2.3098E+00  7.4000E+02  1.1747E+01  1.9707E+01  4.4036E-01 -1.0641E+00 -9.1852E-02
  1.9172E+00  7.8000E+02  1.3561E+01  2.1063E+01  3.9856E-01 -1.1670E+00 -9.6662E-02
  1.5398E+00  8.2000E+02  1.5434E+01  2.2461E+01  3.6011E-01 -1.2607E+00 -1.0038E-01
  1.1764E+00  8.6000E+02  1.7351E+01  2.3885E+01  3.2465E-01 -1.3564E+00 -1.0399E-01
  8.2606E-01  9.0000E+02  1.9301E+01  2.5330E+01  2.9169E-01 -1.4384E+00 -1.0632E-01
  4.8776E-01  9.4000E+02  2.1398E+01  2.6932E+01  2.5997E-01 -1.4642E+00 -1.0450E-01
  1.6013E-01  9.8000E+02  2.3869E+01  3.0186E+01  2.3006E-01  2.3883E+00  1.6509E-01
