  25  8.5995000E+01
  2.7060E+01  2.0000E+01  4.6260E+00  1.1691E+02  1.6814E-01  0.0000E+00  0.0000E+00
  1.9051E+01  6.0000E+01  1.0475E+01  1.1724E+02  1.4784E-01 -6.8921E-01 -1.1647E+00
  1.5709E+01  1.0000E+02  1.3417E+01  1.1603E+02  1.3682E-01 -1.2419E+00 -8.7562E-01
  1.3514E+01  1.4000E+02  1.6218E+01  1.1498E+02  1.2883E-01 -1.7546E+00 -8.1252E-01
  1.1900E+01  1.8000E+02  2.0404E+01  1.1450E+02  1.2166E-01 -2.8924E+00 -9.8472E-01
  1.0623E+01  2.2000E+02  2.5306E+01  1.1474E+02  1.1485E-01 -3.6470E+00 -9.8293E-01
  9.5588E+00  2.6000E+02  3.0759E+01  1.1569E+02  1.0830E-01 -4.2379E+00 -9.5125E-01
  8.6401E+00  3.0000E+02  3.6951E+01  1.1730E+02  1.0170E-01 -4.9783E+00 -9.6489E-01
  7.8255E+00  3.4000E+02  4.4173E+01  1.1950E+02  9.4638E-02 -6.1631E+00 -1.0593E+00
  7.0893E+00  3.8000E+02  5.2354E+01  1.2217E+02  8.7024E-02 -7.4945E+00 -1.1640E+00
  6.4153E+00  4.2000E+02  6.1057E+01  1.2519E+02  7.9139E-02 -8.4335E+00 -1.1993E+00
  5.7920E+00  4.6000E+02  6.9942E+01  1.2847E+02  7.1268E-02 -8.9845E+00 -1.1814E+00
  5.2113E+00  5.0000E+02  7.8820E+01  1.3196E+02  6.3633E-02 -9.2901E+00 -1.1382E+00
  4.6669E+00  5.4000E+02  8.7600E+01  1.3559E+02  5.6360E-02 -9.4598E+00 -1.0866E+00
  4.1538E+00  5.8000E+02  9.6218E+01  1.3930E+02  4.9528E-02 -9.5580E+00 -1.0345E+00
  3.6683E+00  6.2000E+02  1.0461E+02  1.4304E+02  4.3178E-02 -9.5770E+00 -9.8100E-01
  3.2072E+00  6.6000E+02  1.1272E+02  1.4676E+02  3.7302E-02 -9.5354E+00 -9.2769E-01
  2.7679E+00  7.0000E+02  1.2051E+02  1.5039E+02  3.1862E-02 -9.4663E+00 -8.7738E-01
  2.3483E+00  7.4000E+02  1.2796E+02  1.5389E+02  2.6807E-02 -9.4184E+00 -8.3378E-01
  1.9467E+00  7.8000E+02  1.3505E+02  1.5720E+02  2.2104E-02 -9.4014E+00 -7.9664E-01
  1.5616E+00  8.2000E+02  1.4171E+02  1.6028E+02  1.7757E-02 -9.2760E+00 -7.5363E-01
  1.1918E+00  8.6000E+02  1.4790E+02  1.6322E+02  1.3809E-02 -8.8000E+00 -6.8648E-01
  8.3620E-01  9.0000E+02  1.5376E+02  1.6626E+02  1.0360E-02 -7.9458E+00 -5.9617E-01
  4.9333E-01  9.4000E+02  1.5950E+02  1.6955E+02  7.4978E-03 -7.1564E+00 -5.1769E-01
  1.6179E-01  9.8000E+02  1.6526E+02  1.7412E+02  5.2460E-03 -3.5811E+00 -2.5049E-01
