  25  3.9900000E+00
  2.5333E+01  2.0000E+01  8.2861E-01  1.0540E+01  8.1732E-01  0.0000E+00  0.0000E+00
  1.8012E+01  6.0000E+01  8.0699E-01  1.0560E+01  7.6615E-01  5.7105E-03  8.8201E-03
  1.4974E+01  1.0000E+02  8.1225E-01  1.0586E+01  7.3133E-01  6.8341E-03  4.3803E-03
  1.2919E+01  1.4000E+02  8.2355E-01  1.0618E+01  6.9674E-01  1.0111E-02  4.3843E-03
  1.1409E+01  1.8000E+02  8.2910E-01  1.0677E+01  6.4641E-01  3.4966E-02  1.1138E-02
  1.0216E+01  2.2000E+02  8.4931E-01  1.0784E+01  5.8620E-01  7.3432E-02  1.8482E-02
  9.2163E+00  2.6000E+02  9.0169E-01  1.0947E+01  5.2730E-01  1.1035E-01  2.3280E-02
  8.3462E+00  3.0000E+02  1.0057E+00  1.1163E+01  4.7253E-01  1.2875E-01  2.3634E-02
  7.5706E+00  3.4000E+02  1.1888E+00  1.1437E+01  4.2184E-01  1.1692E-01  1.9132E-02
  6.8682E+00  3.8000E+02  1.4736E+00  1.1778E+01  3.7534E-01  8.0097E-02  1.1870E-02
  6.2248E+00  4.2000E+02  1.8723E+00  1.2200E+01  3.3392E-01  3.6753E-02  4.9887E-03
  5.6299E+00  4.6000E+02  2.3951E+00  1.2723E+01  2.9762E-01 -6.7626E-04 -8.4874E-05
  5.0750E+00  5.0000E+02  3.0703E+00  1.3362E+01  2.6553E-01 -6.4981E-02 -7.6079E-03
  4.5532E+00  5.4000E+02  3.9416E+00  1.4124E+01  2.3648E-01 -2.0869E-01 -2.2972E-02
  4.0598E+00  5.8000E+02  5.0386E+00  1.5011E+01  2.0972E-01 -4.2561E-01 -4.4311E-02
  3.5911E+00  6.2000E+02  6.3576E+00  1.6019E+01  1.8517E-01 -6.6331E-01 -6.5596E-02
  3.1443E+00  6.6000E+02  7.8659E+00  1.7139E+01  1.6291E-01 -8.7145E-01 -8.2131E-02
  2.7175E+00  7.0000E+02  9.5210E+00  1.8353E+01  1.4280E-01 -1.0314E+00 -9.2890E-02
  2.3087E+00  7.4000E+02  1.1285E+01  1.9647E+01  1.2464E-01 -1.1523E+00 -9.9391E-02
  1.9163E+00  7.8000E+02  1.3130E+01  2.1000E+01  1.0833E-01 -1.2505E+00 -1.0351E-01
  1.5391E+00  8.2000E+02  1.5032E+01  2.2398E+01  9.3776E-02 -1.3382E+00 -1.0649E-01
  1.1759E+00  8.6000E+02  1.6973E+01  2.3820E+01  8.0842E-02 -1.4298E+00 -1.0956E-01
  8.2578E-01  9.0000E+02  1.8943E+01  2.5261E+01  6.9231E-02 -1.5098E+00 -1.1154E-01
  4.8763E-01  9.4000E+02  2.1074E+01  2.6871E+01  5.8376E-02 -1.5397E+00 -1.0985E-01
  1.6010E-01  9.8000E+02  2.3586E+01  3.0169E+01  4.8502E-02  2.3994E+00  1.6580E-01
