  25  8.5995000E+01
  2.7027E+01  2.0000E+01  4.6101E+00  1.1643E+02  1.6040E-01  0.0000E+00  0.0000E+00
  1.9016E+01  6.0000E+01  1.0496E+01  1.1681E+02  1.4079E-01 -6.8670E-01 -1.1607E+00
  1.5666E+01  1.0000E+02  1.3489E+01  1.1563E+02  1.3023E-01 -1.2468E+00 -8.8111E-01
  1.3464E+01  1.4000E+02  1.5979E+01  1.1448E+02  1.2281E-01 -1.6513E+00 -7.6731E-01
  1.1848E+01  1.8000E+02  1.9560E+01  1.1382E+02  1.1632E-01 -2.6243E+00 -8.9470E-01
  1.0573E+01  2.2000E+02  2.3916E+01  1.1389E+02  1.1014E-01 -3.3633E+00 -9.0480E-01
  9.5132E+00  2.6000E+02  2.9011E+01  1.1469E+02  1.0405E-01 -4.0500E+00 -9.0527E-01
  8.5994E+00  3.0000E+02  3.5044E+01  1.1621E+02  9.7803E-02 -4.9457E+00 -9.5350E-01
  7.7895E+00  3.4000E+02  4.2163E+01  1.1832E+02  9.1067E-02 -6.1820E+00 -1.0564E+00
  7.0577E+00  3.8000E+02  5.0249E+01  1.2091E+02  8.3793E-02 -7.5118E+00 -1.1598E+00
  6.3876E+00  4.2000E+02  5.8852E+01  1.2386E+02  7.6268E-02 -8.4373E+00 -1.1928E+00
  5.7679E+00  4.6000E+02  6.7625E+01  1.2708E+02  6.8766E-02 -8.9523E+00 -1.1704E+00
  5.1904E+00  5.0000E+02  7.6401E+01  1.3052E+02  6.1484E-02 -9.2501E+00 -1.1270E+00
  4.6490E+00  5.4000E+02  8.5102E+01  1.3411E+02  5.4532E-02 -9.4319E+00 -1.0775E+00
  4.1386E+00  5.8000E+02  9.3676E+01  1.3780E+02  4.7977E-02 -9.5630E+00 -1.0297E+00
  3.6554E+00  6.2000E+02  1.0207E+02  1.4154E+02  4.1860E-02 -9.6356E+00 -9.8216E-01
  3.1965E+00  6.6000E+02  1.1022E+02  1.4527E+02  3.6178E-02 -9.6484E+00 -9.3433E-01
  2.7591E+00  7.0000E+02  1.1809E+02  1.4893E+02  3.0902E-02 -9.6204E+00 -8.8778E-01
  2.3412E+00  7.4000E+02  1.2564E+02  1.5247E+02  2.5991E-02 -9.5927E+00 -8.4575E-01
  1.9411E+00  7.8000E+02  1.3284E+02  1.5583E+02  2.1416E-02 -9.5861E+00 -8.0920E-01
  1.5573E+00  8.2000E+02  1.3963E+02  1.5900E+02  1.7192E-02 -9.4612E+00 -7.6600E-01
  1.1888E+00  8.6000E+02  1.4598E+02  1.6202E+02  1.3363E-02 -9.0113E+00 -7.0073E-01
  8.3414E-01  9.0000E+02  1.5200E+02  1.6513E+02  1.0025E-02 -8.2116E+00 -6.1437E-01
  4.9215E-01  9.4000E+02  1.5788E+02  1.6846E+02  7.2625E-03 -7.4497E+00 -5.3752E-01
  1.6141E-01  9.8000E+02  1.6374E+02  1.7307E+02  5.0879E-03 -3.7714E+00 -2.6316E-01
