  25  3.9900000E+00
  2.6623E+01  2.0000E+01  4.4641E+00  1.0840E+01  4.4409E+00  0.0000E+00  0.0000E+00
  1.8733E+01  6.0000E+01  4.3251E+00  1.0851E+01  4.2318E+00  1.9012E-02  3.1649E-02
  1.5425E+01  1.0000E+02  4.2963E+00  1.0840E+01  4.1168E+00  5.5738E-03  3.8897E-03
  1.3235E+01  1.4000E+02  4.2797E+00  1.0835E+01  4.0161E+00  5.1623E-03  2.3855E-03
  1.1636E+01  1.8000E+02  4.2544E+00  1.0856E+01  3.9042E+00  2.9079E-02  9.8113E-03
  1.0385E+01  2.2000E+02  4.2093E+00  1.0925E+01  3.7535E+00  9.1184E-02  2.4063E-02
  9.3506E+00  2.6000E+02  4.1641E+00  1.1060E+01  3.5708E+00  1.7346E-01  3.7858E-02
  8.4589E+00  3.0000E+02  4.1628E+00  1.1272E+01  3.3733E+00  2.3980E-01  4.5114E-02
  7.6677E+00  3.4000E+02  4.2459E+00  1.1571E+01  3.1579E+00  2.7271E-01  4.5522E-02
  6.9520E+00  3.8000E+02  4.4592E+00  1.1963E+01  2.9308E+00  2.5013E-01  3.7770E-02
  6.2961E+00  4.2000E+02  4.8351E+00  1.2456E+01  2.7042E+00  1.7878E-01  2.4740E-02
  5.6892E+00  4.6000E+02  5.3883E+00  1.3060E+01  2.4876E+00  8.2490E-02  1.0562E-02
  5.1233E+00  5.0000E+02  6.1306E+00  1.3781E+01  2.2891E+00 -3.6245E-02 -4.3273E-03
  4.5922E+00  5.4000E+02  7.0674E+00  1.4626E+01  2.1124E+00 -1.7403E-01 -1.9501E-02
  4.0910E+00  5.8000E+02  8.1897E+00  1.5590E+01  1.9548E+00 -3.1620E-01 -3.3435E-02
  3.6160E+00  6.2000E+02  9.4800E+00  1.6664E+01  1.8125E+00 -4.5405E-01 -4.5505E-02
  3.1641E+00  6.6000E+02  1.0915E+01  1.7836E+01  1.6825E+00 -5.8405E-01 -5.5682E-02
  2.7330E+00  7.0000E+02  1.2470E+01  1.9086E+01  1.5633E+00 -7.0624E-01 -6.4243E-02
  2.3205E+00  7.4000E+02  1.4120E+01  2.0396E+01  1.4539E+00 -8.2518E-01 -7.1801E-02
  1.9252E+00  7.8000E+02  1.5840E+01  2.1742E+01  1.3534E+00 -9.4337E-01 -7.8687E-02
  1.5455E+00  8.2000E+02  1.7604E+01  2.3107E+01  1.2602E+00 -1.0524E+00 -8.4302E-02
  1.1804E+00  8.6000E+02  1.9398E+01  2.4489E+01  1.1724E+00 -1.1285E+00 -8.6946E-02
  8.2854E-01  9.0000E+02  2.1241E+01  2.5919E+01  1.0892E+00 -1.1720E+00 -8.6992E-02
  4.8900E-01  9.4000E+02  2.3192E+01  2.7462E+01  1.0098E+00 -1.2034E+00 -8.6205E-02
  1.6044E-01  9.8000E+02  2.5428E+01  3.0279E+01  9.3408E-01  1.7698E+00  1.2268E-01
