  26  6.0000000E+00
  3.3268E+01  1.0000E-03  2.8755E-01  9.4988E+01  2.8755E-01  0.0000E+00  0.0000E+00
  2.0682E+01  4.0000E+01  3.7441E-01  9.4997E+01  2.8702E-01 -6.1718E-03 -1.6388E-02
  1.6477E+01  8.0000E+01  9.2158E-01  9.5049E+01  2.8417E-01 -1.1791E-01 -1.0460E-01
  1.3942E+01  1.2000E+02  1.3461E+00  9.5086E+01  2.8185E-01 -1.5291E-01 -8.1782E-02
  1.2167E+01  1.6000E+02  1.6321E+00  9.5150E+01  2.7970E-01 -1.2468E-01 -4.6699E-02
  1.0820E+01  2.0000E+02  1.8258E+00  9.5315E+01  2.7769E-01 -2.1457E-02 -6.0968E-03
  9.7251E+00  2.4000E+02  2.0142E+00  9.5572E+01  2.7575E-01  6.3051E-02  1.4568E-02
  8.7909E+00  2.8000E+02  2.2456E+00  9.5901E+01  2.7383E-01  1.0364E-01  2.0428E-02
  7.9680E+00  3.2000E+02  2.5391E+00  9.6278E+01  2.7191E-01  1.0187E-01  1.7685E-02
  7.2283E+00  3.6000E+02  2.8941E+00  9.6690E+01  2.6999E-01  7.6438E-02  1.1930E-02
  6.5543E+00  4.0000E+02  3.3033E+00  9.7131E+01  2.6806E-01  4.7491E-02  6.7538E-03
  5.9337E+00  4.4000E+02  3.7624E+00  9.7603E+01  2.6611E-01  2.1185E-02  2.7734E-03
  5.3574E+00  4.8000E+02  4.2761E+00  9.8109E+01  2.6413E-01 -1.3564E-02 -1.6492E-03
  4.8179E+00  5.2000E+02  4.8547E+00  9.8645E+01  2.6210E-01 -7.8131E-02 -8.8948E-03
  4.3092E+00  5.6000E+02  5.5064E+00  9.9204E+01  2.5997E-01 -1.8337E-01 -1.9678E-02
  3.8273E+00  6.0000E+02  6.2349E+00  9.9776E+01  2.5771E-01 -3.2511E-01 -3.3057E-02
  3.3689E+00  6.4000E+02  7.0433E+00  1.0035E+02  2.5524E-01 -4.9972E-01 -4.8327E-02
  2.9316E+00  6.8000E+02  7.9370E+00  1.0094E+02  2.5250E-01 -7.1156E-01 -6.5652E-02
  2.5133E+00  7.2000E+02  8.9265E+00  1.0152E+02  2.4941E-01 -9.7298E-01 -8.5864E-02
  2.1123E+00  7.6000E+02  1.0028E+01  1.0210E+02  2.4586E-01 -1.3036E+00 -1.1027E-01
  1.7273E+00  8.0000E+02  1.1265E+01  1.0267E+02  2.4175E-01 -1.7306E+00 -1.4059E-01
  1.3569E+00  8.4000E+02  1.2670E+01  1.0323E+02  2.3694E-01 -2.2911E+00 -1.7906E-01
  9.9996E-01  8.8000E+02  1.4276E+01  1.0376E+02  2.3129E-01 -3.0116E+00 -2.2677E-01
  6.5562E-01  9.2000E+02  1.6197E+01  1.0427E+02  2.2432E-01 -4.1011E+00 -2.9794E-01
  3.2280E-01  9.6000E+02  1.8619E+01  1.0472E+02  2.1539E-01 -5.9020E+00 -4.1444E-01
  0.0000E+00  1.0000E+03  2.1590E+01  1.0501E+02  2.0484E-01 -8.3257E+00 -5.6701E-01
