  26  6.0000000E+00
  3.5067E+01  1.0000E-03  8.0444E-01  9.8672E+01  8.0444E-01  0.0000E+00  0.0000E+00
  2.1762E+01  4.0000E+01  9.3168E-01  9.8691E+01  8.0378E-01 -8.0809E-03 -2.2685E-02
  1.7195E+01  8.0000E+01  1.8083E+00  9.8667E+01  7.9913E-01 -1.9739E-01 -1.9019E-01
  1.4519E+01  1.2000E+02  2.3606E+00  9.8625E+01  7.9530E-01 -2.2203E-01 -1.2533E-01
  1.2656E+01  1.6000E+02  2.7133E+00  9.8684E+01  7.9179E-01 -1.5749E-01 -6.1907E-02
  1.1230E+01  2.0000E+02  2.9929E+00  9.8847E+01  7.8839E-01 -8.1669E-02 -2.4570E-02
  1.0069E+01  2.4000E+02  3.2646E+00  9.9098E+01  7.8502E-01 -1.8061E-02 -4.4231E-03
  9.0841E+00  2.8000E+02  3.5617E+00  9.9424E+01  7.8166E-01  2.9492E-02  6.1313E-03
  8.2211E+00  3.2000E+02  3.9129E+00  9.9815E+01  7.7825E-01  4.6074E-02  8.3891E-03
  7.4480E+00  3.6000E+02  4.3343E+00  1.0025E+02  7.7477E-01  2.0785E-02  3.3900E-03
  6.7446E+00  4.0000E+02  4.8294E+00  1.0072E+02  7.7117E-01 -3.3449E-02 -4.9644E-03
  6.0972E+00  4.4000E+02  5.3975E+00  1.0122E+02  7.6741E-01 -1.0808E-01 -1.4763E-02
  5.4962E+00  4.8000E+02  6.0388E+00  1.0174E+02  7.6343E-01 -2.0048E-01 -2.5420E-02
  4.9344E+00  5.2000E+02  6.7566E+00  1.0228E+02  7.5914E-01 -3.1470E-01 -3.7299E-02
  4.4063E+00  5.6000E+02  7.5578E+00  1.0284E+02  7.5447E-01 -4.5923E-01 -5.1164E-02
  3.9076E+00  6.0000E+02  8.4520E+00  1.0342E+02  7.4933E-01 -6.4477E-01 -6.7844E-02
  3.4347E+00  6.4000E+02  9.4511E+00  1.0400E+02  7.4363E-01 -8.8359E-01 -8.8156E-02
  2.9848E+00  6.8000E+02  1.0570E+01  1.0458E+02  7.3727E-01 -1.1902E+00 -1.1297E-01
  2.5556E+00  7.2000E+02  1.1829E+01  1.0516E+02  7.3015E-01 -1.5851E+00 -1.4353E-01
  2.1453E+00  7.6000E+02  1.3259E+01  1.0573E+02  7.2206E-01 -2.1014E+00 -1.8195E-01
  1.7521E+00  8.0000E+02  1.4895E+01  1.0628E+02  7.1279E-01 -2.7633E+00 -2.2923E-01
  1.3748E+00  8.4000E+02  1.6795E+01  1.0681E+02  7.0199E-01 -3.6237E+00 -2.8843E-01
  1.0123E+00  8.8000E+02  1.9031E+01  1.0733E+02  6.8931E-01 -4.7399E+00 -3.6252E-01
  6.6323E-01  9.2000E+02  2.1668E+01  1.0781E+02  6.7459E-01 -6.1798E+00 -4.5511E-01
  3.2623E-01  9.6000E+02  2.4747E+01  1.0817E+02  6.5791E-01 -8.0469E+00 -5.7213E-01
  0.0000E+00  1.0000E+03  2.8274E+01  1.0825E+02  6.3954E-01 -1.0567E+01 -7.2732E-01
