  26  6.0000000E+00
  3.3990E+01  1.0000E-03  4.5809E-01  9.5326E+01  4.5809E-01  0.0000E+00  0.0000E+00
  2.1083E+01  4.0000E+01  5.6215E-01  9.5339E+01  4.5750E-01 -7.0520E-03 -1.9204E-02
  1.6705E+01  8.0000E+01  1.2547E+00  9.5353E+01  4.5392E-01 -1.5503E-01 -1.4318E-01
  1.4094E+01  1.2000E+02  1.7520E+00  9.5334E+01  4.5100E-01 -1.9765E-01 -1.0891E-01
  1.2272E+01  1.6000E+02  2.0673E+00  9.5354E+01  4.4831E-01 -1.6215E-01 -6.2324E-02
  1.0895E+01  2.0000E+02  2.2644E+00  9.5484E+01  4.4579E-01 -4.8827E-02 -1.4188E-02
  9.7820E+00  2.4000E+02  2.4435E+00  9.5721E+01  4.4334E-01  5.2137E-02  1.2240E-02
  8.8375E+00  2.8000E+02  2.6575E+00  9.6037E+01  4.4091E-01  1.0800E-01  2.1521E-02
  8.0080E+00  3.2000E+02  2.9345E+00  9.6415E+01  4.3846E-01  1.2170E-01  2.1298E-02
  7.2630E+00  3.6000E+02  3.2825E+00  9.6832E+01  4.3599E-01  9.2921E-02  1.4606E-02
  6.5840E+00  4.0000E+02  3.6947E+00  9.7280E+01  4.3348E-01  5.1830E-02  7.4250E-03
  5.9587E+00  4.4000E+02  4.1653E+00  9.7755E+01  4.3092E-01  7.6928E-03  1.0149E-03
  5.3778E+00  4.8000E+02  4.6949E+00  9.8259E+01  4.2828E-01 -4.4127E-02 -5.4077E-03
  4.8342E+00  5.2000E+02  5.2890E+00  9.8790E+01  4.2555E-01 -1.1710E-01 -1.3429E-02
  4.3222E+00  5.6000E+02  5.9540E+00  9.9341E+01  4.2267E-01 -2.2181E-01 -2.3958E-02
  3.8376E+00  6.0000E+02  6.6954E+00  9.9907E+01  4.1960E-01 -3.6151E-01 -3.6961E-02
  3.3771E+00  6.4000E+02  7.5187E+00  1.0048E+02  4.1625E-01 -5.3825E-01 -5.2298E-02
  2.9380E+00  6.8000E+02  8.4324E+00  1.0106E+02  4.1254E-01 -7.5889E-01 -7.0300E-02
  2.5183E+00  7.2000E+02  9.4492E+00  1.0164E+02  4.0838E-01 -1.0369E+00 -9.1823E-02
  2.1161E+00  7.6000E+02  1.0587E+01  1.0222E+02  4.0364E-01 -1.3927E+00 -1.1817E-01
  1.7301E+00  8.0000E+02  1.1874E+01  1.0279E+02  3.9820E-01 -1.8554E+00 -1.5112E-01
  1.3588E+00  8.4000E+02  1.3347E+01  1.0335E+02  3.9186E-01 -2.4694E+00 -1.9342E-01
  1.0013E+00  8.8000E+02  1.5047E+01  1.0388E+02  3.8447E-01 -3.2650E+00 -2.4631E-01
  6.5636E-01  9.2000E+02  1.7071E+01  1.0438E+02  3.7558E-01 -4.4144E+00 -3.2124E-01
  3.2307E-01  9.6000E+02  1.9581E+01  1.0482E+02  3.6457E-01 -6.2198E+00 -4.3736E-01
  0.0000E+00  1.0000E+03  2.2697E+01  1.0507E+02  3.5131E-01 -8.8629E+00 -6.0411E-01
