  26  6.0000000E+00
  3.5424E+01  1.0000E-03  1.1766E+00  1.2907E+02  1.1766E+00  0.0000E+00  0.0000E+00
  2.2044E+01  4.0000E+01  1.3069E+00  1.2907E+02  1.1760E+00 -1.0020E-02 -2.8284E-02
  1.7765E+01  8.0000E+01  1.8811E+00  1.2917E+02  1.1712E+00 -1.0957E-01 -9.8922E-02
  1.5308E+01  1.2000E+02  2.2079E+00  1.2945E+02  1.1669E+00 -1.8154E-02 -9.4114E-03
  1.3536E+01  1.6000E+02  2.5549E+00  1.2990E+02  1.1627E+00  5.3556E-02  2.0019E-02
  1.2111E+01  2.0000E+02  3.0444E+00  1.3045E+02  1.1583E+00  4.4024E-02  1.3240E-02
  1.0902E+01  2.4000E+02  3.6934E+00  1.3105E+02  1.1536E+00 -3.5978E-02 -9.1718E-03
  9.8473E+00  2.8000E+02  4.4771E+00  1.3169E+02  1.1485E+00 -1.3670E-01 -3.0426E-02
  8.9092E+00  3.2000E+02  5.3746E+00  1.3236E+02  1.1429E+00 -2.4392E-01 -4.8278E-02
  8.0631E+00  3.6000E+02  6.3832E+00  1.3307E+02  1.1367E+00 -3.6061E-01 -6.4375E-02
  7.2909E+00  4.0000E+02  7.5171E+00  1.3380E+02  1.1300E+00 -5.1136E-01 -8.3300E-02
  6.5796E+00  4.4000E+02  8.7948E+00  1.3457E+02  1.1224E+00 -7.1887E-01 -1.0788E-01
  5.9194E+00  4.8000E+02  1.0225E+01  1.3535E+02  1.1140E+00 -9.9063E-01 -1.3798E-01
  5.3031E+00  5.2000E+02  1.1789E+01  1.3611E+02  1.1050E+00 -1.3048E+00 -1.6967E-01
  4.7251E+00  5.6000E+02  1.3450E+01  1.3683E+02  1.0955E+00 -1.6298E+00 -1.9876E-01
  4.1810E+00  6.0000E+02  1.5178E+01  1.3749E+02  1.0857E+00 -1.9462E+00 -2.2339E-01
  3.6673E+00  6.4000E+02  1.6984E+01  1.3812E+02  1.0755E+00 -2.2926E+00 -2.4846E-01
  3.1810E+00  6.8000E+02  1.8983E+01  1.3875E+02  1.0640E+00 -2.8238E+00 -2.8975E-01
  2.7192E+00  7.2000E+02  2.1436E+01  1.3943E+02  1.0497E+00 -3.8398E+00 -3.7410E-01
  2.2795E+00  7.6000E+02  2.4728E+01  1.4022E+02  1.0307E+00 -5.6939E+00 -5.2824E-01
  1.8596E+00  8.0000E+02  2.9209E+01  1.4113E+02  1.0053E+00 -8.4923E+00 -7.5236E-01
  1.4575E+00  8.4000E+02  3.5014E+01  1.4213E+02  9.7285E-01 -1.1947E+01 -1.0134E+00
  1.0719E+00  8.8000E+02  4.2220E+01  1.4320E+02  9.3250E-01 -1.5929E+01 -1.2961E+00
  7.0145E-01  9.2000E+02  5.1073E+01  1.4438E+02  8.8188E-01 -2.0709E+01 -1.6183E+00
  3.4490E-01  9.6000E+02  6.1669E+01  1.4564E+02  8.1960E-01 -2.6169E+01 -1.9686E+00
  0.0000E+00  1.0000E+03  7.3674E+01  1.4642E+02  7.4832E-01 -3.2550E+01 -2.3685E+00
