  26  6.0000000E+00
  3.4182E+01  1.0000E-03  4.9946E-01  9.5429E+01  4.9946E-01  0.0000E+00  0.0000E+00
  2.1193E+01  4.0000E+01  6.0824E-01  9.5444E+01  4.9886E-01 -7.2752E-03 -1.9937E-02
  1.6772E+01  8.0000E+01  1.3420E+00  9.5448E+01  4.9511E-01 -1.6505E-01 -1.5395E-01
  1.4140E+01  1.2000E+02  1.8599E+00  9.5414E+01  4.9206E-01 -2.0976E-01 -1.1647E-01
  1.2306E+01  1.6000E+02  2.1843E+00  9.5422E+01  4.8925E-01 -1.7208E-01 -6.6590E-02
  1.0920E+01  2.0000E+02  2.3848E+00  9.5543E+01  4.8661E-01 -5.7656E-02 -1.6861E-02
  9.8013E+00  2.4000E+02  2.5641E+00  9.5774E+01  4.8405E-01  4.6128E-02  1.0885E-02
  8.8533E+00  2.8000E+02  2.7748E+00  9.6085E+01  4.8151E-01  1.0632E-01  2.1266E-02
  8.0214E+00  3.2000E+02  3.0481E+00  9.6463E+01  4.7896E-01  1.2537E-01  2.2003E-02
  7.2746E+00  3.6000E+02  3.3942E+00  9.6881E+01  4.7637E-01  9.6768E-02  1.5247E-02
  6.5940E+00  4.0000E+02  3.8073E+00  9.7331E+01  4.7373E-01  5.3157E-02  7.6329E-03
  5.9672E+00  4.4000E+02  4.2817E+00  9.7807E+01  4.7104E-01  3.9780E-03  5.2610E-04
  5.3849E+00  4.8000E+02  4.8167E+00  9.8312E+01  4.6826E-01 -5.3274E-02 -6.5450E-03
  4.8400E+00  5.2000E+02  5.4168E+00  9.8841E+01  4.6536E-01 -1.2998E-01 -1.4943E-02
  4.3269E+00  5.6000E+02  6.0877E+00  9.9390E+01  4.6230E-01 -2.3624E-01 -2.5572E-02
  3.8414E+00  6.0000E+02  6.8352E+00  9.9955E+01  4.5903E-01 -3.7678E-01 -3.8596E-02
  3.3801E+00  6.4000E+02  7.6657E+00  1.0053E+02  4.5546E-01 -5.5541E-01 -5.4055E-02
  2.9404E+00  6.8000E+02  8.5884E+00  1.0111E+02  4.5151E-01 -7.8003E-01 -7.2363E-02
  2.5201E+00  7.2000E+02  9.6167E+00  1.0169E+02  4.4707E-01 -1.0646E+00 -9.4394E-02
  2.1175E+00  7.6000E+02  1.0770E+01  1.0227E+02  4.4202E-01 -1.4299E+00 -1.2146E-01
  1.7311E+00  8.0000E+02  1.2075E+01  1.0284E+02  4.3623E-01 -1.9059E+00 -1.5538E-01
  1.3595E+00  8.4000E+02  1.3574E+01  1.0339E+02  4.2949E-01 -2.5371E+00 -1.9888E-01
  1.0017E+00  8.8000E+02  1.5308E+01  1.0392E+02  4.2161E-01 -3.3590E+00 -2.5356E-01
  6.5663E-01  9.2000E+02  1.7370E+01  1.0442E+02  4.1220E-01 -4.5296E+00 -3.2980E-01
  3.2318E-01  9.6000E+02  1.9911E+01  1.0485E+02  4.0067E-01 -6.3286E+00 -4.4523E-01
  0.0000E+00  1.0000E+03  2.3057E+01  1.0509E+02  3.8683E-01 -8.9908E+00 -6.1303E-01
