  26  6.0000000E+00
  3.5673E+01  1.0000E-03  1.2781E+00  1.3331E+02  1.2781E+00  0.0000E+00  0.0000E+00
  2.2132E+01  4.0000E+01  1.4206E+00  1.3329E+02  1.2774E+00 -1.2208E-02 -3.4877E-02
  1.7988E+01  8.0000E+01  1.8916E+00  1.3343E+02  1.2726E+00 -7.8927E-02 -6.9004E-02
  1.5620E+01  1.2000E+02  2.1493E+00  1.3380E+02  1.2683E+00  4.8471E-02  2.4217E-02
  1.3872E+01  1.6000E+02  2.5042E+00  1.3436E+02  1.2638E+00  1.1532E-01  4.2520E-02
  1.2450E+01  2.0000E+02  3.0648E+00  1.3504E+02  1.2590E+00  8.1788E-02  2.4544E-02
  1.1226E+01  2.4000E+02  3.8687E+00  1.3579E+02  1.2536E+00 -3.7623E-02 -9.7119E-03
  1.0147E+01  2.8000E+02  4.9212E+00  1.3661E+02  1.2471E+00 -2.2367E-01 -5.0907E-02
  9.1818E+00  3.2000E+02  6.2609E+00  1.3750E+02  1.2387E+00 -4.5985E-01 -9.3682E-02
  8.3075E+00  3.6000E+02  8.0062E+00  1.3853E+02  1.2275E+00 -8.1852E-01 -1.5099E-01
  7.5084E+00  4.0000E+02  1.0339E+01  1.3974E+02  1.2124E+00 -1.4060E+00 -2.3703E-01
  6.7726E+00  4.4000E+02  1.3400E+01  1.4113E+02  1.1925E+00 -2.2717E+00 -3.5267E-01
  6.0907E+00  4.8000E+02  1.7311E+01  1.4270E+02  1.1675E+00 -3.4383E+00 -4.9467E-01
  5.4552E+00  5.2000E+02  2.2132E+01  1.4442E+02  1.1372E+00 -4.8678E+00 -6.5263E-01
  4.8602E+00  5.6000E+02  2.7843E+01  1.4628E+02  1.1020E+00 -6.4704E+00 -8.1231E-01
  4.3006E+00  6.0000E+02  3.4364E+01  1.4825E+02  1.0621E+00 -8.1460E+00 -9.6172E-01
  3.7724E+00  6.4000E+02  4.1578E+01  1.5028E+02  1.0181E+00 -9.8055E+00 -1.0928E+00
  3.2721E+00  6.8000E+02  4.9353E+01  1.5236E+02  9.7052E-01 -1.1387E+01 -1.2020E+00
  2.7968E+00  7.2000E+02  5.7564E+01  1.5446E+02  9.1969E-01 -1.2854E+01 -1.2889E+00
  2.3441E+00  7.6000E+02  6.6084E+01  1.5657E+02  8.6606E-01 -1.4157E+01 -1.3520E+00
  1.9120E+00  8.0000E+02  7.4774E+01  1.5868E+02  8.1024E-01 -1.5225E+01 -1.3881E+00
  1.4985E+00  8.4000E+02  8.3527E+01  1.6079E+02  7.5285E-01 -1.6085E+01 -1.4032E+00
  1.1021E+00  8.8000E+02  9.2381E+01  1.6289E+02  6.9374E-01 -1.7033E+01 -1.4246E+00
  7.2119E-01  9.2000E+02  1.0164E+02  1.6508E+02  6.3085E-01 -1.8550E+01 -1.4907E+00
  3.5453E-01  9.6000E+02  1.1203E+02  1.6751E+02  5.5979E-01 -2.1725E+01 -1.6806E+00
  0.0000E+00  1.0000E+03  1.2483E+02  1.6996E+02  4.7464E-01 -2.9189E+01 -2.1833E+00
