  26  6.0000000E+00
  3.5181E+01  1.0000E-03  1.0720E+00  1.1680E+02  1.0720E+00  0.0000E+00  0.0000E+00
  2.1937E+01  4.0000E+01  1.1952E+00  1.1681E+02  1.0714E+00 -8.7157E-03 -2.4354E-02
  1.7532E+01  8.0000E+01  1.8757E+00  1.1687E+02  1.0665E+00 -1.4019E-01 -1.3030E-01
  1.5001E+01  1.2000E+02  2.2739E+00  1.1704E+02  1.0624E+00 -9.1873E-02 -4.9056E-02
  1.3202E+01  1.6000E+02  2.6163E+00  1.1735E+02  1.0584E+00 -1.3221E-02 -5.0181E-03
  1.1772E+01  2.0000E+02  3.0468E+00  1.1777E+02  1.0544E+00 -1.3200E-02 -3.9804E-03
  1.0576E+01  2.4000E+02  3.5743E+00  1.1821E+02  1.0501E+00 -6.6144E-02 -1.6697E-02
  9.5418E+00  2.8000E+02  4.1728E+00  1.1869E+02  1.0457E+00 -1.1612E-01 -2.5335E-02
  8.6289E+00  3.2000E+02  4.8293E+00  1.1920E+02  1.0411E+00 -1.6329E-01 -3.1451E-02
  7.8095E+00  3.6000E+02  5.5435E+00  1.1974E+02  1.0364E+00 -2.1337E-01 -3.6886E-02
  7.0641E+00  4.0000E+02  6.3255E+00  1.2031E+02  1.0315E+00 -2.8428E-01 -4.4708E-02
  6.3786E+00  4.4000E+02  7.1860E+00  1.2090E+02  1.0262E+00 -3.8764E-01 -5.6064E-02
  5.7429E+00  4.8000E+02  8.1320E+00  1.2152E+02  1.0206E+00 -5.2554E-01 -7.0485E-02
  5.1495E+00  5.2000E+02  9.1667E+00  1.2214E+02  1.0146E+00 -6.9638E-01 -8.7179E-02
  4.5927E+00  5.6000E+02  1.0291E+01  1.2276E+02  1.0081E+00 -9.0019E-01 -1.0575E-01
  4.0679E+00  6.0000E+02  1.1509E+01  1.2338E+02  1.0011E+00 -1.1405E+00 -1.2627E-01
  3.5714E+00  6.4000E+02  1.2825E+01  1.2399E+02  9.9362E-01 -1.4232E+00 -1.4906E-01
  3.1003E+00  6.8000E+02  1.4265E+01  1.2459E+02  9.8538E-01 -1.7792E+00 -1.7685E-01
  2.6519E+00  7.2000E+02  1.5875E+01  1.2519E+02  9.7612E-01 -2.2582E+00 -2.1363E-01
  2.2241E+00  7.6000E+02  1.7732E+01  1.2579E+02  9.6538E-01 -2.9425E+00 -2.6558E-01
  1.8150E+00  8.0000E+02  1.9957E+01  1.2639E+02  9.5250E-01 -3.9576E+00 -3.4157E-01
  1.4231E+00  8.4000E+02  2.2715E+01  1.2701E+02  9.3663E-01 -5.4713E+00 -4.5246E-01
  1.0468E+00  8.8000E+02  2.6240E+01  1.2763E+02  9.1656E-01 -7.7098E+00 -6.1201E-01
  6.8518E-01  9.2000E+02  3.0953E+01  1.2829E+02  8.8993E-01 -1.1210E+01 -8.5526E-01
  3.3691E-01  9.6000E+02  3.7315E+01  1.2895E+02  8.5436E-01 -1.6367E+01 -1.2026E+00
  0.0000E+00  1.0000E+03  4.5230E+01  1.2927E+02  8.1089E-01 -2.2534E+01 -1.6018E+00
