  26  6.0000000E+00
  3.5155E+01  1.0000E-03  1.0471E+00  1.1435E+02  1.0471E+00  0.0000E+00  0.0000E+00
  2.1912E+01  4.0000E+01  1.1698E+00  1.1436E+02  1.0464E+00 -8.5340E-03 -2.3844E-02
  1.7487E+01  8.0000E+01  1.8729E+00  1.1442E+02  1.0416E+00 -1.4712E-01 -1.3737E-01
  1.4940E+01  1.2000E+02  2.2854E+00  1.1456E+02  1.0375E+00 -1.0663E-01 -5.7298E-02
  1.3135E+01  1.6000E+02  2.6270E+00  1.1485E+02  1.0336E+00 -2.7605E-02 -1.0513E-02
  1.1706E+01  2.0000E+02  3.0411E+00  1.1523E+02  1.0296E+00 -2.3055E-02 -6.9487E-03
  1.0513E+01  2.4000E+02  3.5385E+00  1.1565E+02  1.0254E+00 -6.3914E-02 -1.6082E-02
  9.4849E+00  2.8000E+02  4.0980E+00  1.1611E+02  1.0211E+00 -1.0198E-01 -2.2132E-02
  8.5781E+00  3.2000E+02  4.7106E+00  1.1659E+02  1.0167E+00 -1.3684E-01 -2.6181E-02
  7.7645E+00  3.6000E+02  5.3808E+00  1.1712E+02  1.0122E+00 -1.7917E-01 -3.0752E-02
  7.0244E+00  4.0000E+02  6.1203E+00  1.1768E+02  1.0074E+00 -2.4699E-01 -3.8568E-02
  6.3437E+00  4.4000E+02  6.9385E+00  1.1826E+02  1.0024E+00 -3.4742E-01 -4.9899E-02
  5.7123E+00  4.8000E+02  7.8410E+00  1.1886E+02  9.9697E-01 -4.7929E-01 -6.3847E-02
  5.1228E+00  5.2000E+02  8.8315E+00  1.1947E+02  9.9115E-01 -6.4206E-01 -7.9849E-02
  4.5696E+00  5.6000E+02  9.9131E+00  1.2009E+02  9.8487E-01 -8.3866E-01 -9.7892E-02
  4.0480E+00  6.0000E+02  1.1091E+01  1.2070E+02  9.7807E-01 -1.0748E+00 -1.1827E-01
  3.5544E+00  6.4000E+02  1.2375E+01  1.2132E+02  9.7069E-01 -1.3595E+00 -1.4156E-01
  3.0859E+00  6.8000E+02  1.3781E+01  1.2192E+02  9.6262E-01 -1.7099E+00 -1.6904E-01
  2.6398E+00  7.2000E+02  1.5341E+01  1.2252E+02  9.5365E-01 -2.1620E+00 -2.0347E-01
  2.2141E+00  7.6000E+02  1.7107E+01  1.2310E+02  9.4347E-01 -2.7719E+00 -2.4897E-01
  1.8069E+00  8.0000E+02  1.9167E+01  1.2368E+02  9.3159E-01 -3.6347E+00 -3.1224E-01
  1.4167E+00  8.4000E+02  2.1653E+01  1.2426E+02  9.1732E-01 -4.8998E+00 -4.0337E-01
  1.0421E+00  8.8000E+02  2.4774E+01  1.2483E+02  8.9950E-01 -6.8025E+00 -5.3756E-01
  6.8212E-01  9.2000E+02  2.8926E+01  1.2543E+02  8.7595E-01 -9.8709E+00 -7.4977E-01
  3.3540E-01  9.6000E+02  3.4566E+01  1.2602E+02  8.4440E-01 -1.4554E+01 -1.0647E+00
  0.0000E+00  1.0000E+03  4.1699E+01  1.2631E+02  8.0538E-01 -2.0399E+01 -1.4435E+00
