  26  6.0000000E+00
  3.5125E+01  1.0000E-03  9.9340E-01  1.0938E+02  9.9340E-01  0.0000E+00  0.0000E+00
  2.1870E+01  4.0000E+01  1.1143E+00  1.0940E+02  9.9275E-01 -7.9385E-03 -2.2201E-02
  1.7403E+01  8.0000E+01  1.8685E+00  1.0942E+02  9.8791E-01 -1.6333E-01 -1.5392E-01
  1.4823E+01  1.2000E+02  2.3096E+00  1.0951E+02  9.8384E-01 -1.3533E-01 -7.3688E-02
  1.3004E+01  1.6000E+02  2.6506E+00  1.0975E+02  9.8003E-01 -5.8065E-02 -2.2274E-02
  1.1578E+01  2.0000E+02  3.0281E+00  1.1007E+02  9.7618E-01 -3.9765E-02 -1.1967E-02
  1.0394E+01  2.4000E+02  3.4620E+00  1.1044E+02  9.7223E-01 -5.1697E-02 -1.2912E-02
  9.3774E+00  2.8000E+02  3.9455E+00  1.1086E+02  9.6818E-01 -6.6275E-02 -1.4217E-02
  8.4828E+00  3.2000E+02  4.4796E+00  1.1132E+02  9.6405E-01 -8.2688E-02 -1.5607E-02
  7.6805E+00  3.6000E+02  5.0762E+00  1.1182E+02  9.5979E-01 -1.1838E-01 -2.0038E-02
  6.9502E+00  4.0000E+02  5.7465E+00  1.1235E+02  9.5534E-01 -1.8607E-01 -2.8668E-02
  6.2783E+00  4.4000E+02  6.4962E+00  1.1291E+02  9.5063E-01 -2.8380E-01 -4.0234E-02
  5.6548E+00  4.8000E+02  7.3284E+00  1.1349E+02  9.4556E-01 -4.0705E-01 -5.3540E-02
  5.0726E+00  5.2000E+02  8.2472E+00  1.1409E+02  9.4008E-01 -5.5797E-01 -6.8539E-02
  4.5260E+00  5.6000E+02  9.2588E+00  1.1469E+02  9.3411E-01 -7.4361E-01 -8.5763E-02
  4.0104E+00  6.0000E+02  1.0371E+01  1.1530E+02  9.2760E-01 -9.7318E-01 -1.0586E-01
  3.5222E+00  6.4000E+02  1.1596E+01  1.1591E+02  9.2048E-01 -1.2578E+00 -1.2955E-01
  3.0585E+00  6.8000E+02  1.2943E+01  1.1651E+02  9.1269E-01 -1.6064E+00 -1.5716E-01
  2.6168E+00  7.2000E+02  1.4429E+01  1.1710E+02  9.0413E-01 -2.0331E+00 -1.8947E-01
  2.1950E+00  7.6000E+02  1.6083E+01  1.1767E+02  8.9462E-01 -2.5765E+00 -2.2926E-01
  1.7915E+00  8.0000E+02  1.7963E+01  1.1822E+02  8.8384E-01 -3.3064E+00 -2.8150E-01
  1.4047E+00  8.4000E+02  2.0167E+01  1.1874E+02  8.7121E-01 -4.3456E+00 -3.5465E-01
  1.0333E+00  8.8000E+02  2.2865E+01  1.1925E+02  8.5573E-01 -5.8951E+00 -4.6184E-01
  6.7643E-01  9.2000E+02  2.6362E+01  1.1976E+02  8.3574E-01 -8.3517E+00 -6.2889E-01
  3.3260E-01  9.6000E+02  3.0980E+01  1.2024E+02  8.0978E-01 -1.2033E+01 -8.7283E-01
  0.0000E+00  1.0000E+03  3.6730E+01  1.2043E+02  7.7843E-01 -1.6743E+01 -1.1749E+00
