  26  6.0000000E+00
  3.5683E+01  1.0000E-03  1.2625E+00  1.3536E+02  1.2625E+00  0.0000E+00  0.0000E+00
  2.2118E+01  4.0000E+01  1.4064E+00  1.3534E+02  1.2619E+00 -1.2311E-02 -3.5233E-02
  1.7969E+01  8.0000E+01  1.8816E+00  1.3548E+02  1.2571E+00 -7.9697E-02 -6.9766E-02
  1.5594E+01  1.2000E+02  2.1442E+00  1.3585E+02  1.2528E+00  4.5419E-02  2.2758E-02
  1.3843E+01  1.6000E+02  2.5006E+00  1.3641E+02  1.2484E+00  1.1103E-01  4.1022E-02
  1.2421E+01  2.0000E+02  3.0520E+00  1.3707E+02  1.2436E+00  8.2664E-02  2.4801E-02
  1.1200E+01  2.4000E+02  3.8302E+00  1.3782E+02  1.2384E+00 -2.5467E-02 -6.5613E-03
  1.0124E+01  2.8000E+02  4.8255E+00  1.3861E+02  1.2323E+00 -1.9445E-01 -4.4117E-02
  9.1623E+00  3.2000E+02  6.0359E+00  1.3944E+02  1.2252E+00 -3.9199E-01 -7.9568E-02
  8.2912E+00  3.6000E+02  7.5100E+00  1.4035E+02  1.2163E+00 -6.5341E-01 -1.2009E-01
  7.4949E+00  4.0000E+02  9.3383E+00  1.4134E+02  1.2050E+00 -1.0412E+00 -1.7493E-01
  6.7612E+00  4.4000E+02  1.1614E+01  1.4244E+02  1.1909E+00 -1.6088E+00 -2.4905E-01
  6.0808E+00  4.8000E+02  1.4454E+01  1.4364E+02  1.1733E+00 -2.4169E+00 -3.4696E-01
  5.4464E+00  5.2000E+02  1.8027E+01  1.4496E+02  1.1514E+00 -3.5523E+00 -4.7542E-01
  4.8523E+00  5.6000E+02  2.2491E+01  1.4641E+02  1.1244E+00 -5.0574E+00 -6.3396E-01
  4.2935E+00  6.0000E+02  2.7927E+01  1.4801E+02  1.0920E+00 -6.8711E+00 -8.1006E-01
  3.7660E+00  6.4000E+02  3.4298E+01  1.4972E+02  1.0546E+00 -8.8368E+00 -9.8344E-01
  3.2664E+00  6.8000E+02  4.1478E+01  1.5151E+02  1.0124E+00 -1.0791E+01 -1.1375E+00
  2.7918E+00  7.2000E+02  4.9302E+01  1.5334E+02  9.6623E-01 -1.2629E+01 -1.2645E+00
  2.3398E+00  7.6000E+02  5.7598E+01  1.5518E+02  9.1655E-01 -1.4285E+01 -1.3624E+00
  1.9082E+00  8.0000E+02  6.6191E+01  1.5699E+02  8.6408E-01 -1.5707E+01 -1.4302E+00
  1.4952E+00  8.4000E+02  7.4962E+01  1.5875E+02  8.0930E-01 -1.6973E+01 -1.4788E+00
  1.0993E+00  8.8000E+02  8.4009E+01  1.6048E+02  7.5139E-01 -1.8501E+01 -1.5453E+00
  7.1909E-01  9.2000E+02  9.3645E+01  1.6223E+02  6.8799E-01 -2.0742E+01 -1.6640E+00
  3.5319E-01  9.6000E+02  1.0456E+02  1.6408E+02  6.1433E-01 -2.4742E+01 -1.9100E+00
  0.0000E+00  1.0000E+03  1.1797E+02  1.6610E+02  5.2188E-01 -3.2258E+01 -2.4037E+00
