  26  8.5995000E+01
  3.2019E+01  1.0000E-03  2.5283E-01  1.2060E+02  2.5282E-01  0.0000E+00  0.0000E+00
  2.2802E+01  4.0000E+01  5.0582E+00  1.2055E+02  2.2970E-01 -5.2668E-01 -1.0242E+00
  1.7818E+01  8.0000E+01  1.3014E+01  1.1937E+02  1.8015E-01 -1.8347E+00 -1.9292E+00
  1.5250E+01  1.2000E+02  1.6529E+01  1.1914E+02  1.6654E-01 -1.4549E+00 -7.8834E-01
  1.3423E+01  1.6000E+02  2.4275E+01  1.2081E+02  1.5451E-01 -3.3258E+00 -1.2821E+00
  1.1974E+01  2.0000E+02  3.5231E+01  1.2391E+02  1.4197E-01 -5.4218E+00 -1.6577E+00
  1.0759E+01  2.4000E+02  4.7022E+01  1.2741E+02  1.2945E-01 -6.8248E+00 -1.7490E+00
  9.7078E+00  2.8000E+02  5.8634E+01  1.3121E+02  1.1716E-01 -7.4388E+00 -1.6498E+00
  8.7779E+00  3.2000E+02  6.9732E+01  1.3518E+02  1.0542E-01 -7.6550E+00 -1.5019E+00
  7.9417E+00  3.6000E+02  8.0385E+01  1.3934E+02  9.4354E-02 -7.7758E+00 -1.3717E+00
  7.1804E+00  4.0000E+02  9.0683E+01  1.4364E+02  8.4021E-02 -7.8777E+00 -1.2654E+00
  6.4802E+00  4.4000E+02  1.0057E+02  1.4802E+02  7.4528E-02 -7.8678E+00 -1.1623E+00
  5.8310E+00  4.8000E+02  1.0991E+02  1.5237E+02  6.6013E-02 -7.6844E+00 -1.0524E+00
  5.2254E+00  5.2000E+02  1.1856E+02  1.5656E+02  5.8538E-02 -7.3675E+00 -9.4135E-01
  4.6575E+00  5.6000E+02  1.2649E+02  1.6049E+02  5.2018E-02 -7.0345E+00 -8.4284E-01
  4.1228E+00  6.0000E+02  1.3376E+02  1.6412E+02  4.6262E-02 -6.7988E+00 -7.6710E-01
  3.6174E+00  6.4000E+02  1.4051E+02  1.6747E+02  4.1024E-02 -6.7496E+00 -7.1969E-01
  3.1383E+00  6.8000E+02  1.4691E+02  1.7055E+02  3.6068E-02 -6.9114E+00 -6.9859E-01
  2.6829E+00  7.2000E+02  1.5307E+02  1.7341E+02  3.1193E-02 -7.2475E+00 -6.9634E-01
  2.2489E+00  7.6000E+02  1.5906E+02  1.7608E+02  2.6261E-02 -7.6594E+00 -7.0124E-01
  1.8345E+00  8.0000E+02  1.6492E+02  1.7863E+02  2.1240E-02 -7.9869E+00 -6.9832E-01
  1.4379E+00  8.4000E+02  1.7060E+02  1.8111E+02  1.6242E-02 -8.0593E+00 -6.7440E-01
  1.0576E+00  8.8000E+02  1.7594E+02  1.8352E+02  1.1493E-02 -7.6984E+00 -6.1776E-01
  6.9218E-01  9.2000E+02  1.8081E+02  1.8597E+02  7.2349E-03 -6.6175E+00 -5.1012E-01
  3.4018E-01  9.6000E+02  1.8569E+02  1.8919E+02  3.8898E-03 -4.7197E+00 -3.5050E-01
  6.8619E-04  1.0000E+03  1.9132E+02  1.9417E+02  1.8084E-03 -1.9109E+00 -1.3688E-01
