  26  8.5995000E+01
  3.1995E+01  1.0000E-03  2.1572E-01  1.1799E+02  2.1571E-01  0.0000E+00  0.0000E+00
  2.2674E+01  4.0000E+01  5.2160E+00  1.1859E+02  1.9390E-01 -4.7259E-01 -9.2944E-01
  1.7569E+01  8.0000E+01  1.5051E+01  1.1786E+02  1.5062E-01 -2.0689E+00 -2.2283E+00
  1.4906E+01  1.2000E+02  1.7769E+01  1.1668E+02  1.3989E-01 -1.4646E+00 -8.2266E-01
  1.3036E+01  1.6000E+02  2.3401E+01  1.1686E+02  1.3097E-01 -2.9126E+00 -1.1496E+00
  1.1582E+01  2.0000E+02  3.1110E+01  1.1786E+02  1.2192E-01 -4.6172E+00 -1.4160E+00
  1.0384E+01  2.4000E+02  3.9380E+01  1.1944E+02  1.1313E-01 -5.5803E+00 -1.4104E+00
  9.3600E+00  2.8000E+02  4.7471E+01  1.2144E+02  1.0474E-01 -5.9540E+00 -1.2864E+00
  8.4616E+00  3.2000E+02  5.5624E+01  1.2390E+02  9.6478E-02 -6.3291E+00 -1.1997E+00
  7.6575E+00  3.6000E+02  6.4056E+01  1.2681E+02  8.8196E-02 -6.8661E+00 -1.1648E+00
  6.9270E+00  4.0000E+02  7.2788E+01  1.3008E+02  7.9873E-02 -7.4765E+00 -1.1522E+00
  6.2559E+00  4.4000E+02  8.1666E+01  1.3361E+02  7.1672E-02 -7.9736E+00 -1.1290E+00
  5.6339E+00  4.8000E+02  9.0484E+01  1.3730E+02  6.3815E-02 -8.2407E+00 -1.0814E+00
  5.0535E+00  5.2000E+02  9.9107E+01  1.4108E+02  5.6441E-02 -8.3431E+00 -1.0217E+00
  4.5087E+00  5.6000E+02  1.0746E+02  1.4489E+02  4.9605E-02 -8.3499E+00 -9.5963E-01
  3.9951E+00  6.0000E+02  1.1550E+02  1.4867E+02  4.3301E-02 -8.2928E+00 -8.9867E-01
  3.5089E+00  6.4000E+02  1.2317E+02  1.5236E+02  3.7498E-02 -8.1859E+00 -8.3974E-01
  3.0471E+00  6.8000E+02  1.3047E+02  1.5594E+02  3.2157E-02 -8.0478E+00 -7.8414E-01
  2.6072E+00  7.2000E+02  1.3736E+02  1.5935E+02  2.7246E-02 -7.9003E+00 -7.3320E-01
  2.1871E+00  7.6000E+02  1.4386E+02  1.6258E+02  2.2713E-02 -7.7998E+00 -6.9118E-01
  1.7852E+00  8.0000E+02  1.5000E+02  1.6560E+02  1.8502E-02 -7.7690E+00 -6.5874E-01
  1.4000E+00  8.4000E+02  1.5573E+02  1.6837E+02  1.4572E-02 -7.6923E+00 -6.2517E-01
  1.0303E+00  8.8000E+02  1.6102E+02  1.7096E+02  1.0943E-02 -7.2669E+00 -5.6691E-01
  6.7470E-01  9.2000E+02  1.6608E+02  1.7376E+02  7.7180E-03 -6.3846E+00 -4.7896E-01
  3.3174E-01  9.6000E+02  1.7134E+02  1.7713E+02  5.0789E-03 -5.4888E+00 -3.9716E-01
  5.6925E-04  1.0000E+03  1.7703E+02  1.8063E+02  3.1574E-03 -6.6198E+00 -4.6252E-01
