  26  3.9900000E+00
  3.2094E+01  1.0000E-03  1.0277E+01  1.6562E+01  1.0277E+01  0.0000E+00  0.0000E+00
  2.2910E+01  4.0000E+01  9.3972E+00  1.6549E+01  9.3755E+00  9.4401E-02  1.8293E-01
  1.8041E+01  8.0000E+01  8.7550E+00  1.6610E+01  8.6747E+00  1.4437E-01  1.4830E-01
  1.5570E+01  1.2000E+02  8.5849E+00  1.6745E+01  8.4324E+00  1.2359E-01  6.4434E-02
  1.3782E+01  1.6000E+02  8.4460E+00  1.7042E+01  8.0614E+00  2.4376E-01  9.1934E-02
  1.2341E+01  2.0000E+02  8.5214E+00  1.7638E+01  7.5082E+00  3.6107E-01  1.0976E-01
  1.1117E+01  2.4000E+02  9.1274E+00  1.8625E+01  6.8488E+00  3.1150E-01  8.0484E-02
  1.0044E+01  2.8000E+02  1.0372E+01  1.9956E+01  6.1627E+00  7.9972E-02  1.8096E-02
  9.0883E+00  3.2000E+02  1.2159E+01  2.1581E+01  5.5388E+00 -1.6896E-01 -3.4073E-02
  8.2250E+00  3.6000E+02  1.4339E+01  2.3481E+01  5.0207E+00 -3.2392E-01 -5.8996E-02
  7.4366E+00  4.0000E+02  1.6805E+01  2.5635E+01  4.6063E+00 -3.9736E-01 -6.6099E-02
  6.7098E+00  4.4000E+02  1.9490E+01  2.7979E+01  4.2672E+00 -4.6848E-01 -7.1837E-02
  6.0348E+00  4.8000E+02  2.2322E+01  3.0420E+01  3.9817E+00 -5.7990E-01 -8.2580E-02
  5.4044E+00  5.2000E+02  2.5198E+01  3.2843E+01  3.7370E+00 -7.1884E-01 -9.5611E-02
  4.8129E+00  5.6000E+02  2.7990E+01  3.5124E+01  3.5262E+00 -8.6248E-01 -1.0762E-01
  4.2561E+00  6.0000E+02  3.0585E+01  3.7160E+01  3.3428E+00 -1.0038E+00 -1.1792E-01
  3.7306E+00  6.4000E+02  3.2910E+01  3.8884E+01  3.1798E+00 -1.1440E+00 -1.2685E-01
  3.2333E+00  6.8000E+02  3.4963E+01  4.0303E+01  3.0276E+00 -1.2766E+00 -1.3392E-01
  2.7619E+00  7.2000E+02  3.6849E+01  4.1534E+01  2.8731E+00 -1.3861E+00 -1.3787E-01
  2.3138E+00  7.6000E+02  3.8735E+01  4.2775E+01  2.7063E+00 -1.4412E+00 -1.3624E-01
  1.8867E+00  8.0000E+02  4.0760E+01  4.4185E+01  2.5286E+00 -1.4404E+00 -1.2979E-01
  1.4785E+00  8.4000E+02  4.2914E+01  4.5753E+01  2.3495E+00 -1.4357E+00 -1.2367E-01
  1.0872E+00  8.8000E+02  4.5044E+01  4.7337E+01  2.1745E+00 -1.3934E+00 -1.1503E-01
  7.1148E-01  9.2000E+02  4.7141E+01  4.8999E+01  2.0043E+00 -1.1608E+00 -9.2013E-02
  3.4963E-01  9.6000E+02  4.9716E+01  5.1241E+01  1.8404E+00 -9.1863E-01 -7.0130E-02
  7.1557E-04  1.0000E+03  5.3389E+01  5.4311E+01  1.6852E+00 -1.7296E+00 -1.2732E-01
