  26  8.5995000E+01
  3.2092E+01  1.0000E-03  2.9276E-01  1.1989E+02  2.9275E-01  0.0000E+00  0.0000E+00
  2.2946E+01  4.0000E+01  5.3177E+00  1.1857E+02  2.6829E-01 -6.9300E-01 -1.3372E+00
  1.8127E+01  8.0000E+01  1.0508E+01  1.1650E+02  2.1307E-01 -1.5070E+00 -1.5320E+00
  1.5701E+01  1.2000E+02  1.3381E+01  1.1738E+02  1.9709E-01 -8.2359E-01 -4.2159E-01
  1.3939E+01  1.6000E+02  2.2576E+01  1.2106E+02  1.8232E-01 -3.1292E+00 -1.1635E+00
  1.2504E+01  2.0000E+02  3.7979E+01  1.2661E+02  1.6470E-01 -6.8683E+00 -2.0789E+00
  1.1275E+01  2.4000E+02  5.7211E+01  1.3354E+02  1.4409E-01 -1.0004E+01 -2.5947E+00
  1.0192E+01  2.8000E+02  7.6874E+01  1.4076E+02  1.2225E-01 -1.1486E+01 -2.6246E+00
  9.2224E+00  3.2000E+02  9.5208E+01  1.4783E+02  1.0175E-01 -1.1622E+01 -2.3768E+00
  8.3447E+00  3.6000E+02  1.1196E+02  1.5455E+02  8.3327E-02 -1.1429E+01 -2.1163E+00
  7.5425E+00  4.0000E+02  1.2713E+02  1.6085E+02  6.6915E-02 -1.1058E+01 -1.8716E+00
  6.8036E+00  4.4000E+02  1.4063E+02  1.6667E+02  5.2426E-02 -1.0391E+01 -1.6199E+00
  6.1187E+00  4.8000E+02  1.5249E+02  1.7201E+02  3.9663E-02 -9.5226E+00 -1.3761E+00
  5.4803E+00  5.2000E+02  1.6277E+02  1.7693E+02  2.8668E-02 -8.3869E+00 -1.1296E+00
  4.8825E+00  5.6000E+02  1.7150E+02  1.8149E+02  1.9675E-02 -6.9773E+00 -8.8003E-01
  4.3203E+00  6.0000E+02  1.7881E+02  1.8573E+02  1.2797E-02 -5.4660E+00 -6.4834E-01
  3.7897E+00  6.4000E+02  1.8492E+02  1.8970E+02  7.8847E-03 -4.0508E+00 -4.5354E-01
  3.2871E+00  6.8000E+02  1.9009E+02  1.9342E+02  4.5989E-03 -2.8608E+00 -3.0335E-01
  2.8096E+00  7.2000E+02  1.9454E+02  1.9694E+02  2.5358E-03 -1.9488E+00 -1.9630E-01
  2.3549E+00  7.6000E+02  1.9847E+02  2.0028E+02  1.3181E-03 -1.3073E+00 -1.2543E-01
  1.9206E+00  8.0000E+02  2.0204E+02  2.0346E+02  6.4338E-04 -8.9318E-01 -8.1831E-02
  1.5050E+00  8.4000E+02  2.0532E+02  2.0647E+02  2.9295E-04 -6.5692E-01 -5.7597E-02
  1.1066E+00  8.8000E+02  2.0837E+02  2.0929E+02  1.2232E-04 -5.8699E-01 -4.9350E-02
  7.2384E-01  9.2000E+02  2.1109E+02  2.1183E+02  4.3854E-05 -4.6766E-01 -3.7762E-02
  3.5547E-01  9.6000E+02  2.1400E+02  2.1466E+02  1.1333E-05 -2.2557E-01 -1.7530E-02
  7.3801E-04  1.0000E+03  2.1786E+02  2.1867E+02  1.5218E-06  4.4488E-01  3.3296E-02
