  26  3.9900000E+00
  2.9834E+01  1.0000E-03  5.6886E-01  1.0763E+01  5.6886E-01  0.0000E+00  0.0000E+00
  2.1230E+01  4.0000E+01  4.9034E-01  1.0764E+01  4.8270E-01  9.2750E-03  1.6837E-02
  1.6506E+01  8.0000E+01  4.7983E-01  1.0793E+01  4.2655E-01  8.2709E-03  8.2437E-03
  1.4000E+01  1.2000E+02  5.0169E-01  1.0825E+01  3.9732E-01  3.9456E-03  2.0857E-03
  1.2222E+01  1.6000E+02  5.2583E-01  1.0867E+01  3.6351E-01  1.0437E-02  3.9165E-03
  1.0863E+01  2.0000E+02  5.6494E-01  1.0945E+01  3.1994E-01  2.8517E-02  8.1751E-03
  9.7593E+00  2.4000E+02  6.3183E-01  1.1081E+01  2.7666E-01  6.2374E-02  1.4521E-02
  8.8193E+00  2.8000E+02  7.3796E-01  1.1278E+01  2.3889E-01  9.6268E-02  1.9091E-02
  7.9929E+00  3.2000E+02  9.0863E-01  1.1532E+01  2.0676E-01  1.0171E-01  1.7735E-02
  7.2510E+00  3.6000E+02  1.1712E+00  1.1851E+01  1.7891E-01  7.5662E-02  1.1843E-02
  6.5755E+00  4.0000E+02  1.5453E+00  1.2246E+01  1.5473E-01  3.1191E-02  4.4449E-03
  5.9540E+00  4.4000E+02  2.0418E+00  1.2736E+01  1.3373E-01 -1.0951E-02 -1.4360E-03
  5.3768E+00  4.8000E+02  2.6824E+00  1.3343E+01  1.1544E-01 -5.8793E-02 -7.1600E-03
  4.8361E+00  5.2000E+02  3.5137E+00  1.4080E+01  9.9370E-02 -1.7292E-01 -1.9727E-02
  4.3261E+00  5.6000E+02  4.5758E+00  1.4949E+01  8.5099E-02 -3.8018E-01 -4.0911E-02
  3.8426E+00  6.0000E+02  5.8727E+00  1.5943E+01  7.2395E-02 -6.2624E-01 -6.3879E-02
  3.3826E+00  6.4000E+02  7.3753E+00  1.7054E+01  6.1081E-02 -8.5027E-01 -8.2515E-02
  2.9437E+00  6.8000E+02  9.0421E+00  1.8270E+01  5.1050E-02 -1.0286E+00 -9.5247E-02
  2.5238E+00  7.2000E+02  1.0834E+01  1.9572E+01  4.2294E-02 -1.1660E+00 -1.0329E-01
  2.1213E+00  7.6000E+02  1.2721E+01  2.0944E+01  3.4790E-02 -1.2785E+00 -1.0857E-01
  1.7348E+00  8.0000E+02  1.4677E+01  2.2366E+01  2.8452E-02 -1.3814E+00 -1.1267E-01
  1.3628E+00  8.4000E+02  1.6682E+01  2.3818E+01  2.3151E-02 -1.4890E+00 -1.1684E-01
  1.0045E+00  8.8000E+02  1.8716E+01  2.5278E+01  1.8721E-02 -1.5994E+00 -1.2093E-01
  6.5868E-01  9.2000E+02  2.0839E+01  2.6811E+01  1.4937E-02 -1.7075E+00 -1.2457E-01
  3.2421E-01  9.6000E+02  2.3226E+01  2.8557E+01  1.1710E-02 -1.9152E+00 -1.3515E-01
  4.1140E-04  1.0000E+03  2.6011E+01  3.0314E+01  9.1057E-03 -3.1758E+00 -2.1695E-01
