  26  8.5995000E+01
  3.2094E+01  1.0000E-03  2.7889E-01  1.2193E+02  2.7888E-01  0.0000E+00  0.0000E+00
  2.2910E+01  4.0000E+01  5.3227E+00  1.2077E+02  2.5488E-01 -6.7544E-01 -1.3089E+00
  1.8041E+01  8.0000E+01  1.1111E+01  1.1898E+02  2.0169E-01 -1.5550E+00 -1.5974E+00
  1.5570E+01  1.2000E+02  1.4397E+01  1.1972E+02  1.8646E-01 -1.0335E+00 -5.3882E-01
  1.3782E+01  1.6000E+02  2.3451E+01  1.2280E+02  1.7243E-01 -3.3421E+00 -1.2605E+00
  1.2341E+01  2.0000E+02  3.7170E+01  1.2742E+02  1.5671E-01 -6.3091E+00 -1.9179E+00
  1.1117E+01  2.4000E+02  5.3222E+01  1.3312E+02  1.3975E-01 -8.4533E+00 -2.1841E+00
  1.0044E+01  2.8000E+02  6.9410E+01  1.3897E+02  1.2235E-01 -9.6433E+00 -2.1821E+00
  9.0883E+00  3.2000E+02  8.4606E+01  1.4479E+02  1.0582E-01 -9.8076E+00 -1.9778E+00
  8.2250E+00  3.6000E+02  9.8716E+01  1.5065E+02  9.0806E-02 -9.5557E+00 -1.7404E+00
  7.4366E+00  4.0000E+02  1.1183E+02  1.5657E+02  7.7515E-02 -9.1349E+00 -1.5195E+00
  6.7098E+00  4.4000E+02  1.2397E+02  1.6242E+02  6.5975E-02 -8.6425E+00 -1.3253E+00
  6.0348E+00  4.8000E+02  1.3505E+02  1.6802E+02  5.6092E-02 -8.1134E+00 -1.1554E+00
  5.4044E+00  5.2000E+02  1.4498E+02  1.7318E+02  4.7689E-02 -7.5732E+00 -1.0073E+00
  4.8129E+00  5.6000E+02  1.5368E+02  1.7774E+02  4.0634E-02 -6.9923E+00 -8.7252E-01
  4.2561E+00  6.0000E+02  1.6111E+02  1.8160E+02  3.4763E-02 -6.4240E+00 -7.5462E-01
  3.7306E+00  6.4000E+02  1.6736E+02  1.8471E+02  2.9823E-02 -5.9702E+00 -6.6201E-01
  3.2333E+00  6.8000E+02  1.7271E+02  1.8719E+02  2.5405E-02 -5.7842E+00 -6.0681E-01
  2.7619E+00  7.2000E+02  1.7763E+02  1.8927E+02  2.0932E-02 -6.0182E+00 -5.9860E-01
  2.3138E+00  7.6000E+02  1.8256E+02  1.9132E+02  1.6028E-02 -6.4240E+00 -6.0728E-01
  1.8867E+00  8.0000E+02  1.8751E+02  1.9359E+02  1.1024E-02 -6.2842E+00 -5.6624E-01
  1.4785E+00  8.4000E+02  1.9216E+02  1.9606E+02  6.7159E-03 -5.3339E+00 -4.5947E-01
  1.0872E+00  8.8000E+02  1.9614E+02  1.9848E+02  3.5380E-03 -3.9667E+00 -3.2746E-01
  7.1148E-01  9.2000E+02  1.9949E+02  2.0098E+02  1.5288E-03 -2.2802E+00 -1.8074E-01
  3.4963E-01  9.6000E+02  2.0315E+02  2.0436E+02  5.1711E-04 -7.5416E-01 -5.7574E-02
  7.1557E-04  1.0000E+03  2.0814E+02  2.0890E+02  1.3334E-04 -1.2913E+00 -9.5055E-02
