  26  3.9900000E+00
  3.2100E+01  1.0000E-03  1.0670E+01  1.6977E+01  1.0670E+01  0.0000E+00  0.0000E+00
  2.2939E+01  4.0000E+01  9.7681E+00  1.6960E+01  9.7452E+00  9.6529E-02  1.8657E-01
  1.8113E+01  8.0000E+01  9.0949E+00  1.7028E+01  9.0181E+00  1.5359E-01  1.5638E-01
  1.5681E+01  1.2000E+02  8.9095E+00  1.7180E+01  8.7706E+00  1.3868E-01  7.1164E-02
  1.3914E+01  1.6000E+02  8.7469E+00  1.7516E+01  8.3885E+00  2.8227E-01  1.0523E-01
  1.2477E+01  2.0000E+02  8.8329E+00  1.8211E+01  7.8007E+00  4.2397E-01  1.2846E-01
  1.1249E+01  2.4000E+02  9.5878E+00  1.9396E+01  7.0845E+00  3.4993E-01  9.0724E-02
  1.0167E+01  2.8000E+02  1.1183E+01  2.1021E+01  6.3357E+00  2.7990E-02  6.3861E-03
  9.2002E+00  3.2000E+02  1.3483E+01  2.2987E+01  5.6630E+00 -3.4534E-01 -7.0457E-02
  8.3250E+00  3.6000E+02  1.6226E+01  2.5193E+01  5.1135E+00 -6.1400E-01 -1.1337E-01
  7.5253E+00  4.0000E+02  1.9203E+01  2.7565E+01  4.6719E+00 -7.5650E-01 -1.2765E-01
  6.7884E+00  4.4000E+02  2.2290E+01  3.0019E+01  4.3048E+00 -8.5848E-01 -1.3346E-01
  6.1051E+00  4.8000E+02  2.5408E+01  3.2478E+01  3.9886E+00 -9.6503E-01 -1.3913E-01
  5.4678E+00  5.2000E+02  2.8508E+01  3.4902E+01  3.7091E+00 -1.0604E+00 -1.4256E-01
  4.8708E+00  5.6000E+02  3.1550E+01  3.7268E+01  3.4582E+00 -1.1328E+00 -1.4268E-01
  4.3092E+00  6.0000E+02  3.4495E+01  3.9548E+01  3.2292E+00 -1.1837E+00 -1.4025E-01
  3.7791E+00  6.4000E+02  3.7307E+01  4.1718E+01  3.0171E+00 -1.2112E+00 -1.3546E-01
  3.2772E+00  6.8000E+02  3.9968E+01  4.3775E+01  2.8184E+00 -1.2033E+00 -1.2742E-01
  2.8006E+00  7.2000E+02  4.2510E+01  4.5766E+01  2.6310E+00 -1.1557E+00 -1.1620E-01
  2.3469E+00  7.6000E+02  4.4978E+01  4.7740E+01  2.4546E+00 -1.0883E+00 -1.0418E-01
  1.9139E+00  8.0000E+02  4.7369E+01  4.9690E+01  2.2901E+00 -1.0189E+00 -9.3091E-02
  1.4996E+00  8.4000E+02  4.9663E+01  5.1576E+01  2.1376E+00 -9.8503E-01 -8.6092E-02
  1.1026E+00  8.8000E+02  5.1760E+01  5.3305E+01  1.9929E+00 -9.2653E-01 -7.7607E-02
  7.2146E-01  9.2000E+02  5.3846E+01  5.5112E+01  1.8508E+00 -7.3208E-01 -5.8869E-02
  3.5446E-01  9.6000E+02  5.6482E+01  5.7504E+01  1.7095E+00 -6.6678E-01 -5.1627E-02
  7.0854E-04  1.0000E+03  6.0078E+01  6.0190E+01  1.5658E+00 -2.5716E+00 -1.9193E-01
