  26  8.5995000E+01
  3.2057E+01  1.0000E-03  2.6732E-01  1.2141E+02  2.6732E-01  0.0000E+00  0.0000E+00
  2.2863E+01  4.0000E+01  5.1642E+00  1.2087E+02  2.4369E-01 -5.9127E-01 -1.1469E+00
  1.7939E+01  8.0000E+01  1.2024E+01  1.1931E+02  1.9202E-01 -1.7097E+00 -1.7762E+00
  1.5420E+01  1.2000E+02  1.5548E+01  1.1963E+02  1.7741E-01 -1.2722E+00 -6.7617E-01
  1.3612E+01  1.6000E+02  2.4133E+01  1.2209E+02  1.6421E-01 -3.3863E+00 -1.2915E+00
  1.2167E+01  2.0000E+02  3.6559E+01  1.2593E+02  1.4995E-01 -5.9416E+00 -1.8124E+00
  1.0947E+01  2.4000E+02  5.0444E+01  1.3047E+02  1.3511E-01 -7.6602E+00 -1.9712E+00
  9.8853E+00  2.8000E+02  6.4314E+01  1.3535E+02  1.2021E-01 -8.4655E+00 -1.8962E+00
  8.9421E+00  3.2000E+02  7.7441E+01  1.4037E+02  1.0612E-01 -8.5975E+00 -1.7108E+00
  8.0916E+00  3.6000E+02  8.9823E+01  1.4549E+02  9.3179E-02 -8.5317E+00 -1.5309E+00
  7.3156E+00  4.0000E+02  1.0153E+02  1.5069E+02  8.1490E-02 -8.3924E+00 -1.3740E+00
  6.6009E+00  4.4000E+02  1.1253E+02  1.5585E+02  7.1099E-02 -8.1738E+00 -1.2326E+00
  5.9376E+00  4.8000E+02  1.2268E+02  1.6080E+02  6.2034E-02 -7.8338E+00 -1.0962E+00
  5.3185E+00  5.2000E+02  1.3183E+02  1.6540E+02  5.4276E-02 -7.3573E+00 -9.6099E-01
  4.7379E+00  5.6000E+02  1.3992E+02  1.6952E+02  4.7710E-02 -6.8246E+00 -8.3588E-01
  4.1916E+00  6.0000E+02  1.4700E+02  1.7313E+02  4.2130E-02 -6.3592E+00 -7.3308E-01
  3.6757E+00  6.4000E+02  1.5326E+02  1.7626E+02  3.7260E-02 -6.0787E+00 -6.6161E-01
  3.1872E+00  6.8000E+02  1.5899E+02  1.7899E+02  3.2737E-02 -6.1258E+00 -6.3128E-01
  2.7235E+00  7.2000E+02  1.6453E+02  1.8147E+02  2.8137E-02 -6.6077E+00 -6.4641E-01
  2.2823E+00  7.6000E+02  1.7014E+02  1.8382E+02  2.3123E-02 -7.3722E+00 -6.8635E-01
  1.8613E+00  8.0000E+02  1.7581E+02  1.8617E+02  1.7696E-02 -7.9087E+00 -7.0245E-01
  1.4586E+00  8.4000E+02  1.8136E+02  1.8861E+02  1.2324E-02 -7.7124E+00 -6.5515E-01
  1.0727E+00  8.8000E+02  1.8634E+02  1.9101E+02  7.6371E-03 -6.6656E+00 -5.4277E-01
  7.0203E-01  9.2000E+02  1.9054E+02  1.9345E+02  4.0496E-03 -4.7534E+00 -3.7171E-01
  3.4502E-01  9.6000E+02  1.9476E+02  1.9679E+02  1.7659E-03 -2.4766E+00 -1.8655E-01
  7.1024E-04  1.0000E+03  2.0008E+02  2.0177E+02  6.3921E-04 -9.9542E-01 -7.2309E-02
