  26  8.5995000E+01
  2.9895E+01  1.0000E-03  1.5440E-02  1.0735E+02  1.5437E-02  0.0000E+00  0.0000E+00
  2.1256E+01  4.0000E+01  3.5310E+00  1.0723E+02  1.1312E-02 -4.2110E-01 -7.6753E-01
  1.6512E+01  8.0000E+01  1.0402E+01  1.0744E+02  8.9019E-03 -1.4029E+00 -1.4041E+00
  1.3997E+01  1.2000E+02  1.2445E+01  1.0737E+02  8.4206E-03 -8.4267E-01 -4.4718E-01
  1.2214E+01  1.6000E+02  1.3830E+01  1.0656E+02  7.8650E-03 -1.2274E+00 -4.6177E-01
  1.0854E+01  2.0000E+02  1.7074E+01  1.0622E+02  7.0518E-03 -2.6374E+00 -7.5653E-01
  9.7520E+00  2.4000E+02  2.1593E+01  1.0692E+02  6.2091E-03 -3.4660E+00 -8.0615E-01
  8.8133E+00  2.8000E+02  2.6720E+01  1.0845E+02  5.4662E-03 -3.8298E+00 -7.5843E-01
  7.9881E+00  3.2000E+02  3.2390E+01  1.1049E+02  4.8069E-03 -4.4055E+00 -7.6705E-01
  7.2472E+00  3.6000E+02  3.8607E+01  1.1282E+02  4.1836E-03 -5.2455E+00 -8.1993E-01
  6.5726E+00  4.0000E+02  4.5299E+01  1.1539E+02  3.5868E-03 -6.1090E+00 -8.6946E-01
  5.9518E+00  4.4000E+02  5.2303E+01  1.1825E+02  3.0255E-03 -6.6728E+00 -8.7399E-01
  5.3751E+00  4.8000E+02  5.9593E+01  1.2151E+02  2.5052E-03 -6.9831E+00 -8.4964E-01
  4.8348E+00  5.2000E+02  6.7321E+01  1.2517E+02  2.0202E-03 -7.5318E+00 -8.5865E-01
  4.3250E+00  5.6000E+02  7.5527E+01  1.2907E+02  1.5648E-03 -8.4524E+00 -9.0909E-01
  3.8417E+00  6.0000E+02  8.4091E+01  1.3309E+02  1.1488E-03 -9.3964E+00 -9.5807E-01
  3.3819E+00  6.4000E+02  9.2831E+01  1.3717E+02  7.9184E-04 -1.0132E+01 -9.8291E-01
  2.9431E+00  6.8000E+02  1.0158E+02  1.4126E+02  5.0827E-04 -1.0624E+01 -9.8352E-01
  2.5234E+00  7.2000E+02  1.1020E+02  1.4531E+02  2.9967E-04 -1.0885E+01 -9.6394E-01
  2.1210E+00  7.6000E+02  1.1858E+02  1.4929E+02  1.5876E-04 -1.0943E+01 -9.2906E-01
  1.7345E+00  8.0000E+02  1.2664E+02  1.5316E+02  7.3301E-05 -1.0832E+01 -8.8327E-01
  1.3626E+00  8.4000E+02  1.3433E+02  1.5691E+02  2.8332E-05 -1.0592E+01 -8.3098E-01
  1.0044E+00  8.8000E+02  1.4160E+02  1.6050E+02  8.6402E-06 -1.0276E+01 -7.7680E-01
  6.5862E-01  9.2000E+02  1.4871E+02  1.6411E+02  1.7687E-06 -1.0125E+01 -7.3851E-01
  3.2419E-01  9.6000E+02  1.5601E+02  1.6804E+02  2.0114E-07 -1.0073E+01 -7.1072E-01
  4.0786E-04  1.0000E+03  1.6347E+02  1.7162E+02  1.3490E-08 -1.1978E+01 -8.1822E-01
