  26  8.5995000E+01
  3.1439E+01  1.0000E-03  1.4300E-01  1.1392E+02  1.4300E-01  0.0000E+00  0.0000E+00
  2.2217E+01  4.0000E+01  5.0376E+00  1.1454E+02  1.2538E-01 -4.6317E-01 -9.0119E-01
  1.7121E+01  8.0000E+01  1.5281E+01  1.1451E+02  9.6294E-02 -2.0164E+00 -2.1678E+00
  1.4424E+01  1.2000E+02  1.7459E+01  1.1351E+02  9.0120E-02 -1.1783E+00 -6.7069E-01
  1.2530E+01  1.6000E+02  1.8770E+01  1.1217E+02  8.6132E-02 -1.3990E+00 -5.5888E-01
  1.1091E+01  2.0000E+02  2.1122E+01  1.1104E+02  8.2256E-02 -2.4205E+00 -7.3486E-01
  9.9345E+00  2.4000E+02  2.5257E+01  1.1086E+02  7.7871E-02 -3.7334E+00 -9.1105E-01
  8.9609E+00  2.8000E+02  3.0730E+01  1.1163E+02  7.3074E-02 -4.8216E+00 -9.9034E-01
  8.1120E+00  3.2000E+02  3.7245E+01  1.1337E+02  6.8089E-02 -5.6288E+00 -1.0082E+00
  7.3528E+00  3.6000E+02  4.4570E+01  1.1576E+02  6.2866E-02 -6.4967E+00 -1.0406E+00
  6.6622E+00  4.0000E+02  5.2525E+01  1.1858E+02  5.7463E-02 -7.4409E+00 -1.0841E+00
  6.0266E+00  4.4000E+02  6.0803E+01  1.2170E+02  5.2025E-02 -8.1093E+00 -1.0876E+00
  5.4362E+00  4.8000E+02  6.9196E+01  1.2509E+02  4.6677E-02 -8.4843E+00 -1.0567E+00
  4.8841E+00  5.2000E+02  7.7647E+01  1.2871E+02  4.1521E-02 -8.7431E+00 -1.0185E+00
  4.3645E+00  5.6000E+02  8.6121E+01  1.3252E+02  3.6606E-02 -8.9840E+00 -9.8477E-01
  3.8733E+00  6.0000E+02  9.4571E+01  1.3643E+02  3.1956E-02 -9.2312E+00 -9.5677E-01
  3.4069E+00  6.4000E+02  1.0293E+02  1.4039E+02  2.7583E-02 -9.4402E+00 -9.2885E-01
  2.9627E+00  6.8000E+02  1.1112E+02  1.4433E+02  2.3485E-02 -9.5687E+00 -8.9672E-01
  2.5385E+00  7.2000E+02  1.1908E+02  1.4821E+02  1.9665E-02 -9.6077E+00 -8.5994E-01
  2.1324E+00  7.6000E+02  1.2674E+02  1.5198E+02  1.6133E-02 -9.5674E+00 -8.1980E-01
  1.7428E+00  8.0000E+02  1.3406E+02  1.5562E+02  1.2908E-02 -9.4699E+00 -7.7838E-01
  1.3684E+00  8.4000E+02  1.4101E+02  1.5910E+02  1.0021E-02 -9.2641E+00 -7.3171E-01
  1.0081E+00  8.8000E+02  1.4759E+02  1.6247E+02  7.4945E-03 -8.8969E+00 -6.7630E-01
  6.6074E-01  9.2000E+02  1.5390E+02  1.6587E+02  5.3529E-03 -8.3895E+00 -6.1483E-01
  3.2506E-01  9.6000E+02  1.6017E+02  1.6941E+02  3.6132E-03 -8.1244E+00 -5.7538E-01
  4.4839E-04  1.0000E+03  1.6661E+02  1.7181E+02  2.2875E-03 -1.2468E+01 -8.5389E-01
