  26  8.5995000E+01
  3.2057E+01  1.0000E-03  2.6732E-01  1.2137E+02  2.6732E-01  0.0000E+00  0.0000E+00
  2.2864E+01  4.0000E+01  5.1596E+00  1.2084E+02  2.4369E-01 -5.8968E-01 -1.1437E+00
  1.7939E+01  8.0000E+01  1.2049E+01  1.1930E+02  1.9200E-01 -1.7120E+00 -1.7789E+00
  1.5419E+01  1.2000E+02  1.5599E+01  1.1960E+02  1.7738E-01 -1.2879E+00 -6.8483E-01
  1.3611E+01  1.6000E+02  2.4185E+01  1.2205E+02  1.6416E-01 -3.3970E+00 -1.2958E+00
  1.2165E+01  2.0000E+02  3.6608E+01  1.2591E+02  1.4990E-01 -5.9218E+00 -1.8064E+00
  1.0945E+01  2.4000E+02  5.0463E+01  1.3045E+02  1.3510E-01 -7.6364E+00 -1.9654E+00
  9.8835E+00  2.8000E+02  6.4278E+01  1.3530E+02  1.2028E-01 -8.4376E+00 -1.8901E+00
  8.9404E+00  3.2000E+02  7.7355E+01  1.4029E+02  1.0624E-01 -8.5774E+00 -1.7068E+00
  8.0900E+00  3.6000E+02  8.9707E+01  1.4539E+02  9.3317E-02 -8.5346E+00 -1.5313E+00
  7.3141E+00  4.0000E+02  1.0141E+02  1.5055E+02  8.1613E-02 -8.4223E+00 -1.3787E+00
  6.5995E+00  4.4000E+02  1.1242E+02  1.5568E+02  7.1172E-02 -8.2268E+00 -1.2403E+00
  5.9364E+00  4.8000E+02  1.2261E+02  1.6063E+02  6.2029E-02 -7.9074E+00 -1.1062E+00
  5.3175E+00  5.2000E+02  1.3182E+02  1.6523E+02  5.4178E-02 -7.4442E+00 -9.7208E-01
  4.7371E+00  5.6000E+02  1.3996E+02  1.6937E+02  4.7524E-02 -6.9073E+00 -8.4579E-01
  4.1909E+00  6.0000E+02  1.4709E+02  1.7299E+02  4.1874E-02 -6.4199E+00 -7.3990E-01
  3.6751E+00  6.4000E+02  1.5337E+02  1.7612E+02  3.6961E-02 -6.1068E+00 -6.6451E-01
  3.1868E+00  6.8000E+02  1.5909E+02  1.7885E+02  3.2417E-02 -6.1226E+00 -6.3079E-01
  2.7232E+00  7.2000E+02  1.6462E+02  1.8133E+02  2.7803E-02 -6.5860E+00 -6.4411E-01
  2.2821E+00  7.6000E+02  1.7023E+02  1.8369E+02  2.2775E-02 -7.3392E+00 -6.8309E-01
  1.8612E+00  8.0000E+02  1.7591E+02  1.8608E+02  1.7347E-02 -7.8533E+00 -6.9737E-01
  1.4586E+00  8.4000E+02  1.8147E+02  1.8856E+02  1.2014E-02 -7.6192E+00 -6.4714E-01
  1.0727E+00  8.8000E+02  1.8642E+02  1.9099E+02  7.4072E-03 -6.5407E+00 -5.3257E-01
  7.0203E-01  9.2000E+02  1.9059E+02  1.9344E+02  3.9133E-03 -4.6229E+00 -3.6149E-01
  3.4502E-01  9.6000E+02  1.9479E+02  1.9679E+02  1.7040E-03 -2.3814E+00 -1.7937E-01
  7.0839E-04  1.0000E+03  2.0009E+02  2.0177E+02  6.1721E-04 -9.5766E-01 -6.9567E-02
