  26  8.5995000E+01
  3.2096E+01  1.0000E-03  2.9133E-01  1.2112E+02  2.9132E-01  0.0000E+00  0.0000E+00
  2.2943E+01  4.0000E+01  5.3414E+00  1.1976E+02  2.6691E-01 -7.0083E-01 -1.3534E+00
  1.8121E+01  8.0000E+01  1.0520E+01  1.1771E+02  2.1193E-01 -1.4981E+00 -1.5238E+00
  1.5693E+01  1.2000E+02  1.3511E+01  1.1861E+02  1.9596E-01 -8.6169E-01 -4.4150E-01
  1.3928E+01  1.6000E+02  2.2789E+01  1.2229E+02  1.8117E-01 -3.1695E+00 -1.1798E+00
  1.2493E+01  2.0000E+02  3.7751E+01  1.2780E+02  1.6405E-01 -6.5913E+00 -1.9962E+00
  1.1264E+01  2.4000E+02  5.6017E+01  1.3455E+02  1.4472E-01 -9.3621E+00 -2.4279E+00
  1.0182E+01  2.8000E+02  7.4720E+01  1.4152E+02  1.2442E-01 -1.0842E+01 -2.4755E+00
  9.2134E+00  3.2000E+02  9.2286E+01  1.4835E+02  1.0524E-01 -1.1091E+01 -2.2656E+00
  8.3369E+00  3.6000E+02  1.0846E+02  1.5488E+02  8.7876E-02 -1.1002E+01 -2.0345E+00
  7.5357E+00  4.0000E+02  1.2326E+02  1.6105E+02  7.2318E-02 -1.0775E+01 -1.8214E+00
  6.7976E+00  4.4000E+02  1.3661E+02  1.6678E+02  5.8514E-02 -1.0319E+01 -1.6069E+00
  6.1132E+00  4.8000E+02  1.4853E+02  1.7203E+02  4.6189E-02 -9.7431E+00 -1.4068E+00
  5.4753E+00  5.2000E+02  1.5911E+02  1.7687E+02  3.5173E-02 -9.0158E+00 -1.2135E+00
  4.8778E+00  5.6000E+02  1.6838E+02  1.8134E+02  2.5574E-02 -8.0179E+00 -1.0107E+00
  4.3159E+00  6.0000E+02  1.7633E+02  1.8550E+02  1.7635E-02 -6.7506E+00 -8.0027E-01
  3.7856E+00  6.4000E+02  1.8306E+02  1.8939E+02  1.1485E-02 -5.3505E+00 -5.9873E-01
  3.2833E+00  6.8000E+02  1.8870E+02  1.9303E+02  7.0457E-03 -3.9930E+00 -4.2316E-01
  2.8061E+00  7.2000E+02  1.9347E+02  1.9645E+02  4.0630E-03 -2.8266E+00 -2.8453E-01
  2.3518E+00  7.6000E+02  1.9756E+02  1.9967E+02  2.1952E-03 -1.9223E+00 -1.8429E-01
  1.9180E+00  8.0000E+02  2.0114E+02  2.0269E+02  1.1067E-03 -1.2801E+00 -1.1716E-01
  1.5029E+00  8.4000E+02  2.0436E+02  2.0554E+02  5.1555E-04 -8.8030E-01 -7.7081E-02
  1.1051E+00  8.8000E+02  2.0730E+02  2.0823E+02  2.1476E-04 -6.4125E-01 -5.3826E-02
  7.2298E-01  9.2000E+02  2.1008E+02  2.1086E+02  7.5092E-05 -3.9163E-01 -3.1571E-02
  3.5512E-01  9.6000E+02  2.1321E+02  2.1391E+02  1.9527E-05 -2.0836E-01 -1.6171E-02
  7.0753E-04  1.0000E+03  2.1720E+02  2.1758E+02  2.7939E-06 -8.9706E-01 -6.7076E-02
