  26  8.5995000E+01
  3.1297E+01  1.0000E-03  1.3391E-01  1.1323E+02  1.3391E-01  0.0000E+00  0.0000E+00
  2.2123E+01  4.0000E+01  4.9065E+00  1.1378E+02  1.1698E-01 -4.5961E-01 -8.8963E-01
  1.7055E+01  8.0000E+01  1.4856E+01  1.1378E+02  8.9773E-02 -1.9641E+00 -2.1000E+00
  1.4371E+01  1.2000E+02  1.6998E+01  1.1286E+02  8.4071E-02 -1.1405E+00 -6.4581E-01
  1.2486E+01  1.6000E+02  1.8148E+01  1.1151E+02  8.0410E-02 -1.3282E+00 -5.2810E-01
  1.1055E+01  2.0000E+02  2.0390E+01  1.1037E+02  7.6775E-02 -2.3642E+00 -7.1376E-01
  9.9057E+00  2.4000E+02  2.4569E+01  1.1024E+02  7.2575E-02 -3.7421E+00 -9.0767E-01
  8.9376E+00  2.8000E+02  3.0032E+01  1.1109E+02  6.8012E-02 -4.7713E+00 -9.7461E-01
  8.0925E+00  3.2000E+02  3.6482E+01  1.1290E+02  6.3333E-02 -5.4899E+00 -9.7878E-01
  7.3363E+00  3.6000E+02  4.3686E+01  1.1531E+02  5.8475E-02 -6.3292E+00 -1.0098E+00
  6.6481E+00  4.0000E+02  5.1496E+01  1.1812E+02  5.3474E-02 -7.2693E+00 -1.0555E+00
  6.0145E+00  4.4000E+02  5.9631E+01  1.2122E+02  4.8446E-02 -7.9552E+00 -1.0634E+00
  5.4261E+00  4.8000E+02  6.7890E+01  1.2457E+02  4.3500E-02 -8.3347E+00 -1.0347E+00
  4.8756E+00  5.2000E+02  7.6237E+01  1.2818E+02  3.8727E-02 -8.6081E+00 -9.9967E-01
  4.3576E+00  5.6000E+02  8.4648E+01  1.3198E+02  3.4168E-02 -8.8903E+00 -9.7167E-01
  3.8676E+00  6.0000E+02  9.3077E+01  1.3591E+02  2.9838E-02 -9.1957E+00 -9.5058E-01
  3.4024E+00  6.4000E+02  1.0146E+02  1.3988E+02  2.5748E-02 -9.4700E+00 -9.2957E-01
  2.9591E+00  6.8000E+02  1.0970E+02  1.4385E+02  2.1902E-02 -9.6571E+00 -9.0308E-01
  2.5357E+00  7.2000E+02  1.1773E+02  1.4776E+02  1.8308E-02 -9.7390E+00 -8.7003E-01
  2.1303E+00  7.6000E+02  1.2549E+02  1.5157E+02  1.4983E-02 -9.7207E+00 -8.3153E-01
  1.7412E+00  8.0000E+02  1.3292E+02  1.5526E+02  1.1953E-02 -9.6247E+00 -7.8994E-01
  1.3673E+00  8.4000E+02  1.3999E+02  1.5880E+02  9.2504E-03 -9.4275E+00 -7.4368E-01
  1.0074E+00  8.8000E+02  1.4670E+02  1.6223E+02  6.8989E-03 -9.1027E+00 -6.9126E-01
  6.6032E-01  9.2000E+02  1.5313E+02  1.6565E+02  4.9026E-03 -8.6840E+00 -6.3590E-01
  3.2487E-01  9.6000E+02  1.5955E+02  1.6923E+02  3.2690E-03 -8.4885E+00 -6.0075E-01
  4.4564E-04  1.0000E+03  1.6618E+02  1.7178E+02  2.0246E-03 -1.2567E+01 -8.6021E-01
