  26  3.9900000E+00
  3.1986E+01  1.0000E-03  7.6859E+00  1.2577E+01  7.6859E+00  0.0000E+00  0.0000E+00
  2.2650E+01  4.0000E+01  6.9684E+00  1.2587E+01  6.9476E+00  7.7851E-02  1.5334E-01
  1.7528E+01  8.0000E+01  6.5535E+00  1.2595E+01  6.4210E+00  8.2688E-02  8.9349E-02
  1.4852E+01  1.2000E+02  6.4866E+00  1.2611E+01  6.2341E+00  3.0853E-02  1.7423E-02
  1.2973E+01  1.6000E+02  6.4670E+00  1.2678E+01  6.0063E+00  4.6155E-02  1.8295E-02
  1.1518E+01  2.0000E+02  6.4773E+00  1.2814E+01  5.7045E+00  8.6223E-02  2.6468E-02
  1.0323E+01  2.4000E+02  6.5472E+00  1.3035E+01  5.3897E+00  1.2711E-01  3.2053E-02
  9.3037E+00  2.8000E+02  6.6917E+00  1.3346E+01  5.0673E+00  1.6244E-01  3.4930E-02
  8.4107E+00  3.2000E+02  6.9483E+00  1.3763E+01  4.7373E+00  1.7982E-01  3.3878E-02
  7.6122E+00  3.6000E+02  7.3744E+00  1.4305E+01  4.4028E+00  1.4537E-01  2.4492E-02
  6.8870E+00  4.0000E+02  8.0155E+00  1.4985E+01  4.0696E+00  5.4191E-02  8.2914E-03
  6.2207E+00  4.4000E+02  8.8864E+00  1.5806E+01  3.7516E+00 -7.5207E-02 -1.0571E-02
  5.6032E+00  4.8000E+02  9.9682E+00  1.6760E+01  3.4640E+00 -2.0665E-01 -2.6921E-02
  5.0269E+00  5.2000E+02  1.1224E+01  1.7835E+01  3.2105E+00 -3.1370E-01 -3.8144E-02
  4.4859E+00  5.6000E+02  1.2620E+01  1.9016E+01  2.9864E+00 -3.9930E-01 -4.5576E-02
  3.9756E+00  6.0000E+02  1.4130E+01  2.0281E+01  2.7863E+00 -4.7870E-01 -5.1536E-02
  3.4924E+00  6.4000E+02  1.5730E+01  2.1609E+01  2.6060E+00 -5.6370E-01 -5.7467E-02
  3.0333E+00  6.8000E+02  1.7399E+01  2.2975E+01  2.4424E+00 -6.6039E-01 -6.3967E-02
  2.5959E+00  7.2000E+02  1.9117E+01  2.4354E+01  2.2928E+00 -7.7204E-01 -7.1255E-02
  2.1780E+00  7.6000E+02  2.0863E+01  2.5725E+01  2.1543E+00 -9.0051E-01 -7.9387E-02
  1.7781E+00  8.0000E+02  2.2615E+01  2.7061E+01  2.0235E+00 -1.0401E+00 -8.7759E-02
  1.3946E+00  8.4000E+02  2.4326E+01  2.8335E+01  1.8977E+00 -1.1397E+00 -9.2199E-02
  1.0265E+00  8.8000E+02  2.5990E+01  2.9585E+01  1.7754E+00 -1.1215E+00 -8.7114E-02
  6.7232E-01  9.2000E+02  2.7745E+01  3.0971E+01  1.6567E+00 -1.0435E+00 -7.7967E-02
  3.3060E-01  9.6000E+02  2.9808E+01  3.2637E+01  1.5434E+00 -1.1622E+00 -8.3790E-02
  5.3940E-04  1.0000E+03  3.2314E+01  3.4232E+01  1.4379E+00 -2.7595E+00 -1.9216E-01
