  26  8.5995000E+01
  3.1115E+01  1.0000E-03  1.2466E-01  1.1239E+02  1.2465E-01  0.0000E+00  0.0000E+00
  2.2009E+01  4.0000E+01  4.7146E+00  1.1288E+02  1.0849E-01 -4.5070E-01 -8.6592E-01
  1.6982E+01  8.0000E+01  1.4257E+01  1.1287E+02  8.3198E-02 -1.8999E+00 -2.0150E+00
  1.4321E+01  1.2000E+02  1.6342E+01  1.1202E+02  7.7944E-02 -1.1011E+00 -6.1817E-01
  1.2452E+01  1.6000E+02  1.7510E+01  1.1076E+02  7.4527E-02 -1.3025E+00 -5.1366E-01
  1.1031E+01  2.0000E+02  1.9925E+01  1.0976E+02  7.1034E-02 -2.3981E+00 -7.1872E-01
  9.8880E+00  2.4000E+02  2.4264E+01  1.0981E+02  6.7004E-02 -3.7585E+00 -9.0650E-01
  8.9236E+00  2.8000E+02  2.9738E+01  1.1075E+02  6.2702E-02 -4.7017E+00 -9.5665E-01
  8.0808E+00  3.2000E+02  3.6143E+01  1.1264E+02  5.8334E-02 -5.3541E+00 -9.5204E-01
  7.3261E+00  3.6000E+02  4.3266E+01  1.1507E+02  5.3818E-02 -6.2131E+00 -9.8934E-01
  6.6391E+00  4.0000E+02  5.0972E+01  1.1786E+02  4.9186E-02 -7.1545E+00 -1.0370E+00
  6.0066E+00  4.4000E+02  5.8992E+01  1.2093E+02  4.4538E-02 -7.8397E+00 -1.0461E+00
  5.4193E+00  4.8000E+02  6.7132E+01  1.2425E+02  3.9977E-02 -8.2050E+00 -1.0167E+00
  4.8699E+00  5.2000E+02  7.5364E+01  1.2783E+02  3.5582E-02 -8.4679E+00 -9.8153E-01
  4.3528E+00  5.6000E+02  8.3685E+01  1.3162E+02  3.1384E-02 -8.7625E+00 -9.5592E-01
  3.8637E+00  6.0000E+02  9.2057E+01  1.3554E+02  2.7392E-02 -9.1040E+00 -9.3944E-01
  3.3992E+00  6.4000E+02  1.0041E+02  1.3951E+02  2.3613E-02 -9.4292E+00 -9.2406E-01
  2.9566E+00  6.8000E+02  1.0867E+02  1.4349E+02  2.0049E-02 -9.6661E+00 -9.0259E-01
  2.5338E+00  7.2000E+02  1.1673E+02  1.4741E+02  1.6713E-02 -9.7874E+00 -8.7319E-01
  2.1288E+00  7.6000E+02  1.2454E+02  1.5125E+02  1.3629E-02 -9.7957E+00 -8.3695E-01
  1.7402E+00  8.0000E+02  1.3203E+02  1.5497E+02  1.0826E-02 -9.7132E+00 -7.9638E-01
  1.3666E+00  8.4000E+02  1.3917E+02  1.5855E+02  8.3374E-03 -9.5332E+00 -7.5137E-01
  1.0069E+00  8.8000E+02  1.4597E+02  1.6202E+02  6.1855E-03 -9.2477E+00 -7.0179E-01
  6.6002E-01  9.2000E+02  1.5249E+02  1.6545E+02  4.3600E-03 -8.9055E+00 -6.5176E-01
  3.2474E-01  9.6000E+02  1.5903E+02  1.6905E+02  2.8623E-03 -8.7677E+00 -6.2021E-01
  4.4445E-04  1.0000E+03  1.6580E+02  1.7176E+02  1.7307E-03 -1.2548E+01 -8.5850E-01
