  26  8.5995000E+01
  3.2086E+01  1.0000E-03  2.9384E-01  1.1906E+02  2.9383E-01  0.0000E+00  0.0000E+00
  2.2946E+01  4.0000E+01  5.2962E+00  1.1778E+02  2.6933E-01 -6.8667E-01 -1.3241E+00
  1.8130E+01  8.0000E+01  1.0504E+01  1.1571E+02  2.1393E-01 -1.5126E+00 -1.5371E+00
  1.5704E+01  1.2000E+02  1.3263E+01  1.1655E+02  1.9795E-01 -7.8969E-01 -4.0407E-01
  1.3944E+01  1.6000E+02  2.2397E+01  1.2021E+02  1.8320E-01 -3.1077E+00 -1.1544E+00
  1.2509E+01  2.0000E+02  3.8291E+01  1.2586E+02  1.6505E-01 -7.1455E+00 -2.1621E+00
  1.1280E+01  2.4000E+02  5.8344E+01  1.3296E+02  1.4333E-01 -1.0533E+01 -2.7333E+00
  1.0196E+01  2.8000E+02  7.8593E+01  1.4033E+02  1.2041E-01 -1.1875E+01 -2.7156E+00
  9.2256E+00  3.2000E+02  9.7300E+01  1.4753E+02  9.9128E-02 -1.1868E+01 -2.4289E+00
  8.3473E+00  3.6000E+02  1.1429E+02  1.5436E+02  8.0100E-02 -1.1576E+01 -2.1450E+00
  7.5447E+00  4.0000E+02  1.2953E+02  1.6074E+02  6.3290E-02 -1.1037E+01 -1.8689E+00
  6.8055E+00  4.4000E+02  1.4291E+02  1.6662E+02  4.8652E-02 -1.0142E+01 -1.5817E+00
  6.1204E+00  4.8000E+02  1.5450E+02  1.7201E+02  3.6031E-02 -9.0440E+00 -1.3073E+00
  5.4819E+00  5.2000E+02  1.6440E+02  1.7698E+02  2.5496E-02 -7.7182E+00 -1.0397E+00
  4.8839E+00  5.6000E+02  1.7272E+02  1.8157E+02  1.7172E-02 -6.2444E+00 -7.8774E-01
  4.3216E+00  6.0000E+02  1.7968E+02  1.8583E+02  1.0991E-02 -4.7981E+00 -5.6921E-01
  3.7909E+00  6.4000E+02  1.8552E+02  1.8981E+02  6.6772E-03 -3.5143E+00 -3.9352E-01
  3.2882E+00  6.8000E+02  1.9051E+02  1.9355E+02  3.8436E-03 -2.4678E+00 -2.6172E-01
  2.8107E+00  7.2000E+02  1.9486E+02  1.9710E+02  2.0916E-03 -1.6818E+00 -1.6943E-01
  2.3558E+00  7.6000E+02  1.9876E+02  2.0048E+02  1.0728E-03 -1.1404E+00 -1.0944E-01
  1.9215E+00  8.0000E+02  2.0232E+02  2.0370E+02  5.1684E-04 -8.0740E-01 -7.3993E-02
  1.5058E+00  8.4000E+02  2.0560E+02  2.0671E+02  2.3236E-04 -6.3902E-01 -5.6046E-02
  1.1072E+00  8.8000E+02  2.0859E+02  2.0947E+02  9.5033E-05 -5.7458E-01 -4.8320E-02
  7.2435E-01  9.2000E+02  2.1130E+02  2.1203E+02  3.2554E-05 -3.7922E-01 -3.0628E-02
  3.5582E-01  9.6000E+02  2.1442E+02  2.1513E+02  7.9201E-06 -6.7908E-02 -5.2801E-03
  7.3913E-04  1.0000E+03  2.1882E+02  2.1942E+02  1.0791E-06 -2.9527E-01 -2.2120E-02
