  26  3.9900000E+00
  3.2010E+01  1.0000E-03  9.1159E+00  1.4619E+01  9.1159E+00  0.0000E+00  0.0000E+00
  2.2780E+01  4.0000E+01  8.3031E+00  1.4622E+01  8.2850E+00  8.8332E-02  1.7202E-01
  1.7776E+01  8.0000E+01  7.7623E+00  1.4657E+01  7.6599E+00  1.1509E-01  1.2150E-01
  1.5192E+01  1.2000E+02  7.6450E+00  1.4731E+01  7.4337E+00  7.3991E-02  4.0340E-02
  1.3358E+01  1.6000E+02  7.5626E+00  1.4915E+01  7.1118E+00  1.4564E-01  5.6348E-02
  1.1908E+01  2.0000E+02  7.6005E+00  1.5274E+01  6.6868E+00  2.2121E-01  6.7662E-02
  1.0696E+01  2.4000E+02  7.8660E+00  1.5788E+01  6.2286E+00  2.0536E-01  5.2523E-02
  9.6490E+00  2.8000E+02  8.3626E+00  1.6457E+01  5.7587E+00  1.6453E-01  3.6346E-02
  8.7240E+00  3.2000E+02  9.1037E+00  1.7279E+01  5.3093E+00  8.7691E-02  1.7113E-02
  7.8931E+00  3.6000E+02  1.0101E+01  1.8265E+01  4.8914E+00 -1.3882E-02 -2.4337E-03
  7.1369E+00  4.0000E+02  1.1352E+01  1.9419E+01  4.5148E+00 -1.2887E-01 -2.0561E-02
  6.4416E+00  4.4000E+02  1.2819E+01  2.0726E+01  4.1880E+00 -2.2999E-01 -3.3739E-02
  5.7971E+00  4.8000E+02  1.4444E+01  2.2152E+01  3.9087E+00 -3.0856E-01 -4.1956E-02
  5.1958E+00  5.2000E+02  1.6168E+01  2.3643E+01  3.6688E+00 -3.8646E-01 -4.9026E-02
  4.6319E+00  5.6000E+02  1.7950E+01  2.5153E+01  3.4590E+00 -4.8364E-01 -5.7541E-02
  4.1007E+00  6.0000E+02  1.9770E+01  2.6651E+01  3.2709E+00 -6.0534E-01 -6.7836E-02
  3.5986E+00  6.4000E+02  2.1615E+01  2.8121E+01  3.0982E+00 -7.4788E-01 -7.9227E-02
  3.1224E+00  6.8000E+02  2.3478E+01  2.9554E+01  2.9358E+00 -9.0181E-01 -9.0594E-02
  2.6697E+00  7.2000E+02  2.5346E+01  3.0945E+01  2.7803E+00 -1.0528E+00 -1.0057E-01
  2.2381E+00  7.6000E+02  2.7207E+01  3.2295E+01  2.6288E+00 -1.1852E+00 -1.0791E-01
  1.8258E+00  8.0000E+02  2.9061E+01  3.3617E+01  2.4790E+00 -1.2915E+00 -1.1234E-01
  1.4311E+00  8.4000E+02  3.0915E+01  3.4925E+01  2.3289E+00 -1.3831E+00 -1.1517E-01
  1.0526E+00  8.8000E+02  3.2751E+01  3.6213E+01  2.1774E+00 -1.4472E+00 -1.1557E-01
  6.8896E-01  9.2000E+02  3.4585E+01  3.7546E+01  2.0229E+00 -1.3790E+00 -1.0580E-01
  3.3861E-01  9.6000E+02  3.6765E+01  3.9291E+01  1.8680E+00 -1.2388E+00 -9.1569E-02
  6.7771E-04  1.0000E+03  3.9753E+01  4.2106E+01  1.7209E+00 -5.1487E-01 -3.6708E-02
