  26  8.5995000E+01
  3.1677E+01  1.0000E-03  1.6065E-01  1.1521E+02  1.6064E-01  0.0000E+00  0.0000E+00
  2.2381E+01  4.0000E+01  5.2348E+00  1.1594E+02  1.4177E-01 -4.6792E-01 -9.1774E-01
  1.7245E+01  8.0000E+01  1.5877E+01  1.1582E+02  1.0909E-01 -2.0950E+00 -2.2701E+00
  1.4530E+01  1.2000E+02  1.8127E+01  1.1467E+02  1.0195E-01 -1.2496E+00 -7.1585E-01
  1.2626E+01  1.6000E+02  1.9982E+01  1.1345E+02  9.7194E-02 -1.6148E+00 -6.4883E-01
  1.1174E+01  2.0000E+02  2.2924E+01  1.1249E+02  9.2647E-02 -2.6908E+00 -8.2404E-01
  1.0004E+01  2.4000E+02  2.7228E+01  1.1234E+02  8.7789E-02 -3.8096E+00 -9.4033E-01
  9.0190E+00  2.8000E+02  3.2744E+01  1.1306E+02  8.2564E-02 -4.8703E+00 -1.0124E+00
  8.1608E+00  3.2000E+02  3.9330E+01  1.1469E+02  7.7042E-02 -5.7736E+00 -1.0455E+00
  7.3942E+00  3.6000E+02  4.6836E+01  1.1702E+02  7.1139E-02 -6.7523E+00 -1.0920E+00
  6.6977E+00  4.0000E+02  5.5033E+01  1.1983E+02  6.4957E-02 -7.7352E+00 -1.1368E+00
  6.0569E+00  4.4000E+02  6.3561E+01  1.2298E+02  5.8706E-02 -8.3798E+00 -1.1329E+00
  5.4620E+00  4.8000E+02  7.2191E+01  1.2641E+02  5.2556E-02 -8.7484E+00 -1.0980E+00
  4.9058E+00  5.2000E+02  8.0834E+01  1.3006E+02  4.6640E-02 -8.9761E+00 -1.0533E+00
  4.3827E+00  5.6000E+02  8.9431E+01  1.3387E+02  4.1026E-02 -9.1450E+00 -1.0093E+00
  3.8883E+00  6.0000E+02  9.7925E+01  1.3777E+02  3.5752E-02 -9.2878E+00 -9.6878E-01
  3.4192E+00  6.4000E+02  1.0625E+02  1.4170E+02  3.0832E-02 -9.3716E+00 -9.2750E-01
  2.9726E+00  6.8000E+02  1.1433E+02  1.4559E+02  2.6258E-02 -9.3823E+00 -8.8396E-01
  2.5463E+00  7.2000E+02  1.2212E+02  1.4940E+02  2.2020E-02 -9.3342E+00 -8.3952E-01
  2.1384E+00  7.6000E+02  1.2958E+02  1.5309E+02  1.8111E-02 -9.2558E+00 -7.9658E-01
  1.7473E+00  8.0000E+02  1.3668E+02  1.5661E+02  1.4534E-02 -9.1537E+00 -7.5535E-01
  1.3716E+00  8.4000E+02  1.4336E+02  1.5994E+02  1.1309E-02 -8.9174E+00 -7.0671E-01
  1.0103E+00  8.8000E+02  1.4966E+02  1.6319E+02  8.4745E-03 -8.4247E+00 -6.4223E-01
  6.6211E-01  9.2000E+02  1.5569E+02  1.6653E+02  6.0868E-03 -7.7384E+00 -5.6849E-01
  3.2570E-01  9.6000E+02  1.6166E+02  1.7002E+02  4.1792E-03 -7.3611E+00 -5.2245E-01
  4.5620E-04  1.0000E+03  1.6774E+02  1.7219E+02  2.7396E-03 -1.2034E+01 -8.2578E-01
