  26  8.5995000E+01
  3.1841E+01  1.0000E-03  1.7751E-01  1.1627E+02  1.7751E-01  0.0000E+00  0.0000E+00
  2.2504E+01  4.0000E+01  5.3265E+00  1.1703E+02  1.5758E-01 -4.7010E-01 -9.2601E-01
  1.7353E+01  8.0000E+01  1.6048E+01  1.1678E+02  1.2152E-01 -2.1304E+00 -2.3155E+00
  1.4637E+01  1.2000E+02  1.8380E+01  1.1553E+02  1.1340E-01 -1.3178E+00 -7.5513E-01
  1.2732E+01  1.6000E+02  2.1134E+01  1.1455E+02  1.0763E-01 -1.9637E+00 -7.8894E-01
  1.1275E+01  2.0000E+02  2.5217E+01  1.1397E+02  1.0206E-01 -3.1969E+00 -9.8299E-01
  1.0094E+01  2.4000E+02  3.0282E+01  1.1411E+02  9.6388E-02 -4.1750E+00 -1.0400E+00
  9.0971E+00  2.8000E+02  3.6090E+01  1.1493E+02  9.0604E-02 -4.9986E+00 -1.0517E+00
  8.2278E+00  3.2000E+02  4.2782E+01  1.1662E+02  8.4561E-02 -5.7575E+00 -1.0560E+00
  7.4517E+00  3.6000E+02  5.0401E+01  1.1895E+02  7.8057E-02 -6.8139E+00 -1.1156E+00
  6.7471E+00  4.0000E+02  5.8726E+01  1.2177E+02  7.1202E-02 -7.8108E+00 -1.1612E+00
  6.0993E+00  4.4000E+02  6.7391E+01  1.2495E+02  6.4235E-02 -8.4612E+00 -1.1564E+00
  5.4983E+00  4.8000E+02  7.6164E+01  1.2841E+02  5.7374E-02 -8.8502E+00 -1.1221E+00
  4.9368E+00  5.2000E+02  8.4919E+01  1.3207E+02  5.0783E-02 -9.0590E+00 -1.0733E+00
  4.4089E+00  5.6000E+02  9.3576E+01  1.3589E+02  4.4554E-02 -9.1756E+00 -1.0219E+00
  3.9104E+00  6.0000E+02  1.0206E+02  1.3978E+02  3.8742E-02 -9.2263E+00 -9.7048E-01
  3.4376E+00  6.4000E+02  1.1030E+02  1.4367E+02  3.3361E-02 -9.1977E+00 -9.1744E-01
  2.9878E+00  6.8000E+02  1.1824E+02  1.4751E+02  2.8396E-02 -9.1082E+00 -8.6440E-01
  2.5586E+00  7.2000E+02  1.2584E+02  1.5124E+02  2.3821E-02 -8.9949E+00 -8.1448E-01
  2.1481E+00  7.6000E+02  1.3308E+02  1.5483E+02  1.9606E-02 -8.9013E+00 -7.7086E-01
  1.7547E+00  8.0000E+02  1.3992E+02  1.5821E+02  1.5743E-02 -8.7921E+00 -7.2965E-01
  1.3772E+00  8.4000E+02  1.4631E+02  1.6140E+02  1.2245E-02 -8.5106E+00 -6.7792E-01
  1.0142E+00  8.8000E+02  1.5230E+02  1.6452E+02  9.1674E-03 -7.8808E+00 -6.0349E-01
  6.6460E-01  9.2000E+02  1.5805E+02  1.6780E+02  6.5902E-03 -7.0672E+00 -5.2131E-01
  3.2690E-01  9.6000E+02  1.6378E+02  1.7128E+02  4.5497E-03 -6.6431E+00 -4.7331E-01
  4.6768E-04  1.0000E+03  1.6960E+02  1.7342E+02  3.0247E-03 -1.1291E+01 -7.7765E-01
