  26  3.9900000E+00
  3.2100E+01  1.0000E-03  1.0670E+01  1.6958E+01  1.0670E+01  0.0000E+00  0.0000E+00
  2.2939E+01  4.0000E+01  9.7681E+00  1.6941E+01  9.7452E+00  9.6543E-02  1.8660E-01
  1.8113E+01  8.0000E+01  9.0949E+00  1.7009E+01  9.0181E+00  1.5354E-01  1.5633E-01
  1.5680E+01  1.2000E+02  8.9095E+00  1.7160E+01  8.7704E+00  1.3866E-01  7.1155E-02
  1.3913E+01  1.6000E+02  8.7468E+00  1.7496E+01  8.3882E+00  2.8220E-01  1.0521E-01
  1.2477E+01  2.0000E+02  8.8330E+00  1.8191E+01  7.7999E+00  4.2381E-01  1.2841E-01
  1.1248E+01  2.4000E+02  9.5886E+00  1.9377E+01  7.0828E+00  3.4978E-01  9.0684E-02
  1.0167E+01  2.8000E+02  1.1185E+01  2.1002E+01  6.3335E+00  2.6795E-02  6.1136E-03
  9.2000E+00  3.2000E+02  1.3487E+01  2.2968E+01  5.6604E+00 -3.4845E-01 -7.1092E-02
  8.3248E+00  3.6000E+02  1.6231E+01  2.5172E+01  5.1105E+00 -6.1633E-01 -1.1380E-01
  7.5251E+00  4.0000E+02  1.9207E+01  2.7543E+01  4.6686E+00 -7.5559E-01 -1.2749E-01
  6.7883E+00  4.4000E+02  2.2293E+01  2.9999E+01  4.3014E+00 -8.5552E-01 -1.3299E-01
  6.1050E+00  4.8000E+02  2.5413E+01  3.2461E+01  3.9852E+00 -9.6301E-01 -1.3884E-01
  5.4678E+00  5.2000E+02  2.8513E+01  3.4886E+01  3.7058E+00 -1.0589E+00 -1.4236E-01
  4.8708E+00  5.6000E+02  3.1555E+01  3.7254E+01  3.4549E+00 -1.1302E+00 -1.4236E-01
  4.3092E+00  6.0000E+02  3.4500E+01  3.9536E+01  3.2259E+00 -1.1801E+00 -1.3982E-01
  3.7791E+00  6.4000E+02  3.7311E+01  4.1708E+01  3.0140E+00 -1.2063E+00 -1.3492E-01
  3.2772E+00  6.8000E+02  3.9971E+01  4.3767E+01  2.8155E+00 -1.1978E+00 -1.2684E-01
  2.8007E+00  7.2000E+02  4.2513E+01  4.5760E+01  2.6284E+00 -1.1502E+00 -1.1565E-01
  2.3469E+00  7.6000E+02  4.4983E+01  4.7738E+01  2.4522E+00 -1.0830E+00 -1.0367E-01
  1.9139E+00  8.0000E+02  4.7377E+01  4.9693E+01  2.2880E+00 -1.0148E+00 -9.2714E-02
  1.4996E+00  8.4000E+02  4.9672E+01  5.1582E+01  2.1357E+00 -9.8071E-01 -8.5716E-02
  1.1026E+00  8.8000E+02  5.1771E+01  5.3315E+01  1.9913E+00 -9.2216E-01 -7.7243E-02
  7.2146E-01  9.2000E+02  5.3859E+01  5.5124E+01  1.8497E+00 -7.3264E-01 -5.8916E-02
  3.5446E-01  9.6000E+02  5.6486E+01  5.7504E+01  1.7087E+00 -6.7115E-01 -5.1967E-02
  7.0863E-04  1.0000E+03  6.0061E+01  6.0189E+01  1.5651E+00 -2.5149E+00 -1.8770E-01
