  26  3.9900000E+00
  3.2019E+01  1.0000E-03  9.3169E+00  1.4980E+01  9.3169E+00  0.0000E+00  0.0000E+00
  2.2801E+01  4.0000E+01  8.4913E+00  1.4983E+01  8.4734E+00  8.9875E-02  1.7479E-01
  1.7818E+01  8.0000E+01  7.9337E+00  1.5021E+01  7.8348E+00  1.1951E-01  1.2565E-01
  1.5251E+01  1.2000E+02  7.8067E+00  1.5106E+01  7.6037E+00  8.2715E-02  4.4802E-02
  1.3424E+01  1.6000E+02  7.7154E+00  1.5312E+01  7.2707E+00  1.6282E-01  6.2756E-02
  1.1975E+01  2.0000E+02  7.7618E+00  1.5705E+01  6.8276E+00  2.3874E-01  7.2993E-02
  1.0760E+01  2.4000E+02  8.0647E+00  1.6278E+01  6.3435E+00  2.2229E-01  5.6951E-02
  9.7095E+00  2.8000E+02  8.6425E+00  1.7031E+01  5.8449E+00  1.6764E-01  3.7168E-02
  8.7797E+00  3.2000E+02  9.5077E+00  1.7960E+01  5.3706E+00  6.7556E-02  1.3253E-02
  7.9435E+00  3.6000E+02  1.0656E+01  1.9064E+01  4.9352E+00 -5.2728E-02 -9.3022E-03
  7.1820E+00  4.0000E+02  1.2064E+01  2.0342E+01  4.5515E+00 -1.7056E-01 -2.7403E-02
  6.4816E+00  4.4000E+02  1.3679E+01  2.1772E+01  4.2244E+00 -2.6313E-01 -3.8883E-02
  5.8323E+00  4.8000E+02  1.5434E+01  2.3310E+01  3.9472E+00 -3.3493E-01 -4.5882E-02
  5.2265E+00  5.2000E+02  1.7271E+01  2.4898E+01  3.7100E+00 -4.1147E-01 -5.2589E-02
  4.6584E+00  5.6000E+02  1.9144E+01  2.6481E+01  3.5033E+00 -5.1041E-01 -6.1173E-02
  4.1235E+00  6.0000E+02  2.1030E+01  2.8026E+01  3.3187E+00 -6.3686E-01 -7.1877E-02
  3.6180E+00  6.4000E+02  2.2920E+01  2.9518E+01  3.1493E+00 -7.8821E-01 -8.4067E-02
  3.1388E+00  6.8000E+02  2.4815E+01  3.0956E+01  2.9891E+00 -9.5438E-01 -9.6492E-02
  2.6833E+00  7.2000E+02  2.6713E+01  3.2343E+01  2.8339E+00 -1.1202E+00 -1.0765E-01
  2.2492E+00  7.6000E+02  2.8607E+01  3.3688E+01  2.6802E+00 -1.2635E+00 -1.1571E-01
  1.8347E+00  8.0000E+02  3.0497E+01  3.5012E+01  2.5257E+00 -1.3678E+00 -1.1962E-01
  1.4380E+00  8.4000E+02  3.2399E+01  3.6339E+01  2.3694E+00 -1.4499E+00 -1.2135E-01
  1.0576E+00  8.8000E+02  3.4286E+01  3.7654E+01  2.2110E+00 -1.5025E+00 -1.2059E-01
  6.9220E-01  9.2000E+02  3.6162E+01  3.9016E+01  2.0501E+00 -1.4083E+00 -1.0857E-01
  3.4019E-01  9.6000E+02  3.8404E+01  4.0824E+01  1.8897E+00 -1.2319E+00 -9.1488E-02
  6.8857E-04  1.0000E+03  4.1513E+01  4.3753E+01  1.7385E+00 -5.2789E-01 -3.7812E-02
