  26  8.5995000E+01
  3.2071E+01  1.0000E-03  2.7151E-01  1.2153E+02  2.7150E-01  0.0000E+00  0.0000E+00
  2.2881E+01  4.0000E+01  5.2218E+00  1.2077E+02  2.4773E-01 -6.2152E-01 -1.2051E+00
  1.7976E+01  8.0000E+01  1.1699E+01  1.1913E+02  1.9550E-01 -1.6548E+00 -1.7124E+00
  1.5473E+01  1.2000E+02  1.5167E+01  1.1961E+02  1.8065E-01 -1.1939E+00 -6.3043E-01
  1.3672E+01  1.6000E+02  2.3951E+01  1.2229E+02  1.6714E-01 -3.3891E+00 -1.2880E+00
  1.2228E+01  2.0000E+02  3.6857E+01  1.2638E+02  1.5232E-01 -6.1083E+00 -1.8613E+00
  1.1007E+01  2.4000E+02  5.1519E+01  1.3130E+02  1.3666E-01 -7.9752E+00 -2.0549E+00
  9.9415E+00  2.8000E+02  6.6209E+01  1.3653E+02  1.2082E-01 -8.8804E+00 -1.9956E+00
  8.9942E+00  3.2000E+02  8.0053E+01  1.4186E+02  1.0586E-01 -8.9855E+00 -1.7959E+00
  8.1393E+00  3.6000E+02  9.3036E+01  1.4729E+02  9.2208E-02 -8.8343E+00 -1.5933E+00
  7.3589E+00  4.0000E+02  1.0525E+02  1.5279E+02  7.9991E-02 -8.6026E+00 -1.4164E+00
  6.6398E+00  4.4000E+02  1.1667E+02  1.5824E+02  6.9231E-02 -8.3057E+00 -1.2602E+00
  5.9722E+00  4.8000E+02  1.2716E+02  1.6345E+02  5.9918E-02 -7.9135E+00 -1.1146E+00
  5.3489E+00  5.2000E+02  1.3658E+02  1.6825E+02  5.1985E-02 -7.4140E+00 -9.7503E-01
  4.7643E+00  5.6000E+02  1.4484E+02  1.7250E+02  4.5309E-02 -6.8554E+00 -8.4554E-01
  4.2140E+00  6.0000E+02  1.5198E+02  1.7615E+02  3.9695E-02 -6.3375E+00 -7.3569E-01
  3.6946E+00  6.4000E+02  1.5815E+02  1.7922E+02  3.4871E-02 -5.9729E+00 -6.5451E-01
  3.2031E+00  6.8000E+02  1.6366E+02  1.8182E+02  3.0453E-02 -5.9239E+00 -6.1437E-01
  2.7367E+00  7.2000E+02  1.6894E+02  1.8413E+02  2.5946E-02 -6.3490E+00 -6.2474E-01
  2.2931E+00  7.6000E+02  1.7431E+02  1.8636E+02  2.0956E-02 -7.0930E+00 -6.6388E-01
  1.8700E+00  8.0000E+02  1.7980E+02  1.8867E+02  1.5551E-02 -7.5240E+00 -6.7160E-01
  1.4654E+00  8.4000E+02  1.8514E+02  1.9113E+02  1.0365E-02 -7.0949E+00 -6.0559E-01
  1.0776E+00  8.8000E+02  1.8980E+02  1.9353E+02  6.0761E-03 -5.8318E+00 -4.7713E-01
  7.0526E-01  9.2000E+02  1.9367E+02  1.9598E+02  3.0104E-03 -3.8365E+00 -3.0140E-01
  3.4661E-01  9.6000E+02  1.9767E+02  1.9936E+02  1.2102E-03 -1.7242E+00 -1.3047E-01
  7.1369E-04  1.0000E+03  2.0289E+02  2.0431E+02  3.9495E-04 -7.7178E-01 -5.6321E-02
