  26  8.5995000E+01
  3.2094E+01  1.0000E-03  2.7889E-01  1.2185E+02  2.7888E-01  0.0000E+00  0.0000E+00
  2.2910E+01  4.0000E+01  5.3178E+00  1.2071E+02  2.5487E-01 -6.7324E-01 -1.3045E+00
  1.8040E+01  8.0000E+01  1.1132E+01  1.1893E+02  2.0167E-01 -1.5593E+00 -1.6021E+00
  1.5569E+01  1.2000E+02  1.4444E+01  1.1965E+02  1.8642E-01 -1.0478E+00 -5.4646E-01
  1.3781E+01  1.6000E+02  2.3510E+01  1.2272E+02  1.7237E-01 -3.3533E+00 -1.2648E+00
  1.2340E+01  2.0000E+02  3.7225E+01  1.2736E+02  1.5664E-01 -6.2981E+00 -1.9145E+00
  1.1115E+01  2.4000E+02  5.3259E+01  1.3306E+02  1.3971E-01 -8.4360E+00 -2.1797E+00
  1.0043E+01  2.8000E+02  6.9419E+01  1.3889E+02  1.2234E-01 -9.6327E+00 -2.1797E+00
  9.0871E+00  3.2000E+02  8.4590E+01  1.4469E+02  1.0582E-01 -9.8110E+00 -1.9783E+00
  8.2239E+00  3.6000E+02  9.8686E+01  1.5052E+02  9.0785E-02 -9.5712E+00 -1.7429E+00
  7.4357E+00  4.0000E+02  1.1180E+02  1.5642E+02  7.7460E-02 -9.1565E+00 -1.5228E+00
  6.7090E+00  4.4000E+02  1.2395E+02  1.6227E+02  6.5871E-02 -8.6708E+00 -1.3292E+00
  6.0343E+00  4.8000E+02  1.3506E+02  1.6788E+02  5.5930E-02 -8.1469E+00 -1.1598E+00
  5.4040E+00  5.2000E+02  1.4503E+02  1.7306E+02  4.7467E-02 -7.6084E+00 -1.0117E+00
  4.8127E+00  5.6000E+02  1.5377E+02  1.7764E+02  4.0355E-02 -7.0293E+00 -8.7696E-01
  4.2560E+00  6.0000E+02  1.6124E+02  1.8152E+02  3.4434E-02 -6.4585E+00 -7.5855E-01
  3.7305E+00  6.4000E+02  1.6754E+02  1.8466E+02  2.9455E-02 -5.9955E+00 -6.6474E-01
  3.2333E+00  6.8000E+02  1.7290E+02  1.8715E+02  2.5013E-02 -5.7908E+00 -6.0744E-01
  2.7619E+00  7.2000E+02  1.7781E+02  1.8924E+02  2.0549E-02 -5.9732E+00 -5.9407E-01
  2.3138E+00  7.6000E+02  1.8270E+02  1.9129E+02  1.5702E-02 -6.3157E+00 -5.9700E-01
  1.8868E+00  8.0000E+02  1.8761E+02  1.9358E+02  1.0786E-02 -6.1527E+00 -5.5437E-01
  1.4785E+00  8.4000E+02  1.9222E+02  1.9605E+02  6.5638E-03 -5.2241E+00 -4.5000E-01
  1.0872E+00  8.8000E+02  1.9617E+02  1.9849E+02  3.4496E-03 -3.8929E+00 -3.2136E-01
  7.1150E-01  9.2000E+02  1.9952E+02  2.0100E+02  1.4849E-03 -2.2306E+00 -1.7681E-01
  3.4964E-01  9.6000E+02  2.0318E+02  2.0439E+02  5.0098E-04 -7.3091E-01 -5.5800E-02
  7.1306E-04  1.0000E+03  2.0815E+02  2.0890E+02  1.2914E-04 -1.3097E+00 -9.6414E-02
