  26  3.9900000E+00
  3.0156E+01  1.0000E-03  2.0740E+00  1.0845E+01  2.0740E+00  0.0000E+00  0.0000E+00
  2.1412E+01  4.0000E+01  1.8279E+00  1.0847E+01  1.8186E+00  2.8395E-02  5.2389E-02
  1.6604E+01  8.0000E+01  1.7268E+00  1.0871E+01  1.6622E+00  2.6071E-02  2.6444E-02
  1.4057E+01  1.2000E+02  1.7216E+00  1.0896E+01  1.5983E+00  1.1793E-02  6.3381E-03
  1.2255E+01  1.6000E+02  1.7198E+00  1.0931E+01  1.5349E+00  2.0258E-02  7.6989E-03
  1.0884E+01  2.0000E+02  1.7119E+00  1.0999E+01  1.4431E+00  5.5953E-02  1.6190E-02
  9.7744E+00  2.4000E+02  1.7171E+00  1.1128E+01  1.3358E+00  1.1135E-01  2.6065E-02
  8.8316E+00  2.8000E+02  1.7574E+00  1.1321E+01  1.2302E+00  1.6209E-01  3.2241E-02
  8.0035E+00  3.2000E+02  1.8593E+00  1.1578E+01  1.1262E+00  1.8667E-01  3.2613E-02
  7.2602E+00  3.6000E+02  2.0565E+00  1.1901E+01  1.0249E+00  1.7004E-01  2.6664E-02
  6.5835E+00  4.0000E+02  2.3730E+00  1.2304E+01  9.2788E-01  1.2722E-01  1.8165E-02
  5.9607E+00  4.4000E+02  2.8235E+00  1.2803E+01  8.3788E-01  7.7709E-02  1.0211E-02
  5.3821E+00  4.8000E+02  3.4309E+00  1.3420E+01  7.5704E-01  1.6357E-02  1.9965E-03
  4.8403E+00  5.2000E+02  4.2372E+00  1.4169E+01  6.8467E-01 -1.0541E-01 -1.2051E-02
  4.3293E+00  5.6000E+02  5.2746E+00  1.5050E+01  6.1880E-01 -3.0647E-01 -3.3038E-02
  3.8451E+00  6.0000E+02  6.5410E+00  1.6056E+01  5.5819E-01 -5.3770E-01 -5.4928E-02
  3.3846E+00  6.4000E+02  8.0073E+00  1.7177E+01  5.0253E-01 -7.4875E-01 -7.2753E-02
  2.9452E+00  6.8000E+02  9.6351E+00  1.8400E+01  4.5190E-01 -9.2194E-01 -8.5461E-02
  2.5250E+00  7.2000E+02  1.1389E+01  1.9708E+01  4.0616E-01 -1.0618E+00 -9.4138E-02
  2.1222E+00  7.6000E+02  1.3240E+01  2.1083E+01  3.6472E-01 -1.1810E+00 -1.0036E-01
  1.7354E+00  8.0000E+02  1.5163E+01  2.2506E+01  3.2691E-01 -1.2916E+00 -1.0541E-01
  1.3633E+00  8.4000E+02  1.7139E+01  2.3959E+01  2.9236E-01 -1.4056E+00 -1.1035E-01
  1.0048E+00  8.8000E+02  1.9149E+01  2.5424E+01  2.6075E-01 -1.5220E+00 -1.1512E-01
  6.5885E-01  9.2000E+02  2.1245E+01  2.6954E+01  2.3128E-01 -1.6357E+00 -1.1938E-01
  3.2428E-01  9.6000E+02  2.3600E+01  2.8688E+01  2.0368E-01 -1.8566E+00 -1.3105E-01
  4.1655E-04  1.0000E+03  2.6361E+01  3.0335E+01  1.7889E-01 -3.4371E+00 -2.3485E-01
