  26  3.9900000E+00
  3.0261E+01  1.0000E-03  2.4451E+00  1.0867E+01  2.4451E+00  0.0000E+00  0.0000E+00
  2.1475E+01  4.0000E+01  2.1620E+00  1.0869E+01  2.1522E+00  3.2509E-02  6.0266E-02
  1.6642E+01  8.0000E+01  2.0404E+00  1.0892E+01  1.9719E+00  2.9908E-02  3.0495E-02
  1.4081E+01  1.2000E+02  2.0304E+00  1.0915E+01  1.9004E+00  1.2784E-02  6.9058E-03
  1.2273E+01  1.6000E+02  2.0249E+00  1.0947E+01  1.8314E+00  2.0875E-02  7.9663E-03
  1.0896E+01  2.0000E+02  2.0116E+00  1.1013E+01  1.7328E+00  5.7648E-02  1.6740E-02
  9.7838E+00  2.4000E+02  2.0069E+00  1.1140E+01  1.6133E+00  1.1782E-01  2.7654E-02
  8.8393E+00  2.8000E+02  2.0368E+00  1.1332E+01  1.4946E+00  1.7190E-01  3.4256E-02
  8.0100E+00  3.2000E+02  2.1278E+00  1.1590E+01  1.3762E+00  2.0151E-01  3.5255E-02
  7.2658E+00  3.6000E+02  2.3152E+00  1.1917E+01  1.2589E+00  1.8705E-01  2.9368E-02
  6.5881E+00  4.0000E+02  2.6248E+00  1.2323E+01  1.1452E+00  1.4323E-01  2.0477E-02
  5.9644E+00  4.4000E+02  3.0718E+00  1.2827E+01  1.0385E+00  9.0319E-02  1.1885E-02
  5.3851E+00  4.8000E+02  3.6782E+00  1.3448E+01  9.4170E-01  2.5799E-02  3.1532E-03
  4.8426E+00  5.2000E+02  4.4839E+00  1.4202E+01  8.5487E-01 -9.5062E-02 -1.0880E-02
  4.3312E+00  5.6000E+02  5.5185E+00  1.5088E+01  7.7600E-01 -2.9027E-01 -3.1322E-02
  3.8466E+00  6.0000E+02  6.7788E+00  1.6099E+01  7.0358E-01 -5.1410E-01 -5.2560E-02
  3.3857E+00  6.4000E+02  8.2360E+00  1.7225E+01  6.3704E-01 -7.1940E-01 -6.9948E-02
  2.9461E+00  6.8000E+02  9.8531E+00  1.8451E+01  5.7630E-01 -8.8980E-01 -8.2528E-02
  2.5257E+00  7.2000E+02  1.1596E+01  1.9761E+01  5.2127E-01 -1.0297E+00 -9.1332E-02
  2.1227E+00  7.6000E+02  1.3435E+01  2.1137E+01  4.7138E-01 -1.1508E+00 -9.7835E-02
  1.7358E+00  8.0000E+02  1.5348E+01  2.2560E+01  4.2580E-01 -1.2639E+00 -1.0319E-01
  1.3636E+00  8.4000E+02  1.7314E+01  2.4013E+01  3.8392E-01 -1.3796E+00 -1.0834E-01
  1.0049E+00  8.8000E+02  1.9316E+01  2.5477E+01  3.4532E-01 -1.4984E+00 -1.1337E-01
  6.5894E-01  9.2000E+02  2.1400E+01  2.7003E+01  3.0908E-01 -1.6143E+00 -1.1785E-01
  3.2431E-01  9.6000E+02  2.3739E+01  2.8727E+01  2.7487E-01 -1.8380E+00 -1.2976E-01
  4.2014E-04  1.0000E+03  2.6485E+01  3.0343E+01  2.4383E-01 -3.4895E+00 -2.3846E-01
