  26  8.5995000E+01
  3.2010E+01  1.0000E-03  2.4737E-01  1.2022E+02  2.4737E-01  0.0000E+00  0.0000E+00
  2.2780E+01  4.0000E+01  5.0868E+00  1.2017E+02  2.2445E-01 -5.2944E-01 -1.0311E+00
  1.7776E+01  8.0000E+01  1.3328E+01  1.1917E+02  1.7575E-01 -1.8470E+00 -1.9499E+00
  1.5192E+01  1.2000E+02  1.6794E+01  1.1877E+02  1.6255E-01 -1.4960E+00 -8.1561E-01
  1.3358E+01  1.6000E+02  2.4206E+01  1.2013E+02  1.5096E-01 -3.3023E+00 -1.2777E+00
  1.1908E+01  2.0000E+02  3.4688E+01  1.2295E+02  1.3896E-01 -5.2835E+00 -1.6161E+00
  1.0696E+01  2.4000E+02  4.5886E+01  1.2613E+02  1.2709E-01 -6.6143E+00 -1.6917E+00
  9.6490E+00  2.8000E+02  5.6847E+01  1.2959E+02  1.1551E-01 -7.1643E+00 -1.5827E+00
  8.7240E+00  3.2000E+02  6.7357E+01  1.3327E+02  1.0442E-01 -7.3892E+00 -1.4420E+00
  7.8931E+00  3.6000E+02  7.7530E+01  1.3716E+02  9.3884E-02 -7.5561E+00 -1.3247E+00
  7.1369E+00  4.0000E+02  8.7474E+01  1.4125E+02  8.3922E-02 -7.7398E+00 -1.2349E+00
  6.4416E+00  4.4000E+02  9.7110E+01  1.4546E+02  7.4675E-02 -7.8027E+00 -1.1446E+00
  5.7971E+00  4.8000E+02  1.0628E+02  1.4968E+02  6.6307E-02 -7.6785E+00 -1.0441E+00
  5.1958E+00  5.2000E+02  1.1485E+02  1.5379E+02  5.8896E-02 -7.4239E+00 -9.4180E-01
  4.6319E+00  5.6000E+02  1.2279E+02  1.5769E+02  5.2357E-02 -7.1707E+00 -8.5315E-01
  4.1007E+00  6.0000E+02  1.3018E+02  1.6135E+02  4.6505E-02 -7.0150E+00 -7.8611E-01
  3.5986E+00  6.4000E+02  1.3711E+02  1.6476E+02  4.1134E-02 -7.0053E+00 -7.4210E-01
  3.1224E+00  6.8000E+02  1.4368E+02  1.6793E+02  3.6061E-02 -7.1362E+00 -7.1689E-01
  2.6697E+00  7.2000E+02  1.4997E+02  1.7089E+02  3.1148E-02 -7.3619E+00 -7.0324E-01
  2.2381E+00  7.6000E+02  1.5602E+02  1.7366E+02  2.6306E-02 -7.6170E+00 -6.9356E-01
  1.8258E+00  8.0000E+02  1.6186E+02  1.7627E+02  2.1500E-02 -7.8218E+00 -6.8037E-01
  1.4311E+00  8.4000E+02  1.6748E+02  1.7878E+02  1.6771E-02 -7.8888E+00 -6.5688E-01
  1.0526E+00  8.8000E+02  1.7279E+02  1.8118E+02  1.2233E-02 -7.6704E+00 -6.1256E-01
  6.8896E-01  9.2000E+02  1.7772E+02  1.8362E+02  8.0327E-03 -6.8571E+00 -5.2610E-01
  3.3861E-01  9.6000E+02  1.8274E+02  1.8680E+02  4.5643E-03 -5.2405E+00 -3.8737E-01
  6.7771E-04  1.0000E+03  1.8845E+02  1.9167E+02  2.2643E-03 -2.5070E+00 -1.7874E-01
