  26  8.5995000E+01
  3.0382E+01  1.0000E-03  7.6343E-02  1.0921E+02  7.6339E-02  0.0000E+00  0.0000E+00
  2.1548E+01  4.0000E+01  3.9886E+00  1.0934E+02  6.4434E-02 -4.2833E-01 -7.9834E-01
  1.6686E+01  8.0000E+01  1.1910E+01  1.0949E+02  4.9278E-02 -1.5987E+00 -1.6399E+00
  1.4110E+01  1.2000E+02  1.3939E+01  1.0910E+02  4.6315E-02 -9.3808E-01 -5.0972E-01
  1.2293E+01  1.6000E+02  1.5047E+01  1.0804E+02  4.4250E-02 -1.1950E+00 -4.5824E-01
  1.0911E+01  2.0000E+02  1.7860E+01  1.0736E+02  4.1738E-02 -2.5235E+00 -7.3581E-01
  9.7948E+00  2.4000E+02  2.2367E+01  1.0782E+02  3.8887E-02 -3.6319E+00 -8.5510E-01
  8.8483E+00  2.8000E+02  2.7630E+01  1.0915E+02  3.6100E-02 -4.1517E+00 -8.2912E-01
  8.0176E+00  3.2000E+02  3.3554E+01  1.1117E+02  3.3376E-02 -4.6973E+00 -8.2319E-01
  7.2723E+00  3.6000E+02  4.0084E+01  1.1356E+02  3.0624E-02 -5.5601E+00 -8.7432E-01
  6.5936E+00  4.0000E+02  4.7133E+01  1.1621E+02  2.7847E-02 -6.4852E+00 -9.2864E-01
  5.9689E+00  4.4000E+02  5.4501E+01  1.1912E+02  2.5093E-02 -7.1264E+00 -9.3927E-01
  5.3887E+00  4.8000E+02  6.2094E+01  1.2238E+02  2.2418E-02 -7.4613E+00 -9.1336E-01
  4.8454E+00  5.2000E+02  6.9997E+01  1.2601E+02  1.9839E-02 -7.8762E+00 -9.0273E-01
  4.3334E+00  5.6000E+02  7.8235E+01  1.2988E+02  1.7343E-02 -8.5301E+00 -9.2151E-01
  3.8483E+00  6.0000E+02  8.6713E+01  1.3388E+02  1.4924E-02 -9.2309E+00 -9.4465E-01
  3.3871E+00  6.4000E+02  9.5299E+01  1.3794E+02  1.2601E-02 -9.8179E+00 -9.5537E-01
  2.9472E+00  6.8000E+02  1.0386E+02  1.4200E+02  1.0399E-02 -1.0231E+01 -9.4961E-01
  2.5265E+00  7.2000E+02  1.1227E+02  1.4601E+02  8.3532E-03 -1.0458E+01 -9.2819E-01
  2.1234E+00  7.6000E+02  1.2045E+02  1.4995E+02  6.5055E-03 -1.0516E+01 -8.9449E-01
  1.7362E+00  8.0000E+02  1.2833E+02  1.5379E+02  4.8916E-03 -1.0436E+01 -8.5233E-01
  1.3639E+00  8.4000E+02  1.3585E+02  1.5750E+02  3.5336E-03 -1.0248E+01 -8.0514E-01
  1.0051E+00  8.8000E+02  1.4300E+02  1.6106E+02  2.4311E-03 -9.9790E+00 -7.5525E-01
  6.5904E-01  9.2000E+02  1.4993E+02  1.6461E+02  1.5460E-03 -9.7901E+00 -7.1487E-01
  3.2435E-01  9.6000E+02  1.5700E+02  1.6841E+02  8.7501E-04 -9.7440E+00 -6.8806E-01
  4.2419E-04  1.0000E+03  1.6430E+02  1.7167E+02  4.4239E-04 -1.2493E+01 -8.5379E-01
