  26  3.9900000E+00
  3.1567E+01  1.0000E-03  5.5982E+00  1.1347E+01  5.5982E+00  0.0000E+00  0.0000E+00
  2.2304E+01  4.0000E+01  5.0390E+00  1.1356E+01  5.0188E+00  6.1334E-02  1.1987E-01
  1.7185E+01  8.0000E+01  4.7658E+00  1.1360E+01  4.6333E+00  5.4016E-02  5.8334E-02
  1.4477E+01  1.2000E+02  4.7370E+00  1.1352E+01  4.4981E+00  7.6308E-03  4.3606E-03
  1.2576E+01  1.6000E+02  4.7284E+00  1.1354E+01  4.3775E+00  5.8335E-03  2.3388E-03
  1.1131E+01  2.0000E+02  4.7173E+00  1.1385E+01  4.2312E+00  2.8964E-02  8.8359E-03
  9.9670E+00  2.4000E+02  4.6911E+00  1.1472E+01  4.0394E+00  9.7312E-02  2.3887E-02
  8.9878E+00  2.8000E+02  4.6798E+00  1.1637E+01  3.8239E+00  1.8050E-01  3.7292E-02
  8.1344E+00  3.2000E+02  4.7277E+00  1.1900E+01  3.5901E+00  2.5127E-01  4.5240E-02
  7.3718E+00  3.6000E+02  4.8916E+00  1.2267E+01  3.3382E+00  2.6670E-01  4.2909E-02
  6.6785E+00  4.0000E+02  5.2213E+00  1.2745E+01  3.0800E+00  2.1415E-01  3.1326E-02
  6.0405E+00  4.4000E+02  5.7442E+00  1.3341E+01  2.8276E+00  1.1510E-01  1.5494E-02
  5.4480E+00  4.8000E+02  6.4721E+00  1.4063E+01  2.5911E+00 -1.1505E-02 -1.4381E-03
  4.8940E+00  5.2000E+02  7.4086E+00  1.4913E+01  2.3784E+00 -1.5486E-01 -1.8102E-02
  4.3727E+00  5.6000E+02  8.5408E+00  1.5890E+01  2.1902E+00 -2.9837E-01 -3.2811E-02
  3.8800E+00  6.0000E+02  9.8444E+00  1.6981E+01  2.0226E+00 -4.3119E-01 -4.4824E-02
  3.4124E+00  6.4000E+02  1.1293E+01  1.8171E+01  1.8716E+00 -5.5305E-01 -5.4564E-02
  2.9671E+00  6.8000E+02  1.2861E+01  1.9441E+01  1.7347E+00 -6.6952E-01 -6.2899E-02
  2.5419E+00  7.2000E+02  1.4526E+01  2.0771E+01  1.6099E+00 -7.8830E-01 -7.0714E-02
  2.1350E+00  7.6000E+02  1.6266E+01  2.2139E+01  1.4958E+00 -9.1448E-01 -7.8515E-02
  1.7447E+00  8.0000E+02  1.8056E+01  2.3521E+01  1.3906E+00 -1.0443E+00 -8.5988E-02
  1.3698E+00  8.4000E+02  1.9866E+01  2.4900E+01  1.2922E+00 -1.1495E+00 -9.0926E-02
  1.0090E+00  8.8000E+02  2.1699E+01  2.6297E+01  1.1992E+00 -1.2073E+00 -9.1885E-02
  6.6131E-01  9.2000E+02  2.3614E+01  2.7772E+01  1.1111E+00 -1.2659E+00 -9.2871E-02
  3.2532E-01  9.6000E+02  2.5732E+01  2.9382E+01  1.0281E+00 -1.5128E+00 -1.0724E-01
  4.5197E-04  1.0000E+03  2.8175E+01  3.0529E+01  9.5031E-01 -3.9889E+00 -2.7340E-01
