  26  8.5995000E+01
  3.1994E+01  1.0000E-03  2.2261E-01  1.1827E+02  2.2260E-01  0.0000E+00  0.0000E+00
  2.2694E+01  4.0000E+01  5.1506E+00  1.1880E+02  2.0054E-01 -4.7310E-01 -9.2834E-01
  1.7608E+01  8.0000E+01  1.4706E+01  1.1803E+02  1.5602E-01 -2.0304E+00 -2.1784E+00
  1.4961E+01  1.2000E+02  1.7547E+01  1.1696E+02  1.4479E-01 -1.4771E+00 -8.2518E-01
  1.3097E+01  1.6000E+02  2.3595E+01  1.1735E+02  1.3528E-01 -3.0379E+00 -1.1942E+00
  1.1645E+01  2.0000E+02  3.1937E+01  1.1870E+02  1.2556E-01 -4.8156E+00 -1.4753E+00
  1.0445E+01  2.4000E+02  4.0821E+01  1.2060E+02  1.1611E-01 -5.8190E+00 -1.4736E+00
  9.4166E+00  2.8000E+02  4.9458E+01  1.2287E+02  1.0708E-01 -6.1890E+00 -1.3427E+00
  8.5131E+00  3.2000E+02  5.8033E+01  1.2557E+02  9.8259E-02 -6.5047E+00 -1.2399E+00
  7.7039E+00  3.6000E+02  6.6768E+01  1.2869E+02  8.9534E-02 -6.9370E+00 -1.1843E+00
  6.9684E+00  4.0000E+02  7.5718E+01  1.3214E+02  8.0880E-02 -7.4709E+00 -1.1593E+00
  6.2925E+00  4.4000E+02  8.4727E+01  1.3582E+02  7.2465E-02 -7.8827E+00 -1.1241E+00
  5.6660E+00  4.8000E+02  9.3588E+01  1.3964E+02  6.4511E-02 -8.0600E+00 -1.0653E+00
  5.0814E+00  5.2000E+02  1.0217E+02  1.4349E+02  5.7147E-02 -8.0823E+00 -9.9692E-01
  4.5327E+00  5.6000E+02  1.1040E+02  1.4731E+02  5.0391E-02 -8.0370E+00 -9.3024E-01
  4.0156E+00  6.0000E+02  1.1827E+02  1.5106E+02  4.4190E-02 -7.9724E+00 -8.6989E-01
  3.5262E+00  6.4000E+02  1.2576E+02  1.5469E+02  3.8474E-02 -7.8982E+00 -8.1555E-01
  3.0615E+00  6.8000E+02  1.3288E+02  1.5817E+02  3.3190E-02 -7.8078E+00 -7.6547E-01
  2.6190E+00  7.2000E+02  1.3960E+02  1.6149E+02  2.8297E-02 -7.7113E+00 -7.1983E-01
  2.1967E+00  7.6000E+02  1.4596E+02  1.6461E+02  2.3745E-02 -7.6525E+00 -6.8181E-01
  1.7928E+00  8.0000E+02  1.5197E+02  1.6753E+02  1.9477E-02 -7.6564E+00 -6.5249E-01
  1.4057E+00  8.4000E+02  1.5763E+02  1.7022E+02  1.5447E-02 -7.6547E+00 -6.2511E-01
  1.0343E+00  8.8000E+02  1.6286E+02  1.7272E+02  1.1655E-02 -7.3726E+00 -5.7779E-01
  6.7721E-01  9.2000E+02  1.6786E+02  1.7537E+02  8.1908E-03 -6.5890E+00 -4.9638E-01
  3.3293E-01  9.6000E+02  1.7308E+02  1.7867E+02  5.2914E-03 -5.5668E+00 -4.0435E-01
  6.0228E-04  1.0000E+03  1.7884E+02  1.8253E+02  3.1841E-03 -5.7118E+00 -4.0048E-01
