  26  3.9900000E+00
  3.2103E+01  1.0000E-03  1.0499E+01  1.7041E+01  1.0499E+01  0.0000E+00  0.0000E+00
  2.2928E+01  4.0000E+01  9.6073E+00  1.7024E+01  9.5844E+00  9.5351E-02  1.8458E-01
  1.8086E+01  8.0000E+01  8.9465E+00  1.7091E+01  8.8692E+00  1.5020E-01  1.5343E-01
  1.5640E+01  1.2000E+02  8.7670E+00  1.7237E+01  8.6242E+00  1.3336E-01  6.8825E-02
  1.3865E+01  1.6000E+02  8.6126E+00  1.7562E+01  8.2453E+00  2.6974E-01  1.0101E-01
  1.2427E+01  2.0000E+02  8.6936E+00  1.8227E+01  7.6733E+00  4.0630E-01  1.2324E-01
  1.1200E+01  2.4000E+02  9.3900E+00  1.9341E+01  6.9902E+00  3.4016E-01  8.8097E-02
  1.0121E+01  2.8000E+02  1.0842E+01  2.0835E+01  6.2778E+00  3.9579E-02  9.0077E-03
  9.1580E+00  3.2000E+02  1.2924E+01  2.2633E+01  5.6272E+00 -2.9448E-01 -5.9845E-02
  8.2873E+00  3.6000E+02  1.5411E+01  2.4684E+01  5.0871E+00 -5.0178E-01 -9.2176E-02
  7.4920E+00  4.0000E+02  1.8140E+01  2.6958E+01  4.6555E+00 -5.7192E-01 -9.5954E-02
  6.7593E+00  4.4000E+02  2.1034E+01  2.9396E+01  4.3025E+00 -6.2151E-01 -9.6077E-02
  6.0793E+00  4.8000E+02  2.4043E+01  3.1919E+01  4.0043E+00 -7.1653E-01 -1.0280E-01
  5.4445E+00  5.2000E+02  2.7093E+01  3.4434E+01  3.7466E+00 -8.4214E-01 -1.1279E-01
  4.8492E+00  5.6000E+02  3.0085E+01  3.6846E+01  3.5215E+00 -9.7320E-01 -1.2224E-01
  4.2888E+00  6.0000E+02  3.2914E+01  3.9057E+01  3.3227E+00 -1.1045E+00 -1.3058E-01
  3.7597E+00  6.4000E+02  3.5503E+01  4.0990E+01  3.1429E+00 -1.2381E+00 -1.3819E-01
  3.2591E+00  6.8000E+02  3.7820E+01  4.2633E+01  2.9725E+00 -1.3461E+00 -1.4218E-01
  2.7843E+00  7.2000E+02  3.9963E+01  4.4118E+01  2.8008E+00 -1.3870E+00 -1.3894E-01
  2.3328E+00  7.6000E+02  4.2122E+01  4.5660E+01  2.6232E+00 -1.3662E+00 -1.3015E-01
  1.9022E+00  8.0000E+02  4.4373E+01  4.7344E+01  2.4456E+00 -1.3185E+00 -1.1979E-01
  1.4903E+00  8.4000E+02  4.6636E+01  4.9071E+01  2.2766E+00 -1.2987E+00 -1.1284E-01
  1.0957E+00  8.8000E+02  4.8708E+01  5.0648E+01  2.1150E+00 -1.2570E+00 -1.0465E-01
  7.1697E-01  9.2000E+02  5.0712E+01  5.2268E+01  1.9542E+00 -1.0141E+00 -8.1037E-02
  3.5231E-01  9.6000E+02  5.3319E+01  5.4589E+01  1.7948E+00 -7.8377E-01 -6.0301E-02
  7.3613E-04  1.0000E+03  5.7136E+01  5.7496E+01  1.6415E+00 -2.5892E+00 -1.9205E-01
