  26  3.9900000E+00
  3.1841E+01  1.0000E-03  6.5414E+00  1.1737E+01  6.5414E+00  0.0000E+00  0.0000E+00
  2.2504E+01  4.0000E+01  5.9086E+00  1.1748E+01  5.8867E+00  6.8873E-02  1.3567E-01
  1.7353E+01  8.0000E+01  5.5803E+00  1.1750E+01  5.4379E+00  6.4098E-02  6.9668E-02
  1.4637E+01  1.2000E+02  5.5410E+00  1.1742E+01  5.2813E+00  1.1819E-02  6.7728E-03
  1.2732E+01  1.6000E+02  5.5370E+00  1.1754E+01  5.1265E+00  8.4030E-03  3.3760E-03
  1.1275E+01  2.0000E+02  5.5370E+00  1.1801E+01  4.9290E+00  3.1730E-02  9.7562E-03
  1.0094E+01  2.4000E+02  5.5344E+00  1.1906E+01  4.6995E+00  9.1394E-02  2.2766E-02
  9.0971E+00  2.8000E+02  5.5547E+00  1.2088E+01  4.4568E+00  1.6255E-01  3.4199E-02
  8.2278E+00  3.2000E+02  5.6432E+00  1.2373E+01  4.1916E+00  2.2536E-01  4.1333E-02
  7.4517E+00  3.6000E+02  5.8623E+00  1.2769E+01  3.9033E+00  2.2893E-01  3.7481E-02
  6.7471E+00  4.0000E+02  6.2644E+00  1.3291E+01  3.6051E+00  1.6918E-01  2.5152E-02
  6.0993E+00  4.4000E+02  6.8786E+00  1.3944E+01  3.3117E+00  5.9600E-02  8.1454E-03
  5.4983E+00  4.8000E+02  7.7128E+00  1.4730E+01  3.0379E+00 -7.9525E-02 -1.0083E-02
  4.9368E+00  5.2000E+02  8.7551E+00  1.5649E+01  2.7938E+00 -2.1965E-01 -2.6025E-02
  4.4089E+00  5.6000E+02  9.9781E+00  1.6692E+01  2.5791E+00 -3.4060E-01 -3.7931E-02
  3.9104E+00  6.0000E+02  1.1351E+01  1.7844E+01  2.3888E+00 -4.4406E-01 -4.6710E-02
  3.4376E+00  6.4000E+02  1.2846E+01  1.9083E+01  2.2186E+00 -5.4086E-01 -5.3949E-02
  2.9878E+00  6.8000E+02  1.4440E+01  2.0388E+01  2.0648E+00 -6.4269E-01 -6.0993E-02
  2.5586E+00  7.2000E+02  1.6113E+01  2.1736E+01  1.9252E+00 -7.5813E-01 -6.8648E-02
  2.1481E+00  7.6000E+02  1.7843E+01  2.3100E+01  1.7971E+00 -8.8993E-01 -7.7069E-02
  1.7547E+00  8.0000E+02  1.9598E+01  2.4453E+01  1.6781E+00 -1.0221E+00 -8.4824E-02
  1.3772E+00  8.4000E+02  2.1340E+01  2.5780E+01  1.5657E+00 -1.1002E+00 -8.7638E-02
  1.0142E+00  8.8000E+02  2.3088E+01  2.7130E+01  1.4589E+00 -1.0961E+00 -8.3939E-02
  6.6460E-01  9.2000E+02  2.4943E+01  2.8596E+01  1.3579E+00 -1.1111E+00 -8.1964E-02
  3.2690E-01  9.6000E+02  2.7023E+01  3.0217E+01  1.2634E+00 -1.3613E+00 -9.6989E-02
  4.6768E-04  1.0000E+03  2.9409E+01  3.1287E+01  1.1757E+00 -4.0320E+00 -2.7769E-01
