  26  3.9900000E+00
  3.0982E+01  1.0000E-03  4.2470E+00  1.1065E+01  4.2470E+00  0.0000E+00  0.0000E+00
  2.1920E+01  4.0000E+01  3.7993E+00  1.1070E+01  3.7843E+00  5.0006E-02  9.5611E-02
  1.6920E+01  8.0000E+01  3.5888E+00  1.1082E+01  3.4879E+00  4.4527E-02  4.6976E-02
  1.4271E+01  1.2000E+02  3.5649E+00  1.1088E+01  3.3805E+00  1.1273E-02  6.2997E-03
  1.2409E+01  1.6000E+02  3.5520E+00  1.1102E+01  3.2859E+00  1.4564E-02  5.7218E-03
  1.0995E+01  2.0000E+02  3.5309E+00  1.1147E+01  3.1651E+00  4.6766E-02  1.3944E-02
  9.8591E+00  2.4000E+02  3.4995E+00  1.1252E+01  2.9992E+00  1.1994E-01  2.8755E-02
  8.9000E+00  2.8000E+02  3.4913E+00  1.1432E+01  2.8206E+00  1.9605E-01  3.9669E-02
  8.0612E+00  3.2000E+02  3.5432E+00  1.1698E+01  2.6353E+00  2.5554E-01  4.5226E-02
  7.3095E+00  3.6000E+02  3.7023E+00  1.2048E+01  2.4429E+00  2.5297E-01  4.0117E-02
  6.6252E+00  4.0000E+02  4.0049E+00  1.2488E+01  2.2495E+00  2.0125E-01  2.9058E-02
  5.9951E+00  4.4000E+02  4.4715E+00  1.3031E+01  2.0620E+00  1.2087E-01  1.6067E-02
  5.4099E+00  4.8000E+02  5.1165E+00  1.3691E+01  1.8867E+00  2.5955E-02  3.2044E-03
  4.8624E+00  5.2000E+02  5.9608E+00  1.4481E+01  1.7283E+00 -9.8606E-02 -1.1391E-02
  4.3469E+00  5.6000E+02  7.0155E+00  1.5403E+01  1.5864E+00 -2.5822E-01 -2.8085E-02
  3.8590E+00  6.0000E+02  8.2703E+00  1.6447E+01  1.4582E+00 -4.3160E-01 -4.4422E-02
  3.3955E+00  6.4000E+02  9.7003E+00  1.7601E+01  1.3414E+00 -5.9609E-01 -5.8288E-02
  2.9538E+00  6.8000E+02  1.1276E+01  1.8848E+01  1.2346E+00 -7.4281E-01 -6.9231E-02
  2.5316E+00  7.2000E+02  1.2968E+01  2.0171E+01  1.1370E+00 -8.7511E-01 -7.7949E-02
  2.1272E+00  7.6000E+02  1.4752E+01  2.1550E+01  1.0479E+00 -1.0002E+00 -8.5336E-02
  1.7390E+00  8.0000E+02  1.6605E+01  2.2968E+01  9.6631E-01 -1.1220E+00 -9.1884E-02
  1.3658E+00  8.4000E+02  1.8507E+01  2.4407E+01  8.9065E-01 -1.2396E+00 -9.7608E-02
  1.0064E+00  8.8000E+02  2.0450E+01  2.5863E+01  8.1979E-01 -1.3564E+00 -1.0285E-01
  6.5973E-01  9.2000E+02  2.2461E+01  2.7362E+01  7.5242E-01 -1.4748E+00 -1.0787E-01
  3.2462E-01  9.6000E+02  2.4687E+01  2.9012E+01  6.8784E-01 -1.7195E+00 -1.2157E-01
  4.4038E-04  1.0000E+03  2.7301E+01  3.0392E+01  6.2705E-01 -3.8086E+00 -2.6049E-01
