  26  8.5995000E+01
  3.1896E+01  1.0000E-03  1.8562E-01  1.1669E+02  1.8562E-01  0.0000E+00  0.0000E+00
  2.2551E+01  4.0000E+01  5.3366E+00  1.1745E+02  1.6523E-01 -4.7071E-01 -9.2805E-01
  1.7400E+01  8.0000E+01  1.5986E+01  1.1711E+02  1.2759E-01 -2.1327E+00 -2.3178E+00
  1.4689E+01  1.2000E+02  1.8367E+01  1.1583E+02  1.1896E-01 -1.3507E+00 -7.7252E-01
  1.2789E+01  1.6000E+02  2.1669E+01  1.1501E+02  1.1261E-01 -2.1698E+00 -8.6998E-01
  1.1331E+01  2.0000E+02  2.6466E+01  1.1470E+02  1.0639E-01 -3.5020E+00 -1.0773E+00
  1.0146E+01  2.4000E+02  3.2099E+01  1.1505E+02  1.0018E-01 -4.4608E+00 -1.1152E+00
  9.1432E+00  2.8000E+02  3.8225E+01  1.1603E+02  9.4001E-02 -5.1280E+00 -1.0851E+00
  8.2680E+00  3.2000E+02  4.5060E+01  1.1781E+02  8.7629E-02 -5.7808E+00 -1.0673E+00
  7.4867E+00  3.6000E+02  5.2755E+01  1.2019E+02  8.0823E-02 -6.7964E+00 -1.1204E+00
  6.7773E+00  4.0000E+02  6.1114E+01  1.2305E+02  7.3673E-02 -7.7525E+00 -1.1603E+00
  6.1254E+00  4.4000E+02  6.9806E+01  1.2626E+02  6.6408E-02 -8.4045E+00 -1.1560E+00
  5.5208E+00  4.8000E+02  7.8605E+01  1.2974E+02  5.9260E-02 -8.8041E+00 -1.1231E+00
  4.9559E+00  5.2000E+02  8.7368E+01  1.3341E+02  5.2404E-02 -9.0081E+00 -1.0734E+00
  4.4252E+00  5.6000E+02  9.6010E+01  1.3722E+02  4.5938E-02 -9.1053E+00 -1.0195E+00
  3.9241E+00  6.0000E+02  1.0445E+02  1.4110E+02  3.9922E-02 -9.1175E+00 -9.6391E-01
  3.4491E+00  6.4000E+02  1.1261E+02  1.4496E+02  3.4370E-02 -9.0468E+00 -9.0666E-01
  2.9973E+00  6.8000E+02  1.2045E+02  1.4876E+02  2.9260E-02 -8.9229E+00 -8.5055E-01
  2.5664E+00  7.2000E+02  1.2792E+02  1.5245E+02  2.4560E-02 -8.7906E+00 -7.9925E-01
  2.1543E+00  7.6000E+02  1.3503E+02  1.5598E+02  2.0231E-02 -8.6968E+00 -7.5603E-01
  1.7596E+00  8.0000E+02  1.4174E+02  1.5929E+02  1.6259E-02 -8.5889E+00 -7.1530E-01
  1.3808E+00  8.4000E+02  1.4798E+02  1.6239E+02  1.2649E-02 -8.3053E+00 -6.6371E-01
  1.0168E+00  8.8000E+02  1.5381E+02  1.6543E+02  9.4644E-03 -7.6385E+00 -5.8664E-01
  6.6622E-01  9.2000E+02  1.5942E+02  1.6867E+02  6.7927E-03 -6.7761E+00 -5.0116E-01
  3.2768E-01  9.6000E+02  1.6504E+02  1.7216E+02  4.6791E-03 -6.3106E+00 -4.5074E-01
  4.7736E-04  1.0000E+03  1.7078E+02  1.7445E+02  3.1065E-03 -1.0526E+01 -7.2664E-01
