  25  3.7500000E+00
  2.7872E+01  2.0000E+01  1.8845E+02  3.8331E+01  1.8708E+02  0.0000E+00  0.0000E+00
  2.0563E+01  6.0000E+01  1.8548E+02  3.6019E+01  1.8090E+02  9.0109E-02  1.3897E-01
  1.7035E+01  1.0000E+02  1.8223E+02  3.3923E+01  1.7494E+02  3.2664E-01  2.4310E-01
  1.4650E+01  1.4000E+02  1.7839E+02  3.1990E+01  1.6875E+02  7.9694E-01  4.0110E-01
  1.2898E+01  1.8000E+02  1.7442E+02  3.0195E+01  1.6273E+02  1.2450E+00  4.6009E-01
  1.1513E+01  2.2000E+02  1.7054E+02  2.8517E+01  1.5704E+02  1.5903E+00  4.6480E-01
  1.0352E+01  2.6000E+02  1.6677E+02  2.6937E+01  1.5167E+02  1.8864E+00  4.6177E-01
  9.3411E+00  3.0000E+02  1.6304E+02  2.5442E+01  1.4651E+02  2.2134E+00  4.7227E-01
  8.4392E+00  3.4000E+02  1.5928E+02  2.4022E+01  1.4147E+02  2.5944E+00  4.9367E-01
  7.6219E+00  3.8000E+02  1.5548E+02  2.2669E+01  1.3653E+02  2.9859E+00  5.1483E-01
  6.8733E+00  4.2000E+02  1.5171E+02  2.1376E+01  1.3171E+02  3.3151E+00  5.2360E-01
  6.1819E+00  4.6000E+02  1.4802E+02  2.0136E+01  1.2708E+02  3.5386E+00  5.1620E-01
  5.5390E+00  5.0000E+02  1.4447E+02  1.8946E+01  1.2268E+02  3.6747E+00  4.9844E-01
  4.9377E+00  5.4000E+02  1.4106E+02  1.7799E+01  1.1850E+02  3.7592E+00  4.7690E-01
  4.3725E+00  5.8000E+02  1.3780E+02  1.6694E+01  1.1453E+02  3.8093E+00  4.5426E-01
  3.8388E+00  6.2000E+02  1.3468E+02  1.5626E+01  1.1078E+02  3.8416E+00  4.3252E-01
  3.3330E+00  6.6000E+02  1.3169E+02  1.4592E+01  1.0720E+02  3.8738E+00  4.1339E-01
  2.8520E+00  7.0000E+02  1.2880E+02  1.3589E+01  1.0379E+02  3.9210E+00  3.9796E-01
  2.3931E+00  7.4000E+02  1.2600E+02  1.2616E+01  1.0050E+02  3.9969E+00  3.8697E-01
  1.9542E+00  7.8000E+02  1.2324E+02  1.1670E+01  9.7306E+01  4.1301E+00  3.8242E-01
  1.5335E+00  8.2000E+02  1.2048E+02  1.0750E+01  9.4155E+01  4.3726E+00  3.8813E-01
  1.1294E+00  8.6000E+02  1.1760E+02  9.8571E+00  9.0926E+01  4.9121E+00  4.1882E-01
  7.4030E-01  9.0000E+02  1.1438E+02  8.9957E+00  8.7401E+01  6.0539E+00  4.9693E-01
  3.6428E-01  9.4000E+02  1.1081E+02  8.1676E+00  8.3554E+01  7.3022E+00  5.7931E-01
  0.0000E+00  9.8000E+02  1.0725E+02  7.3545E+00  7.9749E+01  7.5456E+00  5.7992E-01
