  25  3.7500000E+00
  2.6572E+01  2.0000E+01  4.6497E+02  7.0996E+01  4.6334E+02  0.0000E+00  0.0000E+00
  1.9649E+01  6.0000E+01  4.6208E+02  6.8900E+01  4.5661E+02  1.1444E-01  1.6715E-01
  1.6432E+01  1.0000E+02  4.5926E+02  6.6821E+01  4.5029E+02  2.2888E-01  1.5538E-01
  1.4320E+01  1.4000E+02  4.5653E+02  6.4758E+01  4.4436E+02  3.1820E-01  1.4179E-01
  1.2729E+01  1.8000E+02  4.5386E+02  6.2716E+01  4.3875E+02  3.9391E-01  1.3216E-01
  1.1421E+01  2.2000E+02  4.5124E+02  6.0695E+01  4.3342E+02  4.5704E-01  1.2617E-01
  1.0296E+01  2.6000E+02  4.4866E+02  5.8693E+01  4.2834E+02  5.1143E-01  1.2142E-01
  9.3029E+00  3.0000E+02  4.4612E+02  5.6711E+01  4.2350E+02  5.6083E-01  1.1747E-01
  8.4110E+00  3.4000E+02  4.4362E+02  5.4749E+01  4.1885E+02  6.0626E-01  1.1408E-01
  7.6005E+00  3.8000E+02  4.4115E+02  5.2806E+01  4.1440E+02  6.5041E-01  1.1123E-01
  6.8571E+00  4.2000E+02  4.3871E+02  5.0881E+01  4.1012E+02  6.9374E-01  1.0881E-01
  6.1697E+00  4.6000E+02  4.3630E+02  4.8973E+01  4.0599E+02  7.3614E-01  1.0675E-01
  5.5300E+00  5.0000E+02  4.3391E+02  4.7083E+01  4.0201E+02  7.7727E-01  1.0490E-01
  4.9314E+00  5.4000E+02  4.3155E+02  4.5208E+01  3.9817E+02  8.1759E-01  1.0325E-01
  4.3685E+00  5.8000E+02  4.2920E+02  4.3348E+01  3.9446E+02  8.5699E-01  1.0179E-01
  3.8365E+00  6.2000E+02  4.2688E+02  4.1502E+01  3.9086E+02  8.9486E-01  1.0043E-01
  3.3320E+00  6.6000E+02  4.2458E+02  3.9669E+01  3.8738E+02  9.3170E-01  9.9171E-02
  2.8520E+00  7.0000E+02  4.2229E+02  3.7848E+01  3.8399E+02  9.6735E-01  9.7967E-02
  2.3939E+00  7.4000E+02  4.2002E+02  3.6037E+01  3.8071E+02  1.0017E+00  9.6818E-02
  1.9555E+00  7.8000E+02  4.1777E+02  3.4236E+01  3.7751E+02  1.0349E+00  9.5722E-02
  1.5348E+00  8.2000E+02  4.1553E+02  3.2444E+01  3.7440E+02  1.0663E+00  9.4631E-02
  1.1305E+00  8.6000E+02  4.1330E+02  3.0659E+01  3.7138E+02  1.0971E+00  9.3580E-02
  7.4107E-01  9.0000E+02  4.1108E+02  2.8879E+01  3.6843E+02  1.1259E+00  9.2514E-02
  3.6460E-01  9.4000E+02  4.0887E+02  2.7104E+01  3.6555E+02  1.1492E+00  9.1281E-02
  0.0000E+00  9.8000E+02  4.0667E+02  2.5331E+01  3.6274E+02  1.1688E+00  8.9908E-02
