  25  3.7500000E+00
  2.6572E+01  2.0000E+01  4.6461E+02  6.4042E+01  4.6298E+02  0.0000E+00  0.0000E+00
  1.9649E+01  6.0000E+01  4.6136E+02  6.1942E+01  4.5589E+02  1.6583E-01  2.4220E-01
  1.6432E+01  1.0000E+02  4.5812E+02  5.9857E+01  4.4916E+02  3.5884E-01  2.4361E-01
  1.4320E+01  1.4000E+02  4.5392E+02  5.7792E+01  4.4176E+02  1.0085E+00  4.4939E-01
  1.2729E+01  1.8000E+02  4.4800E+02  5.5750E+01  4.3291E+02  2.4395E+00  8.1845E-01
  1.1421E+01  2.2000E+02  4.4097E+02  5.3732E+01  4.2318E+02  3.8306E+00  1.0575E+00
  1.0296E+01  2.6000E+02  4.3337E+02  5.1737E+01  4.1310E+02  4.9782E+00  1.1819E+00
  9.3029E+00  3.0000E+02  4.2542E+02  4.9767E+01  4.0284E+02  6.0325E+00  1.2636E+00
  8.4110E+00  3.4000E+02  4.1726E+02  4.7822E+01  3.9257E+02  6.9612E+00  1.3099E+00
  7.6005E+00  3.8000E+02  4.0920E+02  4.5902E+01  3.8255E+02  7.5763E+00  1.2956E+00
  6.8571E+00  4.2000E+02  4.0145E+02  4.4006E+01  3.7299E+02  7.8710E+00  1.2345E+00
  6.1697E+00  4.6000E+02  3.9411E+02  4.2133E+01  3.6397E+02  7.9644E+00  1.1550E+00
  5.5300E+00  5.0000E+02  3.8717E+02  4.0281E+01  3.5547E+02  7.9542E+00  1.0735E+00
  4.9314E+00  5.4000E+02  3.8061E+02  3.8451E+01  3.4748E+02  7.8974E+00  9.9733E-01
  4.3685E+00  5.8000E+02  3.7439E+02  3.6640E+01  3.3993E+02  7.8340E+00  9.3047E-01
  3.8365E+00  6.2000E+02  3.6846E+02  3.4848E+01  3.3276E+02  7.7778E+00  8.7291E-01
  3.3320E+00  6.6000E+02  3.6277E+02  3.3074E+01  3.2594E+02  7.7488E+00  8.2479E-01
  2.8520E+00  7.0000E+02  3.5728E+02  3.1317E+01  3.1940E+02  7.7823E+00  7.8813E-01
  2.3939E+00  7.4000E+02  3.5191E+02  2.9576E+01  3.1306E+02  7.9182E+00  7.6534E-01
  1.9555E+00  7.8000E+02  3.4658E+02  2.7852E+01  3.0683E+02  8.2428E+00  7.6243E-01
  1.5348E+00  8.2000E+02  3.4110E+02  2.6148E+01  3.0053E+02  8.9710E+00  7.9613E-01
  1.1305E+00  8.6000E+02  3.3512E+02  2.4472E+01  2.9381E+02  1.0652E+01  9.0861E-01
  7.4107E-01  9.0000E+02  3.2824E+02  2.2843E+01  2.8626E+02  1.3480E+01  1.1077E+00
  3.6460E-01  9.4000E+02  3.2075E+02  2.1270E+01  2.7817E+02  1.5719E+01  1.2485E+00
  0.0000E+00  9.8000E+02  3.1342E+02  1.9736E+01  2.7030E+02  1.5890E+01  1.2223E+00
