  25  3.7500000E+00
  2.6572E+01  2.0000E+01  1.3626E+03  1.3582E+02  1.3607E+03  0.0000E+00  0.0000E+00
  1.9649E+01  6.0000E+01  1.3608E+03  1.3412E+02  1.3544E+03  1.4524E-02  2.1213E-02
  1.6432E+01  1.0000E+02  1.3589E+03  1.3234E+02  1.3483E+03  3.9167E-02  2.6589E-02
  1.4320E+01  1.4000E+02  1.3569E+03  1.3047E+02  1.3422E+03  6.6479E-02  2.9623E-02
  1.2729E+01  1.8000E+02  1.3548E+03  1.2852E+02  1.3363E+03  9.5593E-02  3.2072E-02
  1.1421E+01  2.2000E+02  1.3526E+03  1.2651E+02  1.3304E+03  1.2415E-01  3.4272E-02
  1.0296E+01  2.6000E+02  1.3503E+03  1.2443E+02  1.3247E+03  1.5265E-01  3.6242E-02
  9.3029E+00  3.0000E+02  1.3480E+03  1.2230E+02  1.3191E+03  1.8155E-01  3.8028E-02
  8.4110E+00  3.4000E+02  1.3456E+03  1.2011E+02  1.3135E+03  2.1080E-01  3.9665E-02
  7.6005E+00  3.8000E+02  1.3432E+03  1.1786E+02  1.3081E+03  2.4096E-01  4.1207E-02
  6.8571E+00  4.2000E+02  1.3407E+03  1.1557E+02  1.3027E+03  2.7214E-01  4.2684E-02
  6.1697E+00  4.6000E+02  1.3381E+03  1.1322E+02  1.2975E+03  3.0414E-01  4.4106E-02
  5.5300E+00  5.0000E+02  1.3355E+03  1.1083E+02  1.2923E+03  3.3700E-01  4.5483E-02
  4.9314E+00  5.4000E+02  1.3329E+03  1.0840E+02  1.2872E+03  3.7079E-01  4.6825E-02
  4.3685E+00  5.8000E+02  1.3302E+03  1.0593E+02  1.2822E+03  4.0516E-01  4.8122E-02
  3.8365E+00  6.2000E+02  1.3274E+03  1.0341E+02  1.2773E+03  4.3985E-01  4.9365E-02
  3.3320E+00  6.6000E+02  1.3246E+03  1.0086E+02  1.2724E+03  4.7511E-01  5.0571E-02
  2.8520E+00  7.0000E+02  1.3218E+03  9.8260E+01  1.2676E+03  5.1088E-01  5.1738E-02
  2.3939E+00  7.4000E+02  1.3189E+03  9.5625E+01  1.2629E+03  5.4684E-01  5.2855E-02
  1.9555E+00  7.8000E+02  1.3160E+03  9.2951E+01  1.2583E+03  5.8298E-01  5.3924E-02
  1.5348E+00  8.2000E+02  1.3130E+03  9.0237E+01  1.2537E+03  6.1900E-01  5.4933E-02
  1.1305E+00  8.6000E+02  1.3100E+03  8.7484E+01  1.2492E+03  6.5556E-01  5.5918E-02
  7.4107E-01  9.0000E+02  1.3069E+03  8.4689E+01  1.2447E+03  6.9164E-01  5.6831E-02
  3.6460E-01  9.4000E+02  1.3038E+03  8.1852E+01  1.2403E+03  7.2445E-01  5.7541E-02
  0.0000E+00  9.8000E+02  1.3007E+03  7.8971E+01  1.2360E+03  7.5565E-01  5.8127E-02
