  25  3.7500000E+00
  2.6572E+01  2.0000E+01  1.8823E+02  3.8040E+01  1.8680E+02  0.0000E+00  0.0000E+00
  1.9649E+01  6.0000E+01  1.8525E+02  3.5733E+01  1.8061E+02  9.8511E-02  1.4388E-01
  1.6432E+01  1.0000E+02  1.8248E+02  3.3636E+01  1.7513E+02  2.0820E-01  1.4134E-01
  1.4320E+01  1.4000E+02  1.7929E+02  3.1705E+01  1.6960E+02  5.9487E-01  2.6508E-01
  1.2729E+01  1.8000E+02  1.7524E+02  2.9914E+01  1.6351E+02  1.4213E+00  4.7685E-01
  1.1421E+01  2.2000E+02  1.7075E+02  2.8238E+01  1.5722E+02  2.1513E+00  5.9388E-01
  1.0296E+01  2.6000E+02  1.6615E+02  2.6662E+01  1.5102E+02  2.6879E+00  6.3815E-01
  9.3029E+00  3.0000E+02  1.6155E+02  2.5171E+01  1.4501E+02  3.1262E+00  6.5482E-01
  8.4110E+00  3.4000E+02  1.5704E+02  2.3757E+01  1.3922E+02  3.4727E+00  6.5345E-01
  7.6005E+00  3.8000E+02  1.5270E+02  2.2411E+01  1.3374E+02  3.6976E+00  6.3233E-01
  6.8571E+00  4.2000E+02  1.4857E+02  2.1125E+01  1.2858E+02  3.8210E+00  5.9931E-01
  6.1697E+00  4.6000E+02  1.4468E+02  1.9894E+01  1.2376E+02  3.8719E+00  5.6149E-01
  5.5300E+00  5.0000E+02  1.4103E+02  1.8712E+01  1.1926E+02  3.8626E+00  5.2132E-01
  4.9314E+00  5.4000E+02  1.3761E+02  1.7575E+01  1.1507E+02  3.8152E+00  4.8181E-01
  4.3685E+00  5.8000E+02  1.3440E+02  1.6479E+01  1.1117E+02  3.7578E+00  4.4633E-01
  3.8365E+00  6.2000E+02  1.3137E+02  1.5420E+01  1.0751E+02  3.7029E+00  4.1559E-01
  3.3320E+00  6.6000E+02  1.2849E+02  1.4394E+01  1.0406E+02  3.6643E+00  3.9003E-01
  2.8520E+00  7.0000E+02  1.2574E+02  1.3400E+01  1.0078E+02  3.6596E+00  3.7062E-01
  2.3939E+00  7.4000E+02  1.2308E+02  1.2435E+01  9.7646E+01  3.7049E+00  3.5810E-01
  1.9555E+00  7.8000E+02  1.2046E+02  1.1496E+01  9.4595E+01  3.8385E+00  3.5505E-01
  1.5348E+00  8.2000E+02  1.1780E+02  1.0584E+01  9.1547E+01  4.1538E+00  3.6863E-01
  1.1305E+00  8.6000E+02  1.1493E+02  9.6998E+00  8.8336E+01  4.8993E+00  4.1790E-01
  7.4107E-01  9.0000E+02  1.1169E+02  8.8491E+00  8.4783E+01  6.1505E+00  5.0538E-01
  3.6460E-01  9.4000E+02  1.0820E+02  8.0285E+00  8.1021E+01  7.0910E+00  5.6322E-01
  0.0000E+00  9.8000E+02  1.0482E+02  7.2201E+00  7.7401E+01  7.0431E+00  5.4178E-01
