  25  3.7500000E+00
  2.6572E+01  2.0000E+01  4.6422E+01  1.5924E+01  4.5245E+01  0.0000E+00  0.0000E+00
  1.9649E+01  6.0000E+01  4.4321E+01  1.3985E+01  4.1045E+01  2.3549E-02  3.4394E-02
  1.6432E+01  1.0000E+02  4.2776E+01  1.2590E+01  3.8071E+01  4.6675E-02  3.1686E-02
  1.4320E+01  1.4000E+02  4.1537E+01  1.1492E+01  3.5764E+01  6.6513E-02  2.9638E-02
  1.2729E+01  1.8000E+02  4.0492E+01  1.0583E+01  3.3878E+01  8.5643E-02  2.8733E-02
  1.1421E+01  2.2000E+02  3.9579E+01  9.8041E+00  3.2281E+01  1.0270E-01  2.8351E-02
  1.0296E+01  2.6000E+02  3.8764E+01  9.1224E+00  3.0896E+01  1.1796E-01  2.8006E-02
  9.3029E+00  3.0000E+02  3.8026E+01  8.5154E+00  2.9674E+01  1.3237E-01  2.7725E-02
  8.4110E+00  3.4000E+02  3.7349E+01  7.9679E+00  2.8582E+01  1.4461E-01  2.7210E-02
  7.6005E+00  3.8000E+02  3.6724E+01  7.4689E+00  2.7597E+01  1.5667E-01  2.6792E-02
  6.8571E+00  4.2000E+02  3.6140E+01  7.0103E+00  2.6699E+01  1.6846E-01  2.6423E-02
  6.1697E+00  4.6000E+02  3.5591E+01  6.5858E+00  2.5875E+01  1.8001E-01  2.6104E-02
  5.5300E+00  5.0000E+02  3.5074E+01  6.1903E+00  2.5114E+01  1.9028E-01  2.5682E-02
  4.9314E+00  5.4000E+02  3.4584E+01  5.8200E+00  2.4408E+01  2.0012E-01  2.5272E-02
  4.3685E+00  5.8000E+02  3.4118E+01  5.4715E+00  2.3749E+01  2.0974E-01  2.4912E-02
  3.8365E+00  6.2000E+02  3.3672E+01  5.1422E+00  2.3132E+01  2.1839E-01  2.4511E-02
  3.3320E+00  6.6000E+02  3.3245E+01  4.8298E+00  2.2552E+01  2.2649E-01  2.4108E-02
  2.8520E+00  7.0000E+02  3.2836E+01  4.5324E+00  2.2006E+01  2.3349E-01  2.3646E-02
  2.3939E+00  7.4000E+02  3.2442E+01  4.2484E+00  2.1488E+01  2.3969E-01  2.3167E-02
  1.9555E+00  7.8000E+02  3.2062E+01  3.9763E+00  2.0998E+01  2.4515E-01  2.2676E-02
  1.5348E+00  8.2000E+02  3.1696E+01  3.7148E+00  2.0532E+01  2.4921E-01  2.2117E-02
  1.1305E+00  8.6000E+02  3.1342E+01  3.4627E+00  2.0087E+01  2.5264E-01  2.1550E-02
  7.4107E-01  9.0000E+02  3.0999E+01  3.2192E+00  1.9663E+01  2.5440E-01  2.0904E-02
  3.6460E-01  9.4000E+02  3.0668E+01  2.9828E+00  1.9258E+01  2.5201E-01  2.0017E-02
  0.0000E+00  9.8000E+02  3.0347E+01  2.7517E+00  1.8870E+01  2.4631E-01  1.8947E-02
