  25  3.7500000E+00
  2.6572E+01  2.0000E+01  2.2718E+01  8.2592E+00  2.1681E+01  0.0000E+00  0.0000E+00
  1.9649E+01  6.0000E+01  2.1117E+01  6.7801E+00  1.8569E+01  1.7685E-02  2.5830E-02
  1.6432E+01  1.0000E+02  2.0069E+01  5.8618E+00  1.6631E+01  4.0278E-02  2.7344E-02
  1.4320E+01  1.4000E+02  1.9141E+01  5.1927E+00  1.5089E+01  1.2241E-01  5.4547E-02
  1.2729E+01  1.8000E+02  1.8158E+01  4.6684E+00  1.3648E+01  2.8884E-01  9.6908E-02
  1.1421E+01  2.2000E+02  1.7187E+01  4.2393E+00  1.2323E+01  4.1367E-01  1.1420E-01
  1.0296E+01  2.6000E+02  1.6294E+01  3.8783E+00  1.1149E+01  4.7342E-01  1.1240E-01
  9.3029E+00  3.0000E+02  1.5475E+01  3.5689E+00  1.0104E+01  5.1306E-01  1.0747E-01
  8.4110E+00  3.4000E+02  1.4706E+01  3.3003E+00  9.1511E+00  5.6116E-01  1.0559E-01
  7.6005E+00  3.8000E+02  1.3988E+01  3.0650E+00  8.2839E+00  5.9557E-01  1.0185E-01
  6.8571E+00  4.2000E+02  1.3332E+01  2.8574E+00  7.5073E+00  6.0238E-01  9.4481E-02
  6.1697E+00  4.6000E+02  1.2739E+01  2.6732E+00  6.8154E+00  5.9520E-01  8.6314E-02
  5.5300E+00  5.0000E+02  1.2203E+01  2.5087E+00  6.1995E+00  5.8082E-01  7.8390E-02
  4.9314E+00  5.4000E+02  1.1718E+01  2.3611E+00  5.6494E+00  5.6449E-01  7.1288E-02
  4.3685E+00  5.8000E+02  1.1275E+01  2.2280E+00  5.1547E+00  5.4994E-01  6.5317E-02
  3.8365E+00  6.2000E+02  1.0869E+01  2.1074E+00  4.7077E+00  5.3528E-01  6.0076E-02
  3.3320E+00  6.6000E+02  1.0497E+01  1.9975E+00  4.3018E+00  5.2141E-01  5.5500E-02
  2.8520E+00  7.0000E+02  1.0151E+01  1.8972E+00  3.9305E+00  5.1021E-01  5.1671E-02
  2.3939E+00  7.4000E+02  9.8298E+00  1.8056E+00  3.5881E+00  5.0166E-01  4.8489E-02
  1.9555E+00  7.8000E+02  9.5262E+00  1.7216E+00  3.2676E+00  5.0108E-01  4.6348E-02
  1.5348E+00  8.2000E+02  9.2329E+00  1.6451E+00  2.9600E+00  5.1523E-01  4.5725E-02
  1.1305E+00  8.6000E+02  8.9342E+00  1.5767E+00  2.6483E+00  5.6974E-01  4.8598E-02
  7.4107E-01  9.0000E+02  8.6211E+00  1.5193E+00  2.3213E+00  6.5673E-01  5.3963E-02
  3.6460E-01  9.4000E+02  8.3230E+00  1.4704E+00  2.0034E+00  6.6174E-01  5.2560E-02
  0.0000E+00  9.8000E+02  8.0710E+00  1.4151E+00  1.7291E+00  5.3958E-01  4.1506E-02
