  25  3.7500000E+00
  2.6572E+01  2.0000E+01  1.3618E+03  1.3312E+02  1.3600E+03  0.0000E+00  0.0000E+00
  1.9649E+01  6.0000E+01  1.3585E+03  1.3141E+02  1.3523E+03  2.1930E-01  3.2030E-01
  1.6432E+01  1.0000E+02  1.3552E+03  1.2962E+02  1.3448E+03  4.6818E-01  3.1783E-01
  1.4320E+01  1.4000E+02  1.3519E+03  1.2775E+02  1.3376E+03  6.8123E-01  3.0356E-01
  1.2729E+01  1.8000E+02  1.3486E+03  1.2581E+02  1.3305E+03  8.6666E-01  2.9077E-01
  1.1421E+01  2.2000E+02  1.3453E+03  1.2382E+02  1.3236E+03  1.0211E+00  2.8189E-01
  1.0296E+01  2.6000E+02  1.3419E+03  1.2177E+02  1.3168E+03  1.1504E+00  2.7312E-01
  9.3029E+00  3.0000E+02  1.3386E+03  1.1966E+02  1.3102E+03  1.2612E+00  2.6417E-01
  8.4110E+00  3.4000E+02  1.3352E+03  1.1751E+02  1.3038E+03  1.3582E+00  2.5557E-01
  7.6005E+00  3.8000E+02  1.3319E+03  1.1530E+02  1.2974E+03  1.4467E+00  2.4740E-01
  6.8571E+00  4.2000E+02  1.3285E+03  1.1306E+02  1.2913E+03  1.5296E+00  2.3992E-01
  6.1697E+00  4.6000E+02  1.3251E+03  1.1077E+02  1.2852E+03  1.6084E+00  2.3325E-01
  5.5300E+00  5.0000E+02  1.3217E+03  1.0844E+02  1.2793E+03  1.6843E+00  2.2733E-01
  4.9314E+00  5.4000E+02  1.3182E+03  1.0607E+02  1.2735E+03  1.7584E+00  2.2207E-01
  4.3685E+00  5.8000E+02  1.3148E+03  1.0367E+02  1.2677E+03  1.8305E+00  2.1742E-01
  3.8365E+00  6.2000E+02  1.3114E+03  1.0122E+02  1.2621E+03  1.9005E+00  2.1330E-01
  3.3320E+00  6.6000E+02  1.3079E+03  9.8746E+01  1.2566E+03  1.9692E+00  2.0960E-01
  2.8520E+00  7.0000E+02  1.3044E+03  9.6233E+01  1.2512E+03  2.0368E+00  2.0627E-01
  2.3939E+00  7.4000E+02  1.3009E+03  9.3687E+01  1.2459E+03  2.1030E+00  2.0326E-01
  1.9555E+00  7.8000E+02  1.2974E+03  9.1106E+01  1.2406E+03  2.1682E+00  2.0055E-01
  1.5348E+00  8.2000E+02  1.2938E+03  8.8491E+01  1.2355E+03  2.2324E+00  1.9811E-01
  1.1305E+00  8.6000E+02  1.2902E+03  8.5842E+01  1.2304E+03  2.2972E+00  1.9595E-01
  7.4107E-01  9.0000E+02  1.2866E+03  8.3160E+01  1.2254E+03  2.3618E+00  1.9407E-01
  3.6460E-01  9.4000E+02  1.2830E+03  8.0443E+01  1.2204E+03  2.4229E+00  1.9245E-01
  0.0000E+00  9.8000E+02  1.2793E+03  7.7691E+01  1.2156E+03  2.4853E+00  1.9118E-01
