  25  3.7500000E+00
  2.6572E+01  2.0000E+01  1.0430E+03  1.1338E+02  1.0412E+03  0.0000E+00  0.0000E+00
  1.9649E+01  6.0000E+01  1.0400E+03  1.1159E+02  1.0339E+03  1.6971E-01  2.4788E-01
  1.6432E+01  1.0000E+02  1.0370E+03  1.0973E+02  1.0268E+03  3.5623E-01  2.4183E-01
  1.4320E+01  1.4000E+02  1.0340E+03  1.0780E+02  1.0200E+03  5.1189E-01  2.2810E-01
  1.2729E+01  1.8000E+02  1.0310E+03  1.0582E+02  1.0134E+03  6.4680E-01  2.1700E-01
  1.1421E+01  2.2000E+02  1.0280E+03  1.0379E+02  1.0069E+03  7.6033E-01  2.0989E-01
  1.0296E+01  2.6000E+02  1.0249E+03  1.0171E+02  1.0006E+03  8.5642E-01  2.0332E-01
  9.3029E+00  3.0000E+02  1.0219E+03  9.9587E+01  9.9453E+02  9.4045E-01  1.9699E-01
  8.4110E+00  3.4000E+02  1.0188E+03  9.7427E+01  9.8858E+02  1.0159E+00  1.9115E-01
  7.6005E+00  3.8000E+02  1.0157E+03  9.5232E+01  9.8278E+02  1.0866E+00  1.8583E-01
  6.8571E+00  4.2000E+02  1.0126E+03  9.3003E+01  9.7711E+02  1.1547E+00  1.8111E-01
  6.1697E+00  4.6000E+02  1.0095E+03  9.0744E+01  9.7157E+02  1.2208E+00  1.7703E-01
  5.5300E+00  5.0000E+02  1.0064E+03  8.8456E+01  9.6615E+02  1.2854E+00  1.7348E-01
  4.9314E+00  5.4000E+02  1.0033E+03  8.6139E+01  9.6085E+02  1.3493E+00  1.7039E-01
  4.3685E+00  5.8000E+02  1.0002E+03  8.3797E+01  9.5566E+02  1.4121E+00  1.6772E-01
  3.8365E+00  6.2000E+02  9.9701E+02  8.1428E+01  9.5058E+02  1.4734E+00  1.6537E-01
  3.3320E+00  6.6000E+02  9.9384E+02  7.9035E+01  9.4559E+02  1.5339E+00  1.6327E-01
  2.8520E+00  7.0000E+02  9.9066E+02  7.6617E+01  9.4070E+02  1.5935E+00  1.6138E-01
  2.3939E+00  7.4000E+02  9.8746E+02  7.4175E+01  9.3590E+02  1.6519E+00  1.5967E-01
  1.9555E+00  7.8000E+02  9.8424E+02  7.1709E+01  9.3119E+02  1.7093E+00  1.5810E-01
  1.5348E+00  8.2000E+02  9.8101E+02  6.9219E+01  9.2656E+02  1.7652E+00  1.5666E-01
  1.1305E+00  8.6000E+02  9.7776E+02  6.6704E+01  9.2202E+02  1.8211E+00  1.5534E-01
  7.4107E-01  9.0000E+02  9.7449E+02  6.4164E+01  9.1755E+02  1.8757E+00  1.5413E-01
  3.6460E-01  9.4000E+02  9.7120E+02  6.1598E+01  9.1315E+02  1.9255E+00  1.5294E-01
  0.0000E+00  9.8000E+02  9.6788E+02  5.9004E+01  9.0883E+02  1.9735E+00  1.5181E-01
