  25  3.7500000E+00
  2.7872E+01  2.0000E+01  4.6491E+02  6.4500E+01  4.6337E+02  0.0000E+00  0.0000E+00
  2.0563E+01  6.0000E+01  4.6170E+02  6.2400E+01  4.5631E+02  1.5238E-01  2.3500E-01
  1.7035E+01  1.0000E+02  4.5765E+02  6.0321E+01  4.4877E+02  5.5753E-01  4.1494E-01
  1.4650E+01  1.4000E+02  4.5233E+02  5.8257E+01  4.4024E+02  1.3670E+00  6.8799E-01
  1.2898E+01  1.8000E+02  4.4647E+02  5.6214E+01  4.3144E+02  2.1797E+00  8.0552E-01
  1.1513E+01  2.2000E+02  4.4050E+02  5.4194E+01  4.2276E+02  2.8524E+00  8.3367E-01
  1.0352E+01  2.6000E+02  4.3448E+02  5.2196E+01  4.1424E+02  3.4685E+00  8.4905E-01
  9.3411E+00  3.0000E+02  4.2827E+02  5.0221E+01  4.0574E+02  4.1841E+00  8.9275E-01
  8.4392E+00  3.4000E+02  4.2176E+02  4.8269E+01  3.9710E+02  5.0553E+00  9.6196E-01
  7.6219E+00  3.8000E+02  4.1494E+02  4.6340E+01  3.8831E+02  5.9850E+00  1.0319E+00
  6.8733E+00  4.2000E+02  4.0796E+02  4.4435E+01  3.7951E+02  6.7698E+00  1.0693E+00
  6.1819E+00  4.6000E+02  4.0105E+02  4.2552E+01  3.7091E+02  7.2781E+00  1.0617E+00
  5.5390E+00  5.0000E+02  3.9432E+02  4.0691E+01  3.6262E+02  7.5660E+00  1.0263E+00
  4.9377E+00  5.4000E+02  3.8783E+02  3.8851E+01  3.5468E+02  7.7416E+00  9.8210E-01
  4.3725E+00  5.8000E+02  3.8156E+02  3.7030E+01  3.4707E+02  7.8712E+00  9.3863E-01
  3.8388E+00  6.2000E+02  3.7549E+02  3.5229E+01  3.3977E+02  7.9881E+00  8.9935E-01
  3.3330E+00  6.6000E+02  3.6961E+02  3.3446E+01  3.3274E+02  8.1164E+00  8.6613E-01
  2.8520E+00  7.0000E+02  3.6386E+02  3.1681E+01  3.2593E+02  8.2805E+00  8.4042E-01
  2.3931E+00  7.4000E+02  3.5821E+02  2.9933E+01  3.1931E+02  8.5054E+00  8.2348E-01
  1.9542E+00  7.8000E+02  3.5259E+02  2.8202E+01  3.1280E+02  8.8491E+00  8.1937E-01
  1.5335E+00  8.2000E+02  3.4691E+02  2.6491E+01  3.0630E+02  9.4302E+00  8.3705E-01
  1.1294E+00  8.6000E+02  3.4092E+02  2.4804E+01  2.9955E+02  1.0665E+01  9.0934E-01
  7.4030E-01  9.0000E+02  3.3412E+02  2.3159E+01  2.9208E+02  1.3247E+01  1.0874E+00
  3.6428E-01  9.4000E+02  3.2647E+02  2.1576E+01  2.8383E+02  1.6143E+01  1.2807E+00
  0.0000E+00  9.8000E+02  3.1876E+02  2.0046E+01  2.7559E+02  1.6936E+01  1.3016E+00
