  25  3.7500000E+00
  2.7872E+01  2.0000E+01  1.3617E+03  1.1732E+02  1.3600E+03  0.0000E+00  0.0000E+00
  2.0563E+01  6.0000E+01  1.3581E+03  1.1560E+02  1.3520E+03  2.5790E-01  3.9774E-01
  1.7035E+01  1.0000E+02  1.3529E+03  1.1381E+02  1.3425E+03  9.8006E-01  7.2941E-01
  1.4650E+01  1.4000E+02  1.3452E+03  1.1194E+02  1.3308E+03  2.4596E+00  1.2379E+00
  1.2898E+01  1.8000E+02  1.3361E+03  1.1001E+02  1.3180E+03  4.0393E+00  1.4927E+00
  1.1513E+01  2.2000E+02  1.3266E+03  1.0801E+02  1.3049E+03  5.4456E+00  1.5916E+00
  1.0352E+01  2.6000E+02  1.3167E+03  1.0597E+02  1.2915E+03  6.8106E+00  1.6671E+00
  9.3411E+00  3.0000E+02  1.3060E+03  1.0387E+02  1.2776E+03  8.4462E+00  1.8022E+00
  8.4392E+00  3.4000E+02  1.2944E+03  1.0173E+02  1.2629E+03  1.0509E+01  1.9998E+00
  7.6219E+00  3.8000E+02  1.2817E+03  9.9551E+01  1.2473E+03  1.2854E+01  2.2163E+00
  6.8733E+00  4.2000E+02  1.2683E+03  9.7339E+01  1.2310E+03  1.5033E+01  2.3743E+00
  6.1819E+00  4.6000E+02  1.2545E+03  9.5096E+01  1.2146E+03  1.6630E+01  2.4260E+00
  5.5390E+00  5.0000E+02  1.2409E+03  9.2824E+01  1.1985E+03  1.7627E+01  2.3910E+00
  4.9377E+00  5.4000E+02  1.2277E+03  9.0523E+01  1.1829E+03  1.8207E+01  2.3097E+00
  4.3725E+00  5.8000E+02  1.2148E+03  8.8195E+01  1.1678E+03  1.8571E+01  2.2145E+00
  3.8388E+00  6.2000E+02  1.2024E+03  8.5844E+01  1.1533E+03  1.8860E+01  2.1234E+00
  3.3330E+00  6.6000E+02  1.1903E+03  8.3469E+01  1.1392E+03  1.9181E+01  2.0469E+00
  2.8520E+00  7.0000E+02  1.1785E+03  8.1076E+01  1.1255E+03  1.9620E+01  1.9913E+00
  2.3931E+00  7.4000E+02  1.1668E+03  7.8668E+01  1.1120E+03  2.0252E+01  1.9607E+00
  1.9542E+00  7.8000E+02  1.1551E+03  7.6251E+01  1.0986E+03  2.1215E+01  1.9644E+00
  1.5335E+00  8.2000E+02  1.1431E+03  7.3840E+01  1.0850E+03  2.2809E+01  2.0246E+00
  1.1294E+00  8.6000E+02  1.1302E+03  7.1469E+01  1.0707E+03  2.6078E+01  2.2235E+00
  7.4030E-01  9.0000E+02  1.1152E+03  6.9228E+01  1.0543E+03  3.2831E+01  2.6949E+00
  3.6428E-01  9.4000E+02  1.0979E+03  6.7261E+01  1.0358E+03  4.0720E+01  3.2305E+00
  0.0000E+00  9.8000E+02  1.0803E+03  6.5741E+01  1.0171E+03  4.3937E+01  3.3768E+00
