  25  3.7500000E+00
  2.6572E+01  2.0000E+01  1.3406E+03  1.1529E+02  1.3388E+03  0.0000E+00  0.0000E+00
  1.9649E+01  6.0000E+01  1.3369E+03  1.1357E+02  1.3307E+03  2.7834E-01  4.0654E-01
  1.6432E+01  1.0000E+02  1.3331E+03  1.1176E+02  1.3227E+03  6.2902E-01  4.2702E-01
  1.4320E+01  1.4000E+02  1.3274E+03  1.0988E+02  1.3130E+03  1.7790E+00  7.9275E-01
  1.2729E+01  1.8000E+02  1.3185E+03  1.0794E+02  1.3004E+03  4.3834E+00  1.4706E+00
  1.1421E+01  2.2000E+02  1.3072E+03  1.0595E+02  1.2854E+03  7.1657E+00  1.9781E+00
  1.0296E+01  2.6000E+02  1.2942E+03  1.0390E+02  1.2690E+03  9.7261E+00  2.3091E+00
  9.3029E+00  3.0000E+02  1.2799E+03  1.0182E+02  1.2515E+03  1.2272E+01  2.5705E+00
  8.4110E+00  3.4000E+02  1.2646E+03  9.9690E+01  1.2332E+03  1.4749E+01  2.7753E+00
  7.6005E+00  3.8000E+02  1.2489E+03  9.7529E+01  1.2145E+03  1.6704E+01  2.8566E+00
  6.8571E+00  4.2000E+02  1.2334E+03  9.5337E+01  1.1963E+03  1.7902E+01  2.8078E+00
  6.1697E+00  4.6000E+02  1.2185E+03  9.3113E+01  1.1788E+03  1.8418E+01  2.6710E+00
  5.5300E+00  5.0000E+02  1.2045E+03  9.0860E+01  1.1622E+03  1.8494E+01  2.4961E+00
  4.9314E+00  5.4000E+02  1.1912E+03  8.8578E+01  1.1466E+03  1.8367E+01  2.3195E+00
  4.3685E+00  5.8000E+02  1.1786E+03  8.6268E+01  1.1318E+03  1.8216E+01  2.1635E+00
  3.8365E+00  6.2000E+02  1.1666E+03  8.3932E+01  1.1177E+03  1.8114E+01  2.0330E+00
  3.3320E+00  6.6000E+02  1.1551E+03  8.1572E+01  1.1042E+03  1.8117E+01  1.9284E+00
  2.8520E+00  7.0000E+02  1.1440E+03  7.9189E+01  1.0912E+03  1.8297E+01  1.8530E+00
  2.3939E+00  7.4000E+02  1.1330E+03  7.6789E+01  1.0784E+03  1.8749E+01  1.8122E+00
  1.9555E+00  7.8000E+02  1.1220E+03  7.4380E+01  1.0657E+03  1.9676E+01  1.8200E+00
  1.5348E+00  8.2000E+02  1.1105E+03  7.1979E+01  1.0527E+03  2.1618E+01  1.9185E+00
  1.1305E+00  8.6000E+02  1.0976E+03  6.9631E+01  1.0384E+03  2.5943E+01  2.2129E+00
  7.4107E-01  9.0000E+02  1.0825E+03  6.7431E+01  1.0219E+03  3.3220E+01  2.7297E+00
  3.6460E-01  9.4000E+02  1.0657E+03  6.5478E+01  1.0040E+03  3.9313E+01  3.1225E+00
  0.0000E+00  9.8000E+02  1.0493E+03  6.3889E+01  9.8641E+02  4.0736E+01  3.1335E+00
