  25  3.7500000E+00
  2.6572E+01  2.0000E+01  1.2797E+03  1.2846E+02  1.2779E+03  0.0000E+00  0.0000E+00
  1.9649E+01  6.0000E+01  1.2767E+03  1.2673E+02  1.2704E+03  1.8642E-01  2.7228E-01
  1.6432E+01  1.0000E+02  1.2736E+03  1.2492E+02  1.2632E+03  3.9545E-01  2.6845E-01
  1.4320E+01  1.4000E+02  1.2705E+03  1.2304E+02  1.2561E+03  5.7292E-01  2.5530E-01
  1.2729E+01  1.8000E+02  1.2674E+03  1.2110E+02  1.2493E+03  7.2845E-01  2.4440E-01
  1.1421E+01  2.2000E+02  1.2643E+03  1.1909E+02  1.2426E+03  8.6065E-01  2.3759E-01
  1.0296E+01  2.6000E+02  1.2611E+03  1.1703E+02  1.2360E+03  9.7297E-01  2.3100E-01
  9.3029E+00  3.0000E+02  1.2579E+03  1.1491E+02  1.2296E+03  1.0709E+00  2.2430E-01
  8.4110E+00  3.4000E+02  1.2547E+03  1.1274E+02  1.2234E+03  1.1583E+00  2.1796E-01
  7.6005E+00  3.8000E+02  1.2515E+03  1.1053E+02  1.2173E+03  1.2396E+00  2.1199E-01
  6.8571E+00  4.2000E+02  1.2483E+03  1.0828E+02  1.2113E+03  1.3172E+00  2.0660E-01
  6.1697E+00  4.6000E+02  1.2450E+03  1.0599E+02  1.2054E+03  1.3921E+00  2.0188E-01
  5.5300E+00  5.0000E+02  1.2417E+03  1.0365E+02  1.1996E+03  1.4652E+00  1.9775E-01
  4.9314E+00  5.4000E+02  1.2385E+03  1.0128E+02  1.1940E+03  1.5373E+00  1.9414E-01
  4.3685E+00  5.8000E+02  1.2351E+03  9.8876E+01  1.1885E+03  1.6082E+00  1.9101E-01
  3.8365E+00  6.2000E+02  1.2318E+03  9.6435E+01  1.1830E+03  1.6777E+00  1.8829E-01
  3.3320E+00  6.6000E+02  1.2285E+03  9.3960E+01  1.1777E+03  1.7464E+00  1.8588E-01
  2.8520E+00  7.0000E+02  1.2251E+03  9.1451E+01  1.1724E+03  1.8143E+00  1.8374E-01
  2.3939E+00  7.4000E+02  1.2217E+03  8.8910E+01  1.1672E+03  1.8812E+00  1.8183E-01
  1.9555E+00  7.8000E+02  1.2182E+03  8.6336E+01  1.1621E+03  1.9474E+00  1.8013E-01
  1.5348E+00  8.2000E+02  1.2148E+03  8.3730E+01  1.1571E+03  2.0126E+00  1.7861E-01
  1.1305E+00  8.6000E+02  1.2113E+03  8.1090E+01  1.1522E+03  2.0782E+00  1.7726E-01
  7.4107E-01  9.0000E+02  1.2078E+03  7.8418E+01  1.1473E+03  2.1433E+00  1.7611E-01
  3.6460E-01  9.4000E+02  1.2043E+03  7.5713E+01  1.1426E+03  2.2047E+00  1.7511E-01
  0.0000E+00  9.8000E+02  1.2007E+03  7.2973E+01  1.1378E+03  2.2667E+00  1.7436E-01
