  25  3.7500000E+00
  2.6572E+01  2.0000E+01  1.4106E+02  3.1710E+01  1.3968E+02  0.0000E+00  0.0000E+00
  1.9649E+01  6.0000E+01  1.3819E+02  2.9403E+01  1.3383E+02  8.1083E-02  1.1843E-01
  1.6432E+01  1.0000E+02  1.3562E+02  2.7384E+01  1.2881E+02  1.7166E-01  1.1653E-01
  1.4320E+01  1.4000E+02  1.3277E+02  2.5580E+01  1.2390E+02  4.9512E-01  2.2063E-01
  1.2729E+01  1.8000E+02  1.2926E+02  2.3945E+01  1.1863E+02  1.1789E+00  3.9551E-01
  1.1421E+01  2.2000E+02  1.2545E+02  2.2445E+01  1.1330E+02  1.7650E+00  4.8723E-01
  1.0296E+01  2.6000E+02  1.2161E+02  2.1057E+01  1.0813E+02  2.1783E+00  5.1716E-01
  9.3029E+00  3.0000E+02  1.1784E+02  1.9764E+01  1.0319E+02  2.5006E+00  5.2377E-01
  8.4110E+00  3.4000E+02  1.1417E+02  1.8553E+01  9.8481E+01  2.7538E+00  5.1817E-01
  7.6005E+00  3.8000E+02  1.1065E+02  1.7413E+01  9.4044E+01  2.9278E+00  5.0069E-01
  6.8571E+00  4.2000E+02  1.0733E+02  1.6337E+01  8.9891E+01  3.0277E+00  4.7489E-01
  6.1697E+00  4.6000E+02  1.0420E+02  1.5316E+01  8.6023E+01  3.0660E+00  4.4463E-01
  5.5300E+00  5.0000E+02  1.0128E+02  1.4345E+01  8.2436E+01  3.0508E+00  4.1175E-01
  4.9314E+00  5.4000E+02  9.8552E+01  1.3419E+01  7.9114E+01  3.0041E+00  3.7937E-01
  4.3685E+00  5.8000E+02  9.6005E+01  1.2533E+01  7.6027E+01  2.9518E+00  3.5060E-01
  3.8365E+00  6.2000E+02  9.3611E+01  1.1684E+01  7.3147E+01  2.9038E+00  3.2589E-01
  3.3320E+00  6.6000E+02  9.1347E+01  1.0868E+01  7.0443E+01  2.8700E+00  3.0549E-01
  2.8520E+00  7.0000E+02  8.9187E+01  1.0083E+01  6.7887E+01  2.8638E+00  2.9003E-01
  2.3939E+00  7.4000E+02  8.7103E+01  9.3255E+00  6.5445E+01  2.8959E+00  2.7991E-01
  1.9555E+00  7.8000E+02  8.5058E+01  8.5938E+00  6.3079E+01  2.9957E+00  2.7709E-01
  1.5348E+00  8.2000E+02  8.2991E+01  7.8868E+00  6.0724E+01  3.2335E+00  2.8696E-01
  1.1305E+00  8.6000E+02  8.0773E+01  7.2056E+00  5.8251E+01  3.8005E+00  3.2418E-01
  7.4107E-01  9.0000E+02  7.8273E+01  6.5544E+00  5.5528E+01  4.7479E+00  3.9013E-01
  3.6460E-01  9.4000E+02  7.5602E+01  5.9294E+00  5.2660E+01  5.4346E+00  4.3165E-01
  0.0000E+00  9.8000E+02  7.3037E+01  5.3131E+00  4.9919E+01  5.3443E+00  4.1110E-01
