  25  6.0000000E+00
  2.5074E+01  2.0000E+01  3.4459E-01  9.4176E+01  1.9907E-01  0.0000E+00  0.0000E+00
  1.7786E+01  6.0000E+01  7.1547E-01  9.4233E+01  1.9715E-01 -4.3163E-02 -6.6364E-02
  1.4771E+01  1.0000E+02  1.0352E+00  9.4294E+01  1.9547E-01 -8.5552E-02 -5.4426E-02
  1.2735E+01  1.4000E+02  1.3138E+00  9.4349E+01  1.9377E-01 -1.1006E-01 -4.7285E-02
  1.1238E+01  1.8000E+02  1.4997E+00  9.4465E+01  1.9215E-01 -4.6356E-02 -1.4637E-02
  1.0058E+01  2.2000E+02  1.6531E+00  9.4673E+01  1.9059E-01  4.5516E-02  1.1328E-02
  9.0730E+00  2.6000E+02  1.8315E+00  9.4950E+01  1.8906E-01  1.0055E-01  2.0902E-02
  8.2177E+00  3.0000E+02  2.0575E+00  9.5280E+01  1.8755E-01  1.2173E-01  2.1964E-02
  7.4565E+00  3.4000E+02  2.3364E+00  9.5650E+01  1.8604E-01  1.1951E-01  1.9194E-02
  6.7676E+00  3.8000E+02  2.6645E+00  9.6054E+01  1.8454E-01  1.0962E-01  1.5932E-02
  6.1368E+00  4.2000E+02  3.0380E+00  9.6492E+01  1.8303E-01  1.0220E-01  1.3602E-02
  5.5535E+00  4.6000E+02  3.4590E+00  9.6967E+01  1.8151E-01  9.4085E-02  1.1579E-02
  5.0092E+00  5.0000E+02  3.9376E+00  9.7482E+01  1.7996E-01  6.6323E-02  7.6154E-03
  4.4975E+00  5.4000E+02  4.4837E+00  9.8030E+01  1.7835E-01  3.0009E-03  3.2400E-04
  4.0134E+00  5.8000E+02  5.1033E+00  9.8604E+01  1.7665E-01 -9.3836E-02 -9.5838E-03
  3.5533E+00  6.2000E+02  5.8008E+00  9.9200E+01  1.7481E-01 -2.2067E-01 -2.1419E-02
  3.1145E+00  6.6000E+02  6.5818E+00  9.9815E+01  1.7276E-01 -3.7879E-01 -3.5068E-02
  2.6948E+00  7.0000E+02  7.4551E+00  1.0045E+02  1.7044E-01 -5.7466E-01 -5.0892E-02
  2.2922E+00  7.4000E+02  8.4353E+00  1.0110E+02  1.6776E-01 -8.2122E-01 -6.9745E-02
  1.9053E+00  7.8000E+02  9.5479E+00  1.0176E+02  1.6462E-01 -1.1542E+00 -9.4223E-02
  1.5325E+00  8.2000E+02  1.0829E+01  1.0244E+02  1.6092E-01 -1.6302E+00 -1.2823E-01
  1.1725E+00  8.6000E+02  1.2322E+01  1.0310E+02  1.5652E-01 -2.3032E+00 -1.7492E-01
  8.2436E-01  9.0000E+02  1.4090E+01  1.0373E+02  1.5122E-01 -3.2595E+00 -2.3942E-01
  4.8712E-01  9.4000E+02  1.6309E+01  1.0431E+02  1.4435E-01 -4.8553E+00 -3.4545E-01
  1.5996E-01  9.8000E+02  1.9079E+01  1.0486E+02  1.3581E-01 -6.8113E+00 -4.7015E-01
