  25  6.0000000E+00
  2.5132E+01  2.0000E+01  3.9098E-01  9.4207E+01  2.4297E-01  0.0000E+00  0.0000E+00
  1.7821E+01  6.0000E+01  7.7059E-01  9.4263E+01  2.4087E-01 -4.4281E-02 -6.8303E-02
  1.4794E+01  1.0000E+02  1.0977E+00  9.4320E+01  2.3904E-01 -8.8954E-02 -5.6810E-02
  1.2752E+01  1.4000E+02  1.3795E+00  9.4372E+01  2.3717E-01 -1.1288E-01 -4.8631E-02
  1.1252E+01  1.8000E+02  1.5665E+00  9.4486E+01  2.3538E-01 -4.8435E-02 -1.5330E-02
  1.0070E+01  2.2000E+02  1.7197E+00  9.4692E+01  2.3365E-01  4.4777E-02  1.1166E-02
  9.0829E+00  2.6000E+02  1.8976E+00  9.4970E+01  2.3196E-01  1.0136E-01  2.1104E-02
  8.2264E+00  3.0000E+02  2.1239E+00  9.5302E+01  2.3027E-01  1.2284E-01  2.2197E-02
  7.4640E+00  3.4000E+02  2.4045E+00  9.5673E+01  2.2858E-01  1.1927E-01  1.9185E-02
  6.7740E+00  3.8000E+02  2.7358E+00  9.6078E+01  2.2689E-01  1.0675E-01  1.5542E-02
  6.1420E+00  4.2000E+02  3.1136E+00  9.6517E+01  2.2519E-01  9.5898E-02  1.2787E-02
  5.5576E+00  4.6000E+02  3.5394E+00  9.6991E+01  2.2347E-01  8.4173E-02  1.0379E-02
  5.0123E+00  5.0000E+02  4.0217E+00  9.7504E+01  2.2171E-01  5.4973E-02  6.3235E-03
  4.4998E+00  5.4000E+02  4.5699E+00  9.8049E+01  2.1989E-01 -6.3089E-03 -6.8217E-04
  4.0152E+00  5.8000E+02  5.1903E+00  9.8621E+01  2.1797E-01 -1.0019E-01 -1.0245E-02
  3.5547E+00  6.2000E+02  5.8882E+00  9.9215E+01  2.1590E-01 -2.2500E-01 -2.1859E-02
  3.1156E+00  6.6000E+02  6.6699E+00  9.9829E+01  2.1360E-01 -3.8246E-01 -3.5434E-02
  2.6956E+00  7.0000E+02  7.5448E+00  1.0046E+02  2.1101E-01 -5.7968E-01 -5.1369E-02
  2.2928E+00  7.4000E+02  8.5276E+00  1.0111E+02  2.0804E-01 -8.2940E-01 -7.0477E-02
  1.9057E+00  7.8000E+02  9.6436E+00  1.0177E+02  2.0458E-01 -1.1645E+00 -9.5109E-02
  1.5327E+00  8.2000E+02  1.0930E+01  1.0245E+02  2.0052E-01 -1.6428E+00 -1.2926E-01
  1.1727E+00  8.6000E+02  1.2431E+01  1.0311E+02  1.9571E-01 -2.3239E+00 -1.7653E-01
  8.2448E-01  9.0000E+02  1.4210E+01  1.0375E+02  1.8993E-01 -3.2900E+00 -2.4171E-01
  4.8719E-01  9.4000E+02  1.6441E+01  1.0433E+02  1.8250E-01 -4.8897E+00 -3.4795E-01
  1.5998E-01  9.8000E+02  1.9227E+01  1.0487E+02  1.7322E-01 -6.8701E+00 -4.7427E-01
