  25  6.0000000E+00
  2.6158E+01  2.0000E+01  8.6247E-01  9.4919E+01  6.5717E-01  0.0000E+00  0.0000E+00
  1.8407E+01  6.0000E+01  1.4312E+00  9.4952E+01  6.5378E-01 -6.9136E-02 -1.1305E-01
  1.5177E+01  1.0000E+02  1.9039E+00  9.4914E+01  6.5076E-01 -1.5808E-01 -1.0775E-01
  1.3041E+01  1.4000E+02  2.2290E+00  9.4892E+01  6.4777E-01 -1.6220E-01 -7.3094E-02
  1.1485E+01  1.8000E+02  2.4202E+00  9.4968E+01  6.4490E-01 -7.4202E-02 -2.4354E-02
  1.0266E+01  2.2000E+02  2.5635E+00  9.5158E+01  6.4210E-01  3.8189E-02  9.8182E-03
  9.2552E+00  2.6000E+02  2.7282E+00  9.5442E+01  6.3930E-01  1.1805E-01  2.5184E-02
  8.3801E+00  3.0000E+02  2.9526E+00  9.5797E+01  6.3646E-01  1.4888E-01  2.7487E-02
  7.6008E+00  3.4000E+02  3.2520E+00  9.6201E+01  6.3356E-01  1.3400E-01  2.2031E-02
  6.8942E+00  3.8000E+02  3.6259E+00  9.6639E+01  6.3057E-01  9.0729E-02  1.3526E-02
  6.2456E+00  4.2000E+02  4.0682E+00  9.7103E+01  6.2749E-01  3.4631E-02  4.7390E-03
  5.6449E+00  4.6000E+02  4.5739E+00  9.7592E+01  6.2428E-01 -2.8532E-02 -3.6162E-03
  5.0844E+00  5.0000E+02  5.1418E+00  9.8104E+01  6.2092E-01 -9.9796E-02 -1.1800E-02
  4.5584E+00  5.4000E+02  5.7741E+00  9.8639E+01  6.1734E-01 -1.8493E-01 -2.0524E-02
  4.0621E+00  5.8000E+02  6.4768E+00  9.9197E+01  6.1348E-01 -2.9171E-01 -3.0546E-02
  3.5917E+00  6.2000E+02  7.2590E+00  9.9777E+01  6.0926E-01 -4.3008E-01 -4.2676E-02
  3.1443E+00  6.6000E+02  8.1337E+00  1.0038E+02  6.0459E-01 -6.1285E-01 -5.7847E-02
  2.7174E+00  7.0000E+02  9.1182E+00  1.0100E+02  5.9935E-01 -8.5700E-01 -7.7196E-02
  2.3088E+00  7.4000E+02  1.0235E+01  1.0163E+02  5.9342E-01 -1.1840E+00 -1.0206E-01
  1.9169E+00  7.8000E+02  1.1516E+01  1.0227E+02  5.8662E-01 -1.6242E+00 -1.3430E-01
  1.5402E+00  8.2000E+02  1.3010E+01  1.0293E+02  5.7871E-01 -2.2307E+00 -1.7730E-01
  1.1773E+00  8.6000E+02  1.4794E+01  1.0358E+02  5.6933E-01 -3.1068E+00 -2.3783E-01
  8.2716E-01  9.0000E+02  1.6931E+01  1.0422E+02  5.5827E-01 -4.2942E+00 -3.1726E-01
  4.8851E-01  9.4000E+02  1.9483E+01  1.0478E+02  5.4541E-01 -5.8762E+00 -4.1983E-01
  1.6035E-01  9.8000E+02  2.2501E+01  1.0525E+02  5.3068E-01 -7.7637E+00 -5.3753E-01
