  25  6.0000000E+00
  2.6463E+01  2.0000E+01  1.2907E+00  1.1455E+02  1.0708E+00  0.0000E+00  0.0000E+00
  1.8701E+01  6.0000E+01  1.8390E+00  1.1456E+02  1.0668E+00 -6.9650E-02 -1.1406E-01
  1.5588E+01  1.0000E+02  2.1514E+00  1.1459E+02  1.0632E+00 -8.8586E-02 -5.8172E-02
  1.3565E+01  1.4000E+02  2.3502E+00  1.1479E+02  1.0597E+00  1.6615E-04  7.0940E-05
  1.2043E+01  1.8000E+02  2.5861E+00  1.1510E+02  1.0561E+00  4.5433E-02  1.4590E-02
  1.0806E+01  2.2000E+02  2.8833E+00  1.1547E+02  1.0523E+00  6.3847E-02  1.6654E-02
  9.7573E+00  2.6000E+02  3.2491E+00  1.1592E+02  1.0483E+00  7.8223E-02  1.7310E-02
  8.8378E+00  3.0000E+02  3.7024E+00  1.1643E+02  1.0442E+00  5.7537E-02  1.1162E-02
  8.0140E+00  3.4000E+02  4.2474E+00  1.1697E+02  1.0398E+00  3.1358E-03  5.4505E-04
  7.2651E+00  3.8000E+02  4.8794E+00  1.1755E+02  1.0352E+00 -7.0081E-02 -1.1073E-02
  6.5770E+00  4.2000E+02  5.5954E+00  1.1816E+02  1.0303E+00 -1.5749E-01 -2.2863E-02
  5.9395E+00  4.6000E+02  6.3954E+00  1.1880E+02  1.0251E+00 -2.6042E-01 -3.5027E-02
  5.3449E+00  5.0000E+02  7.2819E+00  1.1945E+02  1.0195E+00 -3.8316E-01 -4.8068E-02
  4.7872E+00  5.4000E+02  8.2574E+00  1.2013E+02  1.0134E+00 -5.3132E-01 -6.2518E-02
  4.2616E+00  5.8000E+02  9.3263E+00  1.2083E+02  1.0068E+00 -7.1087E-01 -7.8824E-02
  3.7643E+00  6.2000E+02  1.0499E+01  1.2154E+02  9.9976E-01 -9.3314E-01 -9.7903E-02
  3.2921E+00  6.6000E+02  1.1798E+01  1.2226E+02  9.9200E-01 -1.2201E+00 -1.2155E-01
  2.8424E+00  7.0000E+02  1.3260E+01  1.2300E+02  9.8331E-01 -1.6063E+00 -1.5242E-01
  2.4128E+00  7.4000E+02  1.4944E+01  1.2376E+02  9.7333E-01 -2.1449E+00 -1.9438E-01
  2.0016E+00  7.8000E+02  1.6952E+01  1.2456E+02  9.6147E-01 -2.9409E+00 -2.5514E-01
  1.6071E+00  8.2000E+02  1.9432E+01  1.2541E+02  9.4694E-01 -4.1376E+00 -3.4439E-01
  1.2278E+00  8.6000E+02  2.2596E+01  1.2632E+02  9.2874E-01 -5.9524E+00 -4.7634E-01
  8.6228E-01  9.0000E+02  2.6774E+01  1.2727E+02  9.0531E-01 -8.8190E+00 -6.8010E-01
  5.0912E-01  9.4000E+02  3.2538E+01  1.2821E+02  8.7383E-01 -1.3656E+01 -1.0175E+00
  1.6707E-01  9.8000E+02  4.0067E+01  1.2896E+02  8.3347E-01 -1.9808E+01 -1.4295E+00
