  25  6.0000000E+00
  2.6432E+01  2.0000E+01  1.3383E+00  1.1935E+02  1.1167E+00  0.0000E+00  0.0000E+00
  1.8704E+01  6.0000E+01  1.8600E+00  1.1935E+02  1.1127E+00 -6.7479E-02 -1.1003E-01
  1.5652E+01  1.0000E+02  2.1161E+00  1.1942E+02  1.1091E+00 -6.0867E-02 -3.9198E-02
  1.3666E+01  1.4000E+02  2.2893E+00  1.1967E+02  1.1056E+00  3.9311E-02  1.6468E-02
  1.2157E+01  1.8000E+02  2.5316E+00  1.2002E+02  1.1019E+00  7.2076E-02  2.2947E-02
  1.0925E+01  2.2000E+02  2.8484E+00  1.2045E+02  1.0980E+00  8.8306E-02  2.2960E-02
  9.8744E+00  2.6000E+02  3.2488E+00  1.2095E+02  1.0939E+00  1.0022E-01  2.2205E-02
  8.9498E+00  3.0000E+02  3.7567E+00  1.2152E+02  1.0894E+00  6.7960E-02  1.3257E-02
  8.1183E+00  3.4000E+02  4.3780E+00  1.2214E+02  1.0847E+00 -7.1160E-03 -1.2483E-03
  7.3604E+00  3.8000E+02  5.1061E+00  1.2278E+02  1.0797E+00 -1.0757E-01 -1.7202E-02
  6.6627E+00  4.2000E+02  5.9354E+00  1.2346E+02  1.0743E+00 -2.2646E-01 -3.3337E-02
  6.0154E+00  4.6000E+02  6.8634E+00  1.2415E+02  1.0684E+00 -3.6534E-01 -4.9888E-02
  5.4114E+00  5.0000E+02  7.8887E+00  1.2485E+02  1.0621E+00 -5.2658E-01 -6.7111E-02
  4.8447E+00  5.4000E+02  9.0082E+00  1.2557E+02  1.0553E+00 -7.1265E-01 -8.5199E-02
  4.3108E+00  5.8000E+02  1.0218E+01  1.2629E+02  1.0481E+00 -9.2450E-01 -1.0413E-01
  3.8060E+00  6.2000E+02  1.1525E+01  1.2700E+02  1.0404E+00 -1.1711E+00 -1.2473E-01
  3.3271E+00  6.6000E+02  1.2954E+01  1.2772E+02  1.0320E+00 -1.4818E+00 -1.4974E-01
  2.8713E+00  7.0000E+02  1.4572E+01  1.2846E+02  1.0224E+00 -1.9268E+00 -1.8527E-01
  2.4365E+00  7.4000E+02  1.6510E+01  1.2925E+02  1.0108E+00 -2.6407E+00 -2.4225E-01
  2.0206E+00  7.8000E+02  1.8975E+01  1.3013E+02  9.9612E-01 -3.8188E+00 -3.3507E-01
  1.6220E+00  8.2000E+02  2.2219E+01  1.3112E+02  9.7699E-01 -5.6431E+00 -4.7462E-01
  1.2389E+00  8.6000E+02  2.6489E+01  1.3224E+02  9.5237E-01 -8.2313E+00 -6.6519E-01
  8.6998E-01  9.0000E+02  3.2096E+01  1.3345E+02  9.2079E-01 -1.1906E+01 -9.2679E-01
  5.1363E-01  9.4000E+02  3.9560E+01  1.3469E+02  8.7955E-01 -1.7479E+01 -1.3141E+00
  1.6855E-01  9.8000E+02  4.8828E+01  1.3576E+02  8.2876E-01 -2.3766E+01 -1.7303E+00
