  25  6.0000000E+00
  2.6442E+01  2.0000E+01  1.3398E+00  1.1938E+02  1.1167E+00  0.0000E+00  0.0000E+00
  1.8704E+01  6.0000E+01  1.8653E+00  1.1938E+02  1.1127E+00 -6.8204E-02 -1.1134E-01
  1.5650E+01  1.0000E+02  2.1212E+00  1.1945E+02  1.1091E+00 -6.1713E-02 -3.9770E-02
  1.3665E+01  1.4000E+02  2.2918E+00  1.1970E+02  1.1056E+00  4.0584E-02  1.6995E-02
  1.2156E+01  1.8000E+02  2.5326E+00  1.2005E+02  1.1019E+00  7.3491E-02  2.3389E-02
  1.0924E+01  2.2000E+02  2.8490E+00  1.2048E+02  1.0980E+00  8.8780E-02  2.3081E-02
  9.8742E+00  2.6000E+02  3.2489E+00  1.2098E+02  1.0939E+00  1.0078E-01  2.2327E-02
  8.9497E+00  3.0000E+02  3.7565E+00  1.2155E+02  1.0894E+00  6.8395E-02  1.3341E-02
  8.1183E+00  3.4000E+02  4.3774E+00  1.2217E+02  1.0847E+00 -6.3187E-03 -1.1083E-03
  7.3604E+00  3.8000E+02  5.1051E+00  1.2282E+02  1.0797E+00 -1.0610E-01 -1.6965E-02
  6.6627E+00  4.2000E+02  5.9342E+00  1.2349E+02  1.0743E+00 -2.2494E-01 -3.3110E-02
  6.0156E+00  4.6000E+02  6.8617E+00  1.2418E+02  1.0684E+00 -3.6330E-01 -4.9606E-02
  5.4115E+00  5.0000E+02  7.8859E+00  1.2489E+02  1.0621E+00 -5.2390E-01 -6.6764E-02
  4.8449E+00  5.4000E+02  9.0031E+00  1.2560E+02  1.0554E+00 -7.0871E-01 -8.4723E-02
  4.3111E+00  5.8000E+02  1.0209E+01  1.2632E+02  1.0482E+00 -9.1857E-01 -1.0346E-01
  3.8063E+00  6.2000E+02  1.1510E+01  1.2703E+02  1.0405E+00 -1.1630E+00 -1.2386E-01
  3.3273E+00  6.6000E+02  1.2931E+01  1.2775E+02  1.0322E+00 -1.4703E+00 -1.4858E-01
  2.8715E+00  7.0000E+02  1.4539E+01  1.2849E+02  1.0227E+00 -1.9126E+00 -1.8391E-01
  2.4367E+00  7.4000E+02  1.6467E+01  1.2927E+02  1.0112E+00 -2.6267E+00 -2.4100E-01
  2.0207E+00  7.8000E+02  1.8923E+01  1.3014E+02  9.9659E-01 -3.8111E+00 -3.3443E-01
  1.6220E+00  8.2000E+02  2.2162E+01  1.3113E+02  9.7751E-01 -5.6435E+00 -4.7472E-01
  1.2390E+00  8.6000E+02  2.6426E+01  1.3224E+02  9.5292E-01 -8.2286E+00 -6.6503E-01
  8.6999E-01  9.0000E+02  3.2021E+01  1.3345E+02  9.2141E-01 -1.1884E+01 -9.2511E-01
  5.1364E-01  9.4000E+02  3.9468E+01  1.3469E+02  8.8027E-01 -1.7444E+01 -1.3115E+00
  1.6856E-01  9.8000E+02  4.8738E+01  1.3575E+02  8.2950E-01 -2.3777E+01 -1.7311E+00
