  25  6.0000000E+00
  2.6430E+01  2.0000E+01  1.3617E+00  1.2153E+02  1.1377E+00  0.0000E+00  0.0000E+00
  1.8710E+01  6.0000E+01  1.8744E+00  1.2153E+02  1.1336E+00 -6.7064E-02 -1.0924E-01
  1.5683E+01  1.0000E+02  2.1063E+00  1.2161E+02  1.1300E+00 -4.9024E-02 -3.1300E-02
  1.3715E+01  1.4000E+02  2.2674E+00  1.2188E+02  1.1265E+00  5.6785E-02  2.3580E-02
  1.2212E+01  1.8000E+02  2.5107E+00  1.2226E+02  1.1228E+00  8.5115E-02  2.6987E-02
  1.0982E+01  2.2000E+02  2.8349E+00  1.2270E+02  1.1188E+00  1.0126E-01  2.6284E-02
  9.9317E+00  2.6000E+02  3.2498E+00  1.2324E+02  1.1146E+00  1.1289E-01  2.5019E-02
  9.0052E+00  3.0000E+02  3.7820E+00  1.2384E+02  1.1100E+00  7.7417E-02  1.5134E-02
  8.1707E+00  3.4000E+02  4.4390E+00  1.2450E+02  1.1051E+00 -3.9711E-03 -6.9917E-04
  7.4090E+00  3.8000E+02  5.2162E+00  1.2518E+02  1.0998E+00 -1.1527E-01 -1.8525E-02
  6.7070E+00  4.2000E+02  6.1092E+00  1.2590E+02  1.0940E+00 -2.5085E-01 -3.7151E-02
  6.0553E+00  4.6000E+02  7.1160E+00  1.2664E+02  1.0877E+00 -4.1358E-01 -5.6866E-02
  5.4467E+00  5.0000E+02  8.2335E+00  1.2739E+02  1.0809E+00 -6.0520E-01 -7.7713E-02
  4.8755E+00  5.4000E+02  9.4547E+00  1.2814E+02  1.0735E+00 -8.2417E-01 -9.9313E-02
  4.3374E+00  5.8000E+02  1.0770E+01  1.2888E+02  1.0658E+00 -1.0673E+00 -1.2118E-01
  3.8285E+00  6.2000E+02  1.2178E+01  1.2961E+02  1.0575E+00 -1.3393E+00 -1.4379E-01
  3.3459E+00  6.6000E+02  1.3710E+01  1.3033E+02  1.0486E+00 -1.6776E+00 -1.7083E-01
  2.8868E+00  7.0000E+02  1.5460E+01  1.3107E+02  1.0383E+00 -2.1910E+00 -2.1221E-01
  2.4490E+00  7.4000E+02  1.7616E+01  1.3188E+02  1.0254E+00 -3.0709E+00 -2.8363E-01
  2.0306E+00  7.8000E+02  2.0460E+01  1.3282E+02  1.0085E+00 -4.5693E+00 -4.0340E-01
  1.6297E+00  8.2000E+02  2.4282E+01  1.3391E+02  9.8597E-01 -6.8138E+00 -5.7632E-01
  1.2447E+00  8.6000E+02  2.9294E+01  1.3516E+02  9.5710E-01 -9.7731E+00 -7.9386E-01
  8.7393E-01  9.0000E+02  3.5753E+01  1.3652E+02  9.2059E-01 -1.3732E+01 -1.0742E+00
  5.1593E-01  9.4000E+02  4.4111E+01  1.3793E+02  8.7392E-01 -1.9429E+01 -1.4674E+00
  1.6930E-01  9.8000E+02  5.4236E+01  1.3917E+02  8.1751E-01 -2.5616E+01 -1.8733E+00
