  25  6.0000000E+00
  2.6445E+01  2.0000E+01  1.5020E+00  1.2236E+02  1.2768E+00  0.0000E+00  0.0000E+00
  1.8815E+01  6.0000E+01  1.9662E+00  1.2234E+02  1.2726E+00 -6.2757E-02 -1.0103E-01
  1.5873E+01  1.0000E+02  2.1439E+00  1.2246E+02  1.2689E+00 -1.9628E-02 -1.2185E-02
  1.3965E+01  1.4000E+02  2.2537E+00  1.2276E+02  1.2652E+00  1.0088E-01  4.0595E-02
  1.2518E+01  1.8000E+02  2.4369E+00  1.2321E+02  1.2613E+00  1.8347E-01  5.6024E-02
  1.1314E+01  2.2000E+02  2.7705E+00  1.2379E+02  1.2569E+00  2.0145E-01  5.1171E-02
  1.0262E+01  2.6000E+02  3.3011E+00  1.2448E+02  1.2516E+00  1.5262E-01  3.3860E-02
  9.3218E+00  3.0000E+02  4.0641E+00  1.2531E+02  1.2450E+00  6.7834E-02  1.3463E-02
  8.4680E+00  3.4000E+02  5.1396E+00  1.2633E+02  1.2360E+00 -6.5583E-02 -1.1813E-02
  7.6848E+00  3.8000E+02  6.6696E+00  1.2760E+02  1.2235E+00 -3.3369E-01 -5.5142E-02
  6.9604E+00  4.2000E+02  8.8470E+00  1.2916E+02  1.2064E+00 -8.5058E-01 -1.3000E-01
  6.2862E+00  4.6000E+02  1.1891E+01  1.3104E+02  1.1834E+00 -1.7240E+00 -2.4522E-01
  5.6556E+00  5.0000E+02  1.5993E+01  1.3325E+02  1.1538E+00 -2.9977E+00 -3.9882E-01
  5.0633E+00  5.4000E+02  2.1121E+01  1.3571E+02  1.1179E+00 -4.5025E+00 -5.6265E-01
  4.5049E+00  5.8000E+02  2.7165E+01  1.3835E+02  1.0768E+00 -6.0955E+00 -7.1814E-01
  3.9766E+00  6.2000E+02  3.4009E+01  1.4113E+02  1.0310E+00 -7.7028E+00 -8.5846E-01
  3.4754E+00  6.6000E+02  4.1517E+01  1.4400E+02  9.8122E-01 -9.2386E+00 -9.7693E-01
  2.9986E+00  7.0000E+02  4.9557E+01  1.4696E+02  9.2820E-01 -1.0667E+01 -1.0733E+00
  2.5436E+00  7.4000E+02  5.8009E+01  1.4996E+02  8.7249E-01 -1.1969E+01 -1.1488E+00
  2.1087E+00  7.8000E+02  6.6741E+01  1.5301E+02  8.1478E-01 -1.3078E+01 -1.2001E+00
  1.6920E+00  8.2000E+02  7.5617E+01  1.5609E+02  7.5587E-01 -1.3898E+01 -1.2218E+00
  1.2919E+00  8.6000E+02  8.4603E+01  1.5924E+02  6.9626E-01 -1.4596E+01 -1.2319E+00
  9.0696E-01  9.0000E+02  9.3921E+01  1.6247E+02  6.3525E-01 -1.5815E+01 -1.2846E+00
  5.3537E-01  9.4000E+02  1.0421E+02  1.6578E+02  5.6995E-01 -1.8790E+01 -1.4731E+00
  1.7566E-01  9.8000E+02  1.1636E+02  1.6945E+02  4.9560E-01 -2.3561E+01 -1.7881E+00
