  25  6.0000000E+00
  2.6536E+01  2.0000E+01  1.0932E+00  1.0002E+02  8.7053E-01  0.0000E+00  0.0000E+00
  1.8672E+01  6.0000E+01  1.7198E+00  1.0005E+02  8.6669E-01 -7.5983E-02 -1.2607E-01
  1.5402E+01  1.0000E+02  2.2144E+00  9.9999E+01  8.6320E-01 -1.6805E-01 -1.1594E-01
  1.3257E+01  1.4000E+02  2.5307E+00  1.0000E+02  8.5981E-01 -1.4548E-01 -6.5827E-02
  1.1689E+01  1.8000E+02  2.7396E+00  1.0012E+02  8.5651E-01 -6.0410E-02 -1.9988E-02
  1.0452E+01  2.2000E+02  2.9213E+00  1.0034E+02  8.5323E-01  3.0204E-02  7.8833E-03
  9.4219E+00  2.6000E+02  3.1263E+00  1.0065E+02  8.4992E-01  1.0095E-01  2.1929E-02
  8.5310E+00  3.0000E+02  3.3882E+00  1.0103E+02  8.4655E-01  1.3632E-01  2.5624E-02
  7.7382E+00  3.4000E+02  3.7265E+00  1.0147E+02  8.4307E-01  1.2891E-01  2.1562E-02
  7.0194E+00  3.8000E+02  4.1480E+00  1.0195E+02  8.3944E-01  8.6284E-02  1.3086E-02
  6.3591E+00  4.2000E+02  4.6529E+00  1.0247E+02  8.3563E-01  1.9195E-02  2.6738E-03
  5.7470E+00  4.6000E+02  5.2402E+00  1.0302E+02  8.3156E-01 -6.6587E-02 -8.6001E-03
  5.1753E+00  5.0000E+02  5.9105E+00  1.0359E+02  8.2717E-01 -1.7038E-01 -2.0550E-02
  4.6383E+00  5.4000E+02  6.6679E+00  1.0419E+02  8.2236E-01 -2.9694E-01 -3.3639E-02
  4.1316E+00  5.8000E+02  7.5195E+00  1.0481E+02  8.1707E-01 -4.5464E-01 -4.8606E-02
  3.6515E+00  6.2000E+02  8.4757E+00  1.0545E+02  8.1119E-01 -6.5436E-01 -6.6288E-02
  3.1949E+00  6.6000E+02  9.5493E+00  1.0611E+02  8.0467E-01 -9.0847E-01 -8.7500E-02
  2.7596E+00  7.0000E+02  1.0758E+01  1.0678E+02  7.9739E-01 -1.2333E+00 -1.1327E-01
  2.3434E+00  7.4000E+02  1.2129E+01  1.0746E+02  7.8921E-01 -1.6554E+00 -1.4536E-01
  1.9446E+00  7.8000E+02  1.3708E+01  1.0815E+02  7.7987E-01 -2.2260E+00 -1.8730E-01
  1.5616E+00  8.2000E+02  1.5562E+01  1.0886E+02  7.6900E-01 -3.0115E+00 -2.4330E-01
  1.1932E+00  8.6000E+02  1.7789E+01  1.0956E+02  7.5613E-01 -4.1283E+00 -3.2091E-01
  8.3798E-01  9.0000E+02  2.0499E+01  1.1025E+02  7.4081E-01 -5.6940E+00 -4.2673E-01
  4.9474E-01  9.4000E+02  2.3781E+01  1.1085E+02  7.2278E-01 -7.8057E+00 -5.6526E-01
  1.6234E-01  9.8000E+02  2.7636E+01  1.1130E+02  7.0231E-01 -1.0235E+01 -7.1778E-01
