  25  6.0000000E+00
  2.6454E+01  2.0000E+01  1.4637E+00  1.3009E+02  1.2334E+00  0.0000E+00  0.0000E+00
  1.8777E+01  6.0000E+01  1.9435E+00  1.3007E+02  1.2293E+00 -6.4457E-02 -1.0439E-01
  1.5833E+01  1.0000E+02  2.1110E+00  1.3020E+02  1.2257E+00 -1.4851E-02 -9.2232E-03
  1.3925E+01  1.4000E+02  2.2258E+00  1.3052E+02  1.2221E+00  1.1064E-01  4.4555E-02
  1.2458E+01  1.8000E+02  2.4404E+00  1.3097E+02  1.2182E+00  1.5959E-01  4.9375E-02
  1.1244E+01  2.2000E+02  2.7806E+00  1.3153E+02  1.2139E+00  1.7919E-01  4.5914E-02
  1.0192E+01  2.6000E+02  3.2751E+00  1.3219E+02  1.2092E+00  1.5777E-01  3.5027E-02
  9.2545E+00  3.0000E+02  3.9423E+00  1.3294E+02  1.2036E+00  9.4434E-02  1.8670E-02
  8.4065E+00  3.4000E+02  4.7987E+00  1.3381E+02  1.1971E+00  8.6572E-03  1.5488E-03
  7.6301E+00  3.8000E+02  5.8798E+00  1.3479E+02  1.1891E+00 -1.2180E-01 -1.9951E-02
  6.9124E+00  4.2000E+02  7.2314E+00  1.3590E+02  1.1795E+00 -3.4162E-01 -5.1727E-02
  6.2442E+00  4.6000E+02  8.8998E+00  1.3711E+02  1.1681E+00 -6.8574E-01 -9.6683E-02
  5.6184E+00  5.0000E+02  1.0933E+01  1.3841E+02  1.1547E+00 -1.1784E+00 -1.5557E-01
  5.0299E+00  5.4000E+02  1.3344E+01  1.3975E+02  1.1394E+00 -1.8174E+00 -2.2567E-01
  4.4743E+00  5.8000E+02  1.6069E+01  1.4107E+02  1.1226E+00 -2.5324E+00 -2.9684E-01
  3.9482E+00  6.2000E+02  1.9087E+01  1.4233E+02  1.1046E+00 -3.3325E+00 -3.6984E-01
  3.4490E+00  6.6000E+02  2.2524E+01  1.4357E+02  1.0845E+00 -4.3961E+00 -4.6308E-01
  2.9740E+00  7.0000E+02  2.6754E+01  1.4489E+02  1.0601E+00 -6.1363E+00 -6.1488E-01
  2.5213E+00  7.4000E+02  3.2198E+01  1.4636E+02  1.0291E+00 -8.7702E+00 -8.3774E-01
  2.0888E+00  7.8000E+02  3.8930E+01  1.4800E+02  9.9087E-01 -1.1790E+01 -1.0758E+00
  1.6748E+00  8.2000E+02  4.6608E+01  1.4972E+02  9.4685E-01 -1.4382E+01 -1.2560E+00
  1.2779E+00  8.6000E+02  5.4967E+01  1.5149E+02  8.9812E-01 -1.6591E+01 -1.3895E+00
  8.9643E-01  9.0000E+02  6.5044E+01  1.5352E+02  8.3802E-01 -2.1106E+01 -1.6986E+00
  5.2890E-01  9.4000E+02  7.7539E+01  1.5591E+02  7.6129E-01 -2.7487E+01 -2.1314E+00
  1.7350E-01  9.8000E+02  9.1574E+01  1.5848E+02  6.7331E-01 -3.2273E+01 -2.4199E+00
