  25  6.0000000E+00
  2.6432E+01  2.0000E+01  9.8781E-01  9.6371E+01  7.6805E-01  0.0000E+00  0.0000E+00
  1.8580E+01  6.0000E+01  1.6101E+00  9.6400E+01  7.6439E-01 -7.5526E-02 -1.2512E-01
  1.5302E+01  1.0000E+02  2.1201E+00  9.6335E+01  7.6109E-01 -1.7537E-01 -1.2126E-01
  1.3147E+01  1.4000E+02  2.4512E+00  9.6304E+01  7.5787E-01 -1.6794E-01 -7.6354E-02
  1.1579E+01  1.8000E+02  2.6470E+00  9.6381E+01  7.5476E-01 -7.5793E-02 -2.5086E-02
  1.0349E+01  2.2000E+02  2.7977E+00  9.6574E+01  7.5172E-01  3.4311E-02  8.9029E-03
  9.3285E+00  2.6000E+02  2.9689E+00  9.6864E+01  7.4867E-01  1.1594E-01  2.4957E-02
  8.4464E+00  3.0000E+02  3.1992E+00  9.7228E+01  7.4558E-01  1.5243E-01  2.8368E-02
  7.6614E+00  3.4000E+02  3.5075E+00  9.7648E+01  7.4239E-01  1.4125E-01  2.3395E-02
  6.9495E+00  3.8000E+02  3.8970E+00  9.8105E+01  7.3910E-01  9.5546E-02  1.4352E-02
  6.2956E+00  4.2000E+02  4.3640E+00  9.8592E+01  7.3567E-01  3.0064E-02  4.1474E-03
  5.6896E+00  4.6000E+02  4.9042E+00  9.9103E+01  7.3206E-01 -4.8004E-02 -6.1378E-03
  5.1238E+00  5.0000E+02  5.5163E+00  9.9637E+01  7.2820E-01 -1.3778E-01 -1.6445E-02
  4.5927E+00  5.4000E+02  6.2029E+00  1.0019E+02  7.2404E-01 -2.4450E-01 -2.7401E-02
  4.0914E+00  5.8000E+02  6.9704E+00  1.0077E+02  7.1949E-01 -3.7647E-01 -3.9809E-02
  3.6166E+00  6.2000E+02  7.8288E+00  1.0137E+02  7.1445E-01 -5.4464E-01 -5.4568E-02
  3.1650E+00  6.6000E+02  8.7918E+00  1.0199E+02  7.0885E-01 -7.6267E-01 -7.2661E-02
  2.7343E+00  7.0000E+02  9.8776E+00  1.0263E+02  7.0256E-01 -1.0480E+00 -9.5234E-02
  2.3223E+00  7.4000E+02  1.1112E+01  1.0327E+02  6.9544E-01 -1.4260E+00 -1.2393E-01
  1.9275E+00  7.8000E+02  1.2535E+01  1.0393E+02  6.8728E-01 -1.9386E+00 -1.6151E-01
  1.5482E+00  8.2000E+02  1.4211E+01  1.0460E+02  6.7773E-01 -2.6572E+00 -2.1265E-01
  1.1830E+00  8.6000E+02  1.6210E+01  1.0527E+02  6.6648E-01 -3.6457E+00 -2.8082E-01
  8.3093E-01  9.0000E+02  1.8595E+01  1.0590E+02  6.5333E-01 -4.9570E+00 -3.6825E-01
  4.9063E-01  9.4000E+02  2.1408E+01  1.0646E+02  6.3828E-01 -6.6312E+00 -4.7611E-01
  1.6101E-01  9.8000E+02  2.4660E+01  1.0689E+02  6.2150E-01 -8.5596E+00 -5.9526E-01
