  25  6.0000000E+00
  2.6526E+01  2.0000E+01  1.1835E+00  1.0537E+02  9.6347E-01  0.0000E+00  0.0000E+00
  1.8702E+01  6.0000E+01  1.7816E+00  1.0539E+02  9.5952E-01 -7.3271E-02 -1.2096E-01
  1.5482E+01  1.0000E+02  2.2137E+00  1.0537E+02  9.5595E-01 -1.4084E-01 -9.5665E-02
  1.3377E+01  1.4000E+02  2.4884E+00  1.0545E+02  9.5247E-01 -9.3327E-02 -4.1450E-02
  1.1823E+01  1.8000E+02  2.7119E+00  1.0564E+02  9.4903E-01 -2.2930E-02 -7.5168E-03
  1.0583E+01  2.2000E+02  2.9455E+00  1.0591E+02  9.4552E-01  3.1973E-02  8.3664E-03
  9.5429E+00  2.6000E+02  3.2154E+00  1.0626E+02  9.4193E-01  7.5612E-02  1.6591E-02
  8.6396E+00  3.0000E+02  3.5437E+00  1.0667E+02  9.3824E-01  9.5252E-02  1.8152E-02
  7.8352E+00  3.4000E+02  3.9449E+00  1.0714E+02  9.3442E-01  8.2651E-02  1.4028E-02
  7.1060E+00  3.8000E+02  4.4256E+00  1.0765E+02  9.3043E-01  4.2243E-02  6.4990E-03
  6.4366E+00  4.2000E+02  4.9888E+00  1.0820E+02  9.2621E-01 -2.0890E-02 -2.9502E-03
  5.8163E+00  4.6000E+02  5.6377E+00  1.0878E+02  9.2167E-01 -1.0553E-01 -1.3811E-02
  5.2372E+00  5.0000E+02  6.3759E+00  1.0940E+02  9.1675E-01 -2.1319E-01 -2.6047E-02
  4.6934E+00  5.4000E+02  7.2089E+00  1.1004E+02  9.1136E-01 -3.4918E-01 -4.0059E-02
  4.1804E+00  5.8000E+02  8.1438E+00  1.1071E+02  9.0546E-01 -5.2101E-01 -5.6399E-02
  3.6943E+00  6.2000E+02  9.1906E+00  1.1140E+02  8.9895E-01 -7.3847E-01 -7.5732E-02
  3.2322E+00  6.6000E+02  1.0362E+01  1.1210E+02  8.9179E-01 -1.0138E+00 -9.8834E-02
  2.7916E+00  7.0000E+02  1.1677E+01  1.1281E+02  8.8385E-01 -1.3630E+00 -1.2670E-01
  2.3704E+00  7.4000E+02  1.3163E+01  1.1354E+02  8.7500E-01 -1.8134E+00 -1.6114E-01
  1.9669E+00  7.8000E+02  1.4857E+01  1.1426E+02  8.6502E-01 -2.3971E+00 -2.0407E-01
  1.5796E+00  8.2000E+02  1.6832E+01  1.1500E+02  8.5352E-01 -3.2041E+00 -2.6187E-01
  1.2069E+00  8.6000E+02  1.9228E+01  1.1574E+02  8.3976E-01 -4.4307E+00 -3.4836E-01
  8.4762E-01  9.0000E+02  2.2267E+01  1.1649E+02  8.2265E-01 -6.3906E+00 -4.8441E-01
  5.0044E-01  9.4000E+02  2.6236E+01  1.1716E+02  8.0088E-01 -9.4815E+00 -6.9450E-01
  1.6420E-01  9.8000E+02  3.1202E+01  1.1766E+02  7.7437E-01 -1.3288E+01 -9.4262E-01
