  25  6.0000000E+00
  2.6191E+01  2.0000E+01  8.6488E-01  9.4932E+01  6.5717E-01  0.0000E+00  0.0000E+00
  1.8422E+01  6.0000E+01  1.4434E+00  9.4964E+01  6.5377E-01 -7.0424E-02 -1.1544E-01
  1.5182E+01  1.0000E+02  1.9238E+00  9.4919E+01  6.5074E-01 -1.6221E-01 -1.1088E-01
  1.3042E+01  1.4000E+02  2.2496E+00  9.4892E+01  6.4775E-01 -1.6483E-01 -7.4411E-02
  1.1484E+01  1.8000E+02  2.4395E+00  9.4964E+01  6.4487E-01 -7.5504E-02 -2.4811E-02
  1.0265E+01  2.2000E+02  2.5811E+00  9.5151E+01  6.4207E-01  3.7258E-02  9.5871E-03
  9.2532E+00  2.6000E+02  2.7430E+00  9.5432E+01  6.3927E-01  1.1813E-01  2.5212E-02
  8.3783E+00  3.0000E+02  2.9634E+00  9.5785E+01  6.3644E-01  1.5157E-01  2.7981E-02
  7.5994E+00  3.4000E+02  3.2586E+00  9.6189E+01  6.3354E-01  1.3886E-01  2.2819E-02
  6.8931E+00  3.8000E+02  3.6290E+00  9.6627E+01  6.3056E-01  9.6232E-02  1.4339E-02
  6.2449E+00  4.2000E+02  4.0686E+00  9.7093E+01  6.2748E-01  4.0021E-02  5.4738E-03
  5.6444E+00  4.6000E+02  4.5725E+00  9.7582E+01  6.2427E-01 -2.3705E-02 -3.0031E-03
  5.0841E+00  5.0000E+02  5.1393E+00  9.8096E+01  6.2090E-01 -9.5642E-02 -1.1305E-02
  4.5582E+00  5.4000E+02  5.7713E+00  9.8632E+01  6.1731E-01 -1.8154E-01 -2.0143E-02
  4.0620E+00  5.8000E+02  6.4745E+00  9.9192E+01  6.1345E-01 -2.8940E-01 -3.0298E-02
  3.5917E+00  6.2000E+02  7.2578E+00  9.9773E+01  6.0922E-01 -4.2910E-01 -4.2574E-02
  3.1444E+00  6.6000E+02  8.1342E+00  1.0038E+02  6.0453E-01 -6.1310E-01 -5.7866E-02
  2.7174E+00  7.0000E+02  9.1207E+00  1.0100E+02  5.9928E-01 -8.5806E-01 -7.7287E-02
  2.3089E+00  7.4000E+02  1.0240E+01  1.0163E+02  5.9333E-01 -1.1855E+00 -1.0219E-01
  1.9170E+00  7.8000E+02  1.1523E+01  1.0228E+02  5.8652E-01 -1.6260E+00 -1.3444E-01
  1.5403E+00  8.2000E+02  1.3018E+01  1.0293E+02  5.7861E-01 -2.2318E+00 -1.7738E-01
  1.1774E+00  8.6000E+02  1.4803E+01  1.0359E+02  5.6923E-01 -3.1072E+00 -2.3787E-01
  8.2721E-01  9.0000E+02  1.6942E+01  1.0422E+02  5.5817E-01 -4.2983E+00 -3.1758E-01
  4.8855E-01  9.4000E+02  1.9499E+01  1.0478E+02  5.4529E-01 -5.8913E+00 -4.2095E-01
  1.6036E-01  9.8000E+02  2.2523E+01  1.0525E+02  5.3054E-01 -7.7889E+00 -5.3931E-01
