  25  6.0000000E+00
  2.6454E+01  2.0000E+01  1.4950E+00  1.2420E+02  1.2674E+00  0.0000E+00  0.0000E+00
  1.8812E+01  6.0000E+01  1.9623E+00  1.2418E+02  1.2633E+00 -6.3212E-02 -1.0192E-01
  1.5871E+01  1.0000E+02  2.1367E+00  1.2430E+02  1.2596E+00 -1.7650E-02 -1.0953E-02
  1.3964E+01  1.4000E+02  2.2466E+00  1.2461E+02  1.2559E+00  1.0420E-01  4.1922E-02
  1.2513E+01  1.8000E+02  2.4369E+00  1.2506E+02  1.2520E+00  1.7984E-01  5.5057E-02
  1.1306E+01  2.2000E+02  2.7725E+00  1.2563E+02  1.2476E+00  1.9659E-01  5.0040E-02
  1.0255E+01  2.6000E+02  3.2919E+00  1.2632E+02  1.2425E+00  1.5510E-01  3.4408E-02
  9.3151E+00  3.0000E+02  4.0236E+00  1.2712E+02  1.2363E+00  7.3509E-02  1.4573E-02
  8.4627E+00  3.4000E+02  5.0212E+00  1.2807E+02  1.2282E+00 -4.9863E-02 -8.9672E-03
  7.6809E+00  3.8000E+02  6.3856E+00  1.2922E+02  1.2175E+00 -2.7278E-01 -4.4996E-02
  6.9577E+00  4.2000E+02  8.2671E+00  1.3061E+02  1.2031E+00 -6.8990E-01 -1.0527E-01
  6.2842E+00  4.6000E+02  1.0868E+01  1.3225E+02  1.1839E+00 -1.4199E+00 -2.0174E-01
  5.6540E+00  5.0000E+02  1.4430E+01  1.3419E+02  1.1587E+00 -2.5719E+00 -3.4200E-01
  5.0617E+00  5.4000E+02  1.9054E+01  1.3640E+02  1.1270E+00 -4.0789E+00 -5.0965E-01
  4.5033E+00  5.8000E+02  2.4713E+01  1.3883E+02  1.0893E+00 -5.7894E+00 -6.8212E-01
  3.9750E+00  6.2000E+02  3.1306E+01  1.4143E+02  1.0462E+00 -7.5611E+00 -8.4276E-01
  3.4737E+00  6.6000E+02  3.8664E+01  1.4415E+02  9.9849E-01 -9.2437E+00 -9.7758E-01
  2.9968E+00  7.0000E+02  4.6600E+01  1.4696E+02  9.4726E-01 -1.0752E+01 -1.0819E+00
  2.5419E+00  7.4000E+02  5.4936E+01  1.4981E+02  8.9340E-01 -1.2048E+01 -1.1563E+00
  2.1070E+00  7.8000E+02  6.3513E+01  1.5268E+02  8.3787E-01 -1.3139E+01 -1.2056E+00
  1.6902E+00  8.2000E+02  7.2204E+01  1.5549E+02  7.8159E-01 -1.4097E+01 -1.2397E+00
  1.2899E+00  8.6000E+02  8.0953E+01  1.5821E+02  7.2508E-01 -1.5075E+01 -1.2730E+00
  9.0496E-01  9.0000E+02  8.9890E+01  1.6086E+02  6.6744E-01 -1.6330E+01 -1.3264E+00
  5.3400E-01  9.4000E+02  9.9880E+01  1.6372E+02  6.0321E-01 -1.9216E+01 -1.5039E+00
  1.7523E-01  9.8000E+02  1.1241E+02  1.6724E+02  5.2450E-01 -2.5117E+01 -1.9012E+00
