  25  6.0000000E+00
  2.6543E+01  2.0000E+01  1.1248E+00  1.0156E+02  9.0262E-01  0.0000E+00  0.0000E+00
  1.8687E+01  6.0000E+01  1.7446E+00  1.0159E+02  8.9874E-01 -7.5324E-02 -1.2483E-01
  1.5430E+01  1.0000E+02  2.2231E+00  1.0154E+02  8.9521E-01 -1.6092E-01 -1.1060E-01
  1.3295E+01  1.4000E+02  2.5284E+00  1.0157E+02  8.9179E-01 -1.3120E-01 -5.9090E-02
  1.1730E+01  1.8000E+02  2.7424E+00  1.0170E+02  8.8843E-01 -5.0422E-02 -1.6648E-02
  1.0492E+01  2.2000E+02  2.9398E+00  1.0194E+02  8.8507E-01  2.9364E-02  7.6740E-03
  9.4585E+00  2.6000E+02  3.1634E+00  1.0225E+02  8.8167E-01  9.2484E-02  2.0158E-02
  8.5638E+00  3.0000E+02  3.4431E+00  1.0265E+02  8.7819E-01  1.2477E-01  2.3553E-02
  7.7677E+00  3.4000E+02  3.7978E+00  1.0309E+02  8.7461E-01  1.1765E-01  1.9761E-02
  7.0459E+00  3.8000E+02  4.2348E+00  1.0359E+02  8.7086E-01  7.6707E-02  1.1681E-02
  6.3831E+00  4.2000E+02  4.7559E+00  1.0412E+02  8.6691E-01  1.0850E-02  1.5174E-03
  5.7686E+00  4.6000E+02  5.3614E+00  1.0467E+02  8.6269E-01 -7.5245E-02 -9.7560E-03
  5.1947E+00  5.0000E+02  6.0531E+00  1.0526E+02  8.5811E-01 -1.8149E-01 -2.1975E-02
  4.6557E+00  5.4000E+02  6.8354E+00  1.0588E+02  8.5310E-01 -3.1283E-01 -3.5576E-02
  4.1470E+00  5.8000E+02  7.7158E+00  1.0651E+02  8.4757E-01 -4.7737E-01 -5.1234E-02
  3.6649E+00  6.2000E+02  8.7044E+00  1.0717E+02  8.4146E-01 -6.8563E-01 -6.9725E-02
  3.2067E+00  6.6000E+02  9.8140E+00  1.0785E+02  8.3467E-01 -9.4965E-01 -9.1821E-02
  2.7696E+00  7.0000E+02  1.1062E+01  1.0853E+02  8.2713E-01 -1.2852E+00 -1.1849E-01
  2.3519E+00  7.4000E+02  1.2474E+01  1.0923E+02  8.1868E-01 -1.7185E+00 -1.5147E-01
  1.9516E+00  7.8000E+02  1.4099E+01  1.0993E+02  8.0906E-01 -2.3016E+00 -1.9439E-01
  1.5672E+00  8.2000E+02  1.5997E+01  1.1064E+02  7.9794E-01 -3.0895E+00 -2.5053E-01
  1.1975E+00  8.6000E+02  1.8284E+01  1.1136E+02  7.8472E-01 -4.2477E+00 -3.3138E-01
  8.4097E-01  9.0000E+02  2.1104E+01  1.1206E+02  7.6875E-01 -5.9436E+00 -4.4703E-01
  4.9651E-01  9.4000E+02  2.4596E+01  1.1268E+02  7.4954E-01 -8.3348E+00 -6.0574E-01
  1.6291E-01  9.8000E+02  2.8761E+01  1.1313E+02  7.2733E-01 -1.1123E+01 -7.8287E-01
