  25  6.0000000E+00
  2.6255E+01  2.0000E+01  9.0579E-01  9.5143E+01  6.9499E-01  0.0000E+00  0.0000E+00
  1.8466E+01  6.0000E+01  1.4942E+00  9.5174E+01  6.9151E-01 -7.1584E-02 -1.1764E-01
  1.5218E+01  1.0000E+02  1.9809E+00  9.5126E+01  6.8839E-01 -1.6478E-01 -1.1293E-01
  1.3075E+01  1.4000E+02  2.3081E+00  9.5099E+01  6.8532E-01 -1.6511E-01 -7.4657E-02
  1.1514E+01  1.8000E+02  2.4995E+00  9.5174E+01  6.8237E-01 -7.4755E-02 -2.4606E-02
  1.0292E+01  2.2000E+02  2.6434E+00  9.5364E+01  6.7948E-01  3.8139E-02  9.8333E-03
  9.2785E+00  2.6000E+02  2.8089E+00  9.5650E+01  6.7660E-01  1.1900E-01  2.5454E-02
  8.4012E+00  3.0000E+02  3.0349E+00  9.6009E+01  6.7368E-01  1.5079E-01  2.7909E-02
  7.6200E+00  3.4000E+02  3.3376E+00  9.6418E+01  6.7068E-01  1.3578E-01  2.2378E-02
  6.9116E+00  3.8000E+02  3.7173E+00  9.6861E+01  6.6759E-01  9.0393E-02  1.3511E-02
  6.2611E+00  4.2000E+02  4.1683E+00  9.7332E+01  6.6439E-01  3.0170E-02  4.1403E-03
  5.6585E+00  4.6000E+02  4.6857E+00  9.7826E+01  6.6105E-01 -3.8633E-02 -4.9115E-03
  5.0963E+00  5.0000E+02  5.2677E+00  9.8343E+01  6.5753E-01 -1.1634E-01 -1.3801E-02
  4.5685E+00  5.4000E+02  5.9165E+00  9.8882E+01  6.5376E-01 -2.0808E-01 -2.3170E-02
  4.0706E+00  5.8000E+02  6.6379E+00  9.9443E+01  6.4969E-01 -3.2177E-01 -3.3803E-02
  3.5988E+00  6.2000E+02  7.4416E+00  1.0003E+02  6.4521E-01 -4.6816E-01 -4.6600E-02
  3.1501E+00  6.6000E+02  8.3408E+00  1.0063E+02  6.4025E-01 -6.6069E-01 -6.2545E-02
  2.7220E+00  7.0000E+02  9.3536E+00  1.0125E+02  6.3468E-01 -9.1685E-01 -8.2811E-02
  2.3124E+00  7.4000E+02  1.0504E+01  1.0188E+02  6.2837E-01 -1.2599E+00 -1.0887E-01
  1.9196E+00  7.8000E+02  1.1825E+01  1.0253E+02  6.2114E-01 -1.7236E+00 -1.4284E-01
  1.5421E+00  8.2000E+02  1.3372E+01  1.0318E+02  6.1271E-01 -2.3656E+00 -1.8839E-01
  1.1787E+00  8.6000E+02  1.5219E+01  1.0384E+02  6.0272E-01 -3.2788E+00 -2.5143E-01
  8.2799E-01  9.0000E+02  1.7428E+01  1.0447E+02  5.9098E-01 -4.5013E+00 -3.3304E-01
  4.8896E-01  9.4000E+02  2.0049E+01  1.0502E+02  5.7745E-01 -6.0909E+00 -4.3567E-01
  1.6048E-01  9.8000E+02  2.3112E+01  1.0547E+02  5.6217E-01 -7.9495E+00 -5.5092E-01
