  25  6.0000000E+00
  2.6456E+01  2.0000E+01  1.4898E+00  1.2629E+02  1.2612E+00  0.0000E+00  0.0000E+00
  1.8807E+01  6.0000E+01  1.9597E+00  1.2628E+02  1.2570E+00 -6.3365E-02 -1.0227E-01
  1.5866E+01  1.0000E+02  2.1314E+00  1.2640E+02  1.2534E+00 -1.6014E-02 -9.9351E-03
  1.3960E+01  1.4000E+02  2.2419E+00  1.2672E+02  1.2497E+00  1.0712E-01  4.3087E-02
  1.2506E+01  1.8000E+02  2.4367E+00  1.2717E+02  1.2458E+00  1.7802E-01  5.4605E-02
  1.1298E+01  2.2000E+02  2.7727E+00  1.2775E+02  1.2415E+00  1.9684E-01  5.0159E-02
  1.0246E+01  2.6000E+02  3.2861E+00  1.2843E+02  1.2365E+00  1.5781E-01  3.5012E-02
  9.3070E+00  3.0000E+02  3.9974E+00  1.2921E+02  1.2306E+00  7.5180E-02  1.4899E-02
  8.4553E+00  3.4000E+02  4.9401E+00  1.3011E+02  1.2232E+00 -4.1573E-02 -7.4701E-03
  7.6745E+00  3.8000E+02  6.1838E+00  1.3118E+02  1.2138E+00 -2.3147E-01 -3.8135E-02
  6.9523E+00  4.2000E+02  7.8310E+00  1.3242E+02  1.2016E+00 -5.6482E-01 -8.6059E-02
  6.2798E+00  4.6000E+02  1.0024E+01  1.3385E+02  1.1859E+00 -1.1319E+00 -1.6059E-01
  5.6504E+00  5.0000E+02  1.2970E+01  1.3551E+02  1.1654E+00 -2.0446E+00 -2.7153E-01
  5.0587E+00  5.4000E+02  1.6838E+01  1.3740E+02  1.1394E+00 -3.3448E+00 -4.1754E-01
  4.5006E+00  5.8000E+02  2.1721E+01  1.3950E+02  1.1076E+00 -4.9859E+00 -5.8710E-01
  3.9724E+00  6.2000E+02  2.7631E+01  1.4178E+02  1.0699E+00 -6.8690E+00 -7.6538E-01
  3.4712E+00  6.6000E+02  3.4467E+01  1.4420E+02  1.0269E+00 -8.8062E+00 -9.3120E-01
  2.9943E+00  7.0000E+02  4.2062E+01  1.4672E+02  9.7945E-01 -1.0647E+01 -1.0712E+00
  2.5395E+00  7.4000E+02  5.0237E+01  1.4929E+02  9.2832E-01 -1.2314E+01 -1.1817E+00
  2.1046E+00  7.8000E+02  5.8820E+01  1.5189E+02  8.7432E-01 -1.3774E+01 -1.2637E+00
  1.6880E+00  8.2000E+02  6.7654E+01  1.5446E+02  8.1831E-01 -1.5033E+01 -1.3213E+00
  1.2881E+00  8.6000E+02  7.6707E+01  1.5699E+02  7.6047E-01 -1.6311E+01 -1.3762E+00
  9.0357E-01  9.0000E+02  8.6242E+01  1.5955E+02  6.9903E-01 -1.8133E+01 -1.4712E+00
  5.3308E-01  9.4000E+02  9.6692E+01  1.6229E+02  6.3121E-01 -2.0813E+01 -1.6269E+00
  1.7489E-01  9.8000E+02  1.0931E+02  1.6558E+02  5.5045E-01 -2.6020E+01 -1.9663E+00
