  25  6.0000000E+00
  2.6457E+01  2.0000E+01  1.4828E+00  1.2842E+02  1.2535E+00  0.0000E+00  0.0000E+00
  1.8799E+01  6.0000E+01  1.9555E+00  1.2841E+02  1.2493E+00 -6.3564E-02 -1.0270E-01
  1.5859E+01  1.0000E+02  2.1251E+00  1.2853E+02  1.2457E+00 -1.4825E-02 -9.1970E-03
  1.3952E+01  1.4000E+02  2.2364E+00  1.2885E+02  1.2420E+00  1.0953E-01  4.4056E-02
  1.2495E+01  1.8000E+02  2.4368E+00  1.2931E+02  1.2381E+00  1.7444E-01  5.3635E-02
  1.1285E+01  2.2000E+02  2.7736E+00  1.2988E+02  1.2338E+00  1.9483E-01  4.9716E-02
  1.0233E+01  2.6000E+02  3.2814E+00  1.3056E+02  1.2289E+00  1.6040E-01  3.5594E-02
  9.2945E+00  3.0000E+02  3.9774E+00  1.3133E+02  1.2232E+00  8.1036E-02  1.6051E-02
  8.4437E+00  3.4000E+02  4.8835E+00  1.3221E+02  1.2163E+00 -2.6763E-02 -4.8040E-03
  7.6640E+00  3.8000E+02  6.0495E+00  1.3323E+02  1.2076E+00 -1.9049E-01 -3.1335E-02
  6.9431E+00  4.2000E+02  7.5464E+00  1.3439E+02  1.1968E+00 -4.6513E-01 -7.0743E-02
  6.2719E+00  4.6000E+02  9.4671E+00  1.3570E+02  1.1834E+00 -9.1514E-01 -1.2960E-01
  5.6435E+00  5.0000E+02  1.1948E+01  1.3716E+02  1.1665E+00 -1.6152E+00 -2.1415E-01
  5.0526E+00  5.4000E+02  1.5119E+01  1.3879E+02  1.1457E+00 -2.6178E+00 -3.2632E-01
  4.4951E+00  5.8000E+02  1.9062E+01  1.4055E+02  1.1204E+00 -3.9179E+00 -4.6084E-01
  3.9674E+00  6.2000E+02  2.3850E+01  1.4242E+02  1.0906E+00 -5.5184E+00 -6.1441E-01
  3.4665E+00  6.6000E+02  2.9540E+01  1.4441E+02  1.0560E+00 -7.4011E+00 -7.8212E-01
  2.9899E+00  7.0000E+02  3.6177E+01  1.4650E+02  1.0160E+00 -9.5343E+00 -9.5868E-01
  2.5354E+00  7.4000E+02  4.3720E+01  1.4869E+02  9.7079E-01 -1.1767E+01 -1.1284E+00
  2.1010E+00  7.8000E+02  5.1988E+01  1.5095E+02  9.2090E-01 -1.3831E+01 -1.2677E+00
  1.6849E+00  8.2000E+02  6.0713E+01  1.5322E+02  8.6760E-01 -1.5523E+01 -1.3627E+00
  1.2856E+00  8.6000E+02  6.9802E+01  1.5547E+02  8.1124E-01 -1.7136E+01 -1.4436E+00
  9.0174E-01  9.0000E+02  7.9936E+01  1.5786E+02  7.4723E-01 -2.0153E+01 -1.6322E+00
  5.3196E-01  9.4000E+02  9.1399E+01  1.6053E+02  6.7333E-01 -2.3801E+01 -1.8569E+00
  1.7450E-01  9.8000E+02  1.0451E+02  1.6359E+02  5.8870E-01 -2.8113E+01 -2.1202E+00
