  25  6.0000000E+00
  2.6533E+01  2.0000E+01  1.1845E+00  1.0538E+02  9.6347E-01  0.0000E+00  0.0000E+00
  1.8703E+01  6.0000E+01  1.7858E+00  1.0541E+02  9.5952E-01 -7.3829E-02 -1.2198E-01
  1.5481E+01  1.0000E+02  2.2183E+00  1.0538E+02  9.5594E-01 -1.4179E-01 -9.6371E-02
  1.3376E+01  1.4000E+02  2.4905E+00  1.0546E+02  9.5247E-01 -9.2458E-02 -4.1056E-02
  1.1823E+01  1.8000E+02  2.7118E+00  1.0565E+02  9.4902E-01 -2.1111E-02 -6.9175E-03
  1.0584E+01  2.2000E+02  2.9438E+00  1.0592E+02  9.4552E-01  3.4124E-02  8.9251E-03
  9.5440E+00  2.6000E+02  3.2132E+00  1.0627E+02  9.4194E-01  7.7580E-02  1.7017E-02
  8.6409E+00  3.0000E+02  3.5422E+00  1.0669E+02  9.3825E-01  9.5805E-02  1.8256E-02
  7.8364E+00  3.4000E+02  3.9442E+00  1.0716E+02  9.3443E-01  8.2626E-02  1.4024E-02
  7.1071E+00  3.8000E+02  4.4256E+00  1.0767E+02  9.3044E-01  4.2269E-02  6.5033E-03
  6.4377E+00  4.2000E+02  4.9898E+00  1.0822E+02  9.2622E-01 -2.1383E-02 -3.0202E-03
  5.8172E+00  4.6000E+02  5.6398E+00  1.0880E+02  9.2168E-01 -1.0662E-01 -1.3957E-02
  5.2380E+00  5.0000E+02  6.3796E+00  1.0942E+02  9.1676E-01 -2.1563E-01 -2.6350E-02
  4.6941E+00  5.4000E+02  7.2145E+00  1.1006E+02  9.1138E-01 -3.5307E-01 -4.0516E-02
  4.1809E+00  5.8000E+02  8.1515E+00  1.1073E+02  9.0546E-01 -5.2602E-01 -5.6956E-02
  3.6947E+00  6.2000E+02  9.2001E+00  1.1141E+02  8.9895E-01 -7.4364E-01 -7.6282E-02
  3.2325E+00  6.6000E+02  1.0373E+01  1.1212E+02  8.9178E-01 -1.0179E+00 -9.9256E-02
  2.7918E+00  7.0000E+02  1.1687E+01  1.1283E+02  8.8386E-01 -1.3649E+00 -1.2690E-01
  2.3706E+00  7.4000E+02  1.3170E+01  1.1355E+02  8.7502E-01 -1.8121E+00 -1.6104E-01
  1.9671E+00  7.8000E+02  1.4861E+01  1.1427E+02  8.6507E-01 -2.3918E+00 -2.0364E-01
  1.5797E+00  8.2000E+02  1.6831E+01  1.1501E+02  8.5360E-01 -3.1956E+00 -2.6119E-01
  1.2070E+00  8.6000E+02  1.9222E+01  1.1575E+02  8.3988E-01 -4.4202E+00 -3.4755E-01
  8.4767E-01  9.0000E+02  2.2255E+01  1.1649E+02  8.2280E-01 -6.3819E+00 -4.8379E-01
  5.0046E-01  9.4000E+02  2.6222E+01  1.1717E+02  8.0106E-01 -9.4808E+00 -6.9450E-01
  1.6421E-01  9.8000E+02  3.1191E+01  1.1766E+02  7.7454E-01 -1.3308E+01 -9.4414E-01
