  26  3.7500000E+00
  2.9875E+01  1.0000E-03  1.3633E+03  1.2361E+02  1.3633E+03  0.0000E+00  0.0000E+00
  2.1254E+01  4.0000E+01  1.3629E+03  1.2340E+02  1.3623E+03  1.6896E-02  3.0733E-02
  1.6520E+01  8.0000E+01  1.3602E+03  1.2153E+02  1.3547E+03  1.6563E-01  1.6544E-01
  1.4009E+01  1.2000E+02  1.3578E+03  1.1975E+02  1.3481E+03  2.7703E-01  1.4674E-01
  1.2228E+01  1.6000E+02  1.3548E+03  1.1788E+02  1.3411E+03  6.1633E-01  2.3164E-01
  1.0867E+01  2.0000E+02  1.3510E+03  1.1595E+02  1.3335E+03  1.3462E+00  3.8643E-01
  9.7627E+00  2.4000E+02  1.3467E+03  1.1395E+02  1.3255E+03  2.1654E+00  5.0457E-01
  8.8222E+00  2.8000E+02  1.3419E+03  1.1190E+02  1.3173E+03  2.8601E+00  5.6755E-01
  7.9953E+00  3.2000E+02  1.3368E+03  1.0979E+02  1.3089E+03  3.6319E+00  6.3361E-01
  7.2530E+00  3.6000E+02  1.3312E+03  1.0763E+02  1.3001E+03  4.6799E+00  7.3289E-01
  6.5772E+00  4.0000E+02  1.3249E+03  1.0543E+02  1.2909E+03  5.9971E+00  8.5506E-01
  5.9553E+00  4.4000E+02  1.3180E+03  1.0319E+02  1.2812E+03  7.4497E+00  9.7738E-01
  5.3778E+00  4.8000E+02  1.3106E+03  1.0091E+02  1.2711E+03  8.9325E+00  1.0884E+00
  4.8369E+00  5.2000E+02  1.3026E+03  9.8594E+01  1.2606E+03  1.0531E+01  1.2019E+00
  4.3267E+00  5.6000E+02  1.2939E+03  9.6247E+01  1.2495E+03  1.2426E+01  1.3375E+00
  3.8430E+00  6.0000E+02  1.2845E+03  9.3873E+01  1.2378E+03  1.4581E+01  1.4877E+00
  3.3830E+00  6.4000E+02  1.2744E+03  9.1475E+01  1.2255E+03  1.6772E+01  1.6280E+00
  2.9440E+00  6.8000E+02  1.2637E+03  8.9059E+01  1.2128E+03  1.8816E+01  1.7427E+00
  2.5241E+00  7.2000E+02  1.2526E+03  8.6629E+01  1.1998E+03  2.0632E+01  1.8279E+00
  2.1215E+00  7.6000E+02  1.2412E+03  8.4189E+01  1.1866E+03  2.2204E+01  1.8858E+00
  1.7349E+00  8.0000E+02  1.2297E+03  8.1747E+01  1.1734E+03  2.3552E+01  1.9211E+00
  1.3629E+00  8.4000E+02  1.2180E+03  7.9312E+01  1.1602E+03  2.4726E+01  1.9404E+00
  1.0045E+00  8.8000E+02  1.2063E+03  7.6901E+01  1.1470E+03  2.6002E+01  1.9661E+00
  6.5871E-01  9.2000E+02  1.1942E+03  7.4553E+01  1.1335E+03  2.8342E+01  2.0678E+00
  3.2422E-01  9.6000E+02  1.1815E+03  7.2340E+01  1.1195E+03  3.1277E+01  2.2072E+00
  4.1283E-04  1.0000E+03  1.1689E+03  7.0386E+01  1.1058E+03  3.2804E+01  2.2411E+00
