  26  3.7500000E+00
  3.2086E+01  1.0000E-03  1.3633E+03  1.1603E+02  1.3633E+03  0.0000E+00  0.0000E+00
  2.2946E+01  4.0000E+01  1.3629E+03  1.1581E+02  1.3623E+03  1.7412E-02  3.3576E-02
  1.8130E+01  8.0000E+01  1.3600E+03  1.1391E+02  1.3544E+03  2.0776E-01  2.1114E-01
  1.5704E+01  1.2000E+02  1.3568E+03  1.1212E+02  1.3470E+03  5.8978E-01  3.0177E-01
  1.3944E+01  1.6000E+02  1.3517E+03  1.1026E+02  1.3379E+03  1.8359E+00  6.8195E-01
  1.2510E+01  2.0000E+02  1.3433E+03  1.0833E+02  1.3257E+03  4.5196E+00  1.3675E+00
  1.1280E+01  2.4000E+02  1.3308E+03  1.0635E+02  1.3096E+03  8.5552E+00  2.2200E+00
  1.0196E+01  2.8000E+02  1.3150E+03  1.0432E+02  1.2904E+03  1.2703E+01  2.9050E+00
  9.2257E+00  3.2000E+02  1.2976E+03  1.0225E+02  1.2697E+03  1.5778E+01  3.2292E+00
  8.3474E+00  3.6000E+02  1.2799E+03  1.0014E+02  1.2490E+03  1.7700E+01  3.2798E+00
  7.5447E+00  4.0000E+02  1.2626E+03  9.7995E+01  1.2288E+03  1.8863E+01  3.1944E+00
  6.8056E+00  4.4000E+02  1.2460E+03  9.5819E+01  1.2093E+03  1.9591E+01  3.0552E+00
  6.1204E+00  4.8000E+02  1.2300E+03  9.3615E+01  1.1907E+03  2.0122E+01  2.9086E+00
  5.4819E+00  5.2000E+02  1.2146E+03  9.1385E+01  1.1728E+03  2.0551E+01  2.7685E+00
  4.8840E+00  5.6000E+02  1.1999E+03  8.9133E+01  1.1557E+03  2.0906E+01  2.6373E+00
  4.3217E+00  6.0000E+02  1.1857E+03  8.6862E+01  1.1392E+03  2.1214E+01  2.5166E+00
  3.7909E+00  6.4000E+02  1.1720E+03  8.4573E+01  1.1234E+03  2.1489E+01  2.4063E+00
  3.2882E+00  6.8000E+02  1.1588E+03  8.2271E+01  1.1082E+03  2.1736E+01  2.3051E+00
  2.8107E+00  7.2000E+02  1.1460E+03  7.9957E+01  1.0935E+03  2.1950E+01  2.2114E+00
  2.3559E+00  7.6000E+02  1.1336E+03  7.7637E+01  1.0793E+03  2.2134E+01  2.1242E+00
  1.9215E+00  8.0000E+02  1.1216E+03  7.5314E+01  1.0656E+03  2.2294E+01  2.0431E+00
  1.5058E+00  8.4000E+02  1.1099E+03  7.2994E+01  1.0524E+03  2.2509E+01  1.9742E+00
  1.1072E+00  8.8000E+02  1.0984E+03  7.0691E+01  1.0394E+03  2.3086E+01  1.9415E+00
  7.2436E-01  9.2000E+02  1.0867E+03  6.8444E+01  1.0264E+03  2.4757E+01  1.9995E+00
  3.5582E-01  9.6000E+02  1.0742E+03  6.6336E+01  1.0127E+03  2.8091E+01  2.1842E+00
  7.3912E-04  1.0000E+03  1.0607E+03  6.4554E+01  9.9805E+02  3.2908E+01  2.4653E+00
