  26  3.7500000E+00
  3.2084E+01  1.0000E-03  1.3633E+03  1.1899E+02  1.3633E+03  0.0000E+00  0.0000E+00
  2.2897E+01  4.0000E+01  1.3629E+03  1.1878E+02  1.3623E+03  1.7599E-02  3.4114E-02
  1.8010E+01  8.0000E+01  1.3600E+03  1.1688E+02  1.3544E+03  2.1033E-01  2.1682E-01
  1.5524E+01  1.2000E+02  1.3566E+03  1.1510E+02  1.3468E+03  6.1813E-01  3.2428E-01
  1.3729E+01  1.6000E+02  1.3515E+03  1.1324E+02  1.3377E+03  1.8184E+00  6.8849E-01
  1.2287E+01  2.0000E+02  1.3441E+03  1.1131E+02  1.3264E+03  3.8347E+00  1.1671E+00
  1.1064E+01  2.4000E+02  1.3343E+03  1.0932E+02  1.3131E+03  6.3250E+00  1.6319E+00
  9.9951E+00  2.8000E+02  1.3228E+03  1.0728E+02  1.2981E+03  8.8851E+00  2.0035E+00
  9.0436E+00  3.2000E+02  1.3101E+03  1.0520E+02  1.2822E+03  1.1160E+01  2.2405E+00
  8.1845E+00  3.6000E+02  1.2969E+03  1.0308E+02  1.2658E+03  1.2914E+01  2.3408E+00
  7.3999E+00  4.0000E+02  1.2837E+03  1.0091E+02  1.2497E+03  1.4035E+01  2.3232E+00
  6.6767E+00  4.4000E+02  1.2710E+03  9.8705E+01  1.2341E+03  1.4570E+01  2.2230E+00
  6.0052E+00  4.8000E+02  1.2589E+03  9.6462E+01  1.2194E+03  1.4664E+01  2.0777E+00
  5.3780E+00  5.2000E+02  1.2475E+03  9.4181E+01  1.2055E+03  1.4414E+01  1.9074E+00
  4.7896E+00  5.6000E+02  1.2371E+03  9.1860E+01  1.1927E+03  1.3867E+01  1.7213E+00
  4.2359E+00  6.0000E+02  1.2274E+03  8.9500E+01  1.1807E+03  1.3208E+01  1.5433E+00
  3.7131E+00  6.4000E+02  1.2183E+03  8.7101E+01  1.1695E+03  1.2775E+01  1.4089E+00
  3.2185E+00  6.8000E+02  1.2094E+03  8.4670E+01  1.1585E+03  1.3163E+01  1.3735E+00
  2.7495E+00  7.2000E+02  1.1998E+03  8.2221E+01  1.1470E+03  1.5277E+01  1.5118E+00
  2.3036E+00  7.6000E+02  1.1886E+03  7.9774E+01  1.1341E+03  1.9449E+01  1.8298E+00
  1.8785E+00  8.0000E+02  1.1758E+03  7.7352E+01  1.1195E+03  2.4512E+01  2.1985E+00
  1.4720E+00  8.4000E+02  1.1617E+03  7.4969E+01  1.1039E+03  2.8732E+01  2.4639E+00
  1.0825E+00  8.8000E+02  1.1470E+03  7.2645E+01  1.0877E+03  3.1949E+01  2.6258E+00
  7.0842E-01  9.2000E+02  1.1317E+03  7.0424E+01  1.0711E+03  3.4924E+01  2.7561E+00
  3.4815E-01  9.6000E+02  1.1161E+03  6.8383E+01  1.0543E+03  3.7520E+01  2.8519E+00
  7.1423E-04  1.0000E+03  1.1007E+03  6.6705E+01  1.0377E+03  3.9668E+01  2.9077E+00
