  26  3.7500000E+00
  3.2019E+01  1.0000E-03  1.3633E+03  1.2093E+02  1.3633E+03  0.0000E+00  0.0000E+00
  2.2801E+01  4.0000E+01  1.3629E+03  1.2071E+02  1.3623E+03  1.7957E-02  3.4923E-02
  1.7818E+01  8.0000E+01  1.3599E+03  1.1883E+02  1.3544E+03  2.1105E-01  2.2189E-01
  1.5251E+01  1.2000E+02  1.3566E+03  1.1705E+02  1.3468E+03  6.0207E-01  3.2611E-01
  1.3424E+01  1.6000E+02  1.3517E+03  1.1518E+02  1.3379E+03  1.6521E+00  6.3679E-01
  1.1975E+01  2.0000E+02  1.3452E+03  1.1325E+02  1.3276E+03  3.1778E+00  9.7158E-01
  1.0760E+01  2.4000E+02  1.3373E+03  1.1126E+02  1.3161E+03  4.8310E+00  1.2377E+00
  9.7095E+00  2.8000E+02  1.3285E+03  1.0921E+02  1.3038E+03  6.4842E+00  1.4376E+00
  8.7797E+00  3.2000E+02  1.3188E+03  1.0712E+02  1.2908E+03  8.1432E+00  1.5975E+00
  7.9435E+00  3.6000E+02  1.3085E+03  1.0498E+02  1.2774E+03  9.7960E+00  1.7282E+00
  7.1820E+00  4.0000E+02  1.2977E+03  1.0280E+02  1.2636E+03  1.1307E+01  1.8166E+00
  6.4816E+00  4.4000E+02  1.2868E+03  1.0058E+02  1.2499E+03  1.2438E+01  1.8380E+00
  5.8323E+00  4.8000E+02  1.2760E+03  9.8320E+01  1.2365E+03  1.3033E+01  1.7854E+00
  5.2265E+00  5.2000E+02  1.2658E+03  9.6023E+01  1.2237E+03  1.3173E+01  1.6836E+00
  4.6584E+00  5.6000E+02  1.2560E+03  9.3689E+01  1.2115E+03  1.3120E+01  1.5724E+00
  4.1235E+00  6.0000E+02  1.2466E+03  9.1319E+01  1.1998E+03  1.3161E+01  1.4854E+00
  3.6180E+00  6.4000E+02  1.2373E+03  8.8917E+01  1.1884E+03  1.3533E+01  1.4434E+00
  3.1388E+00  6.8000E+02  1.2280E+03  8.6487E+01  1.1770E+03  1.4411E+01  1.4570E+00
  2.6833E+00  7.2000E+02  1.2183E+03  8.4037E+01  1.1654E+03  1.5894E+01  1.5275E+00
  2.2492E+00  7.6000E+02  1.2080E+03  8.1576E+01  1.1533E+03  1.8034E+01  1.6515E+00
  1.8347E+00  8.0000E+02  1.1969E+03  7.9116E+01  1.1405E+03  2.0821E+01  1.8209E+00
  1.4380E+00  8.4000E+02  1.1849E+03  7.6677E+01  1.1269E+03  2.4123E+01  2.0190E+00
  1.0576E+00  8.8000E+02  1.1719E+03  7.4284E+01  1.1125E+03  2.7836E+01  2.2340E+00
  6.9220E-01  9.2000E+02  1.1578E+03  7.1990E+01  1.0971E+03  3.2290E+01  2.4893E+00
  3.4019E-01  9.6000E+02  1.1428E+03  6.9885E+01  1.0808E+03  3.6676E+01  2.7238E+00
  6.8857E-04  1.0000E+03  1.1277E+03  6.8143E+01  1.0646E+03  3.9346E+01  2.8183E+00
