  26  3.7500000E+00
  3.2100E+01  1.0000E-03  1.3633E+03  1.1823E+02  1.3633E+03  0.0000E+00  0.0000E+00
  2.2920E+01  4.0000E+01  1.3629E+03  1.1801E+02  1.3623E+03  1.7488E-02  3.3873E-02
  1.8066E+01  8.0000E+01  1.3600E+03  1.1611E+02  1.3544E+03  2.0826E-01  2.1327E-01
  1.5609E+01  1.2000E+02  1.3567E+03  1.1433E+02  1.3469E+03  6.1346E-01  3.1805E-01
  1.3828E+01  1.6000E+02  1.3515E+03  1.1247E+02  1.3377E+03  1.8512E+00  6.9554E-01
  1.2389E+01  2.0000E+02  1.3439E+03  1.1054E+02  1.3263E+03  3.9685E+00  1.2050E+00
  1.1162E+01  2.4000E+02  1.3338E+03  1.0855E+02  1.3126E+03  6.5959E+00  1.7065E+00
  1.0087E+01  2.8000E+02  1.3217E+03  1.0651E+02  1.2970E+03  9.3609E+00  2.1249E+00
  9.1268E+00  3.2000E+02  1.3082E+03  1.0443E+02  1.2803E+03  1.1897E+01  2.4092E+00
  8.2595E+00  3.6000E+02  1.2941E+03  1.0231E+02  1.2630E+03  1.3854E+01  2.5347E+00
  7.4675E+00  4.0000E+02  1.2800E+03  1.0015E+02  1.2460E+03  1.5007E+01  2.5078E+00
  6.7375E+00  4.4000E+02  1.2665E+03  9.7947E+01  1.2297E+03  1.5467E+01  2.3821E+00
  6.0597E+00  4.8000E+02  1.2537E+03  9.5709E+01  1.2143E+03  1.5554E+01  2.2243E+00
  5.4267E+00  5.2000E+02  1.2417E+03  9.3434E+01  1.1997E+03  1.5423E+01  2.0597E+00
  4.8329E+00  5.6000E+02  1.2304E+03  9.1122E+01  1.1861E+03  1.5066E+01  1.8874E+00
  4.2739E+00  6.0000E+02  1.2199E+03  8.8773E+01  1.1733E+03  1.4578E+01  1.7192E+00
  3.7462E+00  6.4000E+02  1.2100E+03  8.6388E+01  1.1613E+03  1.4273E+01  1.5890E+00
  3.2470E+00  6.8000E+02  1.2002E+03  8.3974E+01  1.1494E+03  1.4860E+01  1.5653E+00
  2.7736E+00  7.2000E+02  1.1896E+03  8.1546E+01  1.1369E+03  1.7283E+01  1.7262E+00
  2.3236E+00  7.6000E+02  1.1775E+03  7.9127E+01  1.1230E+03  2.1455E+01  2.0367E+00
  1.8947E+00  8.0000E+02  1.1641E+03  7.6730E+01  1.1080E+03  2.5578E+01  2.3147E+00
  1.4846E+00  8.4000E+02  1.1502E+03  7.4364E+01  1.0924E+03  2.8296E+01  2.4483E+00
  1.0916E+00  8.8000E+02  1.1358E+03  7.2048E+01  1.0766E+03  3.0727E+01  2.5476E+00
  7.1433E-01  9.2000E+02  1.1208E+03  6.9836E+01  1.0603E+03  3.3870E+01  2.6960E+00
  3.5102E-01  9.6000E+02  1.1054E+03  6.7805E+01  1.0437E+03  3.6765E+01  2.8181E+00
  7.2421E-04  1.0000E+03  1.0900E+03  6.6137E+01  1.0271E+03  3.9321E+01  2.9060E+00
