  26  3.7500000E+00
  3.2094E+01  1.0000E-03  1.3633E+03  1.1860E+02  1.3633E+03  0.0000E+00  0.0000E+00
  2.2910E+01  4.0000E+01  1.3629E+03  1.1838E+02  1.3623E+03  1.7535E-02  3.3978E-02
  1.8041E+01  8.0000E+01  1.3600E+03  1.1648E+02  1.3544E+03  2.0901E-01  2.1471E-01
  1.5570E+01  1.2000E+02  1.3567E+03  1.1470E+02  1.3469E+03  6.1400E-01  3.2010E-01
  1.3782E+01  1.6000E+02  1.3515E+03  1.1284E+02  1.3377E+03  1.8332E+00  6.9137E-01
  1.2341E+01  2.0000E+02  1.3440E+03  1.1091E+02  1.3264E+03  3.9151E+00  1.1902E+00
  1.1117E+01  2.4000E+02  1.3340E+03  1.0892E+02  1.3128E+03  6.5079E+00  1.6815E+00
  1.0044E+01  2.8000E+02  1.3221E+03  1.0689E+02  1.2974E+03  9.2096E+00  2.0839E+00
  9.0883E+00  3.2000E+02  1.3089E+03  1.0480E+02  1.2809E+03  1.1640E+01  2.3473E+00
  8.2250E+00  3.6000E+02  1.2951E+03  1.0268E+02  1.2641E+03  1.3486E+01  2.4562E+00
  7.4366E+00  4.0000E+02  1.2815E+03  1.0052E+02  1.2475E+03  1.4588E+01  2.4267E+00
  6.7098E+00  4.4000E+02  1.2683E+03  9.8316E+01  1.2315E+03  1.5053E+01  2.3083E+00
  6.0348E+00  4.8000E+02  1.2559E+03  9.6076E+01  1.2164E+03  1.5117E+01  2.1528E+00
  5.4044E+00  5.2000E+02  1.2442E+03  9.3798E+01  1.2022E+03  1.4896E+01  1.9812E+00
  4.8129E+00  5.6000E+02  1.2334E+03  9.1482E+01  1.1890E+03  1.4396E+01  1.7963E+00
  4.2561E+00  6.0000E+02  1.2233E+03  8.9127E+01  1.1767E+03  1.3764E+01  1.6169E+00
  3.7306E+00  6.4000E+02  1.2140E+03  8.6734E+01  1.1651E+03  1.3318E+01  1.4768E+00
  3.2333E+00  6.8000E+02  1.2047E+03  8.4310E+01  1.1539E+03  1.3716E+01  1.4389E+00
  2.7619E+00  7.2000E+02  1.1947E+03  8.1868E+01  1.1420E+03  1.5964E+01  1.5879E+00
  2.3138E+00  7.6000E+02  1.1832E+03  7.9433E+01  1.1287E+03  2.0272E+01  1.9163E+00
  1.8867E+00  8.0000E+02  1.1701E+03  7.7023E+01  1.1139E+03  2.5091E+01  2.2609E+00
  1.4785E+00  8.4000E+02  1.1560E+03  7.4649E+01  1.0982E+03  2.8752E+01  2.4767E+00
  1.0872E+00  8.8000E+02  1.1413E+03  7.2333E+01  1.0821E+03  3.1657E+01  2.6133E+00
  7.1148E-01  9.2000E+02  1.1261E+03  7.0119E+01  1.0655E+03  3.4585E+01  2.7414E+00
  3.4963E-01  9.6000E+02  1.1106E+03  6.8084E+01  1.0488E+03  3.7144E+01  2.8357E+00
  7.1557E-04  1.0000E+03  1.0951E+03  6.6412E+01  1.0322E+03  3.9508E+01  2.9084E+00
