  26  3.7500000E+00
  3.0470E+01  1.0000E-03  1.3633E+03  1.2341E+02  1.3633E+03  0.0000E+00  0.0000E+00
  2.1610E+01  4.0000E+01  1.3629E+03  1.2320E+02  1.3623E+03  1.6886E-02  3.1564E-02
  1.6731E+01  8.0000E+01  1.3602E+03  1.2133E+02  1.3547E+03  1.6487E-01  1.6971E-01
  1.4146E+01  1.2000E+02  1.3578E+03  1.1955E+02  1.3480E+03  2.6866E-01  1.4649E-01
  1.2323E+01  1.6000E+02  1.3549E+03  1.1768E+02  1.3411E+03  5.5792E-01  2.1461E-01
  1.0936E+01  2.0000E+02  1.3512E+03  1.1575E+02  1.3337E+03  1.2373E+00  3.6224E-01
  9.8149E+00  2.4000E+02  1.3468E+03  1.1375E+02  1.3257E+03  2.1457E+00  5.0740E-01
  8.8647E+00  2.8000E+02  1.3419E+03  1.1170E+02  1.3173E+03  2.9943E+00  6.0027E-01
  8.0313E+00  3.2000E+02  1.3366E+03  1.0959E+02  1.3087E+03  3.8805E+00  6.8229E-01
  7.2837E+00  3.6000E+02  1.3307E+03  1.0744E+02  1.2997E+03  5.0245E+00  7.9252E-01
  6.6029E+00  4.0000E+02  1.3241E+03  1.0524E+02  1.2901E+03  6.4663E+00  9.2874E-01
  5.9763E+00  4.4000E+02  1.3168E+03  1.0300E+02  1.2800E+03  8.0847E+00  1.0688E+00
  5.3944E+00  4.8000E+02  1.3088E+03  1.0073E+02  1.2694E+03  9.7512E+00  1.1971E+00
  4.8499E+00  5.2000E+02  1.3003E+03  9.8416E+01  1.2583E+03  1.1442E+01  1.3146E+00
  4.3368E+00  5.6000E+02  1.2911E+03  9.6074E+01  1.2468E+03  1.3227E+01  1.4317E+00
  3.8511E+00  6.0000E+02  1.2814E+03  9.3706E+01  1.2348E+03  1.5113E+01  1.5489E+00
  3.3893E+00  6.4000E+02  1.2712E+03  9.1314E+01  1.2224E+03  1.6998E+01  1.6561E+00
  2.9489E+00  6.8000E+02  1.2605E+03  8.8902E+01  1.2097E+03  1.8777E+01  1.7446E+00
  2.5278E+00  7.2000E+02  1.2495E+03  8.6475E+01  1.1967E+03  2.0396E+01  1.8119E+00
  2.1244E+00  7.6000E+02  1.2382E+03  8.4039E+01  1.1837E+03  2.1843E+01  1.8594E+00
  1.7370E+00  8.0000E+02  1.2268E+03  8.1601E+01  1.1706E+03  2.3148E+01  1.8919E+00
  1.3644E+00  8.4000E+02  1.2153E+03  7.9170E+01  1.1575E+03  2.4378E+01  1.9164E+00
  1.0055E+00  8.8000E+02  1.2037E+03  7.6762E+01  1.1444E+03  2.5700E+01  1.9461E+00
  6.5921E-01  9.2000E+02  1.1917E+03  7.4414E+01  1.1310E+03  2.7839E+01  2.0337E+00
  3.2441E-01  9.6000E+02  1.1792E+03  7.2197E+01  1.1173E+03  3.0692E+01  2.1679E+00
  4.3075E-04  1.0000E+03  1.1666E+03  7.0248E+01  1.1036E+03  3.2899E+01  2.2488E+00
