  26  3.7500000E+00
  3.2081E+01  1.0000E-03  1.3633E+03  1.1595E+02  1.3633E+03  0.0000E+00  0.0000E+00
  2.2946E+01  4.0000E+01  1.3629E+03  1.1573E+02  1.3623E+03  1.7416E-02  3.3567E-02
  1.8130E+01  8.0000E+01  1.3600E+03  1.1383E+02  1.3544E+03  2.0710E-01  2.1042E-01
  1.5706E+01  1.2000E+02  1.3568E+03  1.1204E+02  1.3470E+03  5.8211E-01  2.9778E-01
  1.3946E+01  1.6000E+02  1.3517E+03  1.1018E+02  1.3380E+03  1.8229E+00  6.7676E-01
  1.2512E+01  2.0000E+02  1.3432E+03  1.0825E+02  1.3257E+03  4.5689E+00  1.3823E+00
  1.1282E+01  2.4000E+02  1.3305E+03  1.0627E+02  1.3093E+03  8.7455E+00  2.2700E+00
  1.0198E+01  2.8000E+02  1.3144E+03  1.0424E+02  1.2898E+03  1.3018E+01  2.9783E+00
  9.2270E+00  3.2000E+02  1.2966E+03  1.0217E+02  1.2688E+03  1.6156E+01  3.3081E+00
  8.3483E+00  3.6000E+02  1.2786E+03  1.0006E+02  1.2477E+03  1.8078E+01  3.3512E+00
  7.5454E+00  4.0000E+02  1.2611E+03  9.7922E+01  1.2272E+03  1.9186E+01  3.2501E+00
  6.8060E+00  4.4000E+02  1.2442E+03  9.5749E+01  1.2076E+03  1.9820E+01  3.0919E+00
  6.1208E+00  4.8000E+02  1.2282E+03  9.3547E+01  1.1889E+03  2.0222E+01  2.9236E+00
  5.4822E+00  5.2000E+02  1.2129E+03  9.1320E+01  1.1710E+03  2.0510E+01  2.7633E+00
  4.8842E+00  5.6000E+02  1.1982E+03  8.9070E+01  1.1540E+03  2.0751E+01  2.6179E+00
  4.3219E+00  6.0000E+02  1.1841E+03  8.6799E+01  1.1377E+03  2.0987E+01  2.4899E+00
  3.7911E+00  6.4000E+02  1.1706E+03  8.4511E+01  1.1220E+03  2.1237E+01  2.3782E+00
  3.2884E+00  6.8000E+02  1.1574E+03  8.2208E+01  1.1069E+03  2.1503E+01  2.2806E+00
  2.8108E+00  7.2000E+02  1.1447E+03  7.9895E+01  1.0922E+03  2.1783E+01  2.1947E+00
  2.3560E+00  7.6000E+02  1.1324E+03  7.7576E+01  1.0781E+03  2.2065E+01  2.1176E+00
  1.9217E+00  8.0000E+02  1.1204E+03  7.5256E+01  1.0644E+03  2.2327E+01  2.0459E+00
  1.5060E+00  8.4000E+02  1.1086E+03  7.2940E+01  1.0511E+03  2.2626E+01  1.9839E+00
  1.1075E+00  8.8000E+02  1.0971E+03  7.0644E+01  1.0381E+03  2.3252E+01  1.9549E+00
  7.2476E-01  9.2000E+02  1.0853E+03  6.8404E+01  1.0250E+03  2.4826E+01  2.0049E+00
  3.5611E-01  9.6000E+02  1.0730E+03  6.6297E+01  1.0114E+03  2.7848E+01  2.1660E+00
  7.2624E-04  1.0000E+03  1.0597E+03  6.4502E+01  9.9700E+02  3.2322E+01  2.4235E+00
