  26  3.7500000E+00
  3.1423E+01  1.0000E-03  1.3633E+03  1.2293E+02  1.3633E+03  0.0000E+00  0.0000E+00
  2.2207E+01  4.0000E+01  1.3629E+03  1.2271E+02  1.3623E+03  1.7616E-02  3.4250E-02
  1.7117E+01  8.0000E+01  1.3601E+03  1.2085E+02  1.3547E+03  1.7383E-01  1.8668E-01
  1.4425E+01  1.2000E+02  1.3576E+03  1.1907E+02  1.3479E+03  2.9216E-01  1.6596E-01
  1.2536E+01  1.6000E+02  1.3546E+03  1.1720E+02  1.3409E+03  5.5914E-01  2.2284E-01
  1.1099E+01  2.0000E+02  1.3511E+03  1.1527E+02  1.3336E+03  1.1095E+00  3.3641E-01
  9.9419E+00  2.4000E+02  1.3468E+03  1.1327E+02  1.3257E+03  1.9923E+00  4.8627E-01
  8.9673E+00  2.8000E+02  1.3418E+03  1.1122E+02  1.3172E+03  3.0762E+00  6.3250E-01
  8.1172E+00  3.2000E+02  1.3360E+03  1.0911E+02  1.3081E+03  4.2985E+00  7.7093E-01
  7.3571E+00  3.6000E+02  1.3295E+03  1.0696E+02  1.2985E+03  5.7443E+00  9.2127E-01
  6.6657E+00  4.0000E+02  1.3221E+03  1.0476E+02  1.2882E+03  7.4684E+00  1.0895E+00
  6.0293E+00  4.4000E+02  1.3139E+03  1.0253E+02  1.2771E+03  9.3911E+00  1.2609E+00
  5.4383E+00  4.8000E+02  1.3049E+03  1.0026E+02  1.2655E+03  1.1359E+01  1.4161E+00
  4.8857E+00  5.2000E+02  1.2953E+03  9.7957E+01  1.2533E+03  1.3246E+01  1.5444E+00
  4.3657E+00  5.6000E+02  1.2852E+03  9.5626E+01  1.2408E+03  1.4997E+01  1.6451E+00
  3.8742E+00  6.0000E+02  1.2747E+03  9.3268E+01  1.2280E+03  1.6607E+01  1.7223E+00
  3.4076E+00  6.4000E+02  1.2638E+03  9.0886E+01  1.2150E+03  1.8077E+01  1.7796E+00
  2.9632E+00  6.8000E+02  1.2528E+03  8.8486E+01  1.2020E+03  1.9413E+01  1.8200E+00
  2.5388E+00  7.2000E+02  1.2416E+03  8.6070E+01  1.1889E+03  2.0626E+01  1.8468E+00
  2.1326E+00  7.6000E+02  1.2304E+03  8.3645E+01  1.1758E+03  2.1754E+01  1.8645E+00
  1.7429E+00  8.0000E+02  1.2190E+03  8.1218E+01  1.1628E+03  2.2880E+01  1.8810E+00
  1.3685E+00  8.4000E+02  1.2076E+03  7.8801E+01  1.1498E+03  2.4137E+01  1.9067E+00
  1.0082E+00  8.8000E+02  1.1960E+03  7.6411E+01  1.1367E+03  2.5558E+01  1.9431E+00
  6.6076E-01  9.2000E+02  1.1842E+03  7.4078E+01  1.1236E+03  2.7147E+01  1.9897E+00
  3.2507E-01  9.6000E+02  1.1723E+03  7.1854E+01  1.1104E+03  2.8920E+01  2.0482E+00
  4.5077E-04  1.0000E+03  1.1603E+03  6.9868E+01  1.0973E+03  3.0907E+01  2.1167E+00
