  26  3.7500000E+00
  3.2071E+01  1.0000E-03  1.3633E+03  1.1941E+02  1.3633E+03  0.0000E+00  0.0000E+00
  2.2881E+01  4.0000E+01  1.3629E+03  1.1920E+02  1.3623E+03  1.7679E-02  3.4280E-02
  1.7976E+01  8.0000E+01  1.3600E+03  1.1730E+02  1.3544E+03  2.1167E-01  2.1904E-01
  1.5473E+01  1.2000E+02  1.3566E+03  1.1552E+02  1.3468E+03  6.2232E-01  3.2860E-01
  1.3672E+01  1.6000E+02  1.3515E+03  1.1366E+02  1.3377E+03  1.8006E+00  6.8429E-01
  1.2228E+01  2.0000E+02  1.3442E+03  1.1173E+02  1.3266E+03  3.7233E+00  1.1346E+00
  1.1007E+01  2.4000E+02  1.3348E+03  1.0974E+02  1.3136E+03  6.0494E+00  1.5587E+00
  9.9415E+00  2.8000E+02  1.3238E+03  1.0770E+02  1.2991E+03  8.4113E+00  1.8902E+00
  8.9942E+00  3.2000E+02  1.3118E+03  1.0562E+02  1.2838E+03  1.0521E+01  2.1028E+00
  8.1393E+00  3.6000E+02  1.2992E+03  1.0349E+02  1.2681E+03  1.2216E+01  2.2033E+00
  7.3589E+00  4.0000E+02  1.2866E+03  1.0132E+02  1.2526E+03  1.3396E+01  2.2056E+00
  6.6398E+00  4.4000E+02  1.2743E+03  9.9113E+01  1.2374E+03  1.4035E+01  2.1294E+00
  5.9722E+00  4.8000E+02  1.2625E+03  9.6866E+01  1.2230E+03  1.4204E+01  2.0007E+00
  5.3489E+00  5.2000E+02  1.2515E+03  9.4580E+01  1.2095E+03  1.3987E+01  1.8394E+00
  4.7643E+00  5.6000E+02  1.2413E+03  9.2255E+01  1.1969E+03  1.3471E+01  1.6615E+00
  4.2140E+00  6.0000E+02  1.2319E+03  8.9890E+01  1.1852E+03  1.2878E+01  1.4950E+00
  3.6946E+00  6.4000E+02  1.2230E+03  8.7487E+01  1.1741E+03  1.2533E+01  1.3734E+00
  3.2031E+00  6.8000E+02  1.2142E+03  8.5052E+01  1.1633E+03  1.2990E+01  1.3472E+00
  2.7367E+00  7.2000E+02  1.2047E+03  8.2598E+01  1.1519E+03  1.4988E+01  1.4748E+00
  2.2931E+00  7.6000E+02  1.1939E+03  8.0143E+01  1.1393E+03  1.8838E+01  1.7632E+00
  1.8700E+00  8.0000E+02  1.1814E+03  7.7709E+01  1.1251E+03  2.3760E+01  2.1208E+00
  1.4654E+00  8.4000E+02  1.1676E+03  7.5313E+01  1.1097E+03  2.8257E+01  2.4119E+00
  1.0776E+00  8.8000E+02  1.1529E+03  7.2977E+01  1.0936E+03  3.1834E+01  2.6045E+00
  7.0526E-01  9.2000E+02  1.1376E+03  7.0746E+01  1.0770E+03  3.5096E+01  2.7573E+00
  3.4661E-01  9.6000E+02  1.1220E+03  6.8699E+01  1.0601E+03  3.7912E+01  2.8688E+00
  7.1369E-04  1.0000E+03  1.1065E+03  6.7015E+01  1.0435E+03  3.9907E+01  2.9122E+00
