  26  3.7500000E+00
  3.2043E+01  1.0000E-03  1.3633E+03  1.2024E+02  1.3633E+03  0.0000E+00  0.0000E+00
  2.2844E+01  4.0000E+01  1.3629E+03  1.2002E+02  1.3623E+03  1.7848E-02  3.4639E-02
  1.7900E+01  8.0000E+01  1.3599E+03  1.1813E+02  1.3544E+03  2.1296E-01  2.2211E-01
  1.5365E+01  1.2000E+02  1.3566E+03  1.1635E+02  1.3468E+03  6.2127E-01  3.3232E-01
  1.3551E+01  1.6000E+02  1.3516E+03  1.1449E+02  1.3378E+03  1.7409E+00  6.6631E-01
  1.2104E+01  2.0000E+02  1.3446E+03  1.1256E+02  1.3270E+03  3.4469E+00  1.0524E+00
  1.0886E+01  2.4000E+02  1.3361E+03  1.1057E+02  1.3148E+03  5.3944E+00  1.3864E+00
  9.8273E+00  2.8000E+02  1.3263E+03  1.0853E+02  1.3016E+03  7.3497E+00  1.6409E+00
  8.8884E+00  3.2000E+02  1.3155E+03  1.0643E+02  1.2876E+03  9.1885E+00  1.8202E+00
  8.0425E+00  3.6000E+02  1.3042E+03  1.0430E+02  1.2731E+03  1.0837E+01  1.9343E+00
  7.2711E+00  4.0000E+02  1.2927E+03  1.0212E+02  1.2586E+03  1.2177E+01  1.9818E+00
  6.5610E+00  4.4000E+02  1.2812E+03  9.9908E+01  1.2443E+03  1.3066E+01  1.9576E+00
  5.9023E+00  4.8000E+02  1.2701E+03  9.7654E+01  1.2305E+03  1.3444E+01  1.8683E+00
  5.2876E+00  5.2000E+02  1.2596E+03  9.5361E+01  1.2175E+03  1.3369E+01  1.7337E+00
  4.7113E+00  5.6000E+02  1.2497E+03  9.3029E+01  1.2052E+03  1.3024E+01  1.5837E+00
  4.1688E+00  6.0000E+02  1.2405E+03  9.0659E+01  1.1937E+03  1.2686E+01  1.4520E+00
  3.6564E+00  6.4000E+02  1.2316E+03  8.8252E+01  1.1827E+03  1.2672E+01  1.3698E+00
  3.1711E+00  6.8000E+02  1.2226E+03  8.5816E+01  1.1717E+03  1.3372E+01  1.3692E+00
  2.7101E+00  7.2000E+02  1.2132E+03  8.3360E+01  1.1603E+03  1.5162E+01  1.4745E+00
  2.2713E+00  7.6000E+02  1.2028E+03  8.0897E+01  1.1481E+03  1.8192E+01  1.6845E+00
  1.8524E+00  8.0000E+02  1.1910E+03  7.8445E+01  1.1347E+03  2.2201E+01  1.9618E+00
  1.4518E+00  8.4000E+02  1.1780E+03  7.6023E+01  1.1201E+03  2.6466E+01  2.2372E+00
  1.0677E+00  8.8000E+02  1.1639E+03  7.3659E+01  1.1045E+03  3.0445E+01  2.4672E+00
  6.9876E-01  9.2000E+02  1.1490E+03  7.1399E+01  1.0882E+03  3.4446E+01  2.6809E+00
  3.4341E-01  9.6000E+02  1.1334E+03  6.9330E+01  1.0714E+03  3.8025E+01  2.8507E+00
  7.0410E-04  1.0000E+03  1.1179E+03  6.7627E+01  1.0549E+03  4.0112E+01  2.9003E+00
