
htrt
-0.96393    -0.89243    -0.88048    -0.67899    -0.67557    -0.68666
-0.72369    -0.66557    -0.61812     -0.5007    -0.54503    -0.55513
cnvht
-0.17592  0.00010486   0.0024606   -0.021839    -0.10001    -0.21019
-0.093489 -5.6285e-05  -0.0020418   -0.016988   -0.050476    -0.10632
cndht
0   -0.007425   -0.016426   -0.016684    0.081483     0.18458
0    0.017334    0.061463    0.099252     0.13378     0.17842
difht
-0.68035    -0.76945    -0.74927    -0.53334    -0.55026    -0.56046
-0.51059    -0.55414    -0.54264    -0.45934    -0.49903    -0.49444
radht
-0.10766    -0.11566    -0.11725    -0.10712    -0.10679     -0.1006
-0.11962     -0.1287    -0.13491    -0.12362     -0.1293    -0.13279