  25  3.7500000E+00
  2.6706E+01  2.0000E+01  1.3618E+03  1.2243E+02  1.3601E+03  0.0000E+00  0.0000E+00
  1.9230E+01  6.0000E+01  1.3586E+03  1.2069E+02  1.3524E+03  2.0009E-01  3.1562E-01
  1.5759E+01  1.0000E+02  1.3552E+03  1.1889E+02  1.3448E+03  4.4320E-01  3.2461E-01
  1.3512E+01  1.4000E+02  1.3517E+03  1.1701E+02  1.3373E+03  7.3734E-01  3.4957E-01
  1.1864E+01  1.8000E+02  1.3478E+03  1.1506E+02  1.3296E+03  1.2004E+00  4.1734E-01
  1.0569E+01  2.2000E+02  1.3433E+03  1.1306E+02  1.3215E+03  1.8902E+00  5.1633E-01
  9.4998E+00  2.6000E+02  1.3383E+03  1.1100E+02  1.3130E+03  2.7776E+00  6.2652E-01
  8.5825E+00  3.0000E+02  1.3327E+03  1.0889E+02  1.3041E+03  3.8509E+00  7.4526E-01
  7.7724E+00  3.4000E+02  1.3263E+03  1.0673E+02  1.2947E+03  5.1730E+00  8.8410E-01
  7.0421E+00  3.8000E+02  1.3191E+03  1.0453E+02  1.2846E+03  6.7920E+00  1.0465E+00
  6.3742E+00  4.2000E+02  1.3111E+03  1.0229E+02  1.2738E+03  8.6704E+00  1.2219E+00
  5.7567E+00  4.6000E+02  1.3022E+03  1.0002E+02  1.2622E+03  1.0693E+01  1.3929E+00
  5.1814E+00  5.0000E+02  1.2926E+03  9.7722E+01  1.2501E+03  1.2719E+01  1.5438E+00
  4.6419E+00  5.4000E+02  1.2824E+03  9.5392E+01  1.2375E+03  1.4636E+01  1.6659E+00
  4.1333E+00  5.8000E+02  1.2717E+03  9.3037E+01  1.2246E+03  1.6376E+01  1.7573E+00
  3.6516E+00  6.2000E+02  1.2607E+03  9.0659E+01  1.2114E+03  1.7911E+01  1.8201E+00
  3.1939E+00  6.6000E+02  1.2495E+03  8.8263E+01  1.1982E+03  1.9243E+01  1.8584E+00
  2.7575E+00  7.0000E+02  1.2382E+03  8.5852E+01  1.1850E+03  2.0406E+01  1.8786E+00
  2.3405E+00  7.4000E+02  1.2268E+03  8.3432E+01  1.1718E+03  2.1467E+01  1.8888E+00
  1.9410E+00  7.8000E+02  1.2154E+03  8.1010E+01  1.1587E+03  2.2531E+01  1.8988E+00
  1.5577E+00  8.2000E+02  1.2039E+03  7.8598E+01  1.1457E+03  2.3736E+01  1.9196E+00
  1.1893E+00  8.6000E+02  1.1922E+03  7.6216E+01  1.1325E+03  2.5171E+01  1.9564E+00
  8.3467E-01  9.0000E+02  1.1804E+03  7.3891E+01  1.1194E+03  2.6668E+01  1.9954E+00
  4.9254E-01  9.4000E+02  1.1686E+03  7.1670E+01  1.1063E+03  2.8075E+01  2.0266E+00
  1.6165E-01  9.8000E+02  1.1568E+03  6.9664E+01  1.0934E+03  2.9560E+01  2.0636E+00
