  25  3.7500000E+00
  2.7206E+01  2.0000E+01  1.3618E+03  1.1731E+02  1.3601E+03  0.0000E+00  0.0000E+00
  1.9909E+01  6.0000E+01  1.3586E+03  1.1554E+02  1.3524E+03  1.9974E-01  3.0747E-01
  1.6772E+01  1.0000E+02  1.3551E+03  1.1372E+02  1.3447E+03  5.2988E-01  3.5073E-01
  1.4728E+01  1.4000E+02  1.3504E+03  1.1185E+02  1.3360E+03  1.3818E+00  5.9581E-01
  1.3144E+01  1.8000E+02  1.3436E+03  1.0991E+02  1.3254E+03  3.1013E+00  1.0363E+00
  1.1822E+01  2.2000E+02  1.3345E+03  1.0791E+02  1.3126E+03  5.3882E+00  1.5035E+00
  1.0672E+01  2.6000E+02  1.3232E+03  1.0587E+02  1.2980E+03  7.9827E+00  1.9362E+00
  9.6524E+00  3.0000E+02  1.3103E+03  1.0378E+02  1.2818E+03  1.0643E+01  2.2899E+00
  8.7353E+00  3.4000E+02  1.2962E+03  1.0165E+02  1.2646E+03  1.3046E+01  2.5245E+00
  7.9014E+00  3.8000E+02  1.2816E+03  9.9480E+01  1.2471E+03  1.4939E+01  2.6281E+00
  7.1364E+00  4.2000E+02  1.2671E+03  9.7276E+01  1.2298E+03  1.6061E+01  2.5925E+00
  6.4289E+00  4.6000E+02  1.2531E+03  9.5039E+01  1.2132E+03  1.6604E+01  2.4782E+00
  5.7707E+00  5.0000E+02  1.2397E+03  9.2769E+01  1.1972E+03  1.6992E+01  2.3598E+00
  5.1550E+00  5.4000E+02  1.2267E+03  9.0468E+01  1.1819E+03  1.7341E+01  2.2524E+00
  4.5768E+00  5.8000E+02  1.2141E+03  8.8140E+01  1.1671E+03  1.7649E+01  2.1531E+00
  4.0318E+00  6.2000E+02  1.2020E+03  8.5785E+01  1.1528E+03  1.8045E+01  2.0749E+00
  3.5166E+00  6.6000E+02  1.1898E+03  8.3410E+01  1.1387E+03  1.8905E+01  2.0550E+00
  3.0283E+00  7.0000E+02  1.1774E+03  8.1027E+01  1.1243E+03  2.0686E+01  2.1310E+00
  2.5643E+00  7.4000E+02  1.1642E+03  7.8651E+01  1.1094E+03  2.3234E+01  2.2743E+00
  2.1222E+00  7.8000E+02  1.1506E+03  7.6292E+01  1.0941E+03  2.5513E+01  2.3798E+00
  1.6998E+00  8.2000E+02  1.1369E+03  7.3953E+01  1.0789E+03  2.6684E+01  2.3782E+00
  1.2953E+00  8.6000E+02  1.1236E+03  7.1642E+01  1.0641E+03  2.7210E+01  2.3220E+00
  9.0746E-01  9.0000E+02  1.1099E+03  6.9411E+01  1.0491E+03  2.9547E+01  2.4177E+00
  5.3484E-01  9.4000E+02  1.0955E+03  6.7358E+01  1.0335E+03  3.3162E+01  2.6070E+00
  1.7543E-01  9.8000E+02  1.0807E+03  6.5654E+01  1.0176E+03  3.6418E+01  2.7614E+00
