  25  3.7500000E+00
  2.7129E+01  2.0000E+01  1.3618E+03  1.2011E+02  1.3601E+03  0.0000E+00  0.0000E+00
  1.9777E+01  6.0000E+01  1.3586E+03  1.1836E+02  1.3523E+03  2.0124E-01  3.1215E-01
  1.6513E+01  1.0000E+02  1.3550E+03  1.1654E+02  1.3445E+03  5.3849E-01  3.7087E-01
  1.4402E+01  1.4000E+02  1.3503E+03  1.1466E+02  1.3358E+03  1.3484E+00  6.0054E-01
  1.2794E+01  1.8000E+02  1.3439E+03  1.1272E+02  1.3256E+03  2.7708E+00  9.4007E-01
  1.1472E+01  2.2000E+02  1.3360E+03  1.1073E+02  1.3141E+03  4.5014E+00  1.2555E+00
  1.0340E+01  2.6000E+02  1.3267E+03  1.0868E+02  1.3014E+03  6.3310E+00  1.5120E+00
  9.3449E+00  3.0000E+02  1.3165E+03  1.0658E+02  1.2880E+03  8.1364E+00  1.7075E+00
  8.4552E+00  3.4000E+02  1.3056E+03  1.0444E+02  1.2740E+03  9.8612E+00  1.8512E+00
  7.6484E+00  3.8000E+02  1.2942E+03  1.0227E+02  1.2596E+03  1.1421E+01  1.9440E+00
  6.9091E+00  4.2000E+02  1.2827E+03  1.0005E+02  1.2453E+03  1.2643E+01  1.9721E+00
  6.2257E+00  4.6000E+02  1.2713E+03  9.7797E+01  1.2312E+03  1.3379E+01  1.9289E+00
  5.5898E+00  5.0000E+02  1.2603E+03  9.5508E+01  1.2178E+03  1.3606E+01  1.8254E+00
  4.9950E+00  5.4000E+02  1.2500E+03  9.3181E+01  1.2050E+03  1.3435E+01  1.6862E+00
  4.4361E+00  5.8000E+02  1.2403E+03  9.0817E+01  1.1931E+03  1.3095E+01  1.5442E+00
  3.9090E+00  6.2000E+02  1.2311E+03  8.8418E+01  1.1818E+03  1.2893E+01  1.4336E+00
  3.4105E+00  6.6000E+02  1.2221E+03  8.5986E+01  1.1707E+03  1.3206E+01  1.3889E+00
  2.9377E+00  7.0000E+02  1.2129E+03  8.3532E+01  1.1595E+03  1.4426E+01  1.4391E+00
  2.4881E+00  7.4000E+02  1.2028E+03  8.1066E+01  1.1477E+03  1.6830E+01  1.5966E+00
  2.0594E+00  7.8000E+02  1.1916E+03  7.8608E+01  1.1349E+03  2.0396E+01  1.8444E+00
  1.6499E+00  8.2000E+02  1.1791E+03  7.6177E+01  1.1208E+03  2.4629E+01  2.1279E+00
  1.2577E+00  8.6000E+02  1.1655E+03  7.3802E+01  1.1057E+03  2.8753E+01  2.3792E+00
  8.8137E-01  9.0000E+02  1.1509E+03  7.1525E+01  1.0898E+03  3.2619E+01  2.5901E+00
  5.1954E-01  9.4000E+02  1.1355E+03  6.9438E+01  1.0732E+03  3.6715E+01  2.8028E+00
  1.7044E-01  9.8000E+02  1.1199E+03  6.7743E+01  1.0564E+03  4.0015E+01  2.9472E+00
