  25  3.7500000E+00
  2.5531E+01  2.0000E+01  1.3618E+03  1.2324E+02  1.3600E+03  0.0000E+00  0.0000E+00
  1.8494E+01  6.0000E+01  1.3587E+03  1.2149E+02  1.3524E+03  1.9711E-01  2.9261E-01
  1.5246E+01  1.0000E+02  1.3555E+03  1.1969E+02  1.3450E+03  4.2342E-01  2.9022E-01
  1.3115E+01  1.4000E+02  1.3522E+03  1.1781E+02  1.3377E+03  6.8365E-01  3.0733E-01
  1.1551E+01  1.8000E+02  1.3483E+03  1.1586E+02  1.3300E+03  1.2250E+00  4.0413E-01
  1.0323E+01  2.2000E+02  1.3438E+03  1.1386E+02  1.3219E+03  2.0744E+00  5.3769E-01
  9.3015E+00  2.6000E+02  1.3388E+03  1.1180E+02  1.3135E+03  2.8532E+00  6.1465E-01
  8.4181E+00  3.0000E+02  1.3336E+03  1.0969E+02  1.3050E+03  3.5567E+00  6.6285E-01
  7.6331E+00  3.4000E+02  1.3279E+03  1.0754E+02  1.2962E+03  4.4369E+00  7.3487E-01
  6.9230E+00  3.8000E+02  1.3217E+03  1.0534E+02  1.2871E+03  5.5984E+00  8.3871E-01
  6.2728E+00  4.2000E+02  1.3150E+03  1.0309E+02  1.2776E+03  6.9753E+00  9.5689E-01
  5.6717E+00  4.6000E+02  1.3076E+03  1.0082E+02  1.2675E+03  8.4586E+00  1.0728E+00
  5.1111E+00  5.0000E+02  1.2997E+03  9.8503E+01  1.2571E+03  9.9998E+00  1.1827E+00
  4.5844E+00  5.4000E+02  1.2912E+03  9.6158E+01  1.2462E+03  1.1700E+01  1.3001E+00
  4.0866E+00  5.8000E+02  1.2820E+03  9.3787E+01  1.2348E+03  1.3641E+01  1.4327E+00
  3.6140E+00  6.2000E+02  1.2722E+03  9.1392E+01  1.2228E+03  1.5723E+01  1.5675E+00
  3.1639E+00  6.6000E+02  1.2618E+03  8.8978E+01  1.2104E+03  1.7775E+01  1.6879E+00
  2.7341E+00  7.0000E+02  1.2509E+03  8.6551E+01  1.1976E+03  1.9680E+01  1.7850E+00
  2.3225E+00  7.4000E+02  1.2397E+03  8.4114E+01  1.1846E+03  2.1382E+01  1.8567E+00
  1.9276E+00  7.8000E+02  1.2282E+03  8.1677E+01  1.1714E+03  2.2874E+01  1.9056E+00
  1.5481E+00  8.2000E+02  1.2166E+03  7.9247E+01  1.1583E+03  2.4202E+01  1.9379E+00
  1.1827E+00  8.6000E+02  1.2049E+03  7.6840E+01  1.1451E+03  2.5471E+01  1.9634E+00
  8.3048E-01  9.0000E+02  1.1930E+03  7.4486E+01  1.1318E+03  2.7062E+01  2.0111E+00
  4.9033E-01  9.4000E+02  1.1805E+03  7.2259E+01  1.1182E+03  2.9981E+01  2.1516E+00
  1.6100E-01  9.8000E+02  1.1678E+03  7.0317E+01  1.1043E+03  3.2923E+01  2.2876E+00
