  25  3.7500000E+00
  2.6118E+01  2.0000E+01  1.3618E+03  1.2294E+02  1.3600E+03  0.0000E+00  0.0000E+00
  1.8845E+01  6.0000E+01  1.3586E+03  1.2120E+02  1.3524E+03  1.9784E-01  3.0359E-01
  1.5472E+01  1.0000E+02  1.3554E+03  1.1940E+02  1.3449E+03  4.2533E-01  3.0270E-01
  1.3275E+01  1.4000E+02  1.3521E+03  1.1752E+02  1.3376E+03  6.7036E-01  3.1071E-01
  1.1667E+01  1.8000E+02  1.3483E+03  1.1557E+02  1.3301E+03  1.1174E+00  3.7908E-01
  1.0408E+01  2.2000E+02  1.3439E+03  1.1357E+02  1.3220E+03  1.9182E+00  5.0927E-01
  9.3688E+00  2.6000E+02  1.3389E+03  1.1151E+02  1.3136E+03  2.8563E+00  6.2640E-01
  8.4739E+00  3.0000E+02  1.3334E+03  1.0940E+02  1.3049E+03  3.7649E+00  7.1084E-01
  7.6806E+00  3.4000E+02  1.3274E+03  1.0725E+02  1.2958E+03  4.7896E+00  8.0162E-01
  6.9636E+00  3.8000E+02  1.3209E+03  1.0505E+02  1.2863E+03  6.0854E+00  9.2058E-01
  6.3069E+00  4.2000E+02  1.3136E+03  1.0281E+02  1.2763E+03  7.6387E+00  1.0583E+00
  5.6996E+00  4.6000E+02  1.3057E+03  1.0054E+02  1.2657E+03  9.3420E+00  1.1970E+00
  5.1335E+00  5.0000E+02  1.2971E+03  9.8230E+01  1.2546E+03  1.1094E+01  1.3251E+00
  4.6021E+00  5.4000E+02  1.2879E+03  9.5893E+01  1.2430E+03  1.2865E+01  1.4422E+00
  4.1006E+00  5.8000E+02  1.2782E+03  9.3529E+01  1.2310E+03  1.4667E+01  1.5520E+00
  3.6251E+00  6.2000E+02  1.2680E+03  9.1142E+01  1.2187E+03  1.6476E+01  1.6529E+00
  3.1726E+00  6.6000E+02  1.2573E+03  8.8736E+01  1.2060E+03  1.8218E+01  1.7392E+00
  2.7407E+00  7.0000E+02  1.2463E+03  8.6315E+01  1.1931E+03  1.9833E+01  1.8070E+00
  2.3275E+00  7.4000E+02  1.2351E+03  8.3886E+01  1.1801E+03  2.1292E+01  1.8561E+00
  1.9314E+00  7.8000E+02  1.2237E+03  8.1455E+01  1.1670E+03  2.2609E+01  1.8899E+00
  1.5508E+00  8.2000E+02  1.2122E+03  7.9032E+01  1.1540E+03  2.3864E+01  1.9162E+00
  1.1845E+00  8.6000E+02  1.2006E+03  7.6633E+01  1.1409E+03  2.5179E+01  1.9455E+00
  8.3157E-01  9.0000E+02  1.1888E+03  7.4287E+01  1.1278E+03  2.6714E+01  1.9893E+00
  4.9085E-01  9.4000E+02  1.1767E+03  7.2059E+01  1.1144E+03  2.9105E+01  2.0922E+00
  1.6114E-01  9.8000E+02  1.1642E+03  7.0102E+01  1.1007E+03  3.1991E+01  2.2254E+00
