  25  3.7500000E+00
  2.7207E+01  2.0000E+01  1.3618E+03  1.1609E+02  1.3601E+03  0.0000E+00  0.0000E+00
  1.9929E+01  6.0000E+01  1.3586E+03  1.1432E+02  1.3524E+03  1.9978E-01  3.0675E-01
  1.6803E+01  1.0000E+02  1.3552E+03  1.1250E+02  1.3447E+03  5.2896E-01  3.4890E-01
  1.4771E+01  1.4000E+02  1.3505E+03  1.1062E+02  1.3361E+03  1.3424E+00  5.7556E-01
  1.3191E+01  1.8000E+02  1.3437E+03  1.0869E+02  1.3255E+03  3.1233E+00  1.0407E+00
  1.1869E+01  2.2000E+02  1.3337E+03  1.0669E+02  1.3119E+03  6.0450E+00  1.6866E+00
  1.0717E+01  2.6000E+02  1.3204E+03  1.0465E+02  1.2952E+03  9.7313E+00  2.3642E+00
  9.6944E+00  3.0000E+02  1.3048E+03  1.0256E+02  1.2764E+03  1.3221E+01  2.8535E+00
  8.7732E+00  3.4000E+02  1.2881E+03  1.0044E+02  1.2566E+03  1.5822E+01  3.0750E+00
  7.9350E+00  3.8000E+02  1.2712E+03  9.8287E+01  1.2368E+03  1.7618E+01  3.1157E+00
  7.1658E+00  4.2000E+02  1.2545E+03  9.6099E+01  1.2173E+03  1.8846E+01  3.0586E+00
  6.4549E+00  4.6000E+02  1.2383E+03  9.3883E+01  1.1984E+03  1.9767E+01  2.9647E+00
  5.7941E+00  5.0000E+02  1.2224E+03  9.1643E+01  1.1801E+03  2.0552E+01  2.8654E+00
  5.1767E+00  5.4000E+02  1.2071E+03  8.9383E+01  1.1624E+03  2.1196E+01  2.7610E+00
  4.5973E+00  5.8000E+02  1.1922E+03  8.7106E+01  1.1453E+03  2.1694E+01  2.6521E+00
  4.0513E+00  6.2000E+02  1.1779E+03  8.4814E+01  1.1288E+03  2.2064E+01  2.5415E+00
  3.5350E+00  6.6000E+02  1.1641E+03  8.2510E+01  1.1130E+03  2.2339E+01  2.4331E+00
  3.0454E+00  7.0000E+02  1.1507E+03  8.0198E+01  1.0978E+03  2.2550E+01  2.3296E+00
  2.5796E+00  7.4000E+02  1.1378E+03  7.7882E+01  1.0831E+03  2.2720E+01  2.2329E+00
  2.1353E+00  7.8000E+02  1.1253E+03  7.5566E+01  1.0690E+03  2.2872E+01  2.1438E+00
  1.7106E+00  8.2000E+02  1.1132E+03  7.3258E+01  1.0553E+03  2.3038E+01  2.0642E+00
  1.3038E+00  8.6000E+02  1.1015E+03  7.0969E+01  1.0421E+03  2.3328E+01  2.0023E+00
  9.1330E-01  9.0000E+02  1.0898E+03  6.8722E+01  1.0291E+03  2.4061E+01  1.9821E+00
  5.3798E-01  9.4000E+02  1.0778E+03  6.6589E+01  1.0159E+03  2.6367E+01  2.0879E+00
  1.7636E-01  9.8000E+02  1.0647E+03  6.4775E+01  1.0016E+03  3.1220E+01  2.3819E+00
