  25  3.7500000E+00
  2.5568E+01  2.0000E+01  1.3618E+03  1.2324E+02  1.3600E+03  0.0000E+00  0.0000E+00
  1.8507E+01  6.0000E+01  1.3587E+03  1.2150E+02  1.3524E+03  1.9537E-01  2.9105E-01
  1.5247E+01  1.0000E+02  1.3556E+03  1.1970E+02  1.3450E+03  4.1894E-01  2.8815E-01
  1.3110E+01  1.4000E+02  1.3522E+03  1.1782E+02  1.3377E+03  6.7282E-01  3.0336E-01
  1.1543E+01  1.8000E+02  1.3484E+03  1.1587E+02  1.3301E+03  1.2072E+00  3.9894E-01
  1.0315E+01  2.2000E+02  1.3439E+03  1.1387E+02  1.3220E+03  2.0596E+00  5.3378E-01
  9.2948E+00  2.6000E+02  1.3389E+03  1.1181E+02  1.3136E+03  2.8360E+00  6.1030E-01
  8.4127E+00  3.0000E+02  1.3337E+03  1.0970E+02  1.3051E+03  3.5276E+00  6.5657E-01
  7.6287E+00  3.4000E+02  1.3281E+03  1.0755E+02  1.2964E+03  4.3942E+00  7.2680E-01
  6.9196E+00  3.8000E+02  1.3220E+03  1.0534E+02  1.2874E+03  5.5430E+00  8.2929E-01
  6.2702E+00  4.2000E+02  1.3152E+03  1.0310E+02  1.2778E+03  6.9055E+00  9.4609E-01
  5.6698E+00  4.6000E+02  1.3079E+03  1.0082E+02  1.2679E+03  8.3756E+00  1.0610E+00
  5.1097E+00  5.0000E+02  1.3001E+03  9.8511E+01  1.2575E+03  9.9196E+00  1.1721E+00
  4.5833E+00  5.4000E+02  1.2916E+03  9.6166E+01  1.2466E+03  1.1655E+01  1.2943E+00
  4.0858E+00  5.8000E+02  1.2824E+03  9.3794E+01  1.2352E+03  1.3645E+01  1.4324E+00
  3.6134E+00  6.2000E+02  1.2726E+03  9.1400E+01  1.2232E+03  1.5758E+01  1.5705E+00
  3.1634E+00  6.6000E+02  1.2621E+03  8.8987E+01  1.2108E+03  1.7827E+01  1.6923E+00
  2.7336E+00  7.0000E+02  1.2512E+03  8.6559E+01  1.1980E+03  1.9744E+01  1.7903E+00
  2.3221E+00  7.4000E+02  1.2400E+03  8.4123E+01  1.1849E+03  2.1453E+01  1.8625E+00
  1.9273E+00  7.8000E+02  1.2285E+03  8.1686E+01  1.1717E+03  2.2948E+01  1.9114E+00
  1.5479E+00  8.2000E+02  1.2168E+03  7.9256E+01  1.1585E+03  2.4276E+01  1.9435E+00
  1.1826E+00  8.6000E+02  1.2051E+03  7.6850E+01  1.1453E+03  2.5539E+01  1.9683E+00
  8.3042E-01  9.0000E+02  1.1932E+03  7.4496E+01  1.1321E+03  2.7122E+01  2.0153E+00
  4.9031E-01  9.4000E+02  1.1807E+03  7.2271E+01  1.1184E+03  3.0040E+01  2.1556E+00
  1.6099E-01  9.8000E+02  1.1680E+03  7.0329E+01  1.1045E+03  3.2938E+01  2.2885E+00
