  25  3.7500000E+00
  2.7080E+01  2.0000E+01  1.3618E+03  1.2105E+02  1.3601E+03  0.0000E+00  0.0000E+00
  1.9688E+01  6.0000E+01  1.3586E+03  1.1930E+02  1.3523E+03  2.0125E-01  3.1388E-01
  1.6360E+01  1.0000E+02  1.3550E+03  1.1749E+02  1.3445E+03  5.2743E-01  3.7030E-01
  1.4217E+01  1.4000E+02  1.3504E+03  1.1561E+02  1.3359E+03  1.2763E+00  5.7708E-01
  1.2599E+01  1.8000E+02  1.3443E+03  1.1367E+02  1.3260E+03  2.5400E+00  8.6668E-01
  1.1280E+01  2.2000E+02  1.3371E+03  1.1167E+02  1.3152E+03  3.9613E+00  1.1030E+00
  1.0157E+01  2.6000E+02  1.3290E+03  1.0961E+02  1.3037E+03  5.3770E+00  1.2738E+00
  9.1750E+00  3.0000E+02  1.3202E+03  1.0751E+02  1.2916E+03  6.8248E+00  1.4136E+00
  8.2998E+00  3.4000E+02  1.3107E+03  1.0537E+02  1.2790E+03  8.3841E+00  1.5481E+00
  7.5081E+00  3.8000E+02  1.3006E+03  1.0318E+02  1.2660E+03  1.0028E+01  1.6751E+00
  6.7836E+00  4.2000E+02  1.2900E+03  1.0096E+02  1.2526E+03  1.1543E+01  1.7643E+00
  6.1146E+00  4.6000E+02  1.2793E+03  9.8699E+01  1.2392E+03  1.2637E+01  1.7837E+00
  5.4923E+00  5.0000E+02  1.2688E+03  9.6404E+01  1.2262E+03  1.3215E+01  1.7349E+00
  4.9102E+00  5.4000E+02  1.2586E+03  9.4075E+01  1.2136E+03  1.3464E+01  1.6536E+00
  4.3631E+00  5.8000E+02  1.2488E+03  9.1711E+01  1.2015E+03  1.3676E+01  1.5787E+00
  3.8468E+00  6.2000E+02  1.2391E+03  8.9317E+01  1.1897E+03  1.4081E+01  1.5339E+00
  3.3579E+00  6.6000E+02  1.2295E+03  8.6897E+01  1.1780E+03  1.4810E+01  1.5275E+00
  2.8936E+00  7.0000E+02  1.2196E+03  8.4455E+01  1.1663E+03  1.5916E+01  1.5589E+00
  2.4516E+00  7.4000E+02  1.2095E+03  8.2000E+01  1.1543E+03  1.7436E+01  1.6259E+00
  2.0299E+00  7.8000E+02  1.1988E+03  7.9542E+01  1.1420E+03  1.9435E+01  1.7295E+00
  1.6265E+00  8.2000E+02  1.1875E+03  7.7095E+01  1.1291E+03  2.1974E+01  1.8700E+00
  1.2400E+00  8.6000E+02  1.1754E+03  7.4687E+01  1.1156E+03  2.5082E+01  2.0452E+00
  8.6904E-01  9.0000E+02  1.1623E+03  7.2360E+01  1.1012E+03  2.8924E+01  2.2639E+00
  5.1228E-01  9.4000E+02  1.1481E+03  7.0213E+01  1.0857E+03  3.3815E+01  2.5452E+00
  1.6805E-01  9.8000E+02  1.1333E+03  6.8444E+01  1.0697E+03  3.8078E+01  2.7654E+00
