  25  3.7500000E+00
  2.6995E+01  2.0000E+01  1.3618E+03  1.2180E+02  1.3601E+03  0.0000E+00  0.0000E+00
  1.9502E+01  6.0000E+01  1.3586E+03  1.2006E+02  1.3523E+03  2.0010E-01  3.1634E-01
  1.6059E+01  1.0000E+02  1.3551E+03  1.1825E+02  1.3446E+03  4.7905E-01  3.4796E-01
  1.3843E+01  1.4000E+02  1.3510E+03  1.1637E+02  1.3365E+03  1.0013E+00  4.6806E-01
  1.2204E+01  1.8000E+02  1.3459E+03  1.1442E+02  1.3277E+03  1.9039E+00  6.5865E-01
  1.0892E+01  2.2000E+02  1.3401E+03  1.1242E+02  1.3182E+03  2.9120E+00  8.0564E-01
  9.7934E+00  2.6000E+02  1.3338E+03  1.1036E+02  1.3085E+03  3.8690E+00  8.9705E-01
  8.8428E+00  3.0000E+02  1.3270E+03  1.0825E+02  1.2984E+03  4.9029E+00  9.8331E-01
  8.0007E+00  3.4000E+02  1.3196E+03  1.0609E+02  1.2879E+03  6.2462E+00  1.1097E+00
  7.2412E+00  3.8000E+02  1.3114E+03  1.0389E+02  1.2767E+03  7.9950E+00  1.2810E+00
  6.5471E+00  4.2000E+02  1.3022E+03  1.0166E+02  1.2647E+03  1.0010E+01  1.4659E+00
  5.9064E+00  4.6000E+02  1.2922E+03  9.9392E+01  1.2521E+03  1.2024E+01  1.6254E+00
  5.3103E+00  5.0000E+02  1.2817E+03  9.7093E+01  1.2390E+03  1.3815E+01  1.7375E+00
  4.7523E+00  5.4000E+02  1.2708E+03  9.4766E+01  1.2258E+03  1.5309E+01  1.8025E+00
  4.2271E+00  5.8000E+02  1.2598E+03  9.2413E+01  1.2125E+03  1.6526E+01  1.8311E+00
  3.7307E+00  6.2000E+02  1.2487E+03  9.0036E+01  1.1993E+03  1.7509E+01  1.8335E+00
  3.2599E+00  6.6000E+02  1.2377E+03  8.7638E+01  1.1862E+03  1.8313E+01  1.8191E+00
  2.8119E+00  7.0000E+02  1.2267E+03  8.5222E+01  1.1734E+03  1.9036E+01  1.7993E+00
  2.3845E+00  7.4000E+02  1.2158E+03  8.2794E+01  1.1607E+03  1.9828E+01  1.7880E+00
  1.9758E+00  7.8000E+02  1.2049E+03  8.0361E+01  1.1481E+03  2.0889E+01  1.8012E+00
  1.5843E+00  8.2000E+02  1.1937E+03  7.7938E+01  1.1353E+03  2.2412E+01  1.8513E+00
  1.2086E+00  8.6000E+02  1.1821E+03  7.5548E+01  1.1223E+03  2.4429E+01  1.9360E+00
  8.4768E-01  9.0000E+02  1.1701E+03  7.3224E+01  1.1090E+03  2.6677E+01  2.0315E+00
  5.0001E-01  9.4000E+02  1.1579E+03  7.1020E+01  1.0955E+03  2.8837E+01  2.1152E+00
  1.6407E-01  9.8000E+02  1.1457E+03  6.9050E+01  1.0822E+03  3.0580E+01  2.1674E+00
