  25  3.7500000E+00
  2.7202E+01  2.0000E+01  1.3618E+03  1.1584E+02  1.3601E+03  0.0000E+00  0.0000E+00
  1.9932E+01  6.0000E+01  1.3586E+03  1.1407E+02  1.3524E+03  1.9992E-01  3.0664E-01
  1.6806E+01  1.0000E+02  1.3552E+03  1.1225E+02  1.3447E+03  5.2424E-01  3.4577E-01
  1.4777E+01  1.4000E+02  1.3506E+03  1.1037E+02  1.3362E+03  1.3031E+00  5.5795E-01
  1.3199E+01  1.8000E+02  1.3437E+03  1.0844E+02  1.3255E+03  3.1561E+00  1.0504E+00
  1.1877E+01  2.2000E+02  1.3331E+03  1.0644E+02  1.3113E+03  6.4971E+00  1.8132E+00
  1.0724E+01  2.6000E+02  1.3188E+03  1.0440E+02  1.2936E+03  1.0689E+01  2.5995E+00
  9.6996E+00  3.0000E+02  1.3019E+03  1.0232E+02  1.2735E+03  1.4445E+01  3.1217E+00
  8.7773E+00  3.4000E+02  1.2840E+03  1.0021E+02  1.2525E+03  1.7089E+01  3.3252E+00
  7.9383E+00  3.8000E+02  1.2662E+03  9.8059E+01  1.2317E+03  1.8728E+01  3.3154E+00
  7.1684E+00  4.2000E+02  1.2489E+03  9.5881E+01  1.2116E+03  1.9658E+01  3.1929E+00
  6.4571E+00  4.6000E+02  1.2323E+03  9.3674E+01  1.1924E+03  2.0200E+01  3.0313E+00
  5.7961E+00  5.0000E+02  1.2165E+03  9.1443E+01  1.1741E+03  2.0558E+01  2.8673E+00
  5.1785E+00  5.4000E+02  1.2013E+03  8.9190E+01  1.1567E+03  2.0823E+01  2.7132E+00
  4.5989E+00  5.8000E+02  1.1869E+03  8.6917E+01  1.1399E+03  2.1062E+01  2.5755E+00
  4.0528E+00  6.2000E+02  1.1729E+03  8.4628E+01  1.1239E+03  2.1304E+01  2.4545E+00
  3.5364E+00  6.6000E+02  1.1595E+03  8.2326E+01  1.1085E+03  2.1562E+01  2.3490E+00
  3.0466E+00  7.0000E+02  1.1465E+03  8.0015E+01  1.0936E+03  2.1837E+01  2.2565E+00
  2.5807E+00  7.4000E+02  1.1339E+03  7.7700E+01  1.0792E+03  2.2123E+01  2.1747E+00
  2.1364E+00  7.8000E+02  1.1216E+03  7.5386E+01  1.0653E+03  2.2405E+01  2.1005E+00
  1.7116E+00  8.2000E+02  1.1097E+03  7.3080E+01  1.0518E+03  2.2680E+01  2.0324E+00
  1.3047E+00  8.6000E+02  1.0980E+03  7.0793E+01  1.0386E+03  2.3090E+01  1.9821E+00
  9.1425E-01  9.0000E+02  1.0863E+03  6.8554E+01  1.0257E+03  2.4105E+01  1.9859E+00
  5.3881E-01  9.4000E+02  1.0743E+03  6.6435E+01  1.0124E+03  2.6458E+01  2.0957E+00
  1.7672E-01  9.8000E+02  1.0614E+03  6.4607E+01  9.9839E+02  3.0454E+01  2.3265E+00
