  25  3.7500000E+00
  2.6790E+01  2.0000E+01  1.3618E+03  1.2233E+02  1.3601E+03  0.0000E+00  0.0000E+00
  1.9294E+01  6.0000E+01  1.3586E+03  1.2059E+02  1.3524E+03  1.9990E-01  3.1615E-01
  1.5813E+01  1.0000E+02  1.3552E+03  1.1879E+02  1.3448E+03  4.4574E-01  3.2731E-01
  1.3561E+01  1.4000E+02  1.3516E+03  1.1691E+02  1.3372E+03  7.5711E-01  3.5981E-01
  1.1908E+01  1.8000E+02  1.3476E+03  1.1496E+02  1.3294E+03  1.2525E+00  4.3685E-01
  1.0607E+01  2.2000E+02  1.3431E+03  1.1296E+02  1.3212E+03  1.9575E+00  5.3706E-01
  9.5326E+00  2.6000E+02  1.3380E+03  1.1090E+02  1.3127E+03  2.8304E+00  6.4173E-01
  8.6105E+00  3.0000E+02  1.3323E+03  1.0878E+02  1.3038E+03  3.8867E+00  7.5609E-01
  7.7965E+00  3.4000E+02  1.3259E+03  1.0663E+02  1.2942E+03  5.2215E+00  8.9673E-01
  7.0629E+00  3.8000E+02  1.3186E+03  1.0443E+02  1.2841E+03  6.8888E+00  1.0662E+00
  6.3922E+00  4.2000E+02  1.3105E+03  1.0219E+02  1.2731E+03  8.8302E+00  1.2496E+00
  5.7723E+00  4.6000E+02  1.3014E+03  9.9921E+01  1.2614E+03  1.0913E+01  1.4271E+00
  5.1949E+00  5.0000E+02  1.2916E+03  9.7619E+01  1.2491E+03  1.2983E+01  1.5816E+00
  4.6535E+00  5.4000E+02  1.2812E+03  9.5290E+01  1.2363E+03  1.4915E+01  1.7036E+00
  4.1432E+00  5.8000E+02  1.2704E+03  9.2935E+01  1.2232E+03  1.6634E+01  1.7911E+00
  3.6600E+00  6.2000E+02  1.2592E+03  9.0558E+01  1.2099E+03  1.8113E+01  1.8465E+00
  3.2009E+00  6.6000E+02  1.2480E+03  8.8162E+01  1.1966E+03  1.9363E+01  1.8756E+00
  2.7633E+00  7.0000E+02  1.2366E+03  8.5752E+01  1.1834E+03  2.0440E+01  1.8871E+00
  2.3451E+00  7.4000E+02  1.2252E+03  8.3332E+01  1.1702E+03  2.1441E+01  1.8916E+00
  1.9447E+00  7.8000E+02  1.2138E+03  8.0911E+01  1.1571E+03  2.2504E+01  1.9013E+00
  1.5605E+00  8.2000E+02  1.2022E+03  7.8501E+01  1.1440E+03  2.3777E+01  1.9272E+00
  1.1914E+00  8.6000E+02  1.1905E+03  7.6121E+01  1.1308E+03  2.5279E+01  1.9688E+00
  8.3607E-01  9.0000E+02  1.1787E+03  7.3800E+01  1.1177E+03  2.6742E+01  2.0046E+00
  4.9335E-01  9.4000E+02  1.1669E+03  7.1580E+01  1.1046E+03  2.7996E+01  2.0243E+00
  1.6192E-01  9.8000E+02  1.1552E+03  6.9569E+01  1.0918E+03  2.9251E+01  2.0454E+00
