  25  8.5995000E+01
  2.5786E+01  2.0000E+01  3.5139E+00  1.0938E+02  1.6658E-01  0.0000E+00  0.0000E+00
  1.8252E+01  6.0000E+01  7.4635E+00  1.0944E+02  1.4732E-01 -5.1546E-01 -8.1939E-01
  1.5114E+01  1.0000E+02  9.7487E+00  1.0921E+02  1.3668E-01 -8.0168E-01 -5.3075E-01
  1.3011E+01  1.4000E+02  1.1086E+01  1.0844E+02  1.2941E-01 -1.0014E+00 -4.4433E-01
  1.1471E+01  1.8000E+02  1.3175E+01  1.0787E+02  1.2351E-01 -1.7289E+00 -5.6177E-01
  1.0260E+01  2.2000E+02  1.7095E+01  1.0815E+02  1.1732E-01 -3.0072E+00 -7.6790E-01
  9.2512E+00  2.6000E+02  2.1891E+01  1.0925E+02  1.1116E-01 -3.6646E+00 -7.8013E-01
  8.3758E+00  3.0000E+02  2.7353E+01  1.1095E+02  1.0517E-01 -4.2959E+00 -7.9343E-01
  7.5962E+00  3.4000E+02  3.3475E+01  1.1304E+02  9.9144E-02 -5.1715E+00 -8.5064E-01
  6.8901E+00  3.8000E+02  4.0184E+01  1.1539E+02  9.2867E-02 -6.1725E+00 -9.1951E-01
  6.2432E+00  4.2000E+02  4.7282E+01  1.1798E+02  8.6395E-02 -6.9653E+00 -9.5070E-01
  5.6449E+00  4.6000E+02  5.4568E+01  1.2086E+02  7.9911E-02 -7.3720E+00 -9.3057E-01
  5.0869E+00  5.0000E+02  6.2037E+01  1.2406E+02  7.3520E-02 -7.6476E+00 -9.0029E-01
  4.5627E+00  5.4000E+02  6.9785E+01  1.2754E+02  6.7235E-02 -8.1343E+00 -8.9965E-01
  4.0673E+00  5.8000E+02  7.7848E+01  1.3122E+02  6.1015E-02 -8.8501E+00 -9.2500E-01
  3.5970E+00  6.2000E+02  8.6170E+01  1.3502E+02  5.4847E-02 -9.6290E+00 -9.5532E-01
  3.1491E+00  6.6000E+02  9.4630E+01  1.3886E+02  4.8781E-02 -1.0305E+01 -9.7386E-01
  2.7212E+00  7.0000E+02  1.0308E+02  1.4270E+02  4.2897E-02 -1.0784E+01 -9.7349E-01
  2.3116E+00  7.4000E+02  1.1140E+02  1.4649E+02  3.7257E-02 -1.1053E+01 -9.5531E-01
  1.9185E+00  7.8000E+02  1.1949E+02  1.5020E+02  3.1891E-02 -1.1144E+01 -9.2408E-01
  1.5408E+00  8.2000E+02  1.2728E+02  1.5379E+02  2.6818E-02 -1.1115E+01 -8.8587E-01
  1.1771E+00  8.6000E+02  1.3474E+02  1.5724E+02  2.2075E-02 -1.1019E+01 -8.4549E-01
  8.2648E-01  9.0000E+02  1.4187E+02  1.6054E+02  1.7690E-02 -1.0923E+01 -8.0802E-01
  4.8796E-01  9.4000E+02  1.4895E+02  1.6383E+02  1.3543E-02 -1.1214E+01 -8.0092E-01
  1.6018E-01  9.8000E+02  1.5635E+02  1.6680E+02  9.8419E-03 -1.3487E+01 -9.3273E-01
