  25  8.5995000E+01
  2.7381E+01  2.0000E+01  5.0819E+00  1.2304E+02  2.7032E-01  0.0000E+00  0.0000E+00
  1.9583E+01  6.0000E+01  8.3982E+00  1.2112E+02  2.4311E-01 -6.7217E-01 -1.1058E+00
  1.6585E+01  1.0000E+02  9.1489E+00  1.2095E+02  2.2820E-01 -3.0416E-01 -1.9240E-01
  1.4579E+01  1.4000E+02  1.4220E+01  1.2284E+02  2.1379E-01 -1.5887E+00 -6.7250E-01
  1.3016E+01  1.8000E+02  2.5515E+01  1.2643E+02  1.9620E-01 -4.9284E+00 -1.6254E+00
  1.1708E+01  2.2000E+02  4.0912E+01  1.3162E+02  1.7676E-01 -7.8038E+00 -2.1540E+00
  1.0569E+01  2.6000E+02  5.7844E+01  1.3734E+02  1.5624E-01 -9.8525E+00 -2.3660E+00
  9.5601E+00  3.0000E+02  7.4358E+01  1.4313E+02  1.3596E-01 -1.0616E+01 -2.2604E+00
  8.6529E+00  3.4000E+02  8.9784E+01  1.4886E+02  1.1706E-01 -1.0694E+01 -2.0468E+00
  7.8283E+00  3.8000E+02  1.0404E+02  1.5450E+02  9.9977E-02 -1.0441E+01 -1.8163E+00
  7.0718E+00  4.2000E+02  1.1716E+02  1.6007E+02  8.4823E-02 -9.9919E+00 -1.5949E+00
  6.3720E+00  4.6000E+02  1.2925E+02  1.6551E+02  7.1521E-02 -9.5026E+00 -1.4030E+00
  5.7204E+00  5.0000E+02  1.4033E+02  1.7068E+02  5.9815E-02 -9.0701E+00 -1.2469E+00
  5.1105E+00  5.4000E+02  1.5033E+02  1.7544E+02  4.9560E-02 -8.5792E+00 -1.1039E+00
  4.5373E+00  5.8000E+02  1.5909E+02  1.7964E+02  4.0716E-02 -7.9683E+00 -9.6357E-01
  3.9970E+00  6.2000E+02  1.6664E+02  1.8322E+02  3.3140E-02 -7.3507E+00 -8.3803E-01
  3.4862E+00  6.6000E+02  1.7312E+02  1.8620E+02  2.6446E-02 -6.8523E+00 -7.3838E-01
  3.0024E+00  7.0000E+02  1.7893E+02  1.8890E+02  2.0208E-02 -6.4108E+00 -6.5447E-01
  2.5426E+00  7.4000E+02  1.8439E+02  1.9168E+02  1.4432E-02 -5.8383E+00 -5.6634E-01
  2.1043E+00  7.8000E+02  1.8939E+02  1.9451E+02  9.5700E-03 -4.9411E+00 -4.5686E-01
  1.6855E+00  8.2000E+02  1.9373E+02  1.9725E+02  5.9493E-03 -3.8292E+00 -3.3836E-01
  1.2844E+00  8.6000E+02  1.9740E+02  1.9973E+02  3.4704E-03 -2.9716E+00 -2.5147E-01
  8.9978E-01  9.0000E+02  2.0026E+02  2.0180E+02  1.7419E-03 -2.0656E+00 -1.6762E-01
  5.3029E-01  9.4000E+02  2.0329E+02  2.0453E+02  6.8183E-04 -7.8069E-01 -6.0859E-02
  1.7381E-01  9.8000E+02  2.0749E+02  2.0813E+02  2.0739E-04 -1.7159E+00 -1.2905E-01
