  25  8.5995000E+01
  2.7417E+01  2.0000E+01  5.1015E+00  1.2134E+02  2.6182E-01  0.0000E+00  0.0000E+00
  1.9636E+01  6.0000E+01  8.2609E+00  1.1926E+02  2.3523E-01 -6.7299E-01 -1.1047E+00
  1.6669E+01  1.0000E+02  8.7618E+00  1.1916E+02  2.2088E-01 -2.0253E-01 -1.2680E-01
  1.4678E+01  1.4000E+02  1.3529E+01  1.2130E+02  2.0715E-01 -1.3239E+00 -5.5613E-01
  1.3115E+01  1.8000E+02  2.5244E+01  1.2505E+02  1.8972E-01 -5.0959E+00 -1.6799E+00
  1.1804E+01  2.2000E+02  4.2288E+01  1.3064E+02  1.6917E-01 -8.7318E+00 -2.4155E+00
  1.0660E+01  2.6000E+02  6.1415E+01  1.3703E+02  1.4659E-01 -1.1134E+01 -2.6872E+00
  9.6434E+00  3.0000E+02  8.0022E+01  1.4359E+02  1.2429E-01 -1.1853E+01 -2.5429E+00
  8.7275E+00  3.4000E+02  9.7379E+01  1.5000E+02  1.0368E-01 -1.1951E+01 -2.3092E+00
  7.8940E+00  3.8000E+02  1.1339E+02  1.5613E+02  8.4985E-02 -1.1855E+01 -2.0848E+00
  7.1290E+00  4.2000E+02  1.2791E+02  1.6189E+02  6.8274E-02 -1.1457E+01 -1.8492E+00
  6.4219E+00  4.6000E+02  1.4086E+02  1.6722E+02  5.3424E-02 -1.0770E+01 -1.6067E+00
  5.7645E+00  5.0000E+02  1.5228E+02  1.7214E+02  4.0257E-02 -9.8852E+00 -1.3710E+00
  5.1503E+00  5.4000E+02  1.6217E+02  1.7671E+02  2.8968E-02 -8.6610E+00 -1.1223E+00
  4.5739E+00  5.8000E+02  1.7056E+02  1.8098E+02  1.9849E-02 -7.1616E+00 -8.7098E-01
  4.0307E+00  6.2000E+02  1.7759E+02  1.8497E+02  1.2961E-02 -5.5982E+00 -6.4154E-01
  3.5171E+00  6.6000E+02  1.8349E+02  1.8871E+02  8.0751E-03 -4.1754E+00 -4.5246E-01
  3.0299E+00  7.0000E+02  1.8849E+02  1.9225E+02  4.7994E-03 -3.0056E+00 -3.0895E-01
  2.5664E+00  7.4000E+02  1.9281E+02  1.9560E+02  2.7161E-03 -2.1103E+00 -2.0635E-01
  2.1244E+00  7.8000E+02  1.9665E+02  1.9879E+02  1.4598E-03 -1.4685E+00 -1.3695E-01
  1.7018E+00  8.2000E+02  2.0012E+02  2.0181E+02  7.4309E-04 -1.0459E+00 -9.3247E-02
  1.2970E+00  8.6000E+02  2.0331E+02  2.0467E+02  3.5617E-04 -8.1193E-01 -6.9344E-02
  9.0851E-01  9.0000E+02  2.0626E+02  2.0733E+02  1.5700E-04 -7.5471E-01 -6.1865E-02
  5.3507E-01  9.4000E+02  2.0892E+02  2.0980E+02  5.7631E-05 -5.2832E-01 -4.1625E-02
  1.7521E-01  9.8000E+02  2.1229E+02  2.1271E+02  1.4484E-05 -1.2634E+00 -9.5924E-02
