  25  3.9900000E+00
  2.7104E+01  2.0000E+01  3.6218E+00  1.2180E+01  3.5947E+00  0.0000E+00  0.0000E+00
  1.9131E+01  6.0000E+01  3.5286E+00  1.2192E+01  3.4229E+00  1.3223E-02  2.2242E-02
  1.5834E+01  1.0000E+02  3.5183E+00  1.2187E+01  3.3209E+00  1.7538E-03  1.2202E-03
  1.3672E+01  1.4000E+02  3.5301E+00  1.2216E+01  3.1946E+00  7.6240E-03  3.4767E-03
  1.2069E+01  1.8000E+02  3.5689E+00  1.2307E+01  3.0107E+00  3.2484E-02  1.0984E-02
  1.0786E+01  2.2000E+02  3.6557E+00  1.2479E+01  2.8153E+00  6.6609E-02  1.8039E-02
  9.7084E+00  2.6000E+02  3.8006E+00  1.2737E+01  2.6198E+00  1.0535E-01  2.3946E-02
  8.7745E+00  3.0000E+02  4.0465E+00  1.3094E+01  2.4280E+00  1.1814E-01  2.3277E-02
  7.9452E+00  3.4000E+02  4.4570E+00  1.3568E+01  2.2380E+00  7.6685E-02  1.3417E-02
  7.1954E+00  3.8000E+02  5.0930E+00  1.4178E+01  2.0495E+00 -3.4638E-02 -5.4796E-03
  6.5087E+00  4.2000E+02  5.9827E+00  1.4930E+01  1.8710E+00 -2.0053E-01 -2.9053E-02
  5.8738E+00  4.6000E+02  7.1080E+00  1.5820E+01  1.7106E+00 -3.7024E-01 -4.9591E-02
  5.2825E+00  5.0000E+02  8.4214E+00  1.6839E+01  1.5689E+00 -4.9743E-01 -6.2052E-02
  4.7285E+00  5.4000E+02  9.8790E+00  1.7974E+01  1.4433E+00 -5.8217E-01 -6.8046E-02
  4.2069E+00  5.8000E+02  1.1450E+01  1.9207E+01  1.3314E+00 -6.4830E-01 -7.1356E-02
  3.7135E+00  6.2000E+02  1.3115E+01  2.0518E+01  1.2314E+00 -7.1761E-01 -7.4694E-02
  3.2453E+00  6.6000E+02  1.4854E+01  2.1881E+01  1.1419E+00 -8.0254E-01 -7.9281E-02
  2.7995E+00  7.0000E+02  1.6648E+01  2.3271E+01  1.0608E+00 -9.0550E-01 -8.5155E-02
  2.3741E+00  7.4000E+02  1.8475E+01  2.4661E+01  9.8622E-01 -1.0279E+00 -9.2259E-02
  1.9672E+00  7.8000E+02  2.0312E+01  2.6022E+01  9.1628E-01 -1.1702E+00 -1.0046E-01
  1.5773E+00  8.2000E+02  2.2121E+01  2.7319E+01  8.4963E-01 -1.3147E+00 -1.0814E-01
  1.2032E+00  8.6000E+02  2.3853E+01  2.8532E+01  7.8532E-01 -1.3860E+00 -1.0939E-01
  8.4377E-01  9.0000E+02  2.5558E+01  2.9755E+01  7.2310E-01 -1.3423E+00 -1.0179E-01
  4.9764E-01  9.4000E+02  2.7456E+01  3.1172E+01  6.6326E-01 -1.3878E+00 -1.0135E-01
  1.6318E-01  9.8000E+02  2.9733E+01  3.2665E+01  6.0675E-01 -2.3468E+00 -1.6560E-01
