  25  3.9900000E+00
  2.5291E+01  2.0000E+01  4.3558E+00  1.0318E+01  4.3448E+00  0.0000E+00  0.0000E+00
  1.7990E+01  6.0000E+01  4.1793E+00  1.0338E+01  4.1396E+00  2.6926E-02  4.1474E-02
  1.4962E+01  1.0000E+02  4.1076E+00  1.0365E+01  4.0289E+00  3.2327E-02  2.0656E-02
  1.2911E+01  1.4000E+02  4.0561E+00  1.0397E+01  3.9323E+00  4.0767E-02  1.7640E-02
  1.1404E+01  1.8000E+02  3.9969E+00  1.0455E+01  3.8176E+00  7.7941E-02  2.4782E-02
  1.0212E+01  2.2000E+02  3.9167E+00  1.0563E+01  3.6571E+00  1.5763E-01  3.9627E-02
  9.2131E+00  2.6000E+02  3.8534E+00  1.0724E+01  3.4828E+00  2.2518E-01  4.7470E-02
  8.3435E+00  3.0000E+02  3.8374E+00  1.0938E+01  3.3090E+00  2.6432E-01  4.8495E-02
  7.5683E+00  3.4000E+02  3.8856E+00  1.1209E+01  3.1250E+00  2.8742E-01  4.7012E-02
  6.8662E+00  3.8000E+02  4.0191E+00  1.1547E+01  2.9301E+00  2.9040E-01  4.3016E-02
  6.2232E+00  4.2000E+02  4.2575E+00  1.1964E+01  2.7329E+00  2.7908E-01  3.7862E-02
  5.6286E+00  4.6000E+02  4.6198E+00  1.2482E+01  2.5417E+00  2.6077E-01  3.2710E-02
  5.0740E+00  5.0000E+02  5.1408E+00  1.3115E+01  2.3612E+00  2.0248E-01  2.3695E-02
  4.5524E+00  5.4000E+02  5.8675E+00  1.3871E+01  2.1921E+00  5.5563E-02  6.1137E-03
  4.0591E+00  5.8000E+02  6.8301E+00  1.4750E+01  2.0340E+00 -1.6938E-01 -1.7628E-02
  3.5905E+00  6.2000E+02  8.0245E+00  1.5749E+01  1.8861E+00 -4.1646E-01 -4.1173E-02
  3.1439E+00  6.6000E+02  9.4171E+00  1.6858E+01  1.7481E+00 -6.3527E-01 -5.9857E-02
  2.7172E+00  7.0000E+02  1.0965E+01  1.8061E+01  1.6199E+00 -8.0856E-01 -7.2804E-02
  2.3084E+00  7.4000E+02  1.2630E+01  1.9339E+01  1.5014E+00 -9.4680E-01 -8.1653E-02
  1.9161E+00  7.8000E+02  1.4383E+01  2.0673E+01  1.3926E+00 -1.0677E+00 -8.8367E-02
  1.5390E+00  8.2000E+02  1.6200E+01  2.2043E+01  1.2930E+00 -1.1853E+00 -9.4310E-02
  1.1758E+00  8.6000E+02  1.8063E+01  2.3426E+01  1.2016E+00 -1.3197E+00 -1.0111E-01
  8.2572E-01  9.0000E+02  1.9958E+01  2.4806E+01  1.1158E+00 -1.4706E+00 -1.0863E-01
  4.8760E-01  9.4000E+02  2.2020E+01  2.6296E+01  1.0312E+00 -1.6940E+00 -1.2084E-01
  1.6009E-01  9.8000E+02  2.4464E+01  2.7815E+01  9.4957E-01 -2.8235E+00 -1.9510E-01
