  25  8.5995000E+01
  2.5762E+01  2.0000E+01  3.3156E+00  1.0928E+02  0.0000E+00  0.0000E+00  0.0000E+00
  1.8237E+01  6.0000E+01  7.2939E+00  1.0936E+02  0.0000E+00 -5.1780E-01 -8.2200E-01
  1.5102E+01  1.0000E+02  9.6076E+00  1.0911E+02  0.0000E+00 -8.1815E-01 -5.4117E-01
  1.3002E+01  1.4000E+02  1.0975E+01  1.0834E+02  0.0000E+00 -1.0178E+00 -4.5089E-01
  1.1465E+01  1.8000E+02  1.2988E+01  1.0778E+02  0.0000E+00 -1.6727E+00 -5.4257E-01
  1.0256E+01  2.2000E+02  1.6833E+01  1.0808E+02  0.0000E+00 -2.9355E+00 -7.4842E-01
  9.2484E+00  2.6000E+02  2.1610E+01  1.0920E+02  0.0000E+00 -3.6256E+00 -7.7092E-01
  8.3736E+00  3.0000E+02  2.7079E+01  1.1092E+02  0.0000E+00 -4.2918E+00 -7.9214E-01
  7.5943E+00  3.4000E+02  3.3215E+01  1.1301E+02  0.0000E+00 -5.1899E+00 -8.5328E-01
  6.8885E+00  3.8000E+02  3.9937E+01  1.1536E+02  0.0000E+00 -6.1956E+00 -9.2261E-01
  6.2418E+00  4.2000E+02  4.7039E+01  1.1794E+02  0.0000E+00 -6.9834E+00 -9.5282E-01
  5.6437E+00  4.6000E+02  5.4321E+01  1.2082E+02  0.0000E+00 -7.3729E+00 -9.3032E-01
  5.0860E+00  5.0000E+02  6.1788E+01  1.2402E+02  0.0000E+00 -7.6467E+00 -8.9986E-01
  4.5619E+00  5.4000E+02  6.9535E+01  1.2750E+02  0.0000E+00 -8.1415E+00 -9.0016E-01
  4.0667E+00  5.8000E+02  7.7603E+01  1.3118E+02  0.0000E+00 -8.8626E+00 -9.2604E-01
  3.5965E+00  6.2000E+02  8.5935E+01  1.3497E+02  0.0000E+00 -9.6522E+00 -9.5738E-01
  3.1487E+00  6.6000E+02  9.4410E+01  1.3882E+02  0.0000E+00 -1.0338E+01 -9.7676E-01
  2.7209E+00  7.0000E+02  1.0288E+02  1.4266E+02  0.0000E+00 -1.0822E+01 -9.7673E-01
  2.3113E+00  7.4000E+02  1.1122E+02  1.4645E+02  0.0000E+00 -1.1090E+01 -9.5838E-01
  1.9183E+00  7.8000E+02  1.1932E+02  1.5016E+02  0.0000E+00 -1.1179E+01 -9.2682E-01
  1.5406E+00  8.2000E+02  1.2712E+02  1.5375E+02  0.0000E+00 -1.1149E+01 -8.8843E-01
  1.1770E+00  8.6000E+02  1.3459E+02  1.5720E+02  0.0000E+00 -1.1058E+01 -8.4835E-01
  8.2643E-01  9.0000E+02  1.4174E+02  1.6050E+02  0.0000E+00 -1.0969E+01 -8.1133E-01
  4.8793E-01  9.4000E+02  1.4885E+02  1.6380E+02  0.0000E+00 -1.1273E+01 -8.0506E-01
  1.6017E-01  9.8000E+02  1.5627E+02  1.6678E+02  0.0000E+00 -1.3543E+01 -9.3652E-01
