  25  3.9900000E+00
  2.7227E+01  2.0000E+01  9.9819E+00  1.4917E+01  9.9546E+00  0.0000E+00  0.0000E+00
  1.9378E+01  6.0000E+01  9.5737E+00  1.4937E+01  9.4844E+00  5.4637E-02  9.0487E-02
  1.6236E+01  1.0000E+02  9.4164E+00  1.4983E+01  9.2657E+00  6.4752E-02  4.2918E-02
  1.4169E+01  1.4000E+02  9.2857E+00  1.5120E+01  9.0101E+00  1.2934E-01  5.6407E-02
  1.2587E+01  1.8000E+02  9.1830E+00  1.5421E+01  8.5797E+00  2.5517E-01  8.5140E-02
  1.1283E+01  2.2000E+02  9.2901E+00  1.5917E+01  8.0640E+00  2.9819E-01  8.2056E-02
  1.0166E+01  2.6000E+02  9.6765E+00  1.6602E+01  7.5085E+00  2.6733E-01  6.2993E-02
  9.1862E+00  3.0000E+02  1.0332E+01  1.7439E+01  6.9617E+00  1.8567E-01  3.8395E-02
  8.3112E+00  3.4000E+02  1.1227E+01  1.8415E+01  6.4592E+00  9.2125E-02  1.7006E-02
  7.5194E+00  3.8000E+02  1.2352E+01  1.9536E+01  6.0063E+00 -5.0371E-03 -8.4145E-04
  6.7948E+00  4.2000E+02  1.3712E+01  2.0810E+01  5.6051E+00 -1.1823E-01 -1.8076E-02
  6.1255E+00  4.6000E+02  1.5288E+01  2.2222E+01  5.2536E+00 -2.4491E-01 -3.4583E-02
  5.5028E+00  5.0000E+02  1.7024E+01  2.3733E+01  4.9457E+00 -3.6289E-01 -4.7672E-02
  4.9202E+00  5.4000E+02  1.8859E+01  2.5295E+01  4.6745E+00 -4.6757E-01 -5.7473E-02
  4.3725E+00  5.8000E+02  2.0741E+01  2.6860E+01  4.4332E+00 -5.7890E-01 -6.6893E-02
  3.8557E+00  6.2000E+02  2.2648E+01  2.8398E+01  4.2138E+00 -7.1339E-01 -7.7793E-02
  3.3663E+00  6.6000E+02  2.4582E+01  2.9902E+01  4.0076E+00 -8.7766E-01 -9.0621E-02
  2.9015E+00  7.0000E+02  2.6554E+01  3.1384E+01  3.8066E+00 -1.0547E+00 -1.0342E-01
  2.4589E+00  7.4000E+02  2.8572E+01  3.2866E+01  3.6055E+00 -1.2115E+00 -1.1312E-01
  2.0365E+00  7.8000E+02  3.0640E+01  3.4376E+01  3.4024E+00 -1.3213E+00 -1.1777E-01
  1.6323E+00  8.2000E+02  3.2756E+01  3.5928E+01  3.1992E+00 -1.3963E+00 -1.1908E-01
  1.2446E+00  8.6000E+02  3.4884E+01  3.7479E+01  2.9994E+00 -1.4878E+00 -1.2168E-01
  8.7233E-01  9.0000E+02  3.6869E+01  3.8908E+01  2.8040E+00 -1.4939E+00 -1.1734E-01
  5.1428E-01  9.4000E+02  3.8902E+01  4.0462E+01  2.6113E+00 -1.3365E+00 -1.0096E-01
  1.6863E-01  9.8000E+02  4.1694E+01  4.2508E+01  2.4255E+00 -2.1580E+00 -1.5738E-01
