  25  3.9900000E+00
  2.5896E+01  2.0000E+01  1.5673E-02  1.0357E+01  0.0000E+00  0.0000E+00  0.0000E+00
  1.8310E+01  6.0000E+01  6.0259E-02  1.0372E+01  0.0000E+00 -3.8701E-03 -6.1937E-03
  1.5146E+01  1.0000E+02  1.1772E-01  1.0383E+01  0.0000E+00 -1.4587E-02 -9.7380E-03
  1.3032E+01  1.4000E+02  1.7590E-01  1.0400E+01  0.0000E+00 -1.9516E-02 -8.7053E-03
  1.1485E+01  1.8000E+02  2.3733E-01  1.0443E+01  0.0000E+00 -1.2415E-02 -4.0508E-03
  1.0271E+01  2.2000E+02  3.2284E-01  1.0533E+01  0.0000E+00  3.8603E-03  9.8871E-04
  9.2601E+00  2.6000E+02  4.4141E-01  1.0685E+01  0.0000E+00  3.2864E-02  7.0090E-03
  8.3835E+00  3.0000E+02  6.1166E-01  1.0900E+01  0.0000E+00  5.1343E-02  9.4957E-03
  7.6029E+00  3.4000E+02  8.6656E-01  1.1181E+01  0.0000E+00  3.4258E-02  5.6418E-03
  6.8960E+00  3.8000E+02  1.2354E+00  1.1537E+01  0.0000E+00 -1.8797E-02 -2.8037E-03
  6.2481E+00  4.2000E+02  1.7324E+00  1.1978E+01  0.0000E+00 -8.6657E-02 -1.1844E-02
  5.6489E+00  4.6000E+02  2.3646E+00  1.2520E+01  0.0000E+00 -1.5065E-01 -1.9044E-02
  5.0901E+00  5.0000E+02  3.1519E+00  1.3179E+01  0.0000E+00 -2.2914E-01 -2.7015E-02
  4.5652E+00  5.4000E+02  4.1224E+00  1.3962E+01  0.0000E+00 -3.5653E-01 -3.9484E-02
  4.0693E+00  5.8000E+02  5.2928E+00  1.4869E+01  0.0000E+00 -5.3116E-01 -5.5576E-02
  3.5986E+00  6.2000E+02  6.6575E+00  1.5894E+01  0.0000E+00 -7.2353E-01 -7.1848E-02
  3.1504E+00  6.6000E+02  8.1906E+00  1.7023E+01  0.0000E+00 -9.0106E-01 -8.5217E-02
  2.7222E+00  7.0000E+02  9.8580E+00  1.8241E+01  0.0000E+00 -1.0498E+00 -9.4823E-02
  2.3123E+00  7.4000E+02  1.1628E+01  1.9529E+01  0.0000E+00 -1.1756E+00 -1.0166E-01
  1.9191E+00  7.8000E+02  1.3475E+01  2.0868E+01  0.0000E+00 -1.2915E+00 -1.0715E-01
  1.5412E+00  8.2000E+02  1.5378E+01  2.2239E+01  0.0000E+00 -1.4076E+00 -1.1223E-01
  1.1774E+00  8.6000E+02  1.7323E+01  2.3626E+01  0.0000E+00 -1.5341E+00 -1.1775E-01
  8.2667E-01  9.0000E+02  1.9304E+01  2.5017E+01  0.0000E+00 -1.6822E+00 -1.2448E-01
  4.8804E-01  9.4000E+02  2.1399E+01  2.6471E+01  0.0000E+00 -1.8923E+00 -1.3519E-01
  1.6019E-01  9.8000E+02  2.3848E+01  2.7946E+01  0.0000E+00 -2.9712E+00 -2.0552E-01
