  25  8.5995000E+01
  2.7403E+01  2.0000E+01  5.1170E+00  1.2297E+02  2.6673E-01  0.0000E+00  0.0000E+00
  1.9615E+01  6.0000E+01  8.3076E+00  1.2092E+02  2.3981E-01 -6.7330E-01 -1.1063E+00
  1.6638E+01  1.0000E+02  8.8921E+00  1.2082E+02  2.2519E-01 -2.3109E-01 -1.4513E-01
  1.4642E+01  1.4000E+02  1.3868E+01  1.2288E+02  2.1104E-01 -1.4594E+00 -6.1464E-01
  1.3079E+01  1.8000E+02  2.5416E+01  1.2663E+02  1.9347E-01 -4.9910E+00 -1.6456E+00
  1.1769E+01  2.2000E+02  4.1330E+01  1.3205E+02  1.7383E-01 -8.0104E+00 -2.2145E+00
  1.0627E+01  2.6000E+02  5.8905E+01  1.3806E+02  1.5299E-01 -1.0126E+01 -2.4393E+00
  9.6130E+00  3.0000E+02  7.6137E+01  1.4418E+02  1.3236E-01 -1.0963E+01 -2.3448E+00
  8.7006E+00  3.4000E+02  9.2368E+01  1.5020E+02  1.1307E-01 -1.1189E+01 -2.1538E+00
  7.8705E+00  3.8000E+02  1.0748E+02  1.5605E+02  9.5441E-02 -1.1159E+01 -1.9541E+00
  7.1087E+00  4.2000E+02  1.2136E+02  1.6165E+02  7.9664E-02 -1.0864E+01 -1.7462E+00
  6.4042E+00  4.6000E+02  1.3397E+02  1.6694E+02  6.5676E-02 -1.0402E+01 -1.5460E+00
  5.7489E+00  5.0000E+02  1.4541E+02  1.7184E+02  5.3085E-02 -9.9770E+00 -1.3795E+00
  5.1362E+00  5.4000E+02  1.5573E+02  1.7637E+02  4.1693E-02 -9.4368E+00 -1.2199E+00
  4.5609E+00  5.8000E+02  1.6484E+02  1.8053E+02  3.1615E-02 -8.6128E+00 -1.0453E+00
  4.0188E+00  6.2000E+02  1.7272E+02  1.8434E+02  2.3060E-02 -7.5104E+00 -8.5902E-01
  3.5063E+00  6.6000E+02  1.7943E+02  1.8785E+02  1.6097E-02 -6.2611E+00 -6.7705E-01
  3.0202E+00  7.0000E+02  1.8518E+02  1.9116E+02  1.0674E-02 -4.9952E+00 -5.1225E-01
  2.5579E+00  7.4000E+02  1.9012E+02  1.9434E+02  6.6786E-03 -3.8244E+00 -3.7299E-01
  2.1171E+00  7.8000E+02  1.9438E+02  1.9735E+02  3.9316E-03 -2.8062E+00 -2.6098E-01
  1.6958E+00  8.2000E+02  1.9805E+02  2.0018E+02  2.1781E-03 -2.0013E+00 -1.7789E-01
  1.2924E+00  8.6000E+02  2.0125E+02  2.0277E+02  1.1232E-03 -1.5185E+00 -1.2926E-01
  9.0539E-01  9.0000E+02  2.0393E+02  2.0508E+02  5.0165E-04 -9.5921E-01 -7.8314E-02
  5.3349E-01  9.4000E+02  2.0689E+02  2.0792E+02  1.8158E-04 -3.3308E-01 -2.6134E-02
  1.7478E-01  9.8000E+02  2.1073E+02  2.1124E+02  4.9252E-05 -1.4412E+00 -1.0907E-01
