  25  8.5995000E+01
  2.6980E+01  2.0000E+01  4.4757E+00  1.1581E+02  5.0178E-02  0.0000E+00  0.0000E+00
  1.8974E+01  6.0000E+01  1.0371E+01  1.1623E+02  4.2626E-02 -6.8347E-01 -1.1544E+00
  1.5622E+01  1.0000E+02  1.3396E+01  1.1509E+02  3.9532E-02 -1.2445E+00 -8.8033E-01
  1.3415E+01  1.4000E+02  1.5607E+01  1.1387E+02  3.7259E-02 -1.5536E+00 -7.2341E-01
  1.1798E+01  1.8000E+02  1.8636E+01  1.1307E+02  3.5000E-02 -2.3688E+00 -8.0795E-01
  1.0526E+01  2.2000E+02  2.2548E+01  1.1300E+02  3.2643E-02 -3.1310E+00 -8.4027E-01
  9.4711E+00  2.6000E+02  2.7380E+01  1.1369E+02  3.0222E-02 -3.9190E+00 -8.7213E-01
  8.5622E+00  3.0000E+02  3.3316E+01  1.1513E+02  2.7665E-02 -4.9494E+00 -9.4915E-01
  7.7567E+00  3.4000E+02  4.0360E+01  1.1718E+02  2.4971E-02 -6.1987E+00 -1.0534E+00
  7.0291E+00  3.8000E+02  4.8340E+01  1.1972E+02  2.2211E-02 -7.4837E+00 -1.1489E+00
  6.3627E+00  4.2000E+02  5.6829E+01  1.2261E+02  1.9466E-02 -8.3925E+00 -1.1800E+00
  5.7463E+00  4.6000E+02  6.5476E+01  1.2579E+02  1.6811E-02 -8.8815E+00 -1.1549E+00
  5.1718E+00  5.0000E+02  7.4138E+01  1.2918E+02  1.4299E-02 -9.1753E+00 -1.1121E+00
  4.6330E+00  5.4000E+02  8.2748E+01  1.3274E+02  1.1967E-02 -9.3762E+00 -1.0658E+00
  4.1251E+00  5.8000E+02  9.1271E+01  1.3641E+02  9.8276E-03 -9.5459E+00 -1.0230E+00
  3.6441E+00  6.2000E+02  9.9657E+01  1.4014E+02  7.8875E-03 -9.6792E+00 -9.8219E-01
  3.1871E+00  6.6000E+02  1.0785E+02  1.4387E+02  6.1577E-03 -9.7568E+00 -9.4086E-01
  2.7514E+00  7.0000E+02  1.1578E+02  1.4755E+02  4.6558E-03 -9.7825E+00 -8.9920E-01
  2.3350E+00  7.4000E+02  1.2343E+02  1.5111E+02  3.3906E-03 -9.7878E+00 -8.5981E-01
  1.9363E+00  7.8000E+02  1.3074E+02  1.5452E+02  2.3556E-03 -9.7993E+00 -8.2443E-01
  1.5537E+00  8.2000E+02  1.3767E+02  1.5773E+02  1.5392E-03 -9.7264E+00 -7.8506E-01
  1.1861E+00  8.6000E+02  1.4418E+02  1.6079E+02  9.2811E-04 -9.3813E+00 -7.2751E-01
  8.3236E-01  9.0000E+02  1.5036E+02  1.6388E+02  5.0719E-04 -8.7601E+00 -6.5382E-01
  4.9113E-01  9.4000E+02  1.5638E+02  1.6705E+02  2.4836E-04 -8.3038E+00 -5.9781E-01
  1.6109E-01  9.8000E+02  1.6236E+02  1.6976E+02  1.0799E-04 -9.9259E+00 -6.9117E-01
