  25  3.9900000E+00
  2.6353E+01  2.0000E+01  7.1914E+00  1.0554E+01  7.1711E+00  0.0000E+00  0.0000E+00
  1.8570E+01  6.0000E+01  6.9138E+00  1.0566E+01  6.8341E+00  3.7226E-02  6.1125E-02
  1.5314E+01  1.0000E+02  6.8210E+00  1.0564E+01  6.6673E+00  2.7994E-02  1.9233E-02
  1.3150E+01  1.4000E+02  6.7560E+00  1.0567E+01  6.5301E+00  3.1513E-02  1.4385E-02
  1.1570E+01  1.8000E+02  6.6899E+00  1.0596E+01  6.3899E+00  5.9887E-02  1.9962E-02
  1.0334E+01  2.2000E+02  6.5968E+00  1.0672E+01  6.2000E+00  1.3676E-01  3.5666E-02
  9.3098E+00  2.6000E+02  6.4816E+00  1.0813E+01  5.9552E+00  2.5002E-01  5.4030E-02
  8.4250E+00  3.0000E+02  6.4021E+00  1.1027E+01  5.6910E+00  3.3206E-01  6.1989E-02
  7.6387E+00  3.4000E+02  6.3976E+00  1.1319E+01  5.4077E+00  3.7735E-01  6.2599E-02
  6.9269E+00  3.8000E+02  6.4974E+00  1.1696E+01  5.0988E+00  3.8878E-01  5.8385E-02
  6.2745E+00  4.2000E+02  6.7307E+00  1.2165E+01  4.7759E+00  3.6173E-01  4.9789E-02
  5.6709E+00  4.6000E+02  7.1199E+00  1.2740E+01  4.4553E+00  3.0670E-01  3.9055E-02
  5.1081E+00  5.0000E+02  7.6857E+00  1.3431E+01  4.1479E+00  2.2331E-01  2.6516E-02
  4.5797E+00  5.4000E+02  8.4495E+00  1.4246E+01  3.8620E+00  9.6873E-02  1.0799E-02
  4.0809E+00  5.8000E+02  9.4193E+00  1.5183E+01  3.6021E+00 -6.6548E-02 -7.0036E-03
  3.6079E+00  6.2000E+02  1.0583E+01  1.6233E+01  3.3666E+00 -2.4075E-01 -2.4028E-02
  3.1576E+00  6.6000E+02  1.1915E+01  1.7382E+01  3.1516E+00 -4.0427E-01 -3.8399E-02
  2.7279E+00  7.0000E+02  1.3384E+01  1.8615E+01  2.9537E+00 -5.5019E-01 -4.9884E-02
  2.3167E+00  7.4000E+02  1.4961E+01  1.9911E+01  2.7706E+00 -6.8458E-01 -5.9394E-02
  1.9223E+00  7.8000E+02  1.6621E+01  2.1249E+01  2.6011E+00 -8.1604E-01 -6.7892E-02
  1.5435E+00  8.2000E+02  1.8342E+01  2.2611E+01  2.4438E+00 -9.4631E-01 -7.5635E-02
  1.1790E+00  8.6000E+02  2.0109E+01  2.3987E+01  2.2969E+00 -1.0711E+00 -8.2380E-02
  8.2766E-01  9.0000E+02  2.1928E+01  2.5383E+01  2.1586E+00 -1.2080E+00 -8.9539E-02
  4.8853E-01  9.4000E+02  2.3850E+01  2.6828E+01  2.0256E+00 -1.4040E+00 -1.0046E-01
  1.6031E-01  9.8000E+02  2.6089E+01  2.8267E+01  1.8970E+00 -2.4380E+00 -1.6883E-01
