  25  3.9900000E+00
  2.7327E+01  2.0000E+01  7.1230E+00  1.5494E+01  7.0917E+00  0.0000E+00  0.0000E+00
  1.9514E+01  6.0000E+01  6.8491E+00  1.5513E+01  6.7617E+00  3.7452E-02  6.1732E-02
  1.6456E+01  1.0000E+02  6.7315E+00  1.5582E+01  6.5975E+00  6.1054E-02  3.9392E-02
  1.4424E+01  1.4000E+02  6.6264E+00  1.5749E+01  6.3835E+00  1.3358E-01  5.7286E-02
  1.2854E+01  1.8000E+02  6.5890E+00  1.6120E+01  5.9923E+00  2.6049E-01  8.6271E-02
  1.1548E+01  2.2000E+02  6.9046E+00  1.6804E+01  5.4982E+00  2.8205E-01  7.7706E-02
  1.0419E+01  2.6000E+02  7.7565E+00  1.7814E+01  4.9548E+00  1.4024E-01  3.3396E-02
  9.4223E+00  3.0000E+02  9.1249E+00  1.9091E+01  4.4524E+00 -9.2020E-02 -1.9356E-02
  8.5282E+00  3.4000E+02  1.0889E+01  2.0601E+01  4.0297E+00 -2.8444E-01 -5.3653E-02
  7.7164E+00  3.8000E+02  1.2950E+01  2.2335E+01  3.6887E+00 -4.0293E-01 -6.9010E-02
  6.9716E+00  4.2000E+02  1.5255E+01  2.4277E+01  3.4070E+00 -4.8676E-01 -7.6494E-02
  6.2823E+00  4.6000E+02  1.7743E+01  2.6361E+01  3.1670E+00 -5.8653E-01 -8.5291E-02
  5.6404E+00  5.0000E+02  2.0326E+01  2.8493E+01  2.9596E+00 -7.0162E-01 -9.5028E-02
  5.0394E+00  5.4000E+02  2.2892E+01  3.0567E+01  2.7798E+00 -8.1825E-01 -1.0374E-01
  4.4746E+00  5.8000E+02  2.5332E+01  3.2483E+01  2.6238E+00 -9.2920E-01 -1.1072E-01
  3.9423E+00  6.2000E+02  2.7585E+01  3.4179E+01  2.4856E+00 -1.0463E+00 -1.1752E-01
  3.4391E+00  6.6000E+02  2.9665E+01  3.5672E+01  2.3564E+00 -1.1656E+00 -1.2375E-01
  2.9623E+00  7.0000E+02  3.1688E+01  3.7088E+01  2.2265E+00 -1.2739E+00 -1.2815E-01
  2.5091E+00  7.4000E+02  3.3785E+01  3.8567E+01  2.0903E+00 -1.3639E+00 -1.3039E-01
  2.0772E+00  7.8000E+02  3.6000E+01  4.0167E+01  1.9496E+00 -1.4243E+00 -1.2980E-01
  1.6642E+00  8.2000E+02  3.8278E+01  4.1840E+01  1.8108E+00 -1.4645E+00 -1.2759E-01
  1.2686E+00  8.6000E+02  4.0503E+01  4.3471E+01  1.6773E+00 -1.5002E+00 -1.2523E-01
  8.8891E-01  9.0000E+02  4.2543E+01  4.4972E+01  1.5478E+00 -1.4214E+00 -1.1386E-01
  5.2395E-01  9.4000E+02  4.4698E+01  4.6688E+01  1.4212E+00 -1.2000E+00 -9.2398E-02
  1.7176E-01  9.8000E+02  4.7734E+01  4.9009E+01  1.2988E+00 -2.0314E+00 -1.5095E-01
