  25  8.5995000E+01
  2.7305E+01  2.0000E+01  4.8224E+00  1.2277E+02  2.7348E-01  0.0000E+00  0.0000E+00
  1.9481E+01  6.0000E+01  8.7808E+00  1.2150E+02  2.4574E-01 -6.6744E-01 -1.1018E+00
  1.6402E+01  1.0000E+02  1.0158E+01  1.2099E+02  2.3012E-01 -6.1518E-01 -3.9958E-01
  1.4363E+01  1.4000E+02  1.5533E+01  1.2240E+02  2.1524E-01 -1.9426E+00 -8.3587E-01
  1.2790E+01  1.8000E+02  2.5930E+01  1.2544E+02  1.9834E-01 -4.6819E+00 -1.5534E+00
  1.1485E+01  2.2000E+02  3.9310E+01  1.2952E+02  1.8041E-01 -7.1203E+00 -1.9614E+00
  1.0359E+01  2.6000E+02  5.3573E+01  1.3413E+02  1.6217E-01 -8.5708E+00 -2.0358E+00
  9.3656E+00  3.0000E+02  6.7219E+01  1.3885E+02  1.4455E-01 -8.9868E+00 -1.8830E+00
  8.4758E+00  3.4000E+02  7.9905E+01  1.4362E+02  1.2831E-01 -8.8953E+00 -1.6699E+00
  7.6684E+00  3.8000E+02  9.1838E+01  1.4847E+02  1.1349E-01 -8.7769E+00 -1.4951E+00
  6.9280E+00  4.2000E+02  1.0321E+02  1.5338E+02  1.0002E-01 -8.7348E+00 -1.3644E+00
  6.2433E+00  4.6000E+02  1.1399E+02  1.5821E+02  8.7859E-02 -8.6865E+00 -1.2548E+00
  5.6059E+00  5.0000E+02  1.2401E+02  1.6281E+02  7.7058E-02 -8.5009E+00 -1.1433E+00
  5.0093E+00  5.4000E+02  1.3308E+02  1.6704E+02  6.7632E-02 -8.1190E+00 -1.0218E+00
  4.4488E+00  5.8000E+02  1.4112E+02  1.7079E+02  5.9492E-02 -7.6418E+00 -9.0370E-01
  3.9204E+00  6.2000E+02  1.4823E+02  1.7405E+02  5.2350E-02 -7.2812E+00 -8.1176E-01
  3.4208E+00  6.6000E+02  1.5475E+02  1.7692E+02  4.5662E-02 -7.2981E+00 -7.6929E-01
  2.9471E+00  7.0000E+02  1.6113E+02  1.7962E+02  3.8779E-02 -7.7936E+00 -7.7889E-01
  2.4967E+00  7.4000E+02  1.6765E+02  1.8233E+02  3.1352E-02 -8.4451E+00 -8.0250E-01
  2.0672E+00  7.8000E+02  1.7415E+02  1.8515E+02  2.3716E-02 -8.5653E+00 -7.7620E-01
  1.6564E+00  8.2000E+02  1.8022E+02  1.8802E+02  1.6694E-02 -7.7999E+00 -6.7593E-01
  1.2627E+00  8.6000E+02  1.8552E+02  1.9075E+02  1.0911E-02 -6.5279E+00 -5.4221E-01
  8.8484E-01  9.0000E+02  1.8981E+02  1.9318E+02  6.4686E-03 -4.9212E+00 -3.9234E-01
  5.2159E-01  9.4000E+02  1.9363E+02  1.9594E+02  3.3389E-03 -2.9184E+00 -2.2366E-01
  1.7100E-01  9.8000E+02  1.9830E+02  1.9944E+02  1.4722E-03 -3.3381E+00 -2.4691E-01
