  25  3.9900000E+00
  2.7380E+01  2.0000E+01  7.8311E+00  1.6030E+01  7.7963E+00  0.0000E+00  0.0000E+00
  1.9585E+01  6.0000E+01  7.5223E+00  1.6046E+01  7.4339E+00  4.1722E-02  6.8622E-02
  1.6586E+01  1.0000E+02  7.3854E+00  1.6130E+01  7.2611E+00  7.3557E-02  4.6532E-02
  1.4579E+01  1.4000E+02  7.2629E+00  1.6314E+01  7.0476E+00  1.5253E-01  6.4595E-02
  1.3016E+01  1.8000E+02  7.1964E+00  1.6729E+01  6.6218E+00  3.0824E-01  1.0167E-01
  1.1707E+01  2.2000E+02  7.5583E+00  1.7545E+01  6.0607E+00  3.4675E-01  9.5715E-02
  1.0569E+01  2.6000E+02  8.6290E+00  1.8771E+01  5.4300E+00  1.3659E-01  3.2799E-02
  9.5599E+00  3.0000E+02  1.0401E+01  2.0339E+01  4.8403E+00 -2.0243E-01 -4.3101E-02
  8.6528E+00  3.4000E+02  1.2661E+01  2.2167E+01  4.3513E+00 -4.7615E-01 -9.1122E-02
  7.8284E+00  3.8000E+02  1.5198E+01  2.4215E+01  3.9648E+00 -5.9287E-01 -1.0312E-01
  7.0719E+00  4.2000E+02  1.7912E+01  2.6450E+01  3.6498E+00 -6.3356E-01 -1.0112E-01
  6.3721E+00  4.6000E+02  2.0772E+01  2.8820E+01  3.3839E+00 -7.0017E-01 -1.0338E-01
  5.7204E+00  5.0000E+02  2.3726E+01  3.1242E+01  3.1539E+00 -8.1507E-01 -1.1206E-01
  5.1105E+00  5.4000E+02  2.6676E+01  3.3618E+01  2.9527E+00 -9.4212E-01 -1.2123E-01
  4.5373E+00  5.8000E+02  2.9510E+01  3.5843E+01  2.7750E+00 -1.0614E+00 -1.2836E-01
  3.9969E+00  6.2000E+02  3.2130E+01  3.7827E+01  2.6152E+00 -1.1776E+00 -1.3426E-01
  3.4862E+00  6.6000E+02  3.4484E+01  3.9540E+01  2.4656E+00 -1.2559E+00 -1.3533E-01
  3.0023E+00  7.0000E+02  3.6687E+01  4.1134E+01  2.3181E+00 -1.2577E+00 -1.2840E-01
  2.5425E+00  7.4000E+02  3.8948E+01  4.2824E+01  2.1696E+00 -1.2430E+00 -1.2057E-01
  2.1043E+00  7.8000E+02  4.1268E+01  4.4597E+01  2.0240E+00 -1.2453E+00 -1.1514E-01
  1.6855E+00  8.2000E+02  4.3543E+01  4.6358E+01  1.8862E+00 -1.2300E+00 -1.0869E-01
  1.2844E+00  8.6000E+02  4.5696E+01  4.8004E+01  1.7571E+00 -1.2629E+00 -1.0688E-01
  8.9978E-01  9.0000E+02  4.7541E+01  4.9395E+01  1.6286E+00 -1.1797E+00 -9.5726E-02
  5.3030E-01  9.4000E+02  4.9709E+01  5.1217E+01  1.4968E+00 -9.3847E-01 -7.3158E-02
  1.7381E-01  9.8000E+02  5.2849E+01  5.3718E+01  1.3672E+00 -1.7907E+00 -1.3468E-01
