  25  3.9900000E+00
  2.7411E+01  2.0000E+01  9.7211E+00  1.5840E+01  9.6853E+00  0.0000E+00  0.0000E+00
  1.9627E+01  6.0000E+01  9.3218E+00  1.5855E+01  9.2323E+00  5.3262E-02  8.7470E-02
  1.6656E+01  1.0000E+02  9.1502E+00  1.5944E+01  9.0287E+00  8.7571E-02  5.4890E-02
  1.4663E+01  1.4000E+02  8.9993E+00  1.6134E+01  8.7954E+00  1.7124E-01  7.2010E-02
  1.3100E+01  1.8000E+02  8.8823E+00  1.6561E+01  8.3129E+00  3.4822E-01  1.1481E-01
  1.1789E+01  2.2000E+02  9.2078E+00  1.7434E+01  7.6347E+00  4.1739E-01  1.1544E-01
  1.0646E+01  2.6000E+02  1.0332E+01  1.8795E+01  6.8412E+00  2.0695E-01  4.9905E-02
  9.6307E+00  3.0000E+02  1.2278E+01  2.0568E+01  6.0852E+00 -1.6976E-01 -3.6366E-02
  8.7165E+00  3.4000E+02  1.4805E+01  2.2641E+01  5.4577E+00 -4.9715E-01 -9.5892E-02
  7.8845E+00  3.8000E+02  1.7645E+01  2.4910E+01  4.9635E+00 -6.8599E-01 -1.2041E-01
  7.1208E+00  4.2000E+02  2.0621E+01  2.7280E+01  4.5597E+00 -7.9425E-01 -1.2797E-01
  6.4148E+00  4.6000E+02  2.3641E+01  2.9670E+01  4.2151E+00 -8.9146E-01 -1.3279E-01
  5.7582E+00  5.0000E+02  2.6635E+01  3.2026E+01  3.9119E+00 -9.7273E-01 -1.3475E-01
  5.1446E+00  5.4000E+02  2.9568E+01  3.4337E+01  3.6405E+00 -1.0135E+00 -1.3119E-01
  4.5687E+00  5.8000E+02  3.2417E+01  3.6599E+01  3.3941E+00 -1.0184E+00 -1.2375E-01
  4.0261E+00  6.2000E+02  3.5173E+01  3.8815E+01  3.1684E+00 -9.9630E-01 -1.1407E-01
  3.5129E+00  6.6000E+02  3.7835E+01  4.0985E+01  2.9616E+00 -9.5767E-01 -1.0368E-01
  3.0261E+00  7.0000E+02  4.0404E+01  4.3110E+01  2.7717E+00 -9.1273E-01 -9.3734E-02
  2.5631E+00  7.4000E+02  4.2876E+01  4.5180E+01  2.5967E+00 -8.6750E-01 -8.4747E-02
  2.1215E+00  7.8000E+02  4.5246E+01  4.7187E+01  2.4347E+00 -8.2226E-01 -7.6604E-02
  1.6995E+00  8.2000E+02  4.7517E+01  4.9128E+01  2.2841E+00 -7.8298E-01 -6.9721E-02
  1.2952E+00  8.6000E+02  4.9703E+01  5.1003E+01  2.1427E+00 -7.6646E-01 -6.5369E-02
  9.0734E-01  9.0000E+02  5.1818E+01  5.2822E+01  2.0066E+00 -7.6514E-01 -6.2618E-02
  5.3445E-01  9.4000E+02  5.3974E+01  5.4689E+01  1.8721E+00 -7.7255E-01 -6.0778E-02
  1.7502E-01  9.8000E+02  5.6641E+01  5.6824E+01  1.7319E+00 -1.4820E+00 -1.1239E-01
