  25  8.5995000E+01
  2.7099E+01  2.0000E+01  4.6644E+00  1.1823E+02  2.5322E-01  0.0000E+00  0.0000E+00
  1.9128E+01  6.0000E+01  1.0211E+01  1.1832E+02  2.2613E-01 -6.8476E-01 -1.1515E+00
  1.5831E+01  1.0000E+02  1.2887E+01  1.1713E+02  2.1048E-01 -1.1734E+00 -8.1614E-01
  1.3670E+01  1.4000E+02  1.6655E+01  1.1652E+02  1.9784E-01 -2.0219E+00 -9.2178E-01
  1.2068E+01  1.8000E+02  2.2698E+01  1.1679E+02  1.8572E-01 -3.6066E+00 -1.2194E+00
  1.0784E+01  2.2000E+02  2.9543E+01  1.1774E+02  1.7432E-01 -4.5905E+00 -1.2433E+00
  9.7065E+00  2.6000E+02  3.6395E+01  1.1922E+02  1.6381E-01 -4.9868E+00 -1.1339E+00
  8.7725E+00  3.0000E+02  4.3366E+01  1.2122E+02  1.5379E-01 -5.3156E+00 -1.0474E+00
  7.9433E+00  3.4000E+02  5.0956E+01  1.2375E+02  1.4355E-01 -6.1025E+00 -1.0676E+00
  7.1936E+00  3.8000E+02  5.9301E+01  1.2672E+02  1.3276E-01 -7.1804E+00 -1.1357E+00
  6.5071E+00  4.2000E+02  6.8164E+01  1.2998E+02  1.2156E-01 -8.1497E+00 -1.1804E+00
  5.8724E+00  4.6000E+02  7.7224E+01  1.3347E+02  1.1034E-01 -8.7875E+00 -1.1767E+00
  5.2814E+00  5.0000E+02  8.6235E+01  1.3710E+02  9.9463E-02 -9.1065E+00 -1.1356E+00
  4.7276E+00  5.4000E+02  9.5080E+01  1.4082E+02  8.9120E-02 -9.2461E+00 -1.0803E+00
  4.2060E+00  5.8000E+02  1.0368E+02  1.4458E+02  7.9416E-02 -9.2787E+00 -1.0209E+00
  3.7129E+00  6.2000E+02  1.1198E+02  1.4833E+02  7.0398E-02 -9.2246E+00 -9.5985E-01
  3.2448E+00  6.6000E+02  1.1992E+02  1.5201E+02  6.2047E-02 -9.1214E+00 -9.0081E-01
  2.7992E+00  7.0000E+02  1.2749E+02  1.5556E+02  5.4292E-02 -9.0135E+00 -8.4741E-01
  2.3738E+00  7.4000E+02  1.3468E+02  1.5894E+02  4.7048E-02 -8.9360E+00 -8.0185E-01
  1.9670E+00  7.8000E+02  1.4148E+02  1.6211E+02  4.0212E-02 -8.9277E+00 -7.6629E-01
  1.5772E+00  8.2000E+02  1.4787E+02  1.6501E+02  3.3685E-02 -8.9437E+00 -7.3560E-01
  1.2031E+00  8.6000E+02  1.5377E+02  1.6765E+02  2.7435E-02 -8.7210E+00 -6.8825E-01
  8.4371E-01  9.0000E+02  1.5927E+02  1.7026E+02  2.1562E-02 -8.0406E+00 -6.0969E-01
  4.9761E-01  9.4000E+02  1.6471E+02  1.7316E+02  1.6263E-02 -7.3439E+00 -5.3626E-01
  1.6317E-01  9.8000E+02  1.7038E+02  1.7592E+02  1.1807E-02 -8.7305E+00 -6.1602E-01
