  25  8.5995000E+01
  2.7327E+01  2.0000E+01  4.8025E+00  1.2265E+02  1.9262E-01  0.0000E+00  0.0000E+00
  1.9514E+01  6.0000E+01  8.5715E+00  1.2121E+02  1.7098E-01 -6.6583E-01 -1.0975E+00
  1.6456E+01  1.0000E+02  9.8295E+00  1.2083E+02  1.5939E-01 -5.3641E-01 -3.4609E-01
  1.4424E+01  1.4000E+02  1.5192E+01  1.2233E+02  1.4830E-01 -1.9003E+00 -8.1499E-01
  1.2854E+01  1.8000E+02  2.5864E+01  1.2550E+02  1.3548E-01 -4.7793E+00 -1.5828E+00
  1.1548E+01  2.2000E+02  3.9856E+01  1.2988E+02  1.2160E-01 -7.3617E+00 -2.0282E+00
  1.0419E+01  2.6000E+02  5.4920E+01  1.3481E+02  1.0725E-01 -8.9825E+00 -2.1390E+00
  9.4223E+00  3.0000E+02  6.9360E+01  1.3983E+02  9.3571E-02 -9.4418E+00 -1.9861E+00
  8.5282E+00  3.4000E+02  8.2804E+01  1.4492E+02  8.1071E-02 -9.3467E+00 -1.7631E+00
  7.7164E+00  3.8000E+02  9.5439E+01  1.5010E+02  6.9794E-02 -9.1819E+00 -1.5726E+00
  6.9716E+00  4.2000E+02  1.0744E+02  1.5535E+02  5.9702E-02 -9.0694E+00 -1.4252E+00
  6.2823E+00  4.6000E+02  1.1877E+02  1.6051E+02  5.0776E-02 -8.9377E+00 -1.2997E+00
  5.6404E+00  5.0000E+02  1.2921E+02  1.6540E+02  4.3003E-02 -8.6489E+00 -1.1714E+00
  5.0394E+00  5.4000E+02  1.3857E+02  1.6984E+02  3.6350E-02 -8.1904E+00 -1.0385E+00
  4.4746E+00  5.8000E+02  1.4675E+02  1.7371E+02  3.0747E-02 -7.6346E+00 -9.0968E-01
  3.9423E+00  6.2000E+02  1.5384E+02  1.7698E+02  2.6004E-02 -7.1690E+00 -8.0524E-01
  3.4391E+00  6.6000E+02  1.6015E+02  1.7976E+02  2.1740E-02 -7.0316E+00 -7.4649E-01
  2.9623E+00  7.0000E+02  1.6620E+02  1.8231E+02  1.7518E-02 -7.3321E+00 -7.3759E-01
  2.5091E+00  7.4000E+02  1.7233E+02  1.8491E+02  1.3166E-02 -7.7777E+00 -7.4356E-01
  2.0772E+00  7.8000E+02  1.7840E+02  1.8766E+02  8.9992E-03 -7.6981E+00 -7.0155E-01
  1.6642E+00  8.2000E+02  1.8400E+02  1.9045E+02  5.5501E-03 -6.8131E+00 -5.9356E-01
  1.2686E+00  8.6000E+02  1.8884E+02  1.9310E+02  3.0621E-03 -5.5410E+00 -4.6254E-01
  8.8891E-01  9.0000E+02  1.9278E+02  1.9550E+02  1.4423E-03 -4.0330E+00 -3.2306E-01
  5.2395E-01  9.4000E+02  1.9635E+02  1.9827E+02  5.4467E-04 -2.2100E+00 -1.7017E-01
  1.7176E-01  9.8000E+02  2.0084E+02  2.0178E+02  1.6009E-04 -2.7584E+00 -2.0496E-01
