  25  8.5995000E+01
  2.6917E+01  2.0000E+01  4.4236E+00  1.1521E+02  4.1080E-02  0.0000E+00  0.0000E+00
  1.8925E+01  6.0000E+01  1.0273E+01  1.1565E+02  3.4805E-02 -6.7645E-01 -1.1406E+00
  1.5575E+01  1.0000E+02  1.3296E+01  1.1455E+02  3.2336E-02 -1.2307E+00 -8.6997E-01
  1.3366E+01  1.4000E+02  1.5262E+01  1.1329E+02  3.0520E-02 -1.4626E+00 -6.8138E-01
  1.1751E+01  1.8000E+02  1.7817E+01  1.1239E+02  2.8714E-02 -2.1412E+00 -7.2970E-01
  1.0483E+01  2.2000E+02  2.1401E+01  1.1222E+02  2.6765E-02 -2.9576E+00 -7.9118E-01
  9.4333E+00  2.6000E+02  2.6074E+01  1.1286E+02  2.4694E-02 -3.8473E+00 -8.5214E-01
  8.5292E+00  3.0000E+02  3.1960E+01  1.1425E+02  2.2484E-02 -4.9645E+00 -9.4702E-01
  7.7280E+00  3.4000E+02  3.8937E+01  1.1627E+02  2.0182E-02 -6.1836E+00 -1.0452E+00
  7.0041E+00  3.8000E+02  4.6794E+01  1.1878E+02  1.7859E-02 -7.3956E+00 -1.1296E+00
  6.3410E+00  4.2000E+02  5.5146E+01  1.2164E+02  1.5572E-02 -8.2846E+00 -1.1590E+00
  5.7276E+00  4.6000E+02  6.3651E+01  1.2477E+02  1.3373E-02 -8.7600E+00 -1.1337E+00
  5.1558E+00  5.0000E+02  7.2182E+01  1.2812E+02  1.1303E-02 -9.0512E+00 -1.0919E+00
  4.6194E+00  5.4000E+02  8.0689E+01  1.3166E+02  9.3860E-03 -9.2717E+00 -1.0492E+00
  4.1136E+00  5.8000E+02  8.9146E+01  1.3532E+02  7.6311E-03 -9.4810E+00 -1.0118E+00
  3.6345E+00  6.2000E+02  9.7512E+01  1.3905E+02  6.0440E-03 -9.6757E+00 -9.7795E-01
  3.1791E+00  6.6000E+02  1.0573E+02  1.4279E+02  4.6389E-03 -9.8186E+00 -9.4335E-01
  2.7449E+00  7.0000E+02  1.1372E+02  1.4649E+02  3.4341E-03 -9.8975E+00 -9.0668E-01
  2.3299E+00  7.4000E+02  1.2145E+02  1.5009E+02  2.4369E-03 -9.9312E+00 -8.6966E-01
  1.9323E+00  7.8000E+02  1.2886E+02  1.5355E+02  1.6402E-03 -9.9486E+00 -8.3457E-01
  1.5507E+00  8.2000E+02  1.3591E+02  1.5682E+02  1.0295E-03 -9.9057E+00 -7.9745E-01
  1.1840E+00  8.6000E+02  1.4257E+02  1.5995E+02  5.8927E-04 -9.6322E+00 -7.4526E-01
  8.3092E-01  9.0000E+02  1.4891E+02  1.6308E+02  3.0006E-04 -9.1051E+00 -6.7821E-01
  4.9032E-01  9.4000E+02  1.5507E+02  1.6627E+02  1.3358E-04 -8.6901E+00 -6.2448E-01
  1.6083E-01  9.8000E+02  1.6120E+02  1.6899E+02  5.1199E-05 -1.0344E+01 -7.1907E-01
