  25  3.9900000E+00
  2.6917E+01  2.0000E+01  1.6308E+00  1.0948E+01  1.6044E+00  0.0000E+00  0.0000E+00
  1.8925E+01  6.0000E+01  1.6264E+00  1.0958E+01  1.5176E+00  1.7905E-03  3.0189E-03
  1.5575E+01  1.0000E+02  1.6684E+00  1.0937E+01  1.4602E+00 -1.8693E-02 -1.3214E-02
  1.3366E+01  1.4000E+02  1.7113E+00  1.0925E+01  1.3998E+00 -2.4913E-02 -1.1607E-02
  1.1751E+01  1.8000E+02  1.7517E+00  1.0943E+01  1.3249E+00 -1.4103E-02 -4.8062E-03
  1.0483E+01  2.2000E+02  1.7963E+00  1.1011E+01  1.2386E+00  1.8557E-02  4.9641E-03
  9.4333E+00  2.6000E+02  1.8621E+00  1.1145E+01  1.1447E+00  6.5378E-02  1.4480E-02
  8.5292E+00  3.0000E+02  1.9869E+00  1.1361E+01  1.0434E+00  1.0034E-01  1.9140E-02
  7.7280E+00  3.4000E+02  2.2313E+00  1.1672E+01  9.4016E-01  8.3009E-02  1.4031E-02
  7.0041E+00  3.8000E+02  2.6455E+00  1.2090E+01  8.4082E-01  5.9775E-03  9.1296E-04
  6.3410E+00  4.2000E+02  3.2556E+00  1.2624E+01  7.5068E-01 -1.1501E-01 -1.6090E-02
  5.7276E+00  4.6000E+02  4.0644E+00  1.3277E+01  6.7209E-01 -2.5333E-01 -3.2784E-02
  5.1558E+00  5.0000E+02  5.0630E+00  1.4053E+01  6.0351E-01 -3.8943E-01 -4.6979E-02
  4.6194E+00  5.4000E+02  6.2341E+00  1.4951E+01  5.4287E-01 -5.1071E-01 -5.7796E-02
  4.1136E+00  5.8000E+02  7.5579E+00  1.5962E+01  4.8892E-01 -6.1680E-01 -6.5823E-02
  3.6345E+00  6.2000E+02  9.0154E+00  1.7077E+01  4.4097E-01 -7.1636E-01 -7.2406E-02
  3.1791E+00  6.6000E+02  1.0587E+01  1.8277E+01  3.9819E-01 -8.1621E-01 -7.8420E-02
  2.7449E+00  7.0000E+02  1.2252E+01  1.9542E+01  3.5956E-01 -9.2187E-01 -8.4449E-02
  2.3299E+00  7.4000E+02  1.3990E+01  2.0848E+01  3.2427E-01 -1.0386E+00 -9.0948E-02
  1.9323E+00  7.8000E+02  1.5775E+01  2.2170E+01  2.9179E-01 -1.1654E+00 -9.7760E-02
  1.5507E+00  8.2000E+02  1.7574E+01  2.3480E+01  2.6170E-01 -1.2814E+00 -1.0316E-01
  1.1840E+00  8.6000E+02  1.9371E+01  2.4784E+01  2.3371E-01 -1.3446E+00 -1.0403E-01
  8.3092E-01  9.0000E+02  2.1216E+01  2.6141E+01  2.0774E-01 -1.3809E+00 -1.0286E-01
  4.9032E-01  9.4000E+02  2.3195E+01  2.7594E+01  1.8389E-01 -1.5433E+00 -1.1090E-01
  1.6083E-01  9.8000E+02  2.5413E+01  2.8976E+01  1.6214E-01 -2.5383E+00 -1.7645E-01
