  25  3.9900000E+00
  2.7410E+01  2.0000E+01  8.4511E+00  1.5829E+01  8.4153E+00  0.0000E+00  0.0000E+00
  1.9627E+01  6.0000E+01  8.1129E+00  1.5844E+01  8.0234E+00  4.5414E-02  7.4576E-02
  1.6656E+01  1.0000E+02  7.9628E+00  1.5933E+01  7.8413E+00  8.0354E-02  5.0364E-02
  1.4663E+01  1.4000E+02  7.8295E+00  1.6123E+01  7.6253E+00  1.6235E-01  6.8284E-02
  1.3100E+01  1.8000E+02  7.7475E+00  1.6551E+01  7.1771E+00  3.2615E-01  1.0753E-01
  1.1789E+01  2.2000E+02  8.1306E+00  1.7424E+01  6.5558E+00  3.7376E-01  1.0337E-01
  1.0646E+01  2.6000E+02  9.3338E+00  1.8786E+01  5.8410E+00  1.3951E-01  3.3640E-02
  9.6308E+00  3.0000E+02  1.1371E+01  2.0565E+01  5.1746E+00 -2.5425E-01 -5.4466E-02
  8.7166E+00  3.4000E+02  1.3982E+01  2.2639E+01  4.6331E+00 -5.8762E-01 -1.1335E-01
  7.8846E+00  3.8000E+02  1.6886E+01  2.4905E+01  4.2072E+00 -7.6738E-01 -1.3470E-01
  7.1209E+00  4.2000E+02  1.9917E+01  2.7273E+01  3.8565E+00 -8.6790E-01 -1.3985E-01
  6.4148E+00  4.6000E+02  2.2983E+01  2.9661E+01  3.5564E+00 -9.6055E-01 -1.4309E-01
  5.7582E+00  5.0000E+02  2.6017E+01  3.2013E+01  3.2926E+00 -1.0383E+00 -1.4383E-01
  5.1446E+00  5.4000E+02  2.8981E+01  3.4317E+01  3.0560E+00 -1.0741E+00 -1.3904E-01
  4.5687E+00  5.8000E+02  3.1861E+01  3.6580E+01  2.8404E+00 -1.0735E+00 -1.3043E-01
  4.0261E+00  6.2000E+02  3.4648E+01  3.8797E+01  2.6430E+00 -1.0491E+00 -1.2011E-01
  3.5129E+00  6.6000E+02  3.7340E+01  4.0971E+01  2.4622E+00 -1.0093E+00 -1.0927E-01
  3.0262E+00  7.0000E+02  3.9934E+01  4.3097E+01  2.2965E+00 -9.6297E-01 -9.8894E-02
  2.5631E+00  7.4000E+02  4.2429E+01  4.5168E+01  2.1441E+00 -9.1578E-01 -8.9463E-02
  2.1215E+00  7.8000E+02  4.4819E+01  4.7173E+01  2.0030E+00 -8.6912E-01 -8.0970E-02
  1.6995E+00  8.2000E+02  4.7110E+01  4.9115E+01  1.8719E+00 -8.2842E-01 -7.3768E-02
  1.2952E+00  8.6000E+02  4.9314E+01  5.0992E+01  1.7489E+00 -8.1115E-01 -6.9181E-02
  9.0734E-01  9.0000E+02  5.1453E+01  5.2814E+01  1.6308E+00 -8.1434E-01 -6.6645E-02
  5.3444E-01  9.4000E+02  5.3622E+01  5.4674E+01  1.5143E+00 -8.2903E-01 -6.5222E-02
  1.7501E-01  9.8000E+02  5.6296E+01  5.6794E+01  1.3931E+00 -1.5410E+00 -1.1686E-01
