  25  8.5995000E+01
  2.7254E+01  2.0000E+01  4.6953E+00  1.2294E+02  2.7297E-01  0.0000E+00  0.0000E+00
  1.9414E+01  6.0000E+01  9.0127E+00  1.2203E+02  2.4510E-01 -6.6649E-01 -1.1025E+00
  1.6292E+01  1.0000E+02  1.0661E+01  1.2131E+02  2.2924E-01 -7.5958E-01 -5.0021E-01
  1.4235E+01  1.4000E+02  1.5965E+01  1.2246E+02  2.1444E-01 -2.0182E+00 -8.7602E-01
  1.2656E+01  1.8000E+02  2.5747E+01  1.2517E+02  1.9821E-01 -4.4813E+00 -1.4925E+00
  1.1351E+01  2.2000E+02  3.7850E+01  1.2866E+02  1.8157E-01 -6.5989E+00 -1.8171E+00
  1.0231E+01  2.6000E+02  5.0420E+01  1.3257E+02  1.6519E-01 -7.7295E+00 -1.8267E+00
  9.2461E+00  3.0000E+02  6.2424E+01  1.3659E+02  1.4950E-01 -8.1087E+00 -1.6847E+00
  8.3658E+00  3.4000E+02  7.3585E+01  1.4066E+02  1.3497E-01 -8.0547E+00 -1.4960E+00
  7.5684E+00  3.8000E+02  8.4123E+01  1.4481E+02  1.2159E-01 -8.0123E+00 -1.3479E+00
  6.8382E+00  4.2000E+02  9.4260E+01  1.4905E+02  1.0924E-01 -8.0788E+00 -1.2445E+00
  6.1637E+00  4.6000E+02  1.0405E+02  1.5330E+02  9.7837E-02 -8.2054E+00 -1.1678E+00
  5.5361E+00  5.0000E+02  1.1337E+02  1.5746E+02  8.7427E-02 -8.2269E+00 -1.0893E+00
  4.9490E+00  5.4000E+02  1.2206E+02  1.6142E+02  7.8086E-02 -8.0668E+00 -9.9923E-01
  4.3972E+00  5.8000E+02  1.3005E+02  1.6509E+02  6.9792E-02 -7.8065E+00 -9.0878E-01
  3.8767E+00  6.2000E+02  1.3741E+02  1.6847E+02  6.2304E-02 -7.6634E+00 -8.4159E-01
  3.3841E+00  6.6000E+02  1.4440E+02  1.7159E+02  5.5203E-02 -7.8500E+00 -8.1591E-01
  2.9164E+00  7.0000E+02  1.5128E+02  1.7453E+02  4.8006E-02 -8.4350E+00 -8.3221E-01
  2.4713E+00  7.4000E+02  1.5824E+02  1.7738E+02  4.0350E-02 -9.2182E+00 -8.6565E-01
  2.0466E+00  7.8000E+02  1.6523E+02  1.8024E+02  3.2255E-02 -9.7201E+00 -8.7103E-01
  1.6403E+00  8.2000E+02  1.7198E+02  1.8314E+02  2.4265E-02 -9.4728E+00 -8.1209E-01
  1.2507E+00  8.6000E+02  1.7811E+02  1.8595E+02  1.7097E-02 -8.5161E+00 -7.0004E-01
  8.7651E-01  9.0000E+02  1.8323E+02  1.8847E+02  1.1126E-02 -6.9616E+00 -5.4953E-01
  5.1673E-01  9.4000E+02  1.8773E+02  1.9123E+02  6.4583E-03 -4.8569E+00 -3.6867E-01
  1.6943E-01  9.8000E+02  1.9287E+02  1.9463E+02  3.3024E-03 -5.0007E+00 -3.6642E-01
