  25  8.5995000E+01
  2.7411E+01  2.0000E+01  5.1140E+00  1.2232E+02  2.6444E-01  0.0000E+00  0.0000E+00
  1.9627E+01  6.0000E+01  8.2811E+00  1.2024E+02  2.3767E-01 -6.7333E-01 -1.1058E+00
  1.6656E+01  1.0000E+02  8.8165E+00  1.2015E+02  2.2319E-01 -2.1284E-01 -1.3341E-01
  1.4663E+01  1.4000E+02  1.3707E+01  1.2226E+02  2.0923E-01 -1.3944E+00 -5.8640E-01
  1.3100E+01  1.8000E+02  2.5336E+01  1.2602E+02  1.9172E-01 -5.0331E+00 -1.6595E+00
  1.1789E+01  2.2000E+02  4.1714E+01  1.3152E+02  1.7174E-01 -8.2987E+00 -2.2953E+00
  1.0646E+01  2.6000E+02  5.9935E+01  1.3770E+02  1.5022E-01 -1.0538E+01 -2.5411E+00
  9.6307E+00  3.0000E+02  7.7766E+01  1.4401E+02  1.2893E-01 -1.1339E+01 -2.4291E+00
  8.7165E+00  3.4000E+02  9.4521E+01  1.5022E+02  1.0909E-01 -1.1534E+01 -2.2247E+00
  7.8845E+00  3.8000E+02  1.1010E+02  1.5622E+02  9.0984E-02 -1.1525E+01 -2.0230E+00
  7.1208E+00  4.2000E+02  1.2437E+02  1.6189E+02  7.4737E-02 -1.1252E+01 -1.8131E+00
  6.4148E+00  4.6000E+02  1.3724E+02  1.6717E+02  6.0247E-02 -1.0762E+01 -1.6031E+00
  5.7582E+00  5.0000E+02  1.4880E+02  1.7203E+02  4.7165E-02 -1.0199E+01 -1.4128E+00
  5.1446E+00  5.4000E+02  1.5906E+02  1.7653E+02  3.5458E-02 -9.3800E+00 -1.2143E+00
  4.5687E+00  5.8000E+02  1.6797E+02  1.8073E+02  2.5422E-02 -8.1875E+00 -9.9483E-01
  4.0261E+00  6.2000E+02  1.7555E+02  1.8466E+02  1.7347E-02 -6.7204E+00 -7.6944E-01
  3.5129E+00  6.6000E+02  1.8192E+02  1.8835E+02  1.1270E-02 -5.2147E+00 -5.6457E-01
  3.0261E+00  7.0000E+02  1.8730E+02  1.9184E+02  6.9708E-03 -3.8743E+00 -3.9788E-01
  2.5631E+00  7.4000E+02  1.9188E+02  1.9513E+02  4.0971E-03 -2.7912E+00 -2.7268E-01
  2.1215E+00  7.8000E+02  1.9583E+02  1.9822E+02  2.2797E-03 -1.9647E+00 -1.8304E-01
  1.6995E+00  8.2000E+02  1.9932E+02  2.0113E+02  1.1955E-03 -1.3735E+00 -1.2231E-01
  1.2952E+00  8.6000E+02  2.0247E+02  2.0387E+02  5.8380E-04 -1.0010E+00 -8.5376E-02
  9.0734E-01  9.0000E+02  2.0537E+02  2.0648E+02  2.5553E-04 -7.4778E-01 -6.1197E-02
  5.3445E-01  9.4000E+02  2.0821E+02  2.0914E+02  9.3919E-05 -4.8564E-01 -3.8206E-02
  1.7502E-01  9.8000E+02  2.1165E+02  2.1210E+02  2.4634E-05 -1.3574E+00 -1.0293E-01
