  25  8.5995000E+01
  2.6353E+01  2.0000E+01  4.0775E+00  1.1181E+02  1.9519E-01  0.0000E+00  0.0000E+00
  1.8570E+01  6.0000E+01  8.9830E+00  1.1207E+02  1.7305E-01 -5.9676E-01 -9.7988E-01
  1.5314E+01  1.0000E+02  1.1624E+01  1.1142E+02  1.6061E-01 -1.0124E+00 -6.9558E-01
  1.3150E+01  1.4000E+02  1.3008E+01  1.1032E+02  1.5208E-01 -1.1478E+00 -5.2391E-01
  1.1570E+01  1.8000E+02  1.4801E+01  1.0943E+02  1.4543E-01 -1.6968E+00 -5.6560E-01
  1.0334E+01  2.2000E+02  1.8313E+01  1.0935E+02  1.3870E-01 -2.9048E+00 -7.5756E-01
  9.3098E+00  2.6000E+02  2.3077E+01  1.1017E+02  1.3171E-01 -3.8558E+00 -8.3325E-01
  8.4250E+00  3.0000E+02  2.8800E+01  1.1173E+02  1.2461E-01 -4.7021E+00 -8.7779E-01
  7.6387E+00  3.4000E+02  3.5303E+01  1.1382E+02  1.1738E-01 -5.6082E+00 -9.3037E-01
  6.9269E+00  3.8000E+02  4.2472E+01  1.1627E+02  1.0981E-01 -6.6368E+00 -9.9668E-01
  6.2745E+00  4.2000E+02  5.0070E+01  1.1898E+02  1.0195E-01 -7.4893E+00 -1.0308E+00
  5.6709E+00  4.6000E+02  5.7845E+01  1.2195E+02  9.4027E-02 -7.9552E+00 -1.0130E+00
  5.1081E+00  5.0000E+02  6.5730E+01  1.2519E+02  8.6202E-02 -8.2506E+00 -9.7970E-01
  4.5797E+00  5.4000E+02  7.3754E+01  1.2868E+02  7.8555E-02 -8.5967E+00 -9.5834E-01
  4.0809E+00  5.8000E+02  8.1923E+01  1.3233E+02  7.1107E-02 -9.0460E+00 -9.5202E-01
  3.6079E+00  6.2000E+02  9.0206E+01  1.3610E+02  6.3862E-02 -9.5493E+00 -9.5304E-01
  3.1576E+00  6.6000E+02  9.8519E+01  1.3991E+02  5.6852E-02 -1.0007E+01 -9.5047E-01
  2.7279E+00  7.0000E+02  1.0676E+02  1.4370E+02  5.0124E-02 -1.0336E+01 -9.3716E-01
  2.3167E+00  7.4000E+02  1.1482E+02  1.4744E+02  4.3707E-02 -1.0519E+01 -9.1266E-01
  1.9223E+00  7.8000E+02  1.2263E+02  1.5108E+02  3.7608E-02 -1.0579E+01 -8.8015E-01
  1.5435E+00  8.2000E+02  1.3015E+02  1.5459E+02  3.1816E-02 -1.0563E+01 -8.4425E-01
  1.1790E+00  8.6000E+02  1.3735E+02  1.5798E+02  2.6347E-02 -1.0468E+01 -8.0505E-01
  8.2766E-01  9.0000E+02  1.4424E+02  1.6125E+02  2.1260E-02 -1.0306E+01 -7.6385E-01
  4.8853E-01  9.4000E+02  1.5096E+02  1.6447E+02  1.6543E-02 -1.0323E+01 -7.3858E-01
  1.6031E-01  9.8000E+02  1.5788E+02  1.6733E+02  1.2320E-02 -1.2393E+01 -8.5819E-01
