  25  8.5995000E+01
  2.6061E+01  2.0000E+01  3.7870E+00  1.1049E+02  1.8135E-01  0.0000E+00  0.0000E+00
  1.8403E+01  6.0000E+01  8.1947E+00  1.1064E+02  1.6061E-01 -5.5542E-01 -8.9739E-01
  1.5206E+01  1.0000E+02  1.0639E+01  1.1020E+02  1.4905E-01 -9.0275E-01 -6.0884E-01
  1.3074E+01  1.4000E+02  1.1965E+01  1.0927E+02  1.4114E-01 -1.0589E+00 -4.7643E-01
  1.1514E+01  1.8000E+02  1.3855E+01  1.0853E+02  1.3489E-01 -1.6850E+00 -5.5427E-01
  1.0292E+01  2.2000E+02  1.7598E+01  1.0863E+02  1.2838E-01 -2.9802E+00 -7.6842E-01
  9.2767E+00  2.6000E+02  2.2411E+01  1.0960E+02  1.2176E-01 -3.7847E+00 -8.1102E-01
  8.3973E+00  3.0000E+02  2.8007E+01  1.1125E+02  1.1520E-01 -4.4907E+00 -8.3322E-01
  7.6148E+00  3.4000E+02  3.4308E+01  1.1335E+02  1.0858E-01 -5.3647E+00 -8.8568E-01
  6.9062E+00  3.8000E+02  4.1229E+01  1.1575E+02  1.0167E-01 -6.3824E+00 -9.5419E-01
  6.2568E+00  4.2000E+02  4.8556E+01  1.1840E+02  9.4522E-02 -7.2073E+00 -9.8746E-01
  5.6561E+00  4.6000E+02  5.6065E+01  1.2131E+02  8.7335E-02 -7.6440E+00 -9.6873E-01
  5.0960E+00  5.0000E+02  6.3721E+01  1.2453E+02  8.0241E-02 -7.9273E+00 -9.3684E-01
  4.5699E+00  5.4000E+02  7.1587E+01  1.2801E+02  7.3286E-02 -8.3376E+00 -9.2536E-01
  4.0730E+00  5.8000E+02  7.9684E+01  1.3168E+02  6.6461E-02 -8.9137E+00 -9.3444E-01
  3.6016E+00  6.2000E+02  8.7970E+01  1.3546E+02  5.9757E-02 -9.5557E+00 -9.5045E-01
  3.1527E+00  6.6000E+02  9.6348E+01  1.3929E+02  5.3214E-02 -1.0132E+01 -9.5956E-01
  2.7241E+00  7.0000E+02  1.0469E+02  1.4311E+02  4.6896E-02 -1.0549E+01 -9.5405E-01
  2.3137E+00  7.4000E+02  1.1289E+02  1.4688E+02  4.0848E-02 -1.0789E+01 -9.3395E-01
  1.9202E+00  7.8000E+02  1.2085E+02  1.5056E+02  3.5092E-02 -1.0873E+01 -9.0288E-01
  1.5420E+00  8.2000E+02  1.2852E+02  1.5413E+02  2.9633E-02 -1.0856E+01 -8.6627E-01
  1.1779E+00  8.6000E+02  1.3587E+02  1.5756E+02  2.4500E-02 -1.0771E+01 -8.2730E-01
  8.2699E-01  9.0000E+02  1.4291E+02  1.6085E+02  1.9736E-02 -1.0661E+01 -7.8929E-01
  4.8820E-01  9.4000E+02  1.4983E+02  1.6410E+02  1.5261E-02 -1.0831E+01 -7.7415E-01
  1.6023E-01  9.8000E+02  1.5702E+02  1.6702E+02  1.1240E-02 -1.3025E+01 -9.0128E-01
