  25  3.9900000E+00
  2.7417E+01  2.0000E+01  8.9763E+00  1.5143E+01  8.9409E+00  0.0000E+00  0.0000E+00
  1.9643E+01  6.0000E+01  8.6127E+00  1.5157E+01  8.5236E+00  4.8554E-02  7.9637E-02
  1.6678E+01  1.0000E+02  8.4533E+00  1.5243E+01  8.3328E+00  8.2989E-02  5.1917E-02
  1.4689E+01  1.4000E+02  8.3142E+00  1.5427E+01  8.1177E+00  1.6205E-01  6.7983E-02
  1.3128E+01  1.8000E+02  8.2153E+00  1.5839E+01  7.6505E+00  3.2770E-01  1.0794E-01
  1.1816E+01  2.2000E+02  8.6233E+00  1.6751E+01  6.9334E+00  3.8412E-01  1.0634E-01
  1.0670E+01  2.6000E+02  9.9879E+00  1.8240E+01  6.0917E+00  1.0811E-01  2.6133E-02
  9.6513E+00  3.0000E+02  1.2258E+01  2.0184E+01  5.3401E+00 -3.2002E-01 -6.8779E-02
  8.7339E+00  3.4000E+02  1.5057E+01  2.2420E+01  4.7643E+00 -6.1390E-01 -1.1882E-01
  7.8992E+00  3.8000E+02  1.8074E+01  2.4816E+01  4.3183E+00 -7.4384E-01 -1.3100E-01
  7.1332E+00  4.2000E+02  2.1154E+01  2.7273E+01  3.9514E+00 -8.1302E-01 -1.3138E-01
  6.4255E+00  4.6000E+02  2.4213E+01  2.9726E+01  3.6398E+00 -8.5648E-01 -1.2789E-01
  5.7677E+00  5.0000E+02  2.7208E+01  3.2146E+01  3.3698E+00 -8.7396E-01 -1.2129E-01
  5.1531E+00  5.4000E+02  3.0119E+01  3.4521E+01  3.1310E+00 -8.7294E-01 -1.1319E-01
  4.5764E+00  5.8000E+02  3.2941E+01  3.6845E+01  2.9163E+00 -8.6175E-01 -1.0486E-01
  4.0329E+00  6.2000E+02  3.5671E+01  3.9118E+01  2.7213E+00 -8.4116E-01 -9.6440E-02
  3.5191E+00  6.6000E+02  3.8310E+01  4.1341E+01  2.5432E+00 -8.1067E-01 -8.7886E-02
  3.0317E+00  7.0000E+02  4.0862E+01  4.3515E+01  2.3794E+00 -7.7379E-01 -7.9573E-02
  2.5680E+00  7.4000E+02  4.3329E+01  4.5641E+01  2.2280E+00 -7.3530E-01 -7.1930E-02
  2.1258E+00  7.8000E+02  4.5715E+01  4.7718E+01  2.0873E+00 -6.9913E-01 -6.5226E-02
  1.7031E+00  8.2000E+02  4.8024E+01  4.9743E+01  1.9561E+00 -6.7272E-01 -5.9996E-02
  1.2982E+00  8.6000E+02  5.0261E+01  5.1709E+01  1.8329E+00 -6.6847E-01 -5.7108E-02
  9.0954E-01  9.0000E+02  5.2436E+01  5.3617E+01  1.7146E+00 -6.8741E-01 -5.6361E-02
  5.3596E-01  9.4000E+02  5.4617E+01  5.5566E+01  1.5961E+00 -6.2286E-01 -4.9092E-02
  1.7563E-01  9.8000E+02  5.7761E+01  5.8188E+01  1.4732E+00 -1.4480E+00 -1.1008E-01
