  25  3.9900000E+00
  2.7201E+01  2.0000E+01  5.7751E+00  1.4595E+01  5.7487E+00  0.0000E+00  0.0000E+00
  1.9346E+01  6.0000E+01  5.5699E+00  1.4616E+01  5.4802E+00  2.8771E-02  4.7681E-02
  1.6182E+01  1.0000E+02  5.4917E+00  1.4656E+01  5.3365E+00  3.7265E-02  2.4872E-02
  1.4103E+01  1.4000E+02  5.4305E+00  1.4780E+01  5.1459E+00  8.8995E-02  3.9038E-02
  1.2519E+01  1.8000E+02  5.4400E+00  1.5055E+01  4.8377E+00  1.6780E-01  5.6085E-02
  1.1216E+01  2.2000E+02  5.6650E+00  1.5502E+01  4.4866E+00  1.7069E-01  4.6915E-02
  1.0103E+01  2.6000E+02  6.1431E+00  1.6112E+01  4.1226E+00  1.1778E-01  2.7653E-02
  9.1283E+00  3.0000E+02  6.8651E+00  1.6855E+01  3.7841E+00  2.1867E-02  4.4974E-03
  8.2591E+00  3.4000E+02  7.7999E+00  1.7728E+01  3.4817E+00 -7.0722E-02 -1.2969E-02
  7.4730E+00  3.8000E+02  8.9537E+00  1.8745E+01  3.2156E+00 -1.7383E-01 -2.8829E-02
  6.7538E+00  4.2000E+02  1.0339E+01  1.9917E+01  2.9826E+00 -2.9760E-01 -4.5160E-02
  6.0895E+00  4.6000E+02  1.1935E+01  2.1229E+01  2.7769E+00 -4.2578E-01 -5.9675E-02
  5.4714E+00  5.0000E+02  1.3687E+01  2.2651E+01  2.5940E+00 -5.3495E-01 -6.9758E-02
  4.8930E+00  5.4000E+02  1.5538E+01  2.4139E+01  2.4309E+00 -6.2860E-01 -7.6711E-02
  4.3491E+00  5.8000E+02  1.7448E+01  2.5651E+01  2.2846E+00 -7.3000E-01 -8.3767E-02
  3.8356E+00  6.2000E+02  1.9395E+01  2.7159E+01  2.1516E+00 -8.5586E-01 -9.2713E-02
  3.3493E+00  6.6000E+02  2.1379E+01  2.8653E+01  2.0277E+00 -1.0081E+00 -1.0344E-01
  2.8872E+00  7.0000E+02  2.3404E+01  3.0134E+01  1.9095E+00 -1.1757E+00 -1.1462E-01
  2.4471E+00  7.4000E+02  2.5469E+01  3.1612E+01  1.7936E+00 -1.3360E+00 -1.2407E-01
  2.0268E+00  7.8000E+02  2.7572E+01  3.3098E+01  1.6783E+00 -1.4674E+00 -1.3012E-01
  1.6245E+00  8.2000E+02  2.9705E+01  3.4599E+01  1.5635E+00 -1.5724E+00 -1.3344E-01
  1.2388E+00  8.6000E+02  3.1840E+01  3.6083E+01  1.4504E+00 -1.6852E+00 -1.3715E-01
  8.6824E-01  9.0000E+02  3.3864E+01  3.7467E+01  1.3394E+00 -1.7284E+00 -1.3511E-01
  5.1187E-01  9.4000E+02  3.5935E+01  3.8956E+01  1.2293E+00 -1.6334E+00 -1.2281E-01
  1.6783E-01  9.8000E+02  3.8712E+01  4.0884E+01  1.1226E+00 -2.4690E+00 -1.7921E-01
