  25  3.9900000E+00
  2.7060E+01  2.0000E+01  2.6362E+00  1.1466E+01  2.6086E+00  0.0000E+00  0.0000E+00
  1.9051E+01  6.0000E+01  2.5909E+00  1.1477E+01  2.4791E+00  6.9578E-03  1.1758E-02
  1.5709E+01  1.0000E+02  2.6108E+00  1.1459E+01  2.3984E+00 -1.1273E-02 -7.9484E-03
  1.3514E+01  1.4000E+02  2.6435E+00  1.1458E+01  2.3063E+00 -1.5387E-02 -7.1257E-03
  1.1900E+01  1.8000E+02  2.6871E+00  1.1496E+01  2.1823E+00 -3.4007E-03 -1.1578E-03
  1.0623E+01  2.2000E+02  2.7434E+00  1.1596E+01  2.0486E+00  3.4272E-02  9.2371E-03
  9.5588E+00  2.6000E+02  2.8261E+00  1.1770E+01  1.9112E+00  8.6240E-02  1.9358E-02
  8.6401E+00  3.0000E+02  2.9823E+00  1.2032E+01  1.7673E+00  1.1496E-01  2.2281E-02
  7.8255E+00  3.4000E+02  3.2802E+00  1.2399E+01  1.6180E+00  8.4209E-02  1.4474E-02
  7.0893E+00  3.8000E+02  3.7767E+00  1.2887E+01  1.4679E+00 -1.1664E-02 -1.8115E-03
  6.4153E+00  4.2000E+02  4.4986E+00  1.3505E+01  1.3264E+00 -1.5360E-01 -2.1844E-02
  5.7920E+00  4.6000E+02  5.4442E+00  1.4255E+01  1.2006E+00 -3.1326E-01 -4.1193E-02
  5.2113E+00  5.0000E+02  6.5866E+00  1.5134E+01  1.0905E+00 -4.5352E-01 -5.5566E-02
  4.6669E+00  5.4000E+02  7.8911E+00  1.6135E+01  9.9336E-01 -5.5802E-01 -6.4096E-02
  4.1538E+00  5.8000E+02  9.3278E+00  1.7244E+01  9.0710E-01 -6.3906E-01 -6.9171E-02
  3.6683E+00  6.2000E+02  1.0875E+01  1.8444E+01  8.3035E-01 -7.1394E-01 -7.3131E-02
  3.2072E+00  6.6000E+02  1.2514E+01  1.9715E+01  7.6189E-01 -7.9778E-01 -7.7614E-02
  2.7679E+00  7.0000E+02  1.4226E+01  2.1033E+01  7.0014E-01 -8.9781E-01 -8.3213E-02
  2.3483E+00  7.4000E+02  1.5990E+01  2.2370E+01  6.4350E-01 -1.0167E+00 -9.0009E-02
  1.9467E+00  7.8000E+02  1.7778E+01  2.3697E+01  5.9076E-01 -1.1496E+00 -9.7410E-02
  1.5616E+00  8.2000E+02  1.9547E+01  2.4982E+01  5.4107E-01 -1.2583E+00 -1.0223E-01
  1.1918E+00  8.6000E+02  2.1277E+01  2.6238E+01  4.9405E-01 -1.2798E+00 -9.9837E-02
  8.3620E-01  9.0000E+02  2.3052E+01  2.7565E+01  4.4977E-01 -1.2592E+00 -9.4477E-02
  4.9333E-01  9.4000E+02  2.5001E+01  2.9033E+01  4.0845E-01 -1.4026E+00 -1.0146E-01
  1.6179E-01  9.8000E+02  2.7209E+01  3.0448E+01  3.7021E-01 -2.3943E+00 -1.6747E-01
