  25  3.9900000E+00
  2.5762E+01  2.0000E+01  1.4499E-02  1.0334E+01  0.0000E+00  0.0000E+00  0.0000E+00
  1.8237E+01  6.0000E+01  5.5160E-02  1.0350E+01  0.0000E+00 -3.2394E-03 -5.1426E-03
  1.5102E+01  1.0000E+02  1.0814E-01  1.0365E+01  0.0000E+00 -1.2129E-02 -8.0230E-03
  1.3002E+01  1.4000E+02  1.6306E-01  1.0386E+01  0.0000E+00 -1.6304E-02 -7.2228E-03
  1.1465E+01  1.8000E+02  2.2247E-01  1.0432E+01  0.0000E+00 -8.7798E-03 -2.8479E-03
  1.0256E+01  2.2000E+02  3.0610E-01  1.0526E+01  0.0000E+00  8.7042E-03  2.2192E-03
  9.2484E+00  2.6000E+02  4.2231E-01  1.0680E+01  0.0000E+00  3.7741E-02  8.0248E-03
  8.3736E+00  3.0000E+02  5.8942E-01  1.0895E+01  0.0000E+00  5.4677E-02  1.0092E-02
  7.5943E+00  3.4000E+02  8.3893E-01  1.1174E+01  0.0000E+00  3.7564E-02  6.1759E-03
  6.8885E+00  3.8000E+02  1.1982E+00  1.1525E+01  0.0000E+00 -1.2227E-02 -1.8207E-03
  6.2418E+00  4.2000E+02  1.6801E+00  1.1959E+01  0.0000E+00 -7.3516E-02 -1.0031E-02
  5.6437E+00  4.6000E+02  2.2927E+00  1.2494E+01  0.0000E+00 -1.2985E-01 -1.6385E-02
  5.0860E+00  5.0000E+02  3.0587E+00  1.3146E+01  0.0000E+00 -2.0396E-01 -2.4002E-02
  4.5619E+00  5.4000E+02  4.0099E+00  1.3922E+01  0.0000E+00 -3.3401E-01 -3.6930E-02
  4.0667E+00  5.8000E+02  5.1671E+00  1.4823E+01  0.0000E+00 -5.1863E-01 -5.4191E-02
  3.5965E+00  6.2000E+02  6.5255E+00  1.5841E+01  0.0000E+00 -7.2354E-01 -7.1767E-02
  3.1487E+00  6.6000E+02  8.0574E+00  1.6965E+01  0.0000E+00 -9.1014E-01 -8.5992E-02
  2.7209E+00  7.0000E+02  9.7265E+00  1.8180E+01  0.0000E+00 -1.0632E+00 -9.5960E-02
  2.3113E+00  7.4000E+02  1.1500E+01  1.9465E+01  0.0000E+00 -1.1897E+00 -1.0281E-01
  1.9183E+00  7.8000E+02  1.3350E+01  2.0803E+01  0.0000E+00 -1.3043E+00 -1.0814E-01
  1.5406E+00  8.2000E+02  1.5257E+01  2.2175E+01  0.0000E+00 -1.4183E+00 -1.1303E-01
  1.1770E+00  8.6000E+02  1.7206E+01  2.3562E+01  0.0000E+00 -1.5452E+00 -1.1855E-01
  8.2643E-01  9.0000E+02  1.9188E+01  2.4950E+01  0.0000E+00 -1.6933E+00 -1.2524E-01
  4.8793E-01  9.4000E+02  2.1296E+01  2.6412E+01  0.0000E+00 -1.9065E+00 -1.3616E-01
  1.6017E-01  9.8000E+02  2.3765E+01  2.7899E+01  0.0000E+00 -2.9981E+00 -2.0732E-01
