  25  8.5995000E+01
  2.6734E+01  2.0000E+01  4.2537E+00  1.1388E+02  2.3140E-02  0.0000E+00  0.0000E+00
  1.8800E+01  6.0000E+01  9.8614E+00  1.1430E+02  1.9583E-02 -6.5394E-01 -1.0946E+00
  1.5471E+01  1.0000E+02  1.2797E+01  1.1333E+02  1.8259E-02 -1.1741E+00 -8.2446E-01
  1.3273E+01  1.4000E+02  1.4412E+01  1.1205E+02  1.7257E-02 -1.3146E+00 -6.0989E-01
  1.1667E+01  1.8000E+02  1.6345E+01  1.1106E+02  1.6205E-02 -1.8213E+00 -6.1693E-01
  1.0411E+01  2.2000E+02  1.9636E+01  1.1083E+02  1.4957E-02 -2.7982E+00 -7.4174E-01
  9.3717E+00  2.6000E+02  2.4260E+01  1.1147E+02  1.3563E-02 -3.8425E+00 -8.4226E-01
  8.4767E+00  3.0000E+02  3.0111E+01  1.1289E+02  1.2111E-02 -4.9459E+00 -9.3396E-01
  7.6829E+00  3.4000E+02  3.6929E+01  1.1493E+02  1.0677E-02 -6.0193E+00 -1.0080E+00
  6.9651E+00  3.8000E+02  4.4510E+01  1.1741E+02  9.2770E-03 -7.1034E+00 -1.0757E+00
  6.3074E+00  4.2000E+02  5.2552E+01  1.2021E+02  7.9296E-03 -7.9692E+00 -1.1059E+00
  5.6988E+00  4.6000E+02  6.0753E+01  1.2328E+02  6.6573E-03 -8.4422E+00 -1.0840E+00
  5.1314E+00  5.0000E+02  6.9010E+01  1.2658E+02  5.4787E-03 -8.7371E+00 -1.0460E+00
  4.5989E+00  5.4000E+02  7.7307E+01  1.3008E+02  4.4009E-03 -9.0058E+00 -1.0117E+00
  4.0965E+00  5.8000E+02  8.5632E+01  1.3373E+02  3.4280E-03 -9.3069E+00 -9.8643E-01
  3.6205E+00  6.2000E+02  9.3957E+01  1.3747E+02  2.5700E-03 -9.6331E+00 -9.6753E-01
  3.1677E+00  6.6000E+02  1.0221E+02  1.4123E+02  1.8423E-03 -9.9139E+00 -9.4701E-01
  2.7358E+00  7.0000E+02  1.1032E+02  1.4498E+02  1.2537E-03 -1.0102E+01 -9.2056E-01
  2.3228E+00  7.4000E+02  1.1820E+02  1.4865E+02  8.0140E-04 -1.0197E+01 -8.8864E-01
  1.9269E+00  7.8000E+02  1.2580E+02  1.5219E+02  4.7315E-04 -1.0226E+01 -8.5416E-01
  1.5467E+00  8.2000E+02  1.3307E+02  1.5559E+02  2.5082E-04 -1.0210E+01 -8.1882E-01
  1.1812E+00  8.6000E+02  1.4000E+02  1.5884E+02  1.1486E-04 -1.0042E+01 -7.7446E-01
  8.2909E-01  9.0000E+02  1.4663E+02  1.6206E+02  4.3252E-05 -9.6980E+00 -7.2042E-01
  4.8930E-01  9.4000E+02  1.5305E+02  1.6527E+02  1.2735E-05 -9.4337E+00 -6.7630E-01
  1.6053E-01  9.8000E+02  1.5951E+02  1.6804E+02  2.7837E-06 -1.1242E+01 -7.7982E-01
