  25  8.5995000E+01
  2.6338E+01  2.0000E+01  3.8621E+00  1.1175E+02  0.0000E+00  0.0000E+00  0.0000E+00
  1.8559E+01  6.0000E+01  8.8134E+00  1.1203E+02  0.0000E+00 -6.0070E-01 -9.8582E-01
  1.5303E+01  1.0000E+02  1.1487E+01  1.1134E+02  0.0000E+00 -1.0322E+00 -7.0918E-01
  1.3141E+01  1.4000E+02  1.2861E+01  1.1022E+02  0.0000E+00 -1.1530E+00 -5.2583E-01
  1.1563E+01  1.8000E+02  1.4551E+01  1.0934E+02  0.0000E+00 -1.6298E+00 -5.4249E-01
  1.0329E+01  2.2000E+02  1.7995E+01  1.0928E+02  0.0000E+00 -2.8401E+00 -7.3967E-01
  9.3058E+00  2.6000E+02  2.2754E+01  1.1011E+02  0.0000E+00 -3.8421E+00 -8.2938E-01
  8.4217E+00  3.0000E+02  2.8483E+01  1.1168E+02  0.0000E+00 -4.6999E+00 -8.7664E-01
  7.6359E+00  3.4000E+02  3.4979E+01  1.1377E+02  0.0000E+00 -5.6048E+00 -9.2920E-01
  6.9246E+00  3.8000E+02  4.2132E+01  1.1621E+02  0.0000E+00 -6.6266E+00 -9.9454E-01
  6.2726E+00  4.2000E+02  4.9719E+01  1.1892E+02  0.0000E+00 -7.4852E+00 -1.0297E+00
  5.6694E+00  4.6000E+02  5.7483E+01  1.2189E+02  0.0000E+00 -7.9510E+00 -1.0119E+00
  5.1068E+00  5.0000E+02  6.5364E+01  1.2513E+02  0.0000E+00 -8.2475E+00 -9.7880E-01
  4.5787E+00  5.4000E+02  7.3390E+01  1.2861E+02  0.0000E+00 -8.6084E+00 -9.5919E-01
  4.0801E+00  5.8000E+02  8.1570E+01  1.3227E+02  0.0000E+00 -9.0720E+00 -9.5436E-01
  3.6072E+00  6.2000E+02  8.9868E+01  1.3603E+02  0.0000E+00 -9.5882E+00 -9.5658E-01
  3.1572E+00  6.6000E+02  9.8202E+01  1.3984E+02  0.0000E+00 -1.0055E+01 -9.5473E-01
  2.7275E+00  7.0000E+02  1.0647E+02  1.4364E+02  0.0000E+00 -1.0391E+01 -9.4188E-01
  2.3164E+00  7.4000E+02  1.1456E+02  1.4738E+02  0.0000E+00 -1.0578E+01 -9.1757E-01
  1.9222E+00  7.8000E+02  1.2240E+02  1.5103E+02  0.0000E+00 -1.0640E+01 -8.8507E-01
  1.5434E+00  8.2000E+02  1.2995E+02  1.5455E+02  0.0000E+00 -1.0627E+01 -8.4922E-01
  1.1789E+00  8.6000E+02  1.3718E+02  1.5794E+02  0.0000E+00 -1.0535E+01 -8.1015E-01
  8.2761E-01  9.0000E+02  1.4410E+02  1.6122E+02  0.0000E+00 -1.0378E+01 -7.6919E-01
  4.8851E-01  9.4000E+02  1.5085E+02  1.6444E+02  0.0000E+00 -1.0401E+01 -7.4411E-01
  1.6031E-01  9.8000E+02  1.5780E+02  1.6730E+02  0.0000E+00 -1.2470E+01 -8.6348E-01
