  25  3.9900000E+00
  2.7348E+01  2.0000E+01  7.3683E+00  1.5636E+01  7.3356E+00  0.0000E+00  0.0000E+00
  1.9542E+01  6.0000E+01  7.0821E+00  1.5653E+01  6.9944E+00  3.8903E-02  6.4075E-02
  1.6505E+01  1.0000E+02  6.9575E+00  1.5728E+01  6.8273E+00  6.5569E-02  4.2000E-02
  1.4482E+01  1.4000E+02  6.8460E+00  1.5900E+01  6.6135E+00  1.4010E-01  5.9824E-02
  1.2915E+01  1.8000E+02  6.7971E+00  1.6285E+01  6.2092E+00  2.7719E-01  9.1639E-02
  1.1608E+01  2.2000E+02  7.1306E+00  1.7017E+01  5.6877E+00  3.0500E-01  8.4061E-02
  1.0476E+01  2.6000E+02  8.0687E+00  1.8107E+01  5.1077E+00  1.3405E-01  3.2017E-02
  9.4748E+00  3.0000E+02  9.5888E+00  1.9491E+01  4.5705E+00 -1.3612E-01 -2.8758E-02
  8.5762E+00  3.4000E+02  1.1533E+01  2.1122E+01  4.1237E+00 -3.4835E-01 -6.6047E-02
  7.7599E+00  3.8000E+02  1.3767E+01  2.2987E+01  3.7677E+00 -4.5216E-01 -7.7868E-02
  7.0108E+00  4.2000E+02  1.6234E+01  2.5069E+01  3.4757E+00 -5.1402E-01 -8.1235E-02
  6.3176E+00  4.6000E+02  1.8889E+01  2.7305E+01  3.2277E+00 -6.0426E-01 -8.8379E-02
  5.6718E+00  5.0000E+02  2.1652E+01  2.9599E+01  3.0136E+00 -7.2591E-01 -9.8909E-02
  5.0671E+00  5.4000E+02  2.4403E+01  3.1833E+01  2.8281E+00 -8.5544E-01 -1.0914E-01
  4.4987E+00  5.8000E+02  2.7017E+01  3.3891E+01  2.6670E+00 -9.7893E-01 -1.1739E-01
  3.9628E+00  6.2000E+02  2.9403E+01  3.5685E+01  2.5244E+00 -1.1038E+00 -1.2479E-01
  3.4564E+00  6.6000E+02  3.1539E+01  3.7209E+01  2.3919E+00 -1.2103E+00 -1.2931E-01
  2.9768E+00  7.0000E+02  3.3553E+01  3.8613E+01  2.2591E+00 -1.2703E+00 -1.2856E-01
  2.5211E+00  7.4000E+02  3.5644E+01  4.0104E+01  2.1206E+00 -1.3146E+00 -1.2638E-01
  2.0868E+00  7.8000E+02  3.7852E+01  4.1722E+01  1.9791E+00 -1.3611E+00 -1.2470E-01
  1.6718E+00  8.2000E+02  4.0095E+01  4.3389E+01  1.8407E+00 -1.3867E+00 -1.2143E-01
  1.2742E+00  8.6000E+02  4.2265E+01  4.5001E+01  1.7079E+00 -1.4020E+00 -1.1760E-01
  8.9282E-01  9.0000E+02  4.4298E+01  4.6527E+01  1.5774E+00 -1.3320E+00 -1.0719E-01
  5.2622E-01  9.4000E+02  4.6476E+01  4.8288E+01  1.4485E+00 -1.1362E+00 -8.7877E-02
  1.7249E-01  9.8000E+02  4.9525E+01  5.0647E+01  1.3234E+00 -1.9535E+00 -1.4579E-01
