  25  8.5995000E+01
  2.7117E+01  2.0000E+01  4.4789E+00  1.1935E+02  1.1342E-01  0.0000E+00  0.0000E+00
  1.9182E+01  6.0000E+01  9.7810E+00  1.1926E+02  9.8528E-02 -6.7951E-01 -1.1376E+00
  1.5923E+01  1.0000E+02  1.2240E+01  1.1813E+02  9.1034E-02 -1.1001E+00 -7.5652E-01
  1.3786E+01  1.4000E+02  1.6541E+01  1.1792E+02  8.4807E-02 -2.1102E+00 -9.5110E-01
  1.2190E+01  1.8000E+02  2.3653E+01  1.1875E+02  7.8261E-02 -3.9354E+00 -1.3253E+00
  1.0901E+01  2.2000E+02  3.1746E+01  1.2023E+02  7.1849E-02 -5.1314E+00 -1.3954E+00
  9.8136E+00  2.6000E+02  3.9678E+01  1.2214E+02  6.5853E-02 -5.5407E+00 -1.2714E+00
  8.8685E+00  3.0000E+02  4.7442E+01  1.2445E+02  6.0239E-02 -5.7703E+00 -1.1506E+00
  8.0287E+00  3.4000E+02  5.5440E+01  1.2720E+02  5.4840E-02 -6.2452E+00 -1.1065E+00
  7.2694E+00  3.8000E+02  6.3930E+01  1.3035E+02  4.9456E-02 -7.0292E+00 -1.1260E+00
  6.5742E+00  4.2000E+02  7.2875E+01  1.3380E+02  4.4067E-02 -7.9133E+00 -1.1608E+00
  5.9315E+00  4.6000E+02  8.2015E+01  1.3743E+02  3.8787E-02 -8.5766E+00 -1.1629E+00
  5.3331E+00  5.0000E+02  9.1099E+01  1.4116E+02  3.3767E-02 -8.9339E+00 -1.1279E+00
  4.7726E+00  5.4000E+02  9.9966E+01  1.4495E+02  2.9112E-02 -9.0665E+00 -1.0722E+00
  4.2450E+00  5.8000E+02  1.0853E+02  1.4873E+02  2.4857E-02 -9.0565E+00 -1.0081E+00
  3.7462E+00  6.2000E+02  1.1673E+02  1.5246E+02  2.0988E-02 -8.9745E+00 -9.4434E-01
  3.2731E+00  6.6000E+02  1.2455E+02  1.5608E+02  1.7480E-02 -8.8659E+00 -8.8500E-01
  2.8229E+00  7.0000E+02  1.3197E+02  1.5956E+02  1.4325E-02 -8.7582E+00 -8.3185E-01
  2.3934E+00  7.4000E+02  1.3899E+02  1.6285E+02  1.1515E-02 -8.6849E+00 -7.8692E-01
  1.9828E+00  7.8000E+02  1.4564E+02  1.6594E+02  9.0240E-03 -8.6816E+00 -7.5206E-01
  1.5895E+00  8.2000E+02  1.5193E+02  1.6879E+02  6.8209E-03 -8.7471E+00 -7.2582E-01
  1.2122E+00  8.6000E+02  1.5780E+02  1.7136E+02  4.8830E-03 -8.7343E+00 -6.9529E-01
  8.4982E-01  9.0000E+02  1.6323E+02  1.7377E+02  3.2210E-03 -8.3322E+00 -6.3710E-01
  5.0108E-01  9.4000E+02  1.6857E+02  1.7645E+02  1.8900E-03 -7.6161E+00 -5.6037E-01
  1.6429E-01  9.8000E+02  1.7430E+02  1.7923E+02  9.7489E-04 -8.7504E+00 -6.2177E-01
