  25  8.5995000E+01
  2.7380E+01  2.0000E+01  5.0212E+00  1.2307E+02  2.1208E-01  0.0000E+00  0.0000E+00
  1.9585E+01  6.0000E+01  8.3315E+00  1.2115E+02  1.8908E-01 -6.7117E-01 -1.1039E+00
  1.6586E+01  1.0000E+02  9.0999E+00  1.2100E+02  1.7687E-01 -3.0433E-01 -1.9252E-01
  1.4579E+01  1.4000E+02  1.4189E+01  1.2287E+02  1.6506E-01 -1.6027E+00 -6.7877E-01
  1.3016E+01  1.8000E+02  2.5500E+01  1.2646E+02  1.5066E-01 -4.9397E+00 -1.6293E+00
  1.1707E+01  2.2000E+02  4.0895E+01  1.3164E+02  1.3472E-01 -7.8070E+00 -2.1550E+00
  1.0569E+01  2.6000E+02  5.7797E+01  1.3736E+02  1.1792E-01 -9.8278E+00 -2.3599E+00
  9.5599E+00  3.0000E+02  7.4262E+01  1.4315E+02  1.0156E-01 -1.0580E+01 -2.2527E+00
  8.6528E+00  3.4000E+02  8.9632E+01  1.4885E+02  8.6430E-02 -1.0655E+01 -2.0391E+00
  7.8284E+00  3.8000E+02  1.0388E+02  1.5450E+02  7.2794E-02 -1.0427E+01 -1.8136E+00
  7.0719E+00  4.2000E+02  1.1706E+02  1.6010E+02  6.0755E-02 -1.0029E+01 -1.6006E+00
  6.3721E+00  4.6000E+02  1.2918E+02  1.6555E+02  5.0281E-02 -9.5321E+00 -1.4074E+00
  5.7204E+00  5.0000E+02  1.4027E+02  1.7072E+02  4.1164E-02 -9.0699E+00 -1.2470E+00
  5.1105E+00  5.4000E+02  1.5025E+02  1.7548E+02  3.3277E-02 -8.5768E+00 -1.1037E+00
  4.5373E+00  5.8000E+02  1.5902E+02  1.7967E+02  2.6608E-02 -7.9704E+00 -9.6387E-01
  3.9969E+00  6.2000E+02  1.6655E+02  1.8323E+02  2.1047E-02 -7.3550E+00 -8.3855E-01
  3.4862E+00  6.6000E+02  1.7302E+02  1.8619E+02  1.6270E-02 -6.8588E+00 -7.3908E-01
  3.0023E+00  7.0000E+02  1.7882E+02  1.8888E+02  1.1936E-02 -6.4421E+00 -6.5765E-01
  2.5425E+00  7.4000E+02  1.8431E+02  1.9166E+02  8.0505E-03 -5.9020E+00 -5.7248E-01
  2.1043E+00  7.8000E+02  1.8934E+02  1.9450E+02  4.9423E-03 -5.0077E+00 -4.6299E-01
  1.6855E+00  8.2000E+02  1.9370E+02  1.9724E+02  2.7920E-03 -3.8709E+00 -3.4204E-01
  1.2844E+00  8.6000E+02  1.9738E+02  1.9972E+02  1.4509E-03 -2.9910E+00 -2.5311E-01
  8.9978E-01  9.0000E+02  2.0026E+02  2.0179E+02  6.2260E-04 -2.0734E+00 -1.6825E-01
  5.3030E-01  9.4000E+02  2.0329E+02  2.0453E+02  1.9537E-04 -7.8283E-01 -6.1025E-02
  1.7381E-01  9.8000E+02  2.0750E+02  2.0813E+02  4.4793E-05 -1.7176E+00 -1.2918E-01
