  25  8.5995000E+01
  2.5919E+01  2.0000E+01  3.6458E+00  1.0990E+02  1.7408E-01  0.0000E+00  0.0000E+00
  1.8324E+01  6.0000E+01  7.8155E+00  1.1001E+02  1.5407E-01 -5.3492E-01 -8.5714E-01
  1.5158E+01  1.0000E+02  1.0175E+01  1.0968E+02  1.4297E-01 -8.5033E-01 -5.6809E-01
  1.3040E+01  1.4000E+02  1.1500E+01  1.0883E+02  1.3538E-01 -1.0263E+00 -4.5847E-01
  1.1491E+01  1.8000E+02  1.3484E+01  1.0817E+02  1.2930E-01 -1.7024E+00 -5.5645E-01
  1.0275E+01  2.2000E+02  1.7325E+01  1.0837E+02  1.2294E-01 -3.0004E+00 -7.6969E-01
  9.2630E+00  2.6000E+02  2.2135E+01  1.0940E+02  1.1654E-01 -3.7273E+00 -7.9592E-01
  8.3858E+00  3.0000E+02  2.7661E+01  1.1108E+02  1.1026E-01 -4.3879E+00 -8.1214E-01
  7.6048E+00  3.4000E+02  3.3866E+01  1.1318E+02  1.0394E-01 -5.2605E+00 -8.6675E-01
  6.8975E+00  3.8000E+02  4.0675E+01  1.1555E+02  9.7354E-02 -6.2704E+00 -9.3566E-01
  6.2494E+00  4.2000E+02  4.7880E+01  1.1817E+02  9.0550E-02 -7.0791E+00 -9.6794E-01
  5.6500E+00  4.6000E+02  5.5271E+01  1.2106E+02  8.3719E-02 -7.5010E+00 -9.4861E-01
  5.0910E+00  5.0000E+02  6.2827E+01  1.2427E+02  7.6982E-02 -7.7803E+00 -9.1757E-01
  4.5660E+00  5.4000E+02  7.0629E+01  1.2775E+02  7.0364E-02 -8.2287E+00 -9.1156E-01
  4.0699E+00  5.8000E+02  7.8705E+01  1.3143E+02  6.3844E-02 -8.8756E+00 -9.2894E-01
  3.5991E+00  6.2000E+02  8.7009E+01  1.3522E+02  5.7406E-02 -9.5887E+00 -9.5242E-01
  3.1507E+00  6.6000E+02  9.5428E+01  1.3905E+02  5.1098E-02 -1.0218E+01 -9.6657E-01
  2.7225E+00  7.0000E+02  1.0383E+02  1.4289E+02  4.4992E-02 -1.0669E+01 -9.6388E-01
  2.3126E+00  7.4000E+02  1.1209E+02  1.4667E+02  3.9142E-02 -1.0925E+01 -9.4496E-01
  1.9193E+00  7.8000E+02  1.2012E+02  1.5036E+02  3.3574E-02 -1.1015E+01 -9.1394E-01
  1.5413E+00  8.2000E+02  1.2785E+02  1.5394E+02  2.8301E-02 -1.0993E+01 -8.7660E-01
  1.1775E+00  8.6000E+02  1.3526E+02  1.5739E+02  2.3355E-02 -1.0905E+01 -8.3707E-01
  8.2672E-01  9.0000E+02  1.4235E+02  1.6068E+02  1.8772E-02 -1.0804E+01 -7.9951E-01
  4.8807E-01  9.4000E+02  1.4936E+02  1.6395E+02  1.4449E-02 -1.1038E+01 -7.8863E-01
  1.6020E-01  9.8000E+02  1.5666E+02  1.6690E+02  1.0576E-02 -1.3276E+01 -9.1833E-01
