  25  3.9900000E+00
  2.7403E+01  2.0000E+01  9.8034E+00  1.6086E+01  9.7677E+00  0.0000E+00  0.0000E+00
  1.9615E+01  6.0000E+01  9.4001E+00  1.6102E+01  9.3108E+00  5.3838E-02  8.8462E-02
  1.6638E+01  1.0000E+02  9.2276E+00  1.6191E+01  9.1056E+00  8.7641E-02  5.5041E-02
  1.4642E+01  1.4000E+02  9.0753E+00  1.6382E+01  8.8684E+00  1.7200E-01  7.2441E-02
  1.3079E+01  1.8000E+02  8.9552E+00  1.6813E+01  8.3841E+00  3.5258E-01  1.1625E-01
  1.1769E+01  2.2000E+02  9.2630E+00  1.7674E+01  7.7221E+00  4.2239E-01  1.1677E-01
  1.0627E+01  2.6000E+02  1.0320E+01  1.8989E+01  6.9558E+00  2.2600E-01  5.4442E-02
  9.6130E+00  3.0000E+02  1.2150E+01  2.0688E+01  6.2185E+00 -1.2841E-01 -2.7467E-02
  8.7006E+00  3.4000E+02  1.4543E+01  2.2676E+01  5.5926E+00 -4.4528E-01 -8.5715E-02
  7.8705E+00  3.8000E+02  1.7257E+01  2.4867E+01  5.0951E+00 -6.2977E-01 -1.1028E-01
  7.1087E+00  4.2000E+02  2.0125E+01  2.7181E+01  4.6908E+00 -7.2730E-01 -1.1690E-01
  6.4042E+00  4.6000E+02  2.3076E+01  2.9551E+01  4.3477E+00 -8.2472E-01 -1.2257E-01
  5.7489E+00  5.0000E+02  2.6046E+01  3.1910E+01  4.0465E+00 -9.3312E-01 -1.2902E-01
  5.1362E+00  5.4000E+02  2.8981E+01  3.4222E+01  3.7769E+00 -1.0158E+00 -1.3130E-01
  4.5609E+00  5.8000E+02  3.1830E+01  3.6458E+01  3.5325E+00 -1.0643E+00 -1.2918E-01
  4.0188E+00  6.2000E+02  3.4557E+01  3.8599E+01  3.3081E+00 -1.0812E+00 -1.2366E-01
  3.5063E+00  6.6000E+02  3.7152E+01  4.0648E+01  3.0999E+00 -1.0658E+00 -1.1525E-01
  3.0202E+00  7.0000E+02  3.9656E+01  4.2653E+01  2.9052E+00 -1.0272E+00 -1.0533E-01
  2.5579E+00  7.4000E+02  4.2097E+01  4.4637E+01  2.7227E+00 -9.8831E-01 -9.6390E-02
  2.1171E+00  7.8000E+02  4.4458E+01  4.6579E+01  2.5521E+00 -9.4984E-01 -8.8336E-02
  1.6958E+00  8.2000E+02  4.6716E+01  4.8452E+01  2.3932E+00 -9.1427E-01 -8.1265E-02
  1.2924E+00  8.6000E+02  4.8856E+01  5.0220E+01  2.2440E+00 -9.2324E-01 -7.8592E-02
  9.0539E-01  9.0000E+02  5.0769E+01  5.1811E+01  2.0975E+00 -8.3078E-01 -6.7828E-02
  5.3349E-01  9.4000E+02  5.2992E+01  5.3773E+01  1.9510E+00 -7.0305E-01 -5.5164E-02
  1.7478E-01  9.8000E+02  5.5922E+01  5.6151E+01  1.8028E+00 -1.5384E+00 -1.1643E-01
