  25  3.9900000E+00
  2.7138E+01  2.0000E+01  9.7378E+00  1.3542E+01  9.7115E+00  0.0000E+00  0.0000E+00
  1.9237E+01  6.0000E+01  9.3472E+00  1.3559E+01  9.2521E+00  5.1578E-02  8.5976E-02
  1.6017E+01  1.0000E+02  9.2059E+00  1.3580E+01  9.0355E+00  5.0205E-02  3.4102E-02
  1.3906E+01  1.4000E+02  9.1031E+00  1.3663E+01  8.7965E+00  8.8395E-02  3.9369E-02
  1.2316E+01  1.8000E+02  9.0070E+00  1.3857E+01  8.4183E+00  1.8241E-01  6.1216E-02
  1.1021E+01  2.2000E+02  9.0115E+00  1.4172E+01  7.9799E+00  2.3919E-01  6.5349E-02
  9.9223E+00  2.6000E+02  9.1537E+00  1.4594E+01  7.5326E+00  2.5465E-01  5.9014E-02
  8.9652E+00  3.0000E+02  9.4270E+00  1.5120E+01  7.0853E+00  2.6427E-01  5.3362E-02
  8.1143E+00  3.4000E+02  9.8650E+00  1.5772E+01  6.6488E+00  2.5114E-01  4.5087E-02
  7.3452E+00  3.8000E+02  1.0527E+01  1.6574E+01  6.2207E+00  1.8235E-01  2.9589E-02
  6.6412E+00  4.2000E+02  1.1450E+01  1.7534E+01  5.8040E+00  5.2636E-02  7.8183E-03
  5.9905E+00  4.6000E+02  1.2620E+01  1.8639E+01  5.4154E+00 -9.9655E-02 -1.3680E-02
  5.3849E+00  5.0000E+02  1.3986E+01  1.9866E+01  5.0686E+00 -2.2976E-01 -2.9359E-02
  4.8178E+00  5.4000E+02  1.5497E+01  2.1190E+01  4.7636E+00 -3.2962E-01 -3.9438E-02
  4.2842E+00  5.8000E+02  1.7115E+01  2.2582E+01  4.4930E+00 -4.2201E-01 -4.7511E-02
  3.7800E+00  6.2000E+02  1.8818E+01  2.4023E+01  4.2488E+00 -5.2281E-01 -5.5612E-02
  3.3019E+00  6.6000E+02  2.0590E+01  2.5490E+01  4.0248E+00 -6.3663E-01 -6.4209E-02
  2.8473E+00  7.0000E+02  2.2412E+01  2.6965E+01  3.8167E+00 -7.6186E-01 -7.3077E-02
  2.4138E+00  7.4000E+02  2.4263E+01  2.8429E+01  3.6212E+00 -8.9407E-01 -8.1772E-02
  1.9995E+00  7.8000E+02  2.6126E+01  2.9866E+01  3.4355E+00 -1.0287E+00 -8.9916E-02
  1.6028E+00  8.2000E+02  2.7987E+01  3.1261E+01  3.2563E+00 -1.1725E+00 -9.8141E-02
  1.2222E+00  8.6000E+02  2.9811E+01  3.2586E+01  3.0802E+00 -1.3137E+00 -1.0548E-01
  8.5669E-01  9.0000E+02  3.1563E+01  3.3834E+01  2.9038E+00 -1.3772E+00 -1.0621E-01
  5.0505E-01  9.4000E+02  3.3388E+01  3.5186E+01  2.7244E+00 -1.3471E+00 -9.9941E-02
  1.6558E-01  9.8000E+02  3.5788E+01  3.6846E+01  2.5469E+00 -2.1794E+00 -1.5609E-01
