  25  8.5995000E+01
  2.7055E+01  2.0000E+01  4.6886E+00  1.1690E+02  2.4070E-01  0.0000E+00  0.0000E+00
  1.9050E+01  6.0000E+01  1.0512E+01  1.1723E+02  2.1442E-01 -6.8641E-01 -1.1593E+00
  1.5710E+01  1.0000E+02  1.3468E+01  1.1604E+02  1.9928E-01 -1.2399E+00 -8.7380E-01
  1.3515E+01  1.4000E+02  1.6321E+01  1.1500E+02  1.8788E-01 -1.7741E+00 -8.2148E-01
  1.1901E+01  1.8000E+02  2.0558E+01  1.1454E+02  1.7780E-01 -2.9127E+00 -9.9177E-01
  1.0623E+01  2.2000E+02  2.5482E+01  1.1479E+02  1.6852E-01 -3.6549E+00 -9.8556E-01
  9.5586E+00  2.6000E+02  3.0912E+01  1.1572E+02  1.5971E-01 -4.2240E+00 -9.4870E-01
  8.6395E+00  3.0000E+02  3.7041E+01  1.1732E+02  1.5097E-01 -4.9309E+00 -9.5611E-01
  7.8247E+00  3.4000E+02  4.4186E+01  1.1950E+02  1.4170E-01 -6.0929E+00 -1.0474E+00
  7.0885E+00  3.8000E+02  5.2300E+01  1.2214E+02  1.3161E-01 -7.4299E+00 -1.1540E+00
  6.4145E+00  4.2000E+02  6.0944E+01  1.2514E+02  1.2098E-01 -8.3835E+00 -1.1922E+00
  5.7913E+00  4.6000E+02  6.9779E+01  1.2840E+02  1.1025E-01 -8.9431E+00 -1.1758E+00
  5.2107E+00  5.0000E+02  7.8626E+01  1.3187E+02  9.9726E-02 -9.2656E+00 -1.1350E+00
  4.6664E+00  5.4000E+02  8.7390E+01  1.3549E+02  8.9618E-02 -9.4533E+00 -1.0856E+00
  4.1535E+00  5.8000E+02  9.6008E+01  1.3920E+02  8.0031E-02 -9.5670E+00 -1.0353E+00
  3.6681E+00  6.2000E+02  1.0441E+02  1.4294E+02  7.1031E-02 -9.6037E+00 -9.8355E-01
  3.2070E+00  6.6000E+02  1.1254E+02  1.4665E+02  6.2638E-02 -9.5751E+00 -9.3142E-01
  2.7678E+00  7.0000E+02  1.2035E+02  1.5028E+02  5.4811E-02 -9.5152E+00 -8.8183E-01
  2.3482E+00  7.4000E+02  1.2782E+02  1.5377E+02  4.7468E-02 -9.4790E+00 -8.3908E-01
  1.9466E+00  7.8000E+02  1.3492E+02  1.5707E+02  4.0514E-02 -9.4784E+00 -8.0312E-01
  1.5615E+00  8.2000E+02  1.4159E+02  1.6013E+02  3.3904E-02 -9.3746E+00 -7.6162E-01
  1.1918E+00  8.6000E+02  1.4780E+02  1.6303E+02  2.7668E-02 -8.9515E+00 -6.9828E-01
  8.3617E-01  9.0000E+02  1.5368E+02  1.6599E+02  2.1966E-02 -8.2083E+00 -6.1586E-01
  4.9330E-01  9.4000E+02  1.5943E+02  1.6911E+02  1.6975E-02 -7.6805E+00 -5.5558E-01
  1.6178E-01  9.8000E+02  1.6521E+02  1.7182E+02  1.2797E-02 -9.2514E+00 -6.4709E-01
