  25  3.9900000E+00
  2.7095E+01  2.0000E+01  3.2963E+00  1.1916E+01  3.2689E+00  0.0000E+00  0.0000E+00
  1.9106E+01  6.0000E+01  3.2195E+00  1.1928E+01  3.1112E+00  1.1039E-02  1.8605E-02
  1.5792E+01  1.0000E+02  3.2197E+00  1.1918E+01  3.0160E+00 -3.0363E-03 -2.1235E-03
  1.3618E+01  1.4000E+02  3.2399E+00  1.1935E+01  2.9010E+00 -1.5505E-03 -7.1108E-04
  1.2011E+01  1.8000E+02  3.2814E+00  1.2005E+01  2.7373E+00  1.7794E-02  6.0310E-03
  1.0730E+01  2.2000E+02  3.3558E+00  1.2149E+01  2.5635E+00  5.4561E-02  1.4751E-02
  9.6572E+00  2.6000E+02  3.4745E+00  1.2375E+01  2.3886E+00  1.0046E-01  2.2737E-02
  8.7286E+00  3.0000E+02  3.6846E+00  1.2696E+01  2.2136E+00  1.1941E-01  2.3394E-02
  7.9042E+00  3.4000E+02  4.0531E+00  1.3131E+01  2.0371E+00  8.0154E-02  1.3940E-02
  7.1590E+00  3.8000E+02  4.6396E+00  1.3697E+01  1.8604E+00 -2.8050E-02 -4.4101E-03
  6.4766E+00  4.2000E+02  5.4711E+00  1.4400E+01  1.6928E+00 -1.8719E-01 -2.6952E-02
  5.8456E+00  4.6000E+02  6.5356E+00  1.5241E+01  1.5426E+00 -3.5479E-01 -4.7229E-02
  5.2579E+00  5.0000E+02  7.7917E+00  1.6211E+01  1.4103E+00 -4.8652E-01 -6.0326E-02
  4.7072E+00  5.4000E+02  9.1981E+00  1.7300E+01  1.2933E+00 -5.7648E-01 -6.6985E-02
  4.1884E+00  5.8000E+02  1.0724E+01  1.8491E+01  1.1892E+00 -6.4573E-01 -7.0673E-02
  3.6977E+00  6.2000E+02  1.2349E+01  1.9765E+01  1.0964E+00 -7.1491E-01 -7.4010E-02
  3.2319E+00  6.6000E+02  1.4053E+01  2.1097E+01  1.0134E+00 -7.9815E-01 -7.8439E-02
  2.7884E+00  7.0000E+02  1.5817E+01  2.2463E+01  9.3846E-01 -8.9951E-01 -8.4173E-02
  2.3650E+00  7.4000E+02  1.7620E+01  2.3833E+01  8.6954E-01 -1.0213E+00 -9.1234E-02
  1.9599E+00  7.8000E+02  1.9436E+01  2.5179E+01  8.0506E-01 -1.1617E+00 -9.9284E-02
  1.5717E+00  8.2000E+02  2.1223E+01  2.6464E+01  7.4382E-01 -1.2916E+00 -1.0579E-01
  1.1991E+00  8.6000E+02  2.2941E+01  2.7685E+01  6.8511E-01 -1.3335E+00 -1.0481E-01
  8.4105E-01  9.0000E+02  2.4664E+01  2.8948E+01  6.2893E-01 -1.2860E+00 -9.7145E-02
  4.9610E-01  9.4000E+02  2.6583E+01  3.0394E+01  5.7557E-01 -1.3719E+00 -9.9842E-02
  1.6268E-01  9.8000E+02  2.8829E+01  3.1857E+01  5.2561E-01 -2.3490E+00 -1.6524E-01
