  25  8.5995000E+01
  2.7177E+01  2.0000E+01  4.4607E+00  1.2193E+02  1.4739E-01  0.0000E+00  0.0000E+00
  1.9310E+01  6.0000E+01  9.2343E+00  1.2146E+02  1.2933E-01 -6.6616E-01 -1.1058E+00
  1.6127E+01  1.0000E+02  1.1270E+01  1.2054E+02  1.1980E-01 -9.3032E-01 -6.2464E-01
  1.4037E+01  1.4000E+02  1.6284E+01  1.2116E+02  1.1134E-01 -2.1044E+00 -9.2781E-01
  1.2451E+01  1.8000E+02  2.5041E+01  1.2315E+02  1.0231E-01 -4.2603E+00 -1.4261E+00
  1.1150E+01  2.2000E+02  3.5414E+01  1.2577E+02  9.3276E-02 -5.9633E+00 -1.6365E+00
  1.0041E+01  2.6000E+02  4.5785E+01  1.2870E+02  8.4614E-02 -6.7134E+00 -1.5702E+00
  9.0721E+00  3.0000E+02  5.5618E+01  1.3176E+02  7.6577E-02 -6.9830E+00 -1.4281E+00
  8.2088E+00  3.4000E+02  6.4899E+01  1.3501E+02  6.9189E-02 -6.9907E+00 -1.2732E+00
  7.4285E+00  3.8000E+02  7.3980E+01  1.3850E+02  6.2272E-02 -7.1660E+00 -1.1798E+00
  6.7145E+00  4.2000E+02  8.3109E+01  1.4222E+02  5.5687E-02 -7.5780E+00 -1.1415E+00
  6.0550E+00  4.6000E+02  9.2269E+01  1.4607E+02  4.9414E-02 -8.0388E+00 -1.1186E+00
  5.4413E+00  5.0000E+02  1.0128E+02  1.4997E+02  4.3546E-02 -8.3454E+00 -1.0806E+00
  4.8668E+00  5.4000E+02  1.0997E+02  1.5380E+02  3.8170E-02 -8.4405E+00 -1.0230E+00
  4.3265E+00  5.8000E+02  1.1824E+02  1.5752E+02  3.3283E-02 -8.4287E+00 -9.6079E-01
  3.8163E+00  6.2000E+02  1.2609E+02  1.6107E+02  2.8810E-02 -8.4262E+00 -9.0702E-01
  3.3329E+00  6.6000E+02  1.3360E+02  1.6446E+02  2.4648E-02 -8.5137E+00 -8.6838E-01
  2.8734E+00  7.0000E+02  1.4084E+02  1.6769E+02  2.0705E-02 -8.7234E+00 -8.4565E-01
  2.4355E+00  7.4000E+02  1.4786E+02  1.7078E+02  1.6934E-02 -9.0121E+00 -8.3251E-01
  2.0173E+00  7.8000E+02  1.5470E+02  1.7373E+02  1.3341E-02 -9.2757E+00 -8.1845E-01
  1.6170E+00  8.2000E+02  1.6129E+02  1.7657E+02  9.9917E-03 -9.3782E+00 -7.9210E-01
  1.2330E+00  8.6000E+02  1.6752E+02  1.7926E+02  6.9943E-03 -9.2178E+00 -7.4669E-01
  8.6425E-01  9.0000E+02  1.7318E+02  1.8175E+02  4.4445E-03 -8.6129E+00 -6.7015E-01
  5.0950E-01  9.4000E+02  1.7846E+02  1.8439E+02  2.4210E-03 -7.4089E+00 -5.5451E-01
  1.6705E-01  9.8000E+02  1.8418E+02  1.8745E+02  1.0955E-03 -7.7999E+00 -5.6355E-01
