  25  3.9900000E+00
  2.7114E+01  2.0000E+01  9.5426E+00  1.2831E+01  9.5160E+00  0.0000E+00  0.0000E+00
  1.9178E+01  6.0000E+01  9.1660E+00  1.2846E+01  9.0659E+00  4.9273E-02  8.2495E-02
  1.5919E+01  1.0000E+02  9.0355E+00  1.2853E+01  8.8521E+00  4.2334E-02  2.9107E-02
  1.3784E+01  1.4000E+02  8.9481E+00  1.2908E+01  8.6255E+00  6.6637E-02  3.0024E-02
  1.2188E+01  1.8000E+02  8.8574E+00  1.3048E+01  8.2806E+00  1.4464E-01  4.8695E-02
  1.0899E+01  2.2000E+02  8.8161E+00  1.3286E+01  7.8808E+00  2.1661E-01  5.8897E-02
  9.8117E+00  2.6000E+02  8.8679E+00  1.3617E+01  7.4798E+00  2.5634E-01  5.8821E-02
  8.8667E+00  3.0000E+02  9.0211E+00  1.4048E+01  7.0724E+00  2.9446E-01  5.8706E-02
  8.0272E+00  3.4000E+02  9.3258E+00  1.4604E+01  6.6566E+00  2.9963E-01  5.3072E-02
  7.2682E+00  3.8000E+02  9.8496E+00  1.5307E+01  6.2316E+00  2.3591E-01  3.7776E-02
  6.5731E+00  4.2000E+02  1.0627E+01  1.6161E+01  5.8061E+00  1.0913E-01  1.6003E-02
  5.9306E+00  4.6000E+02  1.1646E+01  1.7156E+01  5.4026E+00 -3.6604E-02 -4.9620E-03
  5.3323E+00  5.0000E+02  1.2865E+01  1.8276E+01  5.0408E+00 -1.6495E-01 -2.0820E-02
  4.7720E+00  5.4000E+02  1.4242E+01  1.9505E+01  4.7234E+00 -2.6575E-01 -3.1418E-02
  4.2445E+00  5.8000E+02  1.5745E+01  2.0820E+01  4.4429E+00 -3.5478E-01 -3.9483E-02
  3.7459E+00  6.2000E+02  1.7349E+01  2.2202E+01  4.1914E+00 -4.4690E-01 -4.7014E-02
  3.2728E+00  6.6000E+02  1.9033E+01  2.3625E+01  3.9627E+00 -5.4997E-01 -5.4886E-02
  2.8227E+00  7.0000E+02  2.0774E+01  2.5066E+01  3.7527E+00 -6.6687E-01 -6.3327E-02
  2.3933E+00  7.4000E+02  2.2550E+01  2.6500E+01  3.5579E+00 -7.9648E-01 -7.2155E-02
  1.9828E+00  7.8000E+02  2.4341E+01  2.7904E+01  3.3750E+00 -9.4137E-01 -8.1539E-02
  1.5895E+00  8.2000E+02  2.6118E+01  2.9249E+01  3.2001E+00 -1.1012E+00 -9.1371E-02
  1.2122E+00  8.6000E+02  2.7829E+01  3.0498E+01  3.0294E+00 -1.2239E+00 -9.7423E-02
  8.4981E-01  9.0000E+02  2.9469E+01  3.1693E+01  2.8599E+00 -1.2248E+00 -9.3649E-02
  5.0107E-01  9.4000E+02  3.1242E+01  3.3049E+01  2.6906E+00 -1.1995E+00 -8.8251E-02
  1.6429E-01  9.8000E+02  3.3508E+01  3.4614E+01  2.5260E+00 -2.0791E+00 -1.4773E-01
