  25  3.9900000E+00
  2.5666E+01  2.0000E+01  5.8620E+00  1.0378E+01  5.8482E+00  0.0000E+00  0.0000E+00
  1.8187E+01  6.0000E+01  5.6247E+00  1.0395E+01  5.5733E+00  3.4012E-02  5.3666E-02
  1.5075E+01  1.0000E+02  5.5338E+00  1.0413E+01  5.4331E+00  3.5052E-02  2.3012E-02
  1.2985E+01  1.4000E+02  5.4686E+00  1.0437E+01  5.3154E+00  4.2410E-02  1.8704E-02
  1.1453E+01  1.8000E+02  5.4002E+00  1.0485E+01  5.1875E+00  7.6311E-02  2.4663E-02
  1.0248E+01  2.2000E+02  5.3044E+00  1.0583E+01  5.0071E+00  1.6009E-01  4.0716E-02
  9.2414E+00  2.6000E+02  5.2070E+00  1.0739E+01  4.7936E+00  2.5196E-01  5.3497E-02
  8.3675E+00  3.0000E+02  5.1548E+00  1.0954E+01  4.5762E+00  3.0580E-01  5.6381E-02
  7.5890E+00  3.4000E+02  5.1700E+00  1.1231E+01  4.3458E+00  3.3672E-01  5.5307E-02
  6.8839E+00  3.8000E+02  5.2735E+00  1.1579E+01  4.0971E+00  3.4669E-01  5.1572E-02
  6.2379E+00  4.2000E+02  5.4877E+00  1.2010E+01  3.8396E+00  3.3550E-01  4.5723E-02
  5.6406E+00  4.6000E+02  5.8337E+00  1.2541E+01  3.5855E+00  3.1005E-01  3.9075E-02
  5.0834E+00  5.0000E+02  6.3421E+00  1.3190E+01  3.3421E+00  2.5170E-01  2.9585E-02
  4.5599E+00  5.4000E+02  7.0519E+00  1.3963E+01  3.1128E+00  1.2061E-01  1.3322E-02
  4.0651E+00  5.8000E+02  7.9879E+00  1.4860E+01  2.8994E+00 -7.8910E-02 -8.2382E-03
  3.5953E+00  6.2000E+02  9.1454E+00  1.5875E+01  2.7018E+00 -3.0234E-01 -2.9967E-02
  3.1477E+00  6.6000E+02  1.0494E+01  1.6998E+01  2.5189E+00 -5.0613E-01 -4.7792E-02
  2.7202E+00  7.0000E+02  1.1996E+01  1.8211E+01  2.3494E+00 -6.7396E-01 -6.0796E-02
  2.3107E+00  7.4000E+02  1.3615E+01  1.9497E+01  2.1924E+00 -8.1352E-01 -7.0271E-02
  1.9179E+00  7.8000E+02  1.5324E+01  2.0836E+01  2.0474E+00 -9.4067E-01 -7.7963E-02
  1.5403E+00  8.2000E+02  1.7101E+01  2.2211E+01  1.9138E+00 -1.0670E+00 -8.5005E-02
  1.1768E+00  8.6000E+02  1.8929E+01  2.3600E+01  1.7904E+00 -1.2059E+00 -9.2493E-02
  8.2629E-01  9.0000E+02  2.0796E+01  2.4990E+01  1.6748E+00 -1.3615E+00 -1.0068E-01
  4.8787E-01  9.4000E+02  2.2795E+01  2.6459E+01  1.5616E+00 -1.5687E+00 -1.1200E-01
  1.6015E-01  9.8000E+02  2.5168E+01  2.7959E+01  1.4521E+00 -2.6618E+00 -1.8404E-01
