  25  8.5995000E+01
  2.7252E+01  2.0000E+01  4.5626E+00  1.2292E+02  1.7099E-01  0.0000E+00  0.0000E+00
  1.9417E+01  6.0000E+01  8.8989E+00  1.2206E+02  1.5097E-01 -6.6346E-01 -1.0967E+00
  1.6293E+01  1.0000E+02  1.0598E+01  1.2135E+02  1.4024E-01 -7.7196E-01 -5.0882E-01
  1.4234E+01  1.4000E+02  1.5919E+01  1.2246E+02  1.3029E-01 -2.0439E+00 -8.8802E-01
  1.2655E+01  1.8000E+02  2.5698E+01  1.2516E+02  1.1937E-01 -4.4879E+00 -1.4947E+00
  1.1350E+01  2.2000E+02  3.7782E+01  1.2863E+02  1.0809E-01 -6.5951E+00 -1.8158E+00
  1.0231E+01  2.6000E+02  5.0311E+01  1.3253E+02  9.6900E-02 -7.7075E+00 -1.8209E+00
  9.2462E+00  3.0000E+02  6.2300E+01  1.3656E+02  8.6385E-02 -8.0855E+00 -1.6793E+00
  8.3661E+00  3.4000E+02  7.3485E+01  1.4066E+02  7.6783E-02 -8.0564E+00 -1.4959E+00
  7.5688E+00  3.8000E+02  8.4070E+01  1.4484E+02  6.8038E-02 -8.0323E+00 -1.3511E+00
  6.8387E+00  4.2000E+02  9.4245E+01  1.4909E+02  6.0041E-02 -8.1037E+00 -1.2484E+00
  6.1641E+00  4.6000E+02  1.0404E+02  1.5335E+02  5.2750E-02 -8.2120E+00 -1.1688E+00
  5.5365E+00  5.0000E+02  1.1335E+02  1.5751E+02  4.6189E-02 -8.2015E+00 -1.0860E+00
  4.9493E+00  5.4000E+02  1.2203E+02  1.6148E+02  4.0378E-02 -8.0238E+00 -9.9396E-01
  4.3975E+00  5.8000E+02  1.2999E+02  1.6516E+02  3.5276E-02 -7.7574E+00 -9.0312E-01
  3.8770E+00  6.2000E+02  1.3733E+02  1.6853E+02  3.0714E-02 -7.6178E+00 -8.3665E-01
  3.3843E+00  6.6000E+02  1.4429E+02  1.7165E+02  2.6436E-02 -7.8162E+00 -8.1247E-01
  2.9166E+00  7.0000E+02  1.5116E+02  1.7458E+02  2.2163E-02 -8.4206E+00 -8.3087E-01
  2.4715E+00  7.4000E+02  1.5813E+02  1.7743E+02  1.7729E-02 -9.2373E+00 -8.6752E-01
  2.0467E+00  7.8000E+02  1.6514E+02  1.8029E+02  1.3235E-02 -9.7760E+00 -8.7612E-01
  1.6403E+00  8.2000E+02  1.7191E+02  1.8318E+02  9.0684E-03 -9.5542E+00 -8.1913E-01
  1.2507E+00  8.6000E+02  1.7806E+02  1.8598E+02  5.6408E-03 -8.6053E+00 -7.0742E-01
  8.7651E-01  9.0000E+02  1.8320E+02  1.8848E+02  3.1066E-03 -7.0378E+00 -5.5557E-01
  5.1673E-01  9.4000E+02  1.8771E+02  1.9123E+02  1.4288E-03 -4.9091E+00 -3.7264E-01
  1.6943E-01  9.8000E+02  1.9286E+02  1.9462E+02  5.3397E-04 -5.0342E+00 -3.6887E-01
