  25  3.9900000E+00
  2.7367E+01  2.0000E+01  9.9758E+00  1.5837E+01  9.9418E+00  0.0000E+00  0.0000E+00
  1.9563E+01  6.0000E+01  9.5642E+00  1.5853E+01  9.4758E+00  5.4870E-02  9.0339E-02
  1.6548E+01  1.0000E+02  9.3923E+00  1.5932E+01  9.2653E+00  8.3301E-02  5.2993E-02
  1.4534E+01  1.4000E+02  9.2408E+00  1.6111E+01  9.0186E+00  1.6370E-01  6.9554E-02
  1.2969E+01  1.8000E+02  9.1146E+00  1.6511E+01  8.5368E+00  3.3642E-01  1.1105E-01
  1.1662E+01  2.2000E+02  9.3626E+00  1.7288E+01  7.8913E+00  4.0491E-01  1.1167E-01
  1.0527E+01  2.6000E+02  1.0244E+01  1.8454E+01  7.1452E+00  2.5057E-01  6.0021E-02
  9.5212E+00  3.0000E+02  1.1759E+01  1.9942E+01  6.4250E+00 -2.7345E-02 -5.8018E-03
  8.6179E+00  3.4000E+02  1.3733E+01  2.1684E+01  5.8079E+00 -2.5663E-01 -4.8908E-02
  7.7973E+00  3.8000E+02  1.6002E+01  2.3648E+01  5.3155E+00 -3.7171E-01 -6.4362E-02
  7.0442E+00  4.2000E+02  1.8492E+01  2.5812E+01  4.9176E+00 -4.3240E-01 -6.8697E-02
  6.3475E+00  4.6000E+02  2.1179E+01  2.8134E+01  4.5827E+00 -5.2364E-01 -7.6974E-02
  5.6985E+00  5.0000E+02  2.3991E+01  3.0521E+01  4.2929E+00 -6.5594E-01 -8.9811E-02
  5.0909E+00  5.4000E+02  2.6815E+01  3.2861E+01  4.0404E+00 -7.9545E-01 -1.0197E-01
  4.5198E+00  5.8000E+02  2.9515E+01  3.5030E+01  3.8199E+00 -9.3021E-01 -1.1209E-01
  3.9813E+00  6.2000E+02  3.1992E+01  3.6935E+01  3.6244E+00 -1.0631E+00 -1.2078E-01
  3.4723E+00  6.6000E+02  3.4195E+01  3.8546E+01  3.4427E+00 -1.1621E+00 -1.2478E-01
  2.9903E+00  7.0000E+02  3.6231E+01  4.0014E+01  3.2622E+00 -1.1787E+00 -1.1988E-01
  2.5324E+00  7.4000E+02  3.8335E+01  4.1582E+01  3.0765E+00 -1.1714E+00 -1.1317E-01
  2.0960E+00  7.8000E+02  4.0532E+01  4.3259E+01  2.8900E+00 -1.1900E+00 -1.0957E-01
  1.6789E+00  8.2000E+02  4.2723E+01  4.4952E+01  2.7101E+00 -1.1942E+00 -1.0508E-01
  1.2795E+00  8.6000E+02  4.4820E+01  4.6566E+01  2.5389E+00 -1.2093E+00 -1.0190E-01
  8.9646E-01  9.0000E+02  4.6740E+01  4.8049E+01  2.3686E+00 -1.1410E+00 -9.2216E-02
  5.2834E-01  9.4000E+02  4.8874E+01  4.9840E+01  2.1966E+00 -9.3341E-01 -7.2495E-02
  1.7317E-01  9.8000E+02  5.1916E+01  5.2262E+01  2.0282E+00 -1.7438E+00 -1.3067E-01
