  25  8.5995000E+01
  2.7393E+01  2.0000E+01  5.1089E+00  1.2323E+02  2.6869E-01  0.0000E+00  0.0000E+00
  1.9600E+01  6.0000E+01  8.3430E+00  1.2122E+02  2.4163E-01 -6.7291E-01 -1.1063E+00
  1.6615E+01  1.0000E+02  8.9942E+00  1.2110E+02  2.2687E-01 -2.5888E-01 -1.6304E-01
  1.4615E+01  1.4000E+02  1.4025E+01  1.2309E+02  2.1258E-01 -1.5213E+00 -6.4206E-01
  1.3052E+01  1.8000E+02  2.5476E+01  1.2678E+02  1.9496E-01 -4.9627E+00 -1.6362E+00
  1.1743E+01  2.2000E+02  4.1098E+01  1.3211E+02  1.7546E-01 -7.8602E+00 -2.1715E+00
  1.0602E+01  2.6000E+02  5.8295E+01  1.3799E+02  1.5490E-01 -9.9249E+00 -2.3878E+00
  9.5902E+00  3.0000E+02  7.5145E+01  1.4395E+02  1.3454E-01 -1.0762E+01 -2.2976E+00
  8.6800E+00  3.4000E+02  9.0972E+01  1.4982E+02  1.1549E-01 -1.0942E+01 -2.1012E+00
  7.8523E+00  3.8000E+02  1.0565E+02  1.5556E+02  9.8171E-02 -1.0804E+01 -1.8865E+00
  7.0928E+00  4.2000E+02  1.1912E+02  1.6112E+02  8.2762E-02 -1.0401E+01 -1.6667E+00
  6.3904E+00  4.6000E+02  1.3140E+02  1.6648E+02  6.9235E-02 -9.8677E+00 -1.4623E+00
  5.7367E+00  5.0000E+02  1.4260E+02  1.7152E+02  5.7258E-02 -9.4132E+00 -1.2982E+00
  5.1252E+00  5.4000E+02  1.5270E+02  1.7616E+02  4.6610E-02 -8.9328E+00 -1.1525E+00
  4.5508E+00  5.8000E+02  1.6164E+02  1.8032E+02  3.7247E-02 -8.3157E+00 -1.0078E+00
  4.0093E+00  6.2000E+02  1.6941E+02  1.8398E+02  2.9117E-02 -7.6043E+00 -8.6868E-01
  3.4975E+00  6.6000E+02  1.7615E+02  1.8720E+02  2.2030E-02 -6.8613E+00 -7.4089E-01
  3.0124E+00  7.0000E+02  1.8210E+02  1.9022E+02  1.5842E-02 -6.0375E+00 -6.1794E-01
  2.5512E+00  7.4000E+02  1.8745E+02  1.9323E+02  1.0658E-02 -5.0811E+00 -4.9441E-01
  2.1115E+00  7.8000E+02  1.9216E+02  1.9618E+02  6.6895E-03 -4.0003E+00 -3.7112E-01
  1.6912E+00  8.2000E+02  1.9619E+02  1.9897E+02  3.9480E-03 -2.9626E+00 -2.6270E-01
  1.2887E+00  8.6000E+02  1.9961E+02  2.0145E+02  2.1870E-03 -2.3200E+00 -1.9702E-01
  9.0278E-01  9.0000E+02  2.0216E+02  2.0343E+02  1.0313E-03 -1.4867E+00 -1.2104E-01
  5.3210E-01  9.4000E+02  2.0515E+02  2.0629E+02  3.7656E-04 -3.4671E-01 -2.7115E-02
  1.7441E-01  9.8000E+02  2.0937E+02  2.0996E+02  1.0630E-04 -1.5389E+00 -1.1614E-01
