  25  3.9900000E+00
  2.7110E+01  2.0000E+01  3.9438E+00  1.2470E+01  3.9169E+00  0.0000E+00  0.0000E+00
  1.9156E+01  6.0000E+01  3.8340E+00  1.2484E+01  3.7311E+00  1.5472E-02  2.5964E-02
  1.5877E+01  1.0000E+02  3.8129E+00  1.2485E+01  3.6225E+00  6.8092E-03  4.7105E-03
  1.3728E+01  1.4000E+02  3.8152E+00  1.2526E+01  3.4854E+00  1.7991E-02  8.1566E-03
  1.2129E+01  1.8000E+02  3.8508E+00  1.2640E+01  3.2816E+00  4.9154E-02  1.6585E-02
  1.0843E+01  2.2000E+02  3.9525E+00  1.2844E+01  3.0642E+00  7.9165E-02  2.1480E-02
  9.7605E+00  2.6000E+02  4.1292E+00  1.3137E+01  2.8473E+00  1.0808E-01  2.4681E-02
  8.8211E+00  3.0000E+02  4.4168E+00  1.3531E+01  2.6379E+00  1.1322E-01  2.2438E-02
  7.9867E+00  3.4000E+02  4.8733E+00  1.4047E+01  2.4343E+00  7.0727E-02  1.2452E-02
  7.2322E+00  3.8000E+02  5.5602E+00  1.4703E+01  2.2347E+00 -4.1047E-02 -6.5338E-03
  6.5412E+00  4.2000E+02  6.5080E+00  1.5505E+01  2.0465E+00 -2.1083E-01 -3.0735E-02
  5.9025E+00  4.6000E+02  7.6936E+00  1.6447E+01  1.8769E+00 -3.8158E-01 -5.1424E-02
  5.3076E+00  5.0000E+02  9.0642E+00  1.7516E+01  1.7266E+00 -5.0565E-01 -6.3459E-02
  4.7504E+00  5.4000E+02  1.0573E+01  1.8698E+01  1.5931E+00 -5.8724E-01 -6.9041E-02
  4.2257E+00  5.8000E+02  1.2190E+01  1.9973E+01  1.4740E+00 -6.5211E-01 -7.2183E-02
  3.7297E+00  6.2000E+02  1.3896E+01  2.1320E+01  1.3675E+00 -7.2307E-01 -7.5673E-02
  3.2590E+00  6.6000E+02  1.5670E+01  2.2713E+01  1.2718E+00 -8.1075E-01 -8.0510E-02
  2.8111E+00  7.0000E+02  1.7495E+01  2.4127E+01  1.1849E+00 -9.1603E-01 -8.6574E-02
  2.3836E+00  7.4000E+02  1.9347E+01  2.5536E+01  1.1048E+00 -1.0388E+00 -9.3674E-02
  1.9749E+00  7.8000E+02  2.1207E+01  2.6913E+01  1.0295E+00 -1.1807E+00 -1.0182E-01
  1.5833E+00  8.2000E+02  2.3044E+01  2.8227E+01  9.5760E-01 -1.3353E+00 -1.1032E-01
  1.2076E+00  8.6000E+02  2.4805E+01  2.9447E+01  8.8778E-01 -1.4389E+00 -1.1405E-01
  8.4669E-01  9.0000E+02  2.6511E+01  3.0641E+01  8.1949E-01 -1.4181E+00 -1.0797E-01
  4.9930E-01  9.4000E+02  2.8389E+01  3.2022E+01  7.5286E-01 -1.4293E+00 -1.0476E-01
  1.6371E-01  9.8000E+02  3.0703E+01  3.3545E+01  6.8929E-01 -2.3605E+00 -1.6712E-01
