  25  3.7500000E+00
  2.6438E+01  2.0000E+01  1.2341E+03  1.1258E+02  1.2324E+03  0.0000E+00  0.0000E+00
  1.8718E+01  6.0000E+01  1.2308E+03  1.1067E+02  1.2243E+03  1.8484E-01  3.0105E-01
  1.5713E+01  1.0000E+02  1.2275E+03  1.0891E+02  1.2170E+03  5.0369E-01  3.1937E-01
  1.3761E+01  1.4000E+02  1.2231E+03  1.0705E+02  1.2087E+03  1.3120E+00  5.4041E-01
  1.2264E+01  1.8000E+02  1.2170E+03  1.0511E+02  1.1990E+03  2.7642E+00  8.7265E-01
  1.1036E+01  2.2000E+02  1.2094E+03  1.0311E+02  1.1878E+03  4.5867E+00  1.1883E+00
  9.9856E+00  2.6000E+02  1.2005E+03  1.0106E+02  1.1756E+03  6.5192E+00  1.4450E+00
  9.0573E+00  3.0000E+02  1.1907E+03  9.8961E+01  1.1626E+03  8.2943E+00  1.6244E+00
  8.2203E+00  3.4000E+02  1.1803E+03  9.6822E+01  1.1492E+03  9.8319E+00  1.7363E+00
  7.4554E+00  3.8000E+02  1.1696E+03  9.4645E+01  1.1357E+03  1.1177E+01  1.8036E+00
  6.7499E+00  4.2000E+02  1.1587E+03  9.2433E+01  1.1221E+03  1.2318E+01  1.8335E+00
  6.0944E+00  4.6000E+02  1.1478E+03  9.0187E+01  1.1086E+03  1.3179E+01  1.8227E+00
  5.4818E+00  5.0000E+02  1.1371E+03  8.7909E+01  1.0955E+03  1.3677E+01  1.7678E+00
  4.9066E+00  5.4000E+02  1.1269E+03  8.5600E+01  1.0830E+03  1.3782E+01  1.6725E+00
  4.3644E+00  5.8000E+02  1.1172E+03  8.3259E+01  1.0711E+03  1.3632E+01  1.5593E+00
  3.8517E+00  6.2000E+02  1.1078E+03  8.0888E+01  1.0597E+03  1.3625E+01  1.4739E+00
  3.3654E+00  6.6000E+02  1.0984E+03  7.8494E+01  1.0484E+03  1.4357E+01  1.4730E+00
  2.9029E+00  7.0000E+02  1.0885E+03  7.6085E+01  1.0366E+03  1.6324E+01  1.5927E+00
  2.4621E+00  7.4000E+02  1.0775E+03  7.3677E+01  1.0239E+03  1.9516E+01  1.8152E+00
  2.0409E+00  7.8000E+02  1.0653E+03  7.1285E+01  1.0102E+03  2.3183E+01  2.0603E+00
  1.6375E+00  8.2000E+02  1.0524E+03  6.8922E+01  9.9576E+02  2.6260E+01  2.2345E+00
  1.2505E+00  8.6000E+02  1.0390E+03  6.6602E+01  9.8109E+02  2.8393E+01  2.3188E+00
  8.7789E-01  9.0000E+02  1.0255E+03  6.4355E+01  9.6628E+02  3.0350E+01  2.3857E+00
  5.1823E-01  9.4000E+02  1.0116E+03  6.2252E+01  9.5124E+02  3.2789E+01  2.4881E+00
  1.7005E-01  9.8000E+02  9.9758E+02  6.0441E+01  9.3619E+02  3.5049E+01  2.5747E+00
