  25  3.7500000E+00
  2.6445E+01  2.0000E+01  1.3616E+03  1.1575E+02  1.3599E+03  0.0000E+00  0.0000E+00
  1.8815E+01  6.0000E+01  1.3583E+03  1.1387E+02  1.3517E+03  1.9158E-01  3.0841E-01
  1.5873E+01  1.0000E+02  1.3551E+03  1.1212E+02  1.3445E+03  4.9290E-01  3.0598E-01
  1.3965E+01  1.4000E+02  1.3508E+03  1.1027E+02  1.3363E+03  1.2483E+00  5.0232E-01
  1.2518E+01  1.8000E+02  1.3442E+03  1.0835E+02  1.3260E+03  3.2586E+00  9.9504E-01
  1.1314E+01  2.2000E+02  1.3339E+03  1.0636E+02  1.3121E+03  6.8948E+00  1.7514E+00
  1.0262E+01  2.6000E+02  1.3199E+03  1.0432E+02  1.2947E+03  1.1368E+01  2.5222E+00
  9.3217E+00  3.0000E+02  1.3033E+03  1.0224E+02  1.2748E+03  1.5452E+01  3.0668E+00
  8.4680E+00  3.4000E+02  1.2855E+03  1.0012E+02  1.2540E+03  1.8354E+01  3.3058E+00
  7.6848E+00  3.8000E+02  1.2676E+03  9.7971E+01  1.2331E+03  2.0153E+01  3.3302E+00
  6.9604E+00  4.2000E+02  1.2501E+03  9.5789E+01  1.2128E+03  2.1171E+01  3.2357E+00
  6.2862E+00  4.6000E+02  1.2332E+03  9.3580E+01  1.1934E+03  2.1700E+01  3.0866E+00
  5.6556E+00  5.0000E+02  1.2172E+03  9.1347E+01  1.1748E+03  2.1940E+01  2.9188E+00
  5.0633E+00  5.4000E+02  1.2018E+03  8.9092E+01  1.1572E+03  2.2039E+01  2.7541E+00
  4.5049E+00  5.8000E+02  1.1872E+03  8.6817E+01  1.1403E+03  2.2121E+01  2.6062E+00
  3.9766E+00  6.2000E+02  1.1732E+03  8.4527E+01  1.1241E+03  2.2243E+01  2.4789E+00
  3.4754E+00  6.6000E+02  1.1596E+03  8.2224E+01  1.1086E+03  2.2415E+01  2.3702E+00
  2.9986E+00  7.0000E+02  1.1465E+03  7.9912E+01  1.0936E+03  2.2644E+01  2.2783E+00
  2.5436E+00  7.4000E+02  1.1338E+03  7.7598E+01  1.0791E+03  2.2931E+01  2.2009E+00
  2.1087E+00  7.8000E+02  1.1214E+03  7.5287E+01  1.0650E+03  2.3250E+01  2.1336E+00
  1.6920E+00  8.2000E+02  1.1092E+03  7.2988E+01  1.0514E+03  2.3577E+01  2.0728E+00
  1.2919E+00  8.6000E+02  1.0974E+03  7.0713E+01  1.0380E+03  2.4011E+01  2.0265E+00
  9.0696E-01  9.0000E+02  1.0856E+03  6.8490E+01  1.0249E+03  2.4868E+01  2.0198E+00
  5.3537E-01  9.4000E+02  1.0735E+03  6.6381E+01  1.0116E+03  2.6774E+01  2.0990E+00
  1.7566E-01  9.8000E+02  1.0607E+03  6.4567E+01  9.9769E+02  3.0549E+01  2.3184E+00
