  25  3.7500000E+00
  2.6450E+01  2.0000E+01  1.1671E+03  1.0995E+02  1.1654E+03  0.0000E+00  0.0000E+00
  1.8702E+01  6.0000E+01  1.1638E+03  1.0803E+02  1.1573E+03  1.8062E-01  2.9528E-01
  1.5619E+01  1.0000E+02  1.1605E+03  1.0626E+02  1.1501E+03  4.8467E-01  3.1525E-01
  1.3615E+01  1.4000E+02  1.1562E+03  1.0438E+02  1.1420E+03  1.2140E+00  5.1322E-01
  1.2100E+01  1.8000E+02  1.1506E+03  1.0243E+02  1.1327E+03  2.4372E+00  7.7905E-01
  1.0865E+01  2.2000E+02  1.1439E+03  1.0042E+02  1.1225E+03  3.8236E+00  9.9578E-01
  9.8159E+00  2.6000E+02  1.1364E+03  9.8368E+01  1.1117E+03  5.1650E+00  1.1438E+00
  8.8936E+00  3.0000E+02  1.1284E+03  9.6265E+01  1.1006E+03  6.3872E+00  1.2428E+00
  8.0658E+00  3.4000E+02  1.1200E+03  9.4120E+01  1.0892E+03  7.5355E+00  1.3162E+00
  7.3122E+00  3.8000E+02  1.1112E+03  9.1938E+01  1.0777E+03  8.7208E+00  1.3866E+00
  6.6191E+00  4.2000E+02  1.1021E+03  8.9722E+01  1.0659E+03  9.9919E+00  1.4610E+00
  5.9767E+00  4.6000E+02  1.0926E+03  8.7475E+01  1.0539E+03  1.1245E+01  1.5241E+00
  5.3774E+00  5.0000E+02  1.0830E+03  8.5200E+01  1.0419E+03  1.2270E+01  1.5515E+00
  4.8153E+00  5.4000E+02  1.0734E+03  8.2897E+01  1.0300E+03  1.2952E+01  1.5360E+00
  4.2857E+00  5.8000E+02  1.0640E+03  8.0567E+01  1.0185E+03  1.3399E+01  1.4971E+00
  3.7847E+00  6.2000E+02  1.0547E+03  7.8213E+01  1.0072E+03  1.3877E+01  1.4666E+00
  3.3093E+00  6.6000E+02  1.0453E+03  7.5839E+01  9.9596E+02  1.4667E+01  1.4712E+00
  2.8566E+00  7.0000E+02  1.0357E+03  7.3449E+01  9.8458E+02  1.5959E+01  1.5241E+00
  2.4245E+00  7.4000E+02  1.0256E+03  7.1053E+01  9.7283E+02  1.7831E+01  1.6256E+00
  2.0110E+00  7.8000E+02  1.0149E+03  6.8660E+01  9.6055E+02  2.0178E+01  1.7603E+00
  1.6145E+00  8.2000E+02  1.0035E+03  6.6285E+01  9.4775E+02  2.2695E+01  1.8987E+00
  1.2333E+00  8.6000E+02  9.9161E+02  6.3943E+01  9.3451E+02  2.5102E+01  2.0185E+00
  8.6610E-01  9.0000E+02  9.7919E+02  6.1667E+01  9.2088E+02  2.7609E+01  2.1390E+00
  5.1137E-01  9.4000E+02  9.6613E+02  5.9522E+01  9.0671E+02  3.0782E+01  2.3038E+00
  1.6781E-01  9.8000E+02  9.5275E+02  5.7645E+01  8.9232E+02  3.3491E+01  2.4276E+00
