  25  3.7500000E+00
  2.6444E+01  2.0000E+01  1.2713E+03  1.1379E+02  1.2696E+03  0.0000E+00  0.0000E+00
  1.8740E+01  6.0000E+01  1.2679E+03  1.1189E+02  1.2614E+03  1.8674E-01  3.0352E-01
  1.5770E+01  1.0000E+02  1.2647E+03  1.1013E+02  1.2542E+03  5.0468E-01  3.1626E-01
  1.3842E+01  1.4000E+02  1.2603E+03  1.0827E+02  1.2459E+03  1.3366E+00  5.4348E-01
  1.2358E+01  1.8000E+02  1.2539E+03  1.0634E+02  1.2358E+03  2.9565E+00  9.2572E-01
  1.1135E+01  2.2000E+02  1.2456E+03  1.0434E+02  1.2240E+03  5.1501E+00  1.3291E+00
  1.0084E+01  2.6000E+02  1.2356E+03  1.0230E+02  1.2106E+03  7.6100E+00  1.6883E+00
  9.1516E+00  3.0000E+02  1.2243E+03  1.0021E+02  1.1961E+03  9.9116E+00  1.9487E+00
  8.3100E+00  3.4000E+02  1.2122E+03  9.8072E+01  1.1810E+03  1.1827E+01  2.1003E+00
  7.5398E+00  3.8000E+02  1.1997E+03  9.5902E+01  1.1657E+03  1.3336E+01  2.1670E+00
  6.8283E+00  4.2000E+02  1.1873E+03  9.3696E+01  1.1505E+03  1.4438E+01  2.1672E+00
  6.1664E+00  4.6000E+02  1.1750E+03  9.1457E+01  1.1356E+03  1.5116E+01  2.1110E+00
  5.5470E+00  5.0000E+02  1.1632E+03  8.9186E+01  1.1214E+03  1.5364E+01  2.0078E+00
  4.9648E+00  5.4000E+02  1.1521E+03  8.6883E+01  1.1079E+03  1.5188E+01  1.8654E+00
  4.4156E+00  5.8000E+02  1.1417E+03  8.4547E+01  1.0953E+03  1.4699E+01  1.7032E+00
  3.8960E+00  6.2000E+02  1.1319E+03  8.2179E+01  1.0835E+03  1.4315E+01  1.5694E+00
  3.4031E+00  6.6000E+02  1.1222E+03  7.9784E+01  1.0718E+03  1.4819E+01  1.5412E+00
  2.9343E+00  7.0000E+02  1.1118E+03  7.7378E+01  1.0596E+03  1.6897E+01  1.6709E+00
  2.4877E+00  7.4000E+02  1.1004E+03  7.4976E+01  1.0464E+03  2.0331E+01  1.9157E+00
  2.0612E+00  7.8000E+02  1.0878E+03  7.2593E+01  1.0323E+03  2.3880E+01  2.1488E+00
  1.6532E+00  8.2000E+02  1.0746E+03  7.0238E+01  1.0176E+03  2.6465E+01  2.2785E+00
  1.2619E+00  8.6000E+02  1.0613E+03  6.7925E+01  1.0029E+03  2.8275E+01  2.3339E+00
  8.8572E-01  9.0000E+02  1.0476E+03  6.5692E+01  9.8792E+02  3.0410E+01  2.4137E+00
  5.2277E-01  9.4000E+02  1.0336E+03  6.3608E+01  9.7273E+02  3.2894E+01  2.5189E+00
  1.7152E-01  9.8000E+02  1.0194E+03  6.1829E+01  9.5750E+02  3.5269E+01  2.6136E+00
