  25  3.7500000E+00
  2.6445E+01  2.0000E+01  1.2876E+03  1.1427E+02  1.2858E+03  0.0000E+00  0.0000E+00
  1.8752E+01  6.0000E+01  1.2842E+03  1.1238E+02  1.2777E+03  1.8768E-01  3.0465E-01
  1.5795E+01  1.0000E+02  1.2810E+03  1.1062E+02  1.2704E+03  5.0168E-01  3.1293E-01
  1.3877E+01  1.4000E+02  1.2766E+03  1.0877E+02  1.2622E+03  1.3293E+00  5.3805E-01
  1.2399E+01  1.8000E+02  1.2702E+03  1.0683E+02  1.2520E+03  3.0224E+00  9.4240E-01
  1.1178E+01  2.2000E+02  1.2616E+03  1.0484E+02  1.2399E+03  5.3926E+00  1.3887E+00
  1.0126E+01  2.6000E+02  1.2510E+03  1.0280E+02  1.2260E+03  8.1162E+00  1.8015E+00
  9.1923E+00  3.0000E+02  1.2389E+03  1.0071E+02  1.2107E+03  1.0716E+01  2.1112E+00
  8.3484E+00  3.4000E+02  1.2260E+03  9.8576E+01  1.1947E+03  1.2824E+01  2.2831E+00
  7.5760E+00  3.8000E+02  1.2127E+03  9.6408E+01  1.1786E+03  1.4347E+01  2.3381E+00
  6.8621E+00  4.2000E+02  1.1996E+03  9.4206E+01  1.1627E+03  1.5351E+01  2.3121E+00
  6.1976E+00  4.6000E+02  1.1867E+03  9.1971E+01  1.1473E+03  1.5944E+01  2.2354E+00
  5.5755E+00  5.0000E+02  1.1744E+03  8.9703E+01  1.1325E+03  1.6180E+01  2.1235E+00
  4.9906E+00  5.4000E+02  1.1627E+03  8.7405E+01  1.1185E+03  1.6022E+01  1.9772E+00
  4.4386E+00  5.8000E+02  1.1518E+03  8.5074E+01  1.1054E+03  1.5533E+01  1.8090E+00
  3.9162E+00  6.2000E+02  1.1416E+03  8.2711E+01  1.0930E+03  1.5086E+01  1.6629E+00
  3.4205E+00  6.6000E+02  1.1315E+03  8.0322E+01  1.0810E+03  1.5474E+01  1.6183E+00
  2.9491E+00  7.0000E+02  1.1209E+03  7.7921E+01  1.0685E+03  1.7470E+01  1.7374E+00
  2.5000E+00  7.4000E+02  1.1092E+03  7.5526E+01  1.0551E+03  2.0740E+01  1.9653E+00
  2.0711E+00  7.8000E+02  1.0966E+03  7.3148E+01  1.0409E+03  2.3859E+01  2.1588E+00
  1.6608E+00  8.2000E+02  1.0836E+03  7.0794E+01  1.0264E+03  2.5961E+01  2.2473E+00
  1.2675E+00  8.6000E+02  1.0704E+03  6.8479E+01  1.0118E+03  2.7594E+01  2.2896E+00
  8.8951E-01  9.0000E+02  1.0568E+03  6.6247E+01  9.9692E+02  3.0085E+01  2.3995E+00
  5.2495E-01  9.4000E+02  1.0427E+03  6.4172E+01  9.8167E+02  3.2920E+01  2.5321E+00
  1.7221E-01  9.8000E+02  1.0284E+03  6.2410E+01  9.6634E+02  3.5428E+01  2.6365E+00
