  25  3.7500000E+00
  2.6488E+01  2.0000E+01  1.0873E+03  1.0609E+02  1.0856E+03  0.0000E+00  0.0000E+00
  1.8702E+01  6.0000E+01  1.0840E+03  1.0416E+02  1.0776E+03  1.7495E-01  2.8739E-01
  1.5534E+01  1.0000E+02  1.0808E+03  1.0236E+02  1.0705E+03  4.5399E-01  3.0346E-01
  1.3467E+01  1.4000E+02  1.0767E+03  1.0046E+02  1.0625E+03  1.0850E+00  4.7299E-01
  1.1929E+01  1.8000E+02  1.0714E+03  9.8502E+01  1.0537E+03  2.1227E+00  6.8898E-01
  1.0690E+01  2.2000E+02  1.0654E+03  9.6486E+01  1.0443E+03  3.2200E+00  8.4197E-01
  9.6439E+00  2.6000E+02  1.0590E+03  9.4422E+01  1.0346E+03  4.2028E+00  9.2721E-01
  8.7318E+00  3.0000E+02  1.0522E+03  9.2314E+01  1.0247E+03  5.1334E+00  9.8782E-01
  7.9175E+00  3.4000E+02  1.0450E+03  9.0167E+01  1.0146E+03  6.1956E+00  1.0643E+00
  7.1789E+00  3.8000E+02  1.0372E+03  8.7987E+01  1.0041E+03  7.5564E+00  1.1776E+00
  6.5008E+00  4.2000E+02  1.0288E+03  8.5777E+01  9.9307E+02  9.1831E+00  1.3137E+00
  5.8727E+00  4.6000E+02  1.0198E+03  8.3542E+01  9.8158E+02  1.0819E+01  1.4337E+00
  5.2868E+00  5.0000E+02  1.0104E+03  8.1282E+01  9.6986E+02  1.2188E+01  1.5067E+00
  4.7368E+00  5.4000E+02  1.0008E+03  7.9000E+01  9.5814E+02  1.3180E+01  1.5292E+00
  4.2183E+00  5.8000E+02  9.9132E+02  7.6697E+01  9.4658E+02  1.3887E+01  1.5194E+00
  3.7272E+00  6.2000E+02  9.8190E+02  7.4375E+01  9.3521E+02  1.4472E+01  1.4993E+00
  3.2606E+00  6.6000E+02  9.7253E+02  7.2036E+01  9.2403E+02  1.5053E+01  1.4819E+00
  2.8159E+00  7.0000E+02  9.6320E+02  6.9684E+01  9.1298E+02  1.5707E+01  1.4738E+00
  2.3908E+00  7.4000E+02  9.5382E+02  6.7322E+01  9.0201E+02  1.6505E+01  1.4800E+00
  1.9837E+00  7.8000E+02  9.4431E+02  6.4956E+01  8.9102E+02  1.7535E+01  1.5061E+00
  1.5930E+00  8.2000E+02  9.3457E+02  6.2596E+01  8.7989E+02  1.8906E+01  1.5587E+00
  1.2171E+00  8.6000E+02  9.2443E+02  6.0257E+01  8.6848E+02  2.0748E+01  1.6453E+00
  8.5480E-01  9.0000E+02  9.1372E+02  5.7968E+01  8.5660E+02  2.3227E+01  1.7755E+00
  5.0469E-01  9.4000E+02  9.0227E+02  5.5785E+01  8.4409E+02  2.6471E+01  1.9553E+00
  1.6561E-01  9.8000E+02  8.9036E+02  5.3814E+01  8.3121E+02  2.9326E+01  2.0980E+00
