  25  3.7500000E+00
  2.6508E+01  2.0000E+01  1.0580E+03  1.0452E+02  1.0563E+03  0.0000E+00  0.0000E+00
  1.8703E+01  6.0000E+01  1.0548E+03  1.0258E+02  1.0484E+03  1.7272E-01  2.8443E-01
  1.5508E+01  1.0000E+02  1.0515E+03  1.0078E+02  1.0412E+03  4.4251E-01  2.9829E-01
  1.3421E+01  1.4000E+02  1.0475E+03  9.8874E+01  1.0334E+03  1.0368E+00  4.5641E-01
  1.1875E+01  1.8000E+02  1.0424E+03  9.6908E+01  1.0247E+03  2.0103E+00  6.5588E-01
  1.0635E+01  2.2000E+02  1.0366E+03  9.4889E+01  1.0155E+03  3.0249E+00  7.9144E-01
  9.5915E+00  2.6000E+02  1.0305E+03  9.2822E+01  1.0062E+03  3.9249E+00  8.6378E-01
  8.6837E+00  3.0000E+02  1.0240E+03  9.0713E+01  9.9665E+02  4.8092E+00  9.2103E-01
  7.8745E+00  3.4000E+02  1.0171E+03  8.8567E+01  9.8685E+02  5.8881E+00  1.0053E+00
  7.1407E+00  3.8000E+02  1.0095E+03  8.6388E+01  9.7658E+02  7.3174E+00  1.1328E+00
  6.4673E+00  4.2000E+02  1.0012E+03  8.4182E+01  9.6572E+02  9.0198E+00  1.2816E+00
  5.8433E+00  4.6000E+02  9.9233E+02  8.1951E+01  9.5438E+02  1.0711E+01  1.4101E+00
  5.2610E+00  5.0000E+02  9.8301E+02  7.9698E+01  9.4277E+02  1.2128E+01  1.4900E+00
  4.7144E+00  5.4000E+02  9.7354E+02  7.7424E+01  9.3113E+02  1.3180E+01  1.5201E+00
  4.1987E+00  5.8000E+02  9.6405E+02  7.5130E+01  9.1961E+02  1.3942E+01  1.5167E+00
  3.7103E+00  6.2000E+02  9.5464E+02  7.2819E+01  9.0828E+02  1.4538E+01  1.4981E+00
  3.2460E+00  6.6000E+02  9.4532E+02  7.0493E+01  8.9716E+02  1.5067E+01  1.4758E+00
  2.8035E+00  7.0000E+02  9.3607E+02  6.8154E+01  8.8623E+02  1.5608E+01  1.4574E+00
  2.3804E+00  7.4000E+02  9.2685E+02  6.5806E+01  8.7543E+02  1.6247E+01  1.4500E+00
  1.9752E+00  7.8000E+02  9.1757E+02  6.3454E+01  8.6469E+02  1.7091E+01  1.4613E+00
  1.5862E+00  8.2000E+02  9.0811E+02  6.1106E+01  8.5387E+02  1.8283E+01  1.5006E+00
  1.2119E+00  8.6000E+02  8.9831E+02  5.8778E+01  8.4281E+02  1.9977E+01  1.5773E+00
  8.5117E-01  9.0000E+02  8.8799E+02  5.6496E+01  8.3133E+02  2.2289E+01  1.6966E+00
  5.0254E-01  9.4000E+02  8.7702E+02  5.4310E+01  8.1932E+02  2.5184E+01  1.8523E+00
  1.6490E-01  9.8000E+02  8.6569E+02  5.2310E+01  8.0704E+02  2.7625E+01  1.9679E+00
