  25  3.7500000E+00
  2.6463E+01  2.0000E+01  1.1419E+03  1.0881E+02  1.1402E+03  0.0000E+00  0.0000E+00
  1.8701E+01  6.0000E+01  1.1386E+03  1.0689E+02  1.1322E+03  1.7879E-01  2.9278E-01
  1.5588E+01  1.0000E+02  1.1353E+03  1.0510E+02  1.1249E+03  4.7523E-01  3.1207E-01
  1.3565E+01  1.4000E+02  1.1311E+03  1.0322E+02  1.1169E+03  1.1739E+00  5.0122E-01
  1.2043E+01  1.8000E+02  1.1256E+03  1.0127E+02  1.1077E+03  2.3330E+00  7.4923E-01
  1.0806E+01  2.2000E+02  1.1191E+03  9.9262E+01  1.0978E+03  3.6111E+00  9.4191E-01
  9.7573E+00  2.6000E+02  1.1120E+03  9.7202E+01  1.0874E+03  4.8096E+00  1.0643E+00
  8.8378E+00  3.0000E+02  1.1045E+03  9.5098E+01  1.0768E+03  5.9048E+00  1.1455E+00
  8.0140E+00  3.4000E+02  1.0966E+03  9.2952E+01  1.0659E+03  6.9915E+00  1.2152E+00
  7.2651E+00  3.8000E+02  1.0882E+03  9.0769E+01  1.0548E+03  8.2069E+00  1.2967E+00
  6.5770E+00  4.2000E+02  1.0794E+03  8.8554E+01  1.0433E+03  9.5836E+00  1.3913E+00
  5.9395E+00  4.6000E+02  1.0702E+03  8.6310E+01  1.0316E+03  1.0973E+01  1.4759E+00
  5.3449E+00  5.0000E+02  1.0607E+03  8.4039E+01  1.0197E+03  1.2143E+01  1.5234E+00
  4.7872E+00  5.4000E+02  1.0512E+03  8.1741E+01  1.0080E+03  1.2978E+01  1.5270E+00
  4.2616E+00  5.8000E+02  1.0417E+03  7.9420E+01  9.9642E+02  1.3574E+01  1.5051E+00
  3.7643E+00  6.2000E+02  1.0323E+03  7.7076E+01  9.8506E+02  1.4148E+01  1.4844E+00
  3.2921E+00  6.6000E+02  1.0229E+03  7.4713E+01  9.7380E+02  1.4895E+01  1.4839E+00
  2.8424E+00  7.0000E+02  1.0134E+03  7.2335E+01  9.6251E+02  1.5942E+01  1.5127E+00
  2.4128E+00  7.4000E+02  1.0035E+03  6.9948E+01  9.5103E+02  1.7352E+01  1.5725E+00
  2.0016E+00  7.8000E+02  9.9328E+02  6.7562E+01  9.3926E+02  1.9126E+01  1.6594E+00
  1.6071E+00  8.2000E+02  9.8255E+02  6.5188E+01  9.2711E+02  2.1179E+01  1.7628E+00
  1.2278E+00  8.6000E+02  9.7132E+02  6.2842E+01  9.1457E+02  2.3420E+01  1.8742E+00
  8.6228E-01  9.0000E+02  9.5953E+02  6.0556E+01  9.0158E+02  2.6019E+01  2.0066E+00
  5.0912E-01  9.4000E+02  9.4698E+02  5.8395E+01  8.8794E+02  2.9402E+01  2.1907E+00
  1.6707E-01  9.8000E+02  9.3400E+02  5.6489E+01  8.7397E+02  3.2363E+01  2.3355E+00
