  25  3.7500000E+00
  2.6456E+01  2.0000E+01  1.3450E+03  1.1542E+02  1.3433E+03  0.0000E+00  0.0000E+00
  1.8807E+01  6.0000E+01  1.3417E+03  1.1353E+02  1.3351E+03  1.9067E-01  3.0772E-01
  1.5866E+01  1.0000E+02  1.3385E+03  1.1178E+02  1.3279E+03  4.9434E-01  3.0674E-01
  1.3959E+01  1.4000E+02  1.3342E+03  1.0993E+02  1.3197E+03  1.3013E+00  5.2348E-01
  1.2506E+01  1.8000E+02  1.3276E+03  1.0801E+02  1.3094E+03  3.2046E+00  9.8289E-01
  1.1298E+01  2.2000E+02  1.3182E+03  1.0602E+02  1.2965E+03  6.0827E+00  1.5499E+00
  1.0246E+01  2.6000E+02  1.3062E+03  1.0397E+02  1.2810E+03  9.5206E+00  2.1124E+00
  9.3069E+00  3.0000E+02  1.2920E+03  1.0188E+02  1.2635E+03  1.2932E+01  2.5628E+00
  8.4552E+00  3.4000E+02  1.2764E+03  9.9755E+01  1.2450E+03  1.5705E+01  2.8220E+00
  7.6743E+00  3.8000E+02  1.2604E+03  9.7590E+01  1.2260E+03  1.7733E+01  2.9215E+00
  6.9521E+00  4.2000E+02  1.2445E+03  9.5393E+01  1.2073E+03  1.9080E+01  2.9070E+00
  6.2797E+00  4.6000E+02  1.2288E+03  9.3166E+01  1.1890E+03  2.0017E+01  2.8399E+00
  5.6502E+00  5.0000E+02  1.2134E+03  9.0914E+01  1.1711E+03  2.0902E+01  2.7759E+00
  5.0585E+00  5.4000E+02  1.1982E+03  8.8642E+01  1.1536E+03  2.1773E+01  2.7179E+00
  4.5004E+00  5.8000E+02  1.1834E+03  8.6353E+01  1.1365E+03  2.2506E+01  2.6501E+00
  3.9723E+00  6.2000E+02  1.1689E+03  8.4052E+01  1.1200E+03  2.3032E+01  2.5663E+00
  3.4711E+00  6.6000E+02  1.1549E+03  8.1739E+01  1.1039E+03  2.3380E+01  2.4722E+00
  2.9943E+00  7.0000E+02  1.1413E+03  7.9420E+01  1.0885E+03  2.3626E+01  2.3770E+00
  2.5394E+00  7.4000E+02  1.1281E+03  7.7097E+01  1.0736E+03  2.3837E+01  2.2875E+00
  2.1046E+00  7.8000E+02  1.1153E+03  7.4778E+01  1.0592E+03  2.4047E+01  2.2061E+00
  1.6880E+00  8.2000E+02  1.1029E+03  7.2470E+01  1.0452E+03  2.4259E+01  2.1321E+00
  1.2881E+00  8.6000E+02  1.0908E+03  7.0186E+01  1.0316E+03  2.4653E+01  2.0799E+00
  9.0356E-01  9.0000E+02  1.0787E+03  6.7956E+01  1.0182E+03  2.5688E+01  2.0841E+00
  5.3307E-01  9.4000E+02  1.0663E+03  6.5846E+01  1.0046E+03  2.7697E+01  2.1650E+00
  1.7489E-01  9.8000E+02  1.0531E+03  6.4053E+01  9.9025E+02  3.1955E+01  2.4148E+00
