  25  3.7500000E+00
  2.6499E+01  2.0000E+01  1.0873E+03  1.0609E+02  1.0856E+03  0.0000E+00  0.0000E+00
  1.8704E+01  6.0000E+01  1.0840E+03  1.0416E+02  1.0776E+03  1.7466E-01  2.8726E-01
  1.5533E+01  1.0000E+02  1.0808E+03  1.0236E+02  1.0705E+03  4.5352E-01  3.0340E-01
  1.3467E+01  1.4000E+02  1.0767E+03  1.0046E+02  1.0625E+03  1.0853E+00  4.7302E-01
  1.1929E+01  1.8000E+02  1.0714E+03  9.8501E+01  1.0537E+03  2.1231E+00  6.8887E-01
  1.0690E+01  2.2000E+02  1.0654E+03  9.6484E+01  1.0443E+03  3.2200E+00  8.4180E-01
  9.6444E+00  2.6000E+02  1.0590E+03  9.4420E+01  1.0346E+03  4.2036E+00  9.2730E-01
  8.7322E+00  3.0000E+02  1.0522E+03  9.2312E+01  1.0247E+03  5.1362E+00  9.8845E-01
  7.9179E+00  3.4000E+02  1.0450E+03  9.0166E+01  1.0146E+03  6.1968E+00  1.0647E+00
  7.1791E+00  3.8000E+02  1.0372E+03  8.7985E+01  1.0041E+03  7.5405E+00  1.1752E+00
  6.5011E+00  4.2000E+02  1.0288E+03  8.5775E+01  9.9311E+02  9.1331E+00  1.3066E+00
  5.8730E+00  4.6000E+02  1.0199E+03  8.3539E+01  9.8167E+02  1.0740E+01  1.4233E+00
  5.2870E+00  5.0000E+02  1.0105E+03  8.1279E+01  9.7000E+02  1.2108E+01  1.4970E+00
  4.7370E+00  5.4000E+02  1.0010E+03  7.8997E+01  9.5831E+02  1.3135E+01  1.5240E+00
  4.2184E+00  5.8000E+02  9.9148E+02  7.6694E+01  9.4674E+02  1.3894E+01  1.5202E+00
  3.7273E+00  6.2000E+02  9.8203E+02  7.4372E+01  9.3535E+02  1.4521E+01  1.5045E+00
  3.2607E+00  6.6000E+02  9.7264E+02  7.2033E+01  9.2413E+02  1.5119E+01  1.4885E+00
  2.8159E+00  7.0000E+02  9.6327E+02  6.9680E+01  9.1306E+02  1.5770E+01  1.4798E+00
  2.3909E+00  7.4000E+02  9.5387E+02  6.7319E+01  9.0206E+02  1.6562E+01  1.4852E+00
  1.9838E+00  7.8000E+02  9.4434E+02  6.4953E+01  8.9104E+02  1.7594E+01  1.5111E+00
  1.5930E+00  8.2000E+02  9.3457E+02  6.2593E+01  8.7989E+02  1.8965E+01  1.5635E+00
  1.2172E+00  8.6000E+02  9.2442E+02  6.0255E+01  8.6847E+02  2.0791E+01  1.6486E+00
  8.5485E-01  9.0000E+02  9.1371E+02  5.7966E+01  8.5658E+02  2.3246E+01  1.7769E+00
  5.0473E-01  9.4000E+02  9.0225E+02  5.5783E+01  8.4406E+02  2.6480E+01  1.9560E+00
  1.6562E-01  9.8000E+02  8.9033E+02  5.3813E+01  8.3118E+02  2.9338E+01  2.0990E+00
