  25  3.7500000E+00
  2.6432E+01  2.0000E+01  1.2341E+03  1.1257E+02  1.2324E+03  0.0000E+00  0.0000E+00
  1.8718E+01  6.0000E+01  1.2308E+03  1.1066E+02  1.2243E+03  1.8497E-01  3.0104E-01
  1.5715E+01  1.0000E+02  1.2275E+03  1.0890E+02  1.2170E+03  5.0411E-01  3.1940E-01
  1.3762E+01  1.4000E+02  1.2231E+03  1.0704E+02  1.2087E+03  1.3105E+00  5.3986E-01
  1.2265E+01  1.8000E+02  1.2170E+03  1.0510E+02  1.1990E+03  2.7594E+00  8.7135E-01
  1.1037E+01  2.2000E+02  1.2094E+03  1.0310E+02  1.1878E+03  4.5887E+00  1.1890E+00
  9.9865E+00  2.6000E+02  1.2005E+03  1.0105E+02  1.1756E+03  6.5364E+00  1.4490E+00
  9.0582E+00  3.0000E+02  1.1906E+03  9.8949E+01  1.1626E+03  8.3140E+00  1.6284E+00
  8.2210E+00  3.4000E+02  1.1803E+03  9.6810E+01  1.1492E+03  9.8329E+00  1.7367E+00
  7.4560E+00  3.8000E+02  1.1696E+03  9.4633E+01  1.1356E+03  1.1156E+01  1.8004E+00
  6.7504E+00  4.2000E+02  1.1587E+03  9.2420E+01  1.1221E+03  1.2291E+01  1.8298E+00
  6.0947E+00  4.6000E+02  1.1478E+03  9.0174E+01  1.1086E+03  1.3165E+01  1.8211E+00
  5.4820E+00  5.0000E+02  1.1371E+03  8.7897E+01  1.0955E+03  1.3691E+01  1.7699E+00
  4.9067E+00  5.4000E+02  1.1269E+03  8.5587E+01  1.0830E+03  1.3828E+01  1.6784E+00
  4.3644E+00  5.8000E+02  1.1171E+03  8.3247E+01  1.0710E+03  1.3697E+01  1.5671E+00
  3.8516E+00  6.2000E+02  1.1077E+03  8.0877E+01  1.0596E+03  1.3699E+01  1.4821E+00
  3.3652E+00  6.6000E+02  1.0983E+03  7.8482E+01  1.0482E+03  1.4448E+01  1.4825E+00
  2.9028E+00  7.0000E+02  1.0883E+03  7.6074E+01  1.0364E+03  1.6445E+01  1.6045E+00
  2.4620E+00  7.4000E+02  1.0772E+03  7.3668E+01  1.0236E+03  1.9656E+01  1.8281E+00
  2.0408E+00  7.8000E+02  1.0650E+03  7.1277E+01  1.0099E+03  2.3277E+01  2.0683E+00
  1.6375E+00  8.2000E+02  1.0521E+03  6.8915E+01  9.9546E+02  2.6248E+01  2.2332E+00
  1.2505E+00  8.6000E+02  1.0388E+03  6.6595E+01  9.8083E+02  2.8301E+01  2.3110E+00
  8.7790E-01  9.0000E+02  1.0253E+03  6.4348E+01  9.6606E+02  3.0246E+01  2.3776E+00
  5.1823E-01  9.4000E+02  1.0114E+03  6.2245E+01  9.5105E+02  3.2698E+01  2.4813E+00
  1.7005E-01  9.8000E+02  9.9742E+02  6.0432E+01  9.3603E+02  3.4952E+01  2.5676E+00
