  25  3.7500000E+00
  2.6439E+01  2.0000E+01  1.1671E+03  1.0994E+02  1.1654E+03  0.0000E+00  0.0000E+00
  1.8701E+01  6.0000E+01  1.1638E+03  1.0803E+02  1.1573E+03  1.8077E-01  2.9514E-01
  1.5620E+01  1.0000E+02  1.1605E+03  1.0625E+02  1.1501E+03  4.8457E-01  3.1495E-01
  1.3616E+01  1.4000E+02  1.1562E+03  1.0437E+02  1.1420E+03  1.2123E+00  5.1270E-01
  1.2100E+01  1.8000E+02  1.1506E+03  1.0242E+02  1.1327E+03  2.4355E+00  7.7877E-01
  1.0866E+01  2.2000E+02  1.1439E+03  1.0042E+02  1.1225E+03  3.8245E+00  9.9607E-01
  9.8158E+00  2.6000E+02  1.1364E+03  9.8359E+01  1.1117E+03  5.1662E+00  1.1441E+00
  8.8936E+00  3.0000E+02  1.1284E+03  9.6256E+01  1.1006E+03  6.3785E+00  1.2411E+00
  8.0657E+00  3.4000E+02  1.1200E+03  9.4111E+01  1.0893E+03  7.5105E+00  1.3118E+00
  7.3121E+00  3.8000E+02  1.1113E+03  9.1928E+01  1.0777E+03  8.6952E+00  1.3825E+00
  6.6190E+00  4.2000E+02  1.1022E+03  8.9712E+01  1.0659E+03  9.9946E+00  1.4614E+00
  5.9766E+00  4.6000E+02  1.0927E+03  8.7465E+01  1.0539E+03  1.1284E+01  1.5295E+00
  5.3772E+00  5.0000E+02  1.0830E+03  8.5190E+01  1.0419E+03  1.2344E+01  1.5609E+00
  4.8151E+00  5.4000E+02  1.0733E+03  8.2888E+01  1.0300E+03  1.3052E+01  1.5480E+00
  4.2855E+00  5.8000E+02  1.0639E+03  8.0559E+01  1.0184E+03  1.3506E+01  1.5091E+00
  3.7846E+00  6.2000E+02  1.0545E+03  7.8206E+01  1.0070E+03  1.3978E+01  1.4773E+00
  3.3091E+00  6.6000E+02  1.0451E+03  7.5832E+01  9.9574E+02  1.4753E+01  1.4798E+00
  2.8565E+00  7.0000E+02  1.0355E+03  7.3443E+01  9.8433E+02  1.6017E+01  1.5295E+00
  2.4244E+00  7.4000E+02  1.0254E+03  7.1047E+01  9.7258E+02  1.7839E+01  1.6262E+00
  2.0110E+00  7.8000E+02  1.0147E+03  6.8654E+01  9.6032E+02  2.0124E+01  1.7554E+00
  1.6144E+00  8.2000E+02  1.0033E+03  6.6279E+01  9.4755E+02  2.2603E+01  1.8909E+00
  1.2333E+00  8.6000E+02  9.9145E+02  6.3937E+01  9.3435E+02  2.5018E+01  2.0117E+00
  8.6609E-01  9.0000E+02  9.7905E+02  6.1660E+01  9.2074E+02  2.7563E+01  2.1355E+00
  5.1136E-01  9.4000E+02  9.6599E+02  5.9516E+01  9.0658E+02  3.0761E+01  2.3022E+00
  1.6781E-01  9.8000E+02  9.5263E+02  5.7638E+01  8.9220E+02  3.3440E+01  2.4238E+00
