  25  9.5995000E+01
  2.6511E+01  2.0000E+01  1.5944E+01  2.7347E+02  1.1554E+01  0.0000E+00  0.0000E+00
  1.9431E+01  6.0000E+01  2.0977E+01  2.7550E+02  1.0985E+01 -4.2389E-01 -6.3315E-01
  1.6099E+01  1.0000E+02  2.4558E+01  2.7737E+02  1.0703E+01 -5.1320E-01 -3.6079E-01
  1.3873E+01  1.4000E+02  2.7639E+01  2.7920E+02  1.0497E+01 -5.6556E-01 -2.6558E-01
  1.2187E+01  1.8000E+02  3.0390E+01  2.8084E+02  1.0327E+01 -6.5527E-01 -2.3308E-01
  1.0827E+01  2.2000E+02  3.2739E+01  2.8225E+02  1.0178E+01 -6.9241E-01 -1.9873E-01
  9.6867E+00  2.6000E+02  3.4706E+01  2.8350E+02  1.0045E+01 -6.3250E-01 -1.5218E-01
  8.7049E+00  3.0000E+02  3.6411E+01  2.8473E+02  9.9209E+00 -4.7361E-01 -9.8098E-02
  7.8422E+00  3.4000E+02  3.8011E+01  2.8612E+02  9.8050E+00 -2.5335E-01 -4.6116E-02
  7.0705E+00  3.8000E+02  3.9717E+01  2.8777E+02  9.6952E+00 -7.4606E-02 -1.2145E-02
  6.3698E+00  4.2000E+02  4.1674E+01  2.8967E+02  9.5900E+00 -7.9597E-02 -1.1767E-02
  5.7257E+00  4.6000E+02  4.3876E+01  2.9170E+02  9.4884E+00 -2.5642E-01 -3.4849E-02
  5.1281E+00  5.0000E+02  4.6252E+01  2.9378E+02  9.3896E+00 -4.9674E-01 -6.2625E-02
  4.5699E+00  5.4000E+02  4.8745E+01  2.9586E+02  9.2932E+00 -7.4805E-01 -8.8089E-02
  4.0458E+00  5.8000E+02  5.1301E+01  2.9790E+02  9.1987E+00 -9.8808E-01 -1.0927E-01
  3.5514E+00  6.2000E+02  5.3892E+01  2.9990E+02  9.1058E+00 -1.1873E+00 -1.2384E-01
  3.0832E+00  6.6000E+02  5.6540E+01  3.0190E+02  9.0142E+00 -1.3790E+00 -1.3622E-01
  2.6381E+00  7.0000E+02  5.9276E+01  3.0391E+02  8.9238E+00 -1.6355E+00 -1.5357E-01
  2.2136E+00  7.4000E+02  6.2112E+01  3.0590E+02  8.8345E+00 -1.9861E+00 -1.7788E-01
  1.8075E+00  7.8000E+02  6.5038E+01  3.0784E+02  8.7463E+00 -2.4253E+00 -2.0780E-01
  1.4180E+00  8.2000E+02  6.8032E+01  3.0969E+02  8.6590E+00 -2.9386E+00 -2.4146E-01
  1.0438E+00  8.6000E+02  7.1062E+01  3.1141E+02  8.5727E+00 -3.5104E+00 -2.7719E-01
  6.8355E-01  9.0000E+02  7.4078E+01  3.1298E+02  8.4874E+00 -4.0184E+00 -3.0541E-01
  3.3611E-01  9.4000E+02  7.7237E+01  3.1450E+02  8.4030E+00 -4.7040E+00 -3.4481E-01
  0.0000E+00  9.8000E+02  8.0751E+01  3.1569E+02  8.3195E+00 -6.9154E+00 -4.9039E-01
