  25  3.7500000E+00
  2.6511E+01  2.0000E+01  1.3474E+03  1.2197E+02  1.3460E+03  0.0000E+00  0.0000E+00
  1.9431E+01  6.0000E+01  1.3373E+03  1.2140E+02  1.3324E+03  1.3475E+00  2.0127E+00
  1.6099E+01  1.0000E+02  1.3320E+03  1.2025E+02  1.3237E+03  1.2664E+00  8.9032E-01
  1.3873E+01  1.4000E+02  1.3278E+03  1.1882E+02  1.3163E+03  1.2288E+00  5.7702E-01
  1.2187E+01  1.8000E+02  1.3240E+03  1.1729E+02  1.3094E+03  1.3186E+00  4.6903E-01
  1.0827E+01  2.2000E+02  1.3206E+03  1.1565E+02  1.3029E+03  1.3376E+00  3.8391E-01
  9.6867E+00  2.6000E+02  1.3173E+03  1.1393E+02  1.2967E+03  1.3382E+00  3.2196E-01
  8.7049E+00  3.0000E+02  1.3142E+03  1.1214E+02  1.2908E+03  1.3599E+00  2.8168E-01
  7.8422E+00  3.4000E+02  1.3112E+03  1.1029E+02  1.2850E+03  1.4058E+00  2.5589E-01
  7.0705E+00  3.8000E+02  1.3081E+03  1.0840E+02  1.2793E+03  1.4712E+00  2.3950E-01
  6.3698E+00  4.2000E+02  1.3051E+03  1.0646E+02  1.2738E+03  1.5448E+00  2.2838E-01
  5.7257E+00  4.6000E+02  1.3021E+03  1.0449E+02  1.2684E+03  1.6180E+00  2.1990E-01
  5.1281E+00  5.0000E+02  1.2991E+03  1.0248E+02  1.2630E+03  1.6915E+00  2.1325E-01
  4.5699E+00  5.4000E+02  1.2960E+03  1.0044E+02  1.2577E+03  1.7674E+00  2.0813E-01
  4.0458E+00  5.8000E+02  1.2930E+03  9.8365E+01  1.2525E+03  1.8426E+00  2.0377E-01
  3.5514E+00  6.2000E+02  1.2899E+03  9.6257E+01  1.2474E+03  1.9178E+00  2.0005E-01
  3.0832E+00  6.6000E+02  1.2869E+03  9.4119E+01  1.2424E+03  1.9958E+00  1.9715E-01
  2.6381E+00  7.0000E+02  1.2838E+03  9.1951E+01  1.2374E+03  2.0752E+00  1.9485E-01
  2.2136E+00  7.4000E+02  1.2807E+03  8.9753E+01  1.2325E+03  2.1537E+00  1.9289E-01
  1.8075E+00  7.8000E+02  1.2775E+03  8.7528E+01  1.2276E+03  2.2318E+00  1.9122E-01
  1.4180E+00  8.2000E+02  1.2744E+03  8.5274E+01  1.2228E+03  2.3112E+00  1.8990E-01
  1.0438E+00  8.6000E+02  1.2712E+03  8.2993E+01  1.2181E+03  2.3931E+00  1.8896E-01
  6.8355E-01  9.0000E+02  1.2680E+03  8.0686E+01  1.2134E+03  2.4778E+00  1.8832E-01
  3.3611E-01  9.4000E+02  1.2648E+03  7.8354E+01  1.2088E+03  2.5651E+00  1.8803E-01
  0.0000E+00  9.8000E+02  1.2615E+03  7.5997E+01  1.2042E+03  2.6552E+00  1.8829E-01
