  26  3.7500000E+00
  3.2004E+01  1.0000E-03  1.3633E+03  1.2086E+02  1.3633E+03  0.0000E+00  0.0000E+00
  2.2758E+01  4.0000E+01  1.3622E+03  1.2064E+02  1.3616E+03  8.8328E-02  1.7231E-01
  1.7734E+01  8.0000E+01  1.3568E+03  1.1877E+02  1.3512E+03  7.1122E-01  7.5391E-01
  1.5134E+01  1.2000E+02  1.3523E+03  1.1699E+02  1.3425E+03  1.0394E+00  5.7016E-01
  1.3293E+01  1.6000E+02  1.3468E+03  1.1513E+02  1.3330E+03  1.9657E+00  7.6334E-01
  1.1843E+01  2.0000E+02  1.3402E+03  1.1320E+02  1.3226E+03  3.2320E+00  9.8889E-01
  1.0633E+01  2.4000E+02  1.3327E+03  1.1121E+02  1.3115E+03  4.5373E+00  1.1578E+00
  9.5906E+00  2.8000E+02  1.3246E+03  1.0916E+02  1.2999E+03  5.8394E+00  1.2846E+00
  8.6708E+00  3.2000E+02  1.3158E+03  1.0707E+02  1.2878E+03  7.2468E+00  1.4063E+00
  7.8452E+00  3.6000E+02  1.3064E+03  1.0493E+02  1.2753E+03  8.8423E+00  1.5402E+00
  7.0941E+00  4.0000E+02  1.2963E+03  1.0274E+02  1.2622E+03  1.0543E+01  1.6706E+00
  6.4037E+00  4.4000E+02  1.2857E+03  1.0052E+02  1.2488E+03  1.2068E+01  1.7579E+00
  5.7638E+00  4.8000E+02  1.2751E+03  9.8267E+01  1.2355E+03  1.3142E+01  1.7744E+00
  5.1667E+00  5.2000E+02  1.2646E+03  9.5975E+01  1.2224E+03  1.3760E+01  1.7334E+00
  4.6067E+00  5.6000E+02  1.2543E+03  9.3647E+01  1.2098E+03  1.4159E+01  1.6730E+00
  4.0790E+00  6.0000E+02  1.2442E+03  9.1288E+01  1.1974E+03  1.4590E+01  1.6242E+00
  3.5801E+00  6.4000E+02  1.2343E+03  8.8898E+01  1.1853E+03  1.5199E+01  1.5999E+00
  3.1069E+00  6.8000E+02  1.2243E+03  8.6484E+01  1.1733E+03  1.6039E+01  1.6015E+00
  2.6567E+00  7.2000E+02  1.2141E+03  8.4050E+01  1.1612E+03  1.7144E+01  1.6283E+00
  2.2274E+00  7.6000E+02  1.2037E+03  8.1601E+01  1.1490E+03  1.8583E+01  1.6829E+00
  1.8173E+00  8.0000E+02  1.1929E+03  7.9150E+01  1.1364E+03  2.0460E+01  1.7706E+00
  1.4245E+00  8.4000E+02  1.1814E+03  7.6711E+01  1.1234E+03  2.2888E+01  1.8965E+00
  1.0478E+00  8.8000E+02  1.1692E+03  7.4311E+01  1.1098E+03  2.6016E+01  2.0678E+00
  6.8583E-01  9.2000E+02  1.1560E+03  7.2000E+01  1.0952E+03  3.0177E+01  2.3045E+00
  3.3708E-01  9.6000E+02  1.1418E+03  6.9865E+01  1.0798E+03  3.4520E+01  2.5400E+00
  6.6830E-04  1.0000E+03  1.1274E+03  6.8067E+01  1.0643E+03  3.7397E+01  2.6543E+00
