  26  3.7500000E+00
  3.2094E+01  1.0000E-03  1.3633E+03  1.1809E+02  1.3633E+03  0.0000E+00  0.0000E+00
  2.2910E+01  4.0000E+01  1.3622E+03  1.1788E+02  1.3616E+03  8.7747E-02  1.7003E-01
  1.8041E+01  8.0000E+01  1.3569E+03  1.1598E+02  1.3513E+03  7.1605E-01  7.3556E-01
  1.5570E+01  1.2000E+02  1.3524E+03  1.1420E+02  1.3426E+03  1.0933E+00  5.6998E-01
  1.3782E+01  1.6000E+02  1.3465E+03  1.1234E+02  1.3327E+03  2.2455E+00  8.4687E-01
  1.2341E+01  2.0000E+02  1.3386E+03  1.1042E+02  1.3210E+03  4.1254E+00  1.2541E+00
  1.1117E+01  2.4000E+02  1.3287E+03  1.0844E+02  1.3075E+03  6.4720E+00  1.6722E+00
  1.0044E+01  2.8000E+02  1.3170E+03  1.0640E+02  1.2924E+03  9.0104E+00  2.0388E+00
  9.0883E+00  3.2000E+02  1.3040E+03  1.0432E+02  1.2761E+03  1.1438E+01  2.3066E+00
  8.2250E+00  3.6000E+02  1.2903E+03  1.0220E+02  1.2593E+03  1.3420E+01  2.4442E+00
  7.4366E+00  4.0000E+02  1.2766E+03  1.0004E+02  1.2426E+03  1.4703E+01  2.4458E+00
  6.7098E+00  4.4000E+02  1.2632E+03  9.7843E+01  1.2264E+03  1.5314E+01  2.3483E+00
  6.0348E+00  4.8000E+02  1.2506E+03  9.5607E+01  1.2111E+03  1.5471E+01  2.2031E+00
  5.4044E+00  5.2000E+02  1.2386E+03  9.3333E+01  1.1966E+03  1.5304E+01  2.0356E+00
  4.8129E+00  5.6000E+02  1.2275E+03  9.1021E+01  1.1832E+03  1.4840E+01  1.8518E+00
  4.2561E+00  6.0000E+02  1.2173E+03  8.8671E+01  1.1706E+03  1.4236E+01  1.6722E+00
  3.7306E+00  6.4000E+02  1.2076E+03  8.6283E+01  1.1588E+03  1.3806E+01  1.5309E+00
  3.2333E+00  6.8000E+02  1.1981E+03  8.3864E+01  1.1473E+03  1.4200E+01  1.4897E+00
  2.7619E+00  7.2000E+02  1.1880E+03  8.1429E+01  1.1352E+03  1.6403E+01  1.6315E+00
  2.3138E+00  7.6000E+02  1.1763E+03  7.8999E+01  1.1218E+03  2.0613E+01  1.9486E+00
  1.8867E+00  8.0000E+02  1.1631E+03  7.6594E+01  1.1069E+03  2.5316E+01  2.2811E+00
  1.4785E+00  8.4000E+02  1.1489E+03  7.4225E+01  1.0911E+03  2.8879E+01  2.4877E+00
  1.0872E+00  8.8000E+02  1.1342E+03  7.1913E+01  1.0750E+03  3.1701E+01  2.6170E+00
  7.1148E-01  9.2000E+02  1.1190E+03  6.9703E+01  1.0585E+03  3.4545E+01  2.7382E+00
  3.4963E-01  9.6000E+02  1.1036E+03  6.7669E+01  1.0418E+03  3.7033E+01  2.8271E+00
  7.1557E-04  1.0000E+03  1.0882E+03  6.5995E+01  1.0253E+03  3.9333E+01  2.8955E+00
