  26  3.7500000E+00
  3.2102E+01  1.0000E-03  1.3633E+03  1.1693E+02  1.3633E+03  0.0000E+00  0.0000E+00
  2.2934E+01  4.0000E+01  1.3622E+03  1.1671E+02  1.3616E+03  8.7608E-02  1.6947E-01
  1.8101E+01  8.0000E+01  1.3569E+03  1.1481E+02  1.3513E+03  7.1642E-01  7.3042E-01
  1.5664E+01  1.2000E+02  1.3524E+03  1.1303E+02  1.3426E+03  1.1036E+00  5.6760E-01
  1.3893E+01  1.6000E+02  1.3465E+03  1.1117E+02  1.3327E+03  2.3028E+00  8.6010E-01
  1.2457E+01  2.0000E+02  1.3384E+03  1.0925E+02  1.3209E+03  4.2540E+00  1.2895E+00
  1.1228E+01  2.4000E+02  1.3283E+03  1.0726E+02  1.3071E+03  6.6736E+00  1.7295E+00
  1.0148E+01  2.8000E+02  1.3161E+03  1.0523E+02  1.2915E+03  9.3292E+00  2.1265E+00
  9.1823E+00  3.2000E+02  1.3025E+03  1.0315E+02  1.2746E+03  1.1932E+01  2.4308E+00
  8.3089E+00  3.6000E+02  1.2880E+03  1.0103E+02  1.2570E+03  1.4167E+01  2.6106E+00
  7.5110E+00  4.0000E+02  1.2733E+03  9.8866E+01  1.2394E+03  1.5719E+01  2.6461E+00
  6.7760E+00  4.4000E+02  1.2590E+03  9.6669E+01  1.2222E+03  1.6536E+01  2.5645E+00
  6.0941E+00  4.8000E+02  1.2452E+03  9.4435E+01  1.2058E+03  1.6984E+01  2.4435E+00
  5.4579E+00  5.2000E+02  1.2319E+03  9.2169E+01  1.1899E+03  1.7345E+01  2.3283E+00
  4.8615E+00  5.6000E+02  1.2190E+03  8.9871E+01  1.1747E+03  1.7658E+01  2.2217E+00
  4.3004E+00  6.0000E+02  1.2066E+03  8.7545E+01  1.1601E+03  1.7969E+01  2.1274E+00
  3.7706E+00  6.4000E+02  1.1945E+03  8.5193E+01  1.1457E+03  1.8533E+01  2.0713E+00
  3.2692E+00  6.8000E+02  1.1822E+03  8.2823E+01  1.1314E+03  1.9800E+01  2.0946E+00
  2.7934E+00  7.2000E+02  1.1693E+03  8.0448E+01  1.1167E+03  2.1993E+01  2.2078E+00
  2.3407E+00  7.6000E+02  1.1559E+03  7.8081E+01  1.1014E+03  2.4487E+01  2.3390E+00
  1.9086E+00  8.0000E+02  1.1422E+03  7.5726E+01  1.0861E+03  2.6179E+01  2.3862E+00
  1.4954E+00  8.4000E+02  1.1288E+03  7.3384E+01  1.0711E+03  2.6844E+01  2.3405E+00
  1.0994E+00  8.8000E+02  1.1154E+03  7.1077E+01  1.0562E+03  2.8071E+01  2.3453E+00
  7.1938E-01  9.2000E+02  1.1014E+03  6.8863E+01  1.0409E+03  3.1011E+01  2.4863E+00
  3.5350E-01  9.6000E+02  1.0868E+03  6.6822E+01  1.0251E+03  3.4279E+01  2.6461E+00
  7.3219E-04  1.0000E+03  1.0719E+03  6.5124E+01  1.0091E+03  3.7304E+01  2.7764E+00
