  26  3.7500000E+00
  3.1766E+01  1.0000E-03  1.3633E+03  1.2197E+02  1.3633E+03  0.0000E+00  0.0000E+00
  2.2445E+01  4.0000E+01  1.3622E+03  1.2176E+02  1.3616E+03  8.8592E-02  1.7423E-01
  1.7299E+01  8.0000E+01  1.3568E+03  1.1990E+02  1.3513E+03  6.8685E-01  7.4561E-01
  1.4585E+01  1.2000E+02  1.3528E+03  1.1812E+02  1.3431E+03  8.2174E-01  4.7054E-01
  1.2683E+01  1.6000E+02  1.3487E+03  1.1626E+02  1.3350E+03  1.1912E+00  4.7810E-01
  1.1229E+01  2.0000E+02  1.3442E+03  1.1433E+02  1.3266E+03  1.7671E+00  5.4202E-01
  1.0053E+01  2.4000E+02  1.3392E+03  1.1233E+02  1.3181E+03  2.5243E+00  6.2622E-01
  9.0613E+00  2.8000E+02  1.3337E+03  1.1028E+02  1.3091E+03  3.4555E+00  7.2326E-01
  8.1967E+00  3.2000E+02  1.3276E+03  1.0818E+02  1.2997E+03  4.6359E+00  8.4565E-01
  7.4248E+00  3.6000E+02  1.3207E+03  1.0603E+02  1.2897E+03  6.1466E+00  1.0010E+00
  6.7238E+00  4.0000E+02  1.3130E+03  1.0384E+02  1.2790E+03  7.9793E+00  1.1802E+00
  6.0791E+00  4.4000E+02  1.3043E+03  1.0161E+02  1.2675E+03  1.0031E+01  1.3642E+00
  5.4809E+00  4.8000E+02  1.2947E+03  9.9346E+01  1.2553E+03  1.2149E+01  1.5333E+00
  4.9217E+00  5.2000E+02  1.2845E+03  9.7052E+01  1.2425E+03  1.4184E+01  1.6733E+00
  4.3960E+00  5.6000E+02  1.2738E+03  9.4730E+01  1.2294E+03  1.6030E+01  1.7779E+00
  3.8994E+00  6.0000E+02  1.2627E+03  9.2383E+01  1.2160E+03  1.7630E+01  1.8473E+00
  3.4283E+00  6.4000E+02  1.2513E+03  9.0013E+01  1.2025E+03  1.8976E+01  1.8858E+00
  2.9801E+00  6.8000E+02  1.2399E+03  8.7624E+01  1.1891E+03  2.0105E+01  1.9014E+00
  2.5523E+00  7.2000E+02  1.2285E+03  8.5220E+01  1.1757E+03  2.1097E+01  1.9041E+00
  2.1431E+00  7.6000E+02  1.2171E+03  8.2806E+01  1.1625E+03  2.2070E+01  1.9055E+00
  1.7508E+00  8.0000E+02  1.2056E+03  8.0393E+01  1.1493E+03  2.3163E+01  1.9169E+00
  1.3742E+00  8.4000E+02  1.1940E+03  7.7992E+01  1.1361E+03  2.4474E+01  1.9445E+00
  1.0121E+00  8.8000E+02  1.1822E+03  7.5623E+01  1.1229E+03  2.5898E+01  1.9786E+00
  6.6323E-01  9.2000E+02  1.1704E+03  7.3310E+01  1.1098E+03  2.7195E+01  2.0018E+00
  3.2623E-01  9.6000E+02  1.1587E+03  7.1095E+01  1.0968E+03  2.8289E+01  2.0113E+00
  4.6563E-04  1.0000E+03  1.1471E+03  6.9083E+01  1.0840E+03  2.9389E+01  2.0199E+00
