  26  3.7500000E+00
  3.2000E+01  1.0000E-03  1.3633E+03  1.2103E+02  1.3633E+03  0.0000E+00  0.0000E+00
  2.2736E+01  4.0000E+01  1.3622E+03  1.2081E+02  1.3616E+03  8.8353E-02  1.7269E-01
  1.7691E+01  8.0000E+01  1.3568E+03  1.1894E+02  1.3512E+03  7.0803E-01  7.5360E-01
  1.5075E+01  1.2000E+02  1.3523E+03  1.1716E+02  1.3426E+03  1.0186E+00  5.6217E-01
  1.3227E+01  1.6000E+02  1.3470E+03  1.1530E+02  1.3332E+03  1.9057E+00  7.4296E-01
  1.1777E+01  2.0000E+02  1.3405E+03  1.1337E+02  1.3229E+03  3.1179E+00  9.5425E-01
  1.0570E+01  2.4000E+02  1.3333E+03  1.1138E+02  1.3120E+03  4.3495E+00  1.1071E+00
  9.5324E+00  2.8000E+02  1.3254E+03  1.0933E+02  1.3007E+03  5.5695E+00  1.2197E+00
  8.6180E+00  3.2000E+02  1.3170E+03  1.0723E+02  1.2890E+03  6.9184E+00  1.3347E+00
  7.7978E+00  3.6000E+02  1.3079E+03  1.0509E+02  1.2768E+03  8.5081E+00  1.4722E+00
  7.0519E+00  4.0000E+02  1.2981E+03  1.0291E+02  1.2640E+03  1.0267E+01  1.6156E+00
  6.3664E+00  4.4000E+02  1.2877E+03  1.0069E+02  1.2508E+03  1.1909E+01  1.7225E+00
  5.7309E+00  4.8000E+02  1.2771E+03  9.8430E+01  1.2375E+03  1.3149E+01  1.7628E+00
  5.1380E+00  5.2000E+02  1.2665E+03  9.6138E+01  1.2244E+03  1.3959E+01  1.7462E+00
  4.5818E+00  5.6000E+02  1.2561E+03  9.3812E+01  1.2115E+03  1.4546E+01  1.7070E+00
  4.0576E+00  6.0000E+02  1.2458E+03  9.1455E+01  1.1990E+03  1.5123E+01  1.6723E+00
  3.5619E+00  6.4000E+02  1.2356E+03  8.9070E+01  1.1866E+03  1.5797E+01  1.6522E+00
  3.0915E+00  6.8000E+02  1.2254E+03  8.6660E+01  1.1743E+03  1.6598E+01  1.6472E+00
  2.6439E+00  7.2000E+02  1.2151E+03  8.4231E+01  1.1621E+03  1.7560E+01  1.6583E+00
  2.2170E+00  7.6000E+02  1.2046E+03  8.1787E+01  1.1499E+03  1.8770E+01  1.6906E+00
  1.8089E+00  8.0000E+02  1.1938E+03  7.9338E+01  1.1374E+03  2.0367E+01  1.7535E+00
  1.4181E+00  8.4000E+02  1.1826E+03  7.6901E+01  1.1246E+03  2.2529E+01  1.8577E+00
  1.0431E+00  8.8000E+02  1.1707E+03  7.4500E+01  1.1112E+03  2.5450E+01  2.0133E+00
  6.8282E-01  9.2000E+02  1.1578E+03  7.2184E+01  1.0970E+03  2.9366E+01  2.2323E+00
  3.3561E-01  9.6000E+02  1.1440E+03  7.0034E+01  1.0820E+03  3.3386E+01  2.4456E+00
  6.5374E-04  1.0000E+03  1.1301E+03  6.8200E+01  1.0669E+03  3.6040E+01  2.5469E+00
