  26  3.7500000E+00
  3.1896E+01  1.0000E-03  1.3633E+03  1.2177E+02  1.3633E+03  0.0000E+00  0.0000E+00
  2.2551E+01  4.0000E+01  1.3622E+03  1.2155E+02  1.3616E+03  8.8506E-02  1.7450E-01
  1.7400E+01  8.0000E+01  1.3568E+03  1.1970E+02  1.3513E+03  6.8885E-01  7.4862E-01
  1.4689E+01  1.2000E+02  1.3527E+03  1.1792E+02  1.3430E+03  8.5231E-01  4.8746E-01
  1.2789E+01  1.6000E+02  1.3484E+03  1.1605E+02  1.3346E+03  1.3169E+00  5.2801E-01
  1.1331E+01  2.0000E+02  1.3435E+03  1.1412E+02  1.3259E+03  2.0078E+00  6.1761E-01
  1.0146E+01  2.4000E+02  1.3382E+03  1.1212E+02  1.3170E+03  2.8090E+00  7.0223E-01
  9.1432E+00  2.8000E+02  1.3324E+03  1.1007E+02  1.3078E+03  3.7118E+00  7.8541E-01
  8.2680E+00  3.2000E+02  1.3260E+03  1.0797E+02  1.2981E+03  4.8604E+00  8.9738E-01
  7.4867E+00  3.6000E+02  1.3189E+03  1.0582E+02  1.2878E+03  6.3964E+00  1.0544E+00
  6.7773E+00  4.0000E+02  1.3108E+03  1.0363E+02  1.2768E+03  8.3113E+00  1.2439E+00
  6.1254E+00  4.4000E+02  1.3018E+03  1.0140E+02  1.2649E+03  1.0452E+01  1.4376E+00
  5.5208E+00  4.8000E+02  1.2919E+03  9.9134E+01  1.2524E+03  1.2621E+01  1.6100E+00
  4.9559E+00  5.2000E+02  1.2813E+03  9.6841E+01  1.2393E+03  1.4646E+01  1.7453E+00
  4.4252E+00  5.6000E+02  1.2703E+03  9.4519E+01  1.2258E+03  1.6411E+01  1.8376E+00
  3.9241E+00  6.0000E+02  1.2590E+03  9.2173E+01  1.2123E+03  1.7866E+01  1.8888E+00
  3.4491E+00  6.4000E+02  1.2476E+03  8.9803E+01  1.1987E+03  1.9024E+01  1.9066E+00
  2.9973E+00  6.8000E+02  1.2362E+03  8.7414E+01  1.1853E+03  1.9963E+01  1.9029E+00
  2.5664E+00  7.2000E+02  1.2248E+03  8.5009E+01  1.1720E+03  2.0807E+01  1.8918E+00
  2.1543E+00  7.6000E+02  1.2134E+03  8.2595E+01  1.1588E+03  2.1725E+01  1.8886E+00
  1.7596E+00  8.0000E+02  1.2020E+03  8.0181E+01  1.1457E+03  2.2891E+01  1.9064E+00
  1.3808E+00  8.4000E+02  1.1903E+03  7.7781E+01  1.1325E+03  2.4356E+01  1.9464E+00
  1.0168E+00  8.8000E+02  1.1786E+03  7.5414E+01  1.1192E+03  2.5888E+01  1.9882E+00
  6.6622E-01  9.2000E+02  1.1667E+03  7.3105E+01  1.1060E+03  2.7192E+01  2.0111E+00
  3.2768E-01  9.6000E+02  1.1550E+03  7.0893E+01  1.0930E+03  2.8203E+01  2.0144E+00
  4.7736E-04  1.0000E+03  1.1434E+03  6.8877E+01  1.0803E+03  2.9108E+01  2.0095E+00
