  26  3.7500000E+00
  3.2100E+01  1.0000E-03  1.3633E+03  1.1773E+02  1.3633E+03  0.0000E+00  0.0000E+00
  2.2920E+01  4.0000E+01  1.3622E+03  1.1752E+02  1.3616E+03  8.7672E-02  1.6981E-01
  1.8066E+01  8.0000E+01  1.3569E+03  1.1562E+02  1.3513E+03  7.1550E-01  7.3273E-01
  1.5609E+01  1.2000E+02  1.3524E+03  1.1384E+02  1.3426E+03  1.0940E+00  5.6720E-01
  1.3828E+01  1.6000E+02  1.3465E+03  1.1198E+02  1.3327E+03  2.2642E+00  8.5072E-01
  1.2389E+01  2.0000E+02  1.3386E+03  1.1006E+02  1.3210E+03  4.1758E+00  1.2679E+00
  1.1162E+01  2.4000E+02  1.3286E+03  1.0808E+02  1.3073E+03  6.5538E+00  1.6956E+00
  1.0087E+01  2.8000E+02  1.3167E+03  1.0604E+02  1.2920E+03  9.1534E+00  2.0778E+00
  9.1268E+00  3.2000E+02  1.3034E+03  1.0396E+02  1.2755E+03  1.1689E+01  2.3669E+00
  8.2595E+00  3.6000E+02  1.2893E+03  1.0184E+02  1.2583E+03  1.3787E+01  2.5225E+00
  7.4675E+00  4.0000E+02  1.2752E+03  9.9682E+01  1.2412E+03  1.5126E+01  2.5276E+00
  6.7375E+00  4.4000E+02  1.2615E+03  9.7485E+01  1.2247E+03  1.5731E+01  2.4228E+00
  6.0597E+00  4.8000E+02  1.2485E+03  9.5250E+01  1.2090E+03  1.5907E+01  2.2747E+00
  5.4267E+00  5.2000E+02  1.2362E+03  9.2979E+01  1.1942E+03  1.5825E+01  2.1133E+00
  4.8329E+00  5.6000E+02  1.2247E+03  9.0672E+01  1.1803E+03  1.5497E+01  1.9414E+00
  4.2739E+00  6.0000E+02  1.2139E+03  8.8327E+01  1.1673E+03  1.5029E+01  1.7725E+00
  3.7462E+00  6.4000E+02  1.2038E+03  8.5947E+01  1.1550E+03  1.4736E+01  1.6406E+00
  3.2470E+00  6.8000E+02  1.1937E+03  8.3538E+01  1.1429E+03  1.5313E+01  1.6130E+00
  2.7736E+00  7.2000E+02  1.1829E+03  8.1116E+01  1.1302E+03  1.7685E+01  1.7663E+00
  2.3236E+00  7.6000E+02  1.1707E+03  7.8701E+01  1.1162E+03  2.1760E+01  2.0657E+00
  1.8947E+00  8.0000E+02  1.1573E+03  7.6310E+01  1.1011E+03  2.5781E+01  2.3331E+00
  1.4846E+00  8.4000E+02  1.1432E+03  7.3948E+01  1.0855E+03  2.8423E+01  2.4593E+00
  1.0916E+00  8.8000E+02  1.1288E+03  7.1637E+01  1.0696E+03  3.0783E+01  2.5522E+00
  7.1433E-01  9.2000E+02  1.1139E+03  6.9427E+01  1.0533E+03  3.3838E+01  2.6935E+00
  3.5102E-01  9.6000E+02  1.0985E+03  6.7398E+01  1.0368E+03  3.6654E+01  2.8096E+00
  7.2421E-04  1.0000E+03  1.0831E+03  6.5727E+01  1.0202E+03  3.9142E+01  2.8928E+00
