  26  3.7500000E+00
  2.9895E+01  1.0000E-03  1.3633E+03  1.2297E+02  1.3633E+03  0.0000E+00  0.0000E+00
  2.1256E+01  4.0000E+01  1.3623E+03  1.2276E+02  1.3617E+03  8.7200E-02  1.5894E-01
  1.6512E+01  8.0000E+01  1.3572E+03  1.2089E+02  1.3517E+03  6.8304E-01  6.8363E-01
  1.3997E+01  1.2000E+02  1.3534E+03  1.1912E+02  1.3437E+03  7.9500E-01  4.2189E-01
  1.2214E+01  1.6000E+02  1.3495E+03  1.1725E+02  1.3357E+03  1.1579E+00  4.3564E-01
  1.0854E+01  2.0000E+02  1.3450E+03  1.1532E+02  1.3275E+03  1.8542E+00  5.3186E-01
  9.7520E+00  2.4000E+02  1.3402E+03  1.1333E+02  1.3190E+03  2.6154E+00  6.0832E-01
  8.8133E+00  2.8000E+02  1.3351E+03  1.1128E+02  1.3104E+03  3.2528E+00  6.4416E-01
  7.9881E+00  3.2000E+02  1.3297E+03  1.0918E+02  1.3018E+03  3.9596E+00  6.8942E-01
  7.2472E+00  3.6000E+02  1.3239E+03  1.0703E+02  1.2929E+03  4.9159E+00  7.6842E-01
  6.5726E+00  4.0000E+02  1.3176E+03  1.0483E+02  1.2836E+03  6.1177E+00  8.7070E-01
  5.9518E+00  4.4000E+02  1.3107E+03  1.0259E+02  1.2739E+03  7.4504E+00  9.7583E-01
  5.3751E+00  4.8000E+02  1.3033E+03  1.0032E+02  1.2639E+03  8.8380E+00  1.0753E+00
  4.8348E+00  5.2000E+02  1.2954E+03  9.8009E+01  1.2534E+03  1.0398E+01  1.1854E+00
  4.3250E+00  5.6000E+02  1.2868E+03  9.5668E+01  1.2424E+03  1.2314E+01  1.3244E+00
  3.8417E+00  6.0000E+02  1.2774E+03  9.3300E+01  1.2307E+03  1.4530E+01  1.4815E+00
  3.3819E+00  6.4000E+02  1.2673E+03  9.0910E+01  1.2184E+03  1.6812E+01  1.6309E+00
  2.9431E+00  6.8000E+02  1.2565E+03  8.8502E+01  1.2057E+03  1.8969E+01  1.7560E+00
  2.5234E+00  7.2000E+02  1.2454E+03  8.6079E+01  1.1926E+03  2.0903E+01  1.8511E+00
  2.1210E+00  7.6000E+02  1.2338E+03  8.3648E+01  1.1792E+03  2.2574E+01  1.9164E+00
  1.7345E+00  8.0000E+02  1.2221E+03  8.1216E+01  1.1658E+03  2.3984E+01  1.9557E+00
  1.3626E+00  8.4000E+02  1.2104E+03  7.8790E+01  1.1525E+03  2.5164E+01  1.9742E+00
  1.0044E+00  8.8000E+02  1.1985E+03  7.6389E+01  1.1392E+03  2.6413E+01  1.9966E+00
  6.5862E-01  9.2000E+02  1.1862E+03  7.4052E+01  1.1255E+03  2.8732E+01  2.0958E+00
  3.2419E-01  9.6000E+02  1.1735E+03  7.1850E+01  1.1115E+03  3.1586E+01  2.2287E+00
  4.0786E-04  1.0000E+03  1.1608E+03  6.9902E+01  1.0978E+03  3.2914E+01  2.2484E+00
