  26  3.7500000E+00
  2.9936E+01  1.0000E-03  1.3633E+03  1.2296E+02  1.3633E+03  0.0000E+00  0.0000E+00
  2.1280E+01  4.0000E+01  1.3623E+03  1.2274E+02  1.3617E+03  8.7180E-02  1.5920E-01
  1.6526E+01  8.0000E+01  1.3572E+03  1.2088E+02  1.3517E+03  6.8248E-01  6.8449E-01
  1.4006E+01  1.2000E+02  1.3534E+03  1.1910E+02  1.3437E+03  7.9342E-01  4.2187E-01
  1.2220E+01  1.6000E+02  1.3495E+03  1.1724E+02  1.3357E+03  1.1530E+00  4.3445E-01
  1.0859E+01  2.0000E+02  1.3450E+03  1.1531E+02  1.3275E+03  1.8467E+00  5.3042E-01
  9.7553E+00  2.4000E+02  1.3402E+03  1.1332E+02  1.3190E+03  2.6134E+00  6.0845E-01
  8.8160E+00  2.8000E+02  1.3351E+03  1.1127E+02  1.3104E+03  3.2590E+00  6.4583E-01
  7.9903E+00  3.2000E+02  1.3297E+03  1.0917E+02  1.3018E+03  3.9705E+00  6.9170E-01
  7.2490E+00  3.6000E+02  1.3239E+03  1.0701E+02  1.2928E+03  4.9299E+00  7.7097E-01
  6.5741E+00  4.0000E+02  1.3175E+03  1.0482E+02  1.2835E+03  6.1361E+00  8.7372E-01
  5.9531E+00  4.4000E+02  1.3107E+03  1.0258E+02  1.2739E+03  7.4770E+00  9.7976E-01
  5.3761E+00  4.8000E+02  1.3033E+03  1.0031E+02  1.2638E+03  8.8782E+00  1.0807E+00
  4.8356E+00  5.2000E+02  1.2953E+03  9.7998E+01  1.2533E+03  1.0449E+01  1.1917E+00
  4.3256E+00  5.6000E+02  1.2867E+03  9.5657E+01  1.2422E+03  1.2363E+01  1.3301E+00
  3.8422E+00  6.0000E+02  1.2772E+03  9.3290E+01  1.2305E+03  1.4566E+01  1.4856E+00
  3.3823E+00  6.4000E+02  1.2671E+03  9.0900E+01  1.2183E+03  1.6830E+01  1.6331E+00
  2.9434E+00  6.8000E+02  1.2564E+03  8.8492E+01  1.2055E+03  1.8972E+01  1.7566E+00
  2.5236E+00  7.2000E+02  1.2452E+03  8.6070E+01  1.1924E+03  2.0895E+01  1.8507E+00
  2.1212E+00  7.6000E+02  1.2337E+03  8.3639E+01  1.1791E+03  2.2558E+01  1.9153E+00
  1.7346E+00  8.0000E+02  1.2220E+03  8.1206E+01  1.1657E+03  2.3965E+01  1.9544E+00
  1.3627E+00  8.4000E+02  1.2102E+03  7.8781E+01  1.1523E+03  2.5156E+01  1.9737E+00
  1.0044E+00  8.8000E+02  1.1983E+03  7.6380E+01  1.1390E+03  2.6414E+01  1.9969E+00
  6.5866E-01  9.2000E+02  1.1861E+03  7.4043E+01  1.1254E+03  2.8715E+01  2.0947E+00
  3.2421E-01  9.6000E+02  1.1733E+03  7.1842E+01  1.1114E+03  3.1556E+01  2.2267E+00
  4.0914E-04  1.0000E+03  1.1607E+03  6.9894E+01  1.0976E+03  3.2918E+01  2.2488E+00
