  26  3.7500000E+00
  3.0470E+01  1.0000E-03  1.3633E+03  1.2275E+02  1.3633E+03  0.0000E+00  0.0000E+00
  2.1610E+01  4.0000E+01  1.3623E+03  1.2254E+02  1.3617E+03  8.7640E-02  1.6382E-01
  1.6731E+01  8.0000E+01  1.3571E+03  1.2068E+02  1.3516E+03  6.8151E-01  7.0151E-01
  1.4146E+01  1.2000E+02  1.3533E+03  1.1890E+02  1.3436E+03  7.8323E-01  4.2708E-01
  1.2323E+01  1.6000E+02  1.3494E+03  1.1704E+02  1.3357E+03  1.1023E+00  4.2401E-01
  1.0936E+01  2.0000E+02  1.3450E+03  1.1511E+02  1.3275E+03  1.7516E+00  5.1279E-01
  9.8149E+00  2.4000E+02  1.3402E+03  1.1311E+02  1.3190E+03  2.5937E+00  6.1332E-01
  8.8647E+00  2.8000E+02  1.3349E+03  1.1107E+02  1.3103E+03  3.3810E+00  6.7778E-01
  8.0313E+00  3.2000E+02  1.3293E+03  1.0897E+02  1.3014E+03  4.2028E+00  7.3896E-01
  7.2837E+00  3.6000E+02  1.3232E+03  1.0682E+02  1.2922E+03  5.2561E+00  8.2904E-01
  6.6029E+00  4.0000E+02  1.3165E+03  1.0462E+02  1.2826E+03  6.5858E+00  9.4591E-01
  5.9763E+00  4.4000E+02  1.3092E+03  1.0239E+02  1.2724E+03  8.1006E+00  1.0709E+00
  5.3944E+00  4.8000E+02  1.3013E+03  1.0012E+02  1.2619E+03  9.6998E+00  1.1908E+00
  4.8499E+00  5.2000E+02  1.2928E+03  9.7815E+01  1.2508E+03  1.1369E+01  1.3062E+00
  4.3368E+00  5.6000E+02  1.2837E+03  9.5480E+01  1.2393E+03  1.3174E+01  1.4260E+00
  3.8511E+00  6.0000E+02  1.2740E+03  9.3118E+01  1.2273E+03  1.5118E+01  1.5495E+00
  3.3893E+00  6.4000E+02  1.2637E+03  9.0733E+01  1.2149E+03  1.7092E+01  1.6653E+00
  2.9489E+00  6.8000E+02  1.2530E+03  8.8328E+01  1.2021E+03  1.8971E+01  1.7626E+00
  2.5278E+00  7.2000E+02  1.2419E+03  8.5910E+01  1.1891E+03  2.0678E+01  1.8369E+00
  2.1244E+00  7.6000E+02  1.2305E+03  8.3482E+01  1.1759E+03  2.2186E+01  1.8885E+00
  1.7370E+00  8.0000E+02  1.2189E+03  8.1052E+01  1.1627E+03  2.3520E+01  1.9224E+00
  1.3644E+00  8.4000E+02  1.2073E+03  7.8629E+01  1.1495E+03  2.4756E+01  1.9460E+00
  1.0055E+00  8.8000E+02  1.1955E+03  7.6231E+01  1.1362E+03  2.6061E+01  1.9734E+00
  6.5921E-01  9.2000E+02  1.1834E+03  7.3893E+01  1.1228E+03  2.8153E+01  2.0566E+00
  3.2441E-01  9.6000E+02  1.1709E+03  7.1686E+01  1.1090E+03  3.0933E+01  2.1850E+00
  4.3075E-04  1.0000E+03  1.1582E+03  6.9745E+01  1.0952E+03  3.3085E+01  2.2615E+00
