  26  3.7500000E+00
  3.2081E+01  1.0000E-03  1.3633E+03  1.1552E+02  1.3633E+03  0.0000E+00  0.0000E+00
  2.2946E+01  4.0000E+01  1.3622E+03  1.1530E+02  1.3616E+03  8.7677E-02  1.6899E-01
  1.8130E+01  8.0000E+01  1.3569E+03  1.1341E+02  1.3513E+03  7.1554E-01  7.2701E-01
  1.5706E+01  1.2000E+02  1.3525E+03  1.1162E+02  1.3428E+03  1.0684E+00  5.4655E-01
  1.3946E+01  1.6000E+02  1.3467E+03  1.0977E+02  1.3330E+03  2.2447E+00  8.3338E-01
  1.2512E+01  2.0000E+02  1.3380E+03  1.0784E+02  1.3205E+03  4.7154E+00  1.4266E+00
  1.1282E+01  2.4000E+02  1.3256E+03  1.0586E+02  1.3044E+03  8.5064E+00  2.2080E+00
  1.0197E+01  2.8000E+02  1.3099E+03  1.0383E+02  1.2853E+03  1.2612E+01  2.8854E+00
  9.2269E+00  3.2000E+02  1.2924E+03  1.0176E+02  1.2645E+03  1.5915E+01  3.2587E+00
  8.3483E+00  3.6000E+02  1.2744E+03  9.9659E+01  1.2434E+03  1.8104E+01  3.3561E+00
  7.5454E+00  4.0000E+02  1.2566E+03  9.7520E+01  1.2228E+03  1.9391E+01  3.2848E+00
  6.8060E+00  4.4000E+02  1.2396E+03  9.5349E+01  1.2029E+03  2.0107E+01  3.1366E+00
  6.1207E+00  4.8000E+02  1.2233E+03  9.3149E+01  1.1840E+03  2.0540E+01  2.9695E+00
  5.4822E+00  5.2000E+02  1.2078E+03  9.0924E+01  1.1660E+03  2.0833E+01  2.8067E+00
  4.8842E+00  5.6000E+02  1.1930E+03  8.8676E+01  1.1488E+03  2.1065E+01  2.6575E+00
  4.3219E+00  6.0000E+02  1.1787E+03  8.6407E+01  1.1323E+03  2.1289E+01  2.5257E+00
  3.7911E+00  6.4000E+02  1.1650E+03  8.4121E+01  1.1164E+03  2.1523E+01  2.4102E+00
  3.2884E+00  6.8000E+02  1.1518E+03  8.1821E+01  1.1012E+03  2.1772E+01  2.3091E+00
  2.8108E+00  7.2000E+02  1.1389E+03  7.9510E+01  1.0864E+03  2.2034E+01  2.2200E+00
  2.3560E+00  7.6000E+02  1.1265E+03  7.7194E+01  1.0722E+03  2.2296E+01  2.1397E+00
  1.9216E+00  8.0000E+02  1.1144E+03  7.4876E+01  1.0584E+03  2.2538E+01  2.0652E+00
  1.5060E+00  8.4000E+02  1.1026E+03  7.2564E+01  1.0451E+03  2.2815E+01  2.0005E+00
  1.1075E+00  8.8000E+02  1.0910E+03  7.0271E+01  1.0320E+03  2.3412E+01  1.9684E+00
  7.2476E-01  9.2000E+02  1.0792E+03  6.8033E+01  1.0189E+03  2.4939E+01  2.0140E+00
  3.5611E-01  9.6000E+02  1.0668E+03  6.5929E+01  1.0052E+03  2.7888E+01  2.1690E+00
  7.2631E-04  1.0000E+03  1.0535E+03  6.4133E+01  9.9083E+02  3.2262E+01  2.4190E+00
