  26  3.7500000E+00
  3.2091E+01  1.0000E-03  1.3633E+03  1.1575E+02  1.3633E+03  0.0000E+00  0.0000E+00
  2.2946E+01  4.0000E+01  1.3622E+03  1.1553E+02  1.3616E+03  8.7650E-02  1.6913E-01
  1.8127E+01  8.0000E+01  1.3569E+03  1.1363E+02  1.3513E+03  7.1691E-01  7.2880E-01
  1.5701E+01  1.2000E+02  1.3525E+03  1.1185E+02  1.3427E+03  1.0869E+00  5.5640E-01
  1.3939E+01  1.6000E+02  1.3466E+03  1.0999E+02  1.3329E+03  2.2659E+00  8.4251E-01
  1.2504E+01  2.0000E+02  1.3382E+03  1.0807E+02  1.3206E+03  4.5189E+00  1.3679E+00
  1.1275E+01  2.4000E+02  1.3266E+03  1.0608E+02  1.3054E+03  7.8298E+00  2.0307E+00
  1.0192E+01  2.8000E+02  1.3121E+03  1.0405E+02  1.2875E+03  1.1518E+01  2.6318E+00
  9.2223E+00  3.2000E+02  1.2958E+03  1.0198E+02  1.2680E+03  1.4646E+01  2.9950E+00
  8.3446E+00  3.6000E+02  1.2789E+03  9.9869E+01  1.2479E+03  1.6898E+01  3.1289E+00
  7.5425E+00  4.0000E+02  1.2620E+03  9.7721E+01  1.2281E+03  1.8430E+01  3.1191E+00
  6.8036E+00  4.4000E+02  1.2454E+03  9.5541E+01  1.2087E+03  1.9485E+01  3.0375E+00
  6.1187E+00  4.8000E+02  1.2293E+03  9.3333E+01  1.1899E+03  2.0322E+01  2.9366E+00
  5.4803E+00  5.2000E+02  1.2136E+03  9.1100E+01  1.1718E+03  2.1020E+01  2.8310E+00
  4.8825E+00  5.6000E+02  1.1984E+03  8.8845E+01  1.1542E+03  2.1572E+01  2.7207E+00
  4.3203E+00  6.0000E+02  1.1838E+03  8.6572E+01  1.1373E+03  2.1988E+01  2.6081E+00
  3.7896E+00  6.4000E+02  1.1697E+03  8.4283E+01  1.1211E+03  2.2289E+01  2.4955E+00
  3.2871E+00  6.8000E+02  1.1561E+03  8.1981E+01  1.1055E+03  2.2507E+01  2.3866E+00
  2.8096E+00  7.2000E+02  1.1429E+03  7.9669E+01  1.0904E+03  2.2674E+01  2.2840E+00
  2.3549E+00  7.6000E+02  1.1303E+03  7.7350E+01  1.0760E+03  2.2812E+01  2.1887E+00
  1.9206E+00  8.0000E+02  1.1180E+03  7.5029E+01  1.0620E+03  2.2938E+01  2.1015E+00
  1.5050E+00  8.4000E+02  1.1061E+03  7.2713E+01  1.0485E+03  2.3111E+01  2.0263E+00
  1.1066E+00  8.8000E+02  1.0944E+03  7.0413E+01  1.0354E+03  2.3511E+01  1.9766E+00
  7.2383E-01  9.2000E+02  1.0826E+03  6.8161E+01  1.0223E+03  2.4812E+01  2.0035E+00
  3.5547E-01  9.6000E+02  1.0702E+03  6.6045E+01  1.0086E+03  2.8069E+01  2.1815E+00
  7.3812E-04  1.0000E+03  1.0564E+03  6.4280E+01  9.9374E+02  3.3743E+01  2.5254E+00
