  26  3.7500000E+00
  3.2043E+01  1.0000E-03  1.3633E+03  1.1965E+02  1.3633E+03  0.0000E+00  0.0000E+00
  2.2845E+01  4.0000E+01  1.3622E+03  1.1944E+02  1.3616E+03  8.8182E-02  1.7113E-01
  1.7901E+01  8.0000E+01  1.3568E+03  1.1756E+02  1.3512E+03  7.1895E-01  7.5002E-01
  1.5364E+01  1.2000E+02  1.3522E+03  1.1578E+02  1.3425E+03  1.0952E+00  5.8612E-01
  1.3550E+01  1.6000E+02  1.3465E+03  1.1392E+02  1.3327E+03  2.1548E+00  8.2483E-01
  1.2102E+01  2.0000E+02  1.3392E+03  1.1199E+02  1.3216E+03  3.6950E+00  1.1282E+00
  1.0884E+01  2.4000E+02  1.3306E+03  1.1000E+02  1.3093E+03  5.4431E+00  1.3992E+00
  9.8256E+00  2.8000E+02  1.3209E+03  1.0796E+02  1.2962E+03  7.2451E+00  1.6179E+00
  8.8866E+00  3.2000E+02  1.3103E+03  1.0588E+02  1.2823E+03  9.0227E+00  1.7874E+00
  8.0407E+00  3.6000E+02  1.2991E+03  1.0374E+02  1.2680E+03  1.0715E+01  1.9122E+00
  7.2694E+00  4.0000E+02  1.2875E+03  1.0157E+02  1.2535E+03  1.2190E+01  1.9835E+00
  6.5595E+00  4.4000E+02  1.2759E+03  9.9359E+01  1.2390E+03  1.3266E+01  1.9870E+00
  5.9010E+00  4.8000E+02  1.2646E+03  9.7109E+01  1.2250E+03  1.3833E+01  1.9218E+00
  5.2865E+00  5.2000E+02  1.2537E+03  9.4821E+01  1.2116E+03  1.3913E+01  1.8037E+00
  4.7103E+00  5.6000E+02  1.2435E+03  9.2495E+01  1.1990E+03  1.3655E+01  1.6599E+00
  4.1680E+00  6.0000E+02  1.2339E+03  9.0130E+01  1.1872E+03  1.3340E+01  1.5264E+00
  3.6558E+00  6.4000E+02  1.2247E+03  8.7731E+01  1.1758E+03  1.3305E+01  1.4378E+00
  3.1706E+00  6.8000E+02  1.2155E+03  8.5301E+01  1.1646E+03  1.3960E+01  1.4290E+00
  2.7098E+00  7.2000E+02  1.2058E+03  8.2852E+01  1.1530E+03  1.5714E+01  1.5278E+00
  2.2710E+00  7.6000E+02  1.1951E+03  8.0397E+01  1.1405E+03  1.8741E+01  1.7348E+00
  1.8523E+00  8.0000E+02  1.1832E+03  7.7953E+01  1.1268E+03  2.2732E+01  2.0083E+00
  1.4517E+00  8.4000E+02  1.1700E+03  7.5541E+01  1.1121E+03  2.6884E+01  2.2721E+00
  1.0676E+00  8.8000E+02  1.1559E+03  7.3185E+01  1.0965E+03  3.0654E+01  2.4839E+00
  6.9875E-01  9.2000E+02  1.1409E+03  7.0932E+01  1.0802E+03  3.4400E+01  2.6772E+00
  3.4341E-01  9.6000E+02  1.1254E+03  6.8866E+01  1.0635E+03  3.7758E+01  2.8307E+00
  7.0245E-04  1.0000E+03  1.1101E+03  6.7158E+01  1.0471E+03  3.9730E+01  2.8726E+00
