  26  3.7500000E+00
  2.9875E+01  1.0000E-03  1.3633E+03  1.2295E+02  1.3633E+03  0.0000E+00  0.0000E+00
  2.1254E+01  4.0000E+01  1.3623E+03  1.2274E+02  1.3617E+03  8.7588E-02  1.5931E-01
  1.6520E+01  8.0000E+01  1.3572E+03  1.2087E+02  1.3517E+03  6.8689E-01  6.8610E-01
  1.4009E+01  1.2000E+02  1.3534E+03  1.1910E+02  1.3437E+03  8.0215E-01  4.2490E-01
  1.2228E+01  1.6000E+02  1.3494E+03  1.1723E+02  1.3357E+03  1.1694E+00  4.3951E-01
  1.0867E+01  2.0000E+02  1.3450E+03  1.1530E+02  1.3274E+03  1.8640E+00  5.3503E-01
  9.7627E+00  2.4000E+02  1.3401E+03  1.1331E+02  1.3189E+03  2.6276E+00  6.1228E-01
  8.8222E+00  2.8000E+02  1.3349E+03  1.1126E+02  1.3103E+03  3.2799E+00  6.5087E-01
  7.9953E+00  3.2000E+02  1.3295E+03  1.0916E+02  1.3016E+03  4.0005E+00  6.9793E-01
  7.2530E+00  3.6000E+02  1.3237E+03  1.0701E+02  1.2927E+03  4.9665E+00  7.7778E-01
  6.5772E+00  4.0000E+02  1.3173E+03  1.0481E+02  1.2833E+03  6.1798E+00  8.8112E-01
  5.9553E+00  4.4000E+02  1.3104E+03  1.0257E+02  1.2736E+03  7.5352E+00  9.8859E-01
  5.3778E+00  4.8000E+02  1.3030E+03  1.0030E+02  1.2635E+03  8.9498E+00  1.0905E+00
  4.8369E+00  5.2000E+02  1.2950E+03  9.7990E+01  1.2529E+03  1.0507E+01  1.1992E+00
  4.3267E+00  5.6000E+02  1.2863E+03  9.5648E+01  1.2419E+03  1.2382E+01  1.3329E+00
  3.8430E+00  6.0000E+02  1.2769E+03  9.3281E+01  1.2302E+03  1.4553E+01  1.4848E+00
  3.3830E+00  6.4000E+02  1.2668E+03  9.0890E+01  1.2179E+03  1.6806E+01  1.6313E+00
  2.9440E+00  6.8000E+02  1.2561E+03  8.8482E+01  1.2052E+03  1.8946E+01  1.7547E+00
  2.5241E+00  7.2000E+02  1.2449E+03  8.6059E+01  1.1921E+03  2.0860E+01  1.8481E+00
  2.1215E+00  7.6000E+02  1.2334E+03  8.3628E+01  1.1788E+03  2.2509E+01  1.9117E+00
  1.7349E+00  8.0000E+02  1.2217E+03  8.1195E+01  1.1654E+03  2.3902E+01  1.9497E+00
  1.3629E+00  8.4000E+02  1.2099E+03  7.8769E+01  1.1521E+03  2.5092E+01  1.9692E+00
  1.0045E+00  8.8000E+02  1.1981E+03  7.6367E+01  1.1388E+03  2.6360E+01  1.9931E+00
  6.5871E-01  9.2000E+02  1.1858E+03  7.4029E+01  1.1251E+03  2.8649E+01  2.0902E+00
  3.2422E-01  9.6000E+02  1.1731E+03  7.1826E+01  1.1112E+03  3.1512E+01  2.2238E+00
  4.1283E-04  1.0000E+03  1.1605E+03  6.9880E+01  1.0974E+03  3.3001E+01  2.2545E+00
