  26  3.7500000E+00
  3.2071E+01  1.0000E-03  1.3633E+03  1.1888E+02  1.3633E+03  0.0000E+00  0.0000E+00
  2.2881E+01  4.0000E+01  1.3622E+03  1.1867E+02  1.3616E+03  8.7978E-02  1.7059E-01
  1.7976E+01  8.0000E+01  1.3568E+03  1.1678E+02  1.3512E+03  7.1824E-01  7.4324E-01
  1.5473E+01  1.2000E+02  1.3523E+03  1.1500E+02  1.3425E+03  1.0977E+00  5.7963E-01
  1.3672E+01  1.6000E+02  1.3465E+03  1.1314E+02  1.3327E+03  2.2101E+00  8.3991E-01
  1.2228E+01  2.0000E+02  1.3388E+03  1.1121E+02  1.3212E+03  3.9483E+00  1.2031E+00
  1.1007E+01  2.4000E+02  1.3295E+03  1.0923E+02  1.3082E+03  6.0537E+00  1.5598E+00
  9.9415E+00  2.8000E+02  1.3186E+03  1.0719E+02  1.2939E+03  8.2655E+00  1.8574E+00
  8.9942E+00  3.2000E+02  1.3067E+03  1.0511E+02  1.2788E+03  1.0356E+01  2.0699E+00
  8.1393E+00  3.6000E+02  1.2942E+03  1.0299E+02  1.2631E+03  1.2149E+01  2.1912E+00
  7.3589E+00  4.0000E+02  1.2815E+03  1.0082E+02  1.2475E+03  1.3482E+01  2.2198E+00
  6.6398E+00  4.4000E+02  1.2691E+03  9.8617E+01  1.2322E+03  1.4266E+01  2.1645E+00
  5.9722E+00  4.8000E+02  1.2571E+03  9.6373E+01  1.2176E+03  1.4543E+01  2.0485E+00
  5.3489E+00  5.2000E+02  1.2458E+03  9.4092E+01  1.2038E+03  1.4398E+01  1.8935E+00
  4.7643E+00  5.6000E+02  1.2354E+03  9.1771E+01  1.1910E+03  1.3932E+01  1.7183E+00
  4.2140E+00  6.0000E+02  1.2257E+03  8.9411E+01  1.1790E+03  1.3373E+01  1.5525E+00
  3.6946E+00  6.4000E+02  1.2165E+03  8.7014E+01  1.1676E+03  1.3050E+01  1.4300E+00
  3.2031E+00  6.8000E+02  1.2074E+03  8.4586E+01  1.1565E+03  1.3506E+01  1.4007E+00
  2.7367E+00  7.2000E+02  1.1978E+03  8.2138E+01  1.1450E+03  1.5467E+01  1.5219E+00
  2.2931E+00  7.6000E+02  1.1868E+03  7.9690E+01  1.1322E+03  1.9231E+01  1.8000E+00
  1.8700E+00  8.0000E+02  1.1742E+03  7.7261E+01  1.1179E+03  2.4036E+01  2.1455E+00
  1.4654E+00  8.4000E+02  1.1603E+03  7.4871E+01  1.1024E+03  2.8418E+01  2.4256E+00
  1.0776E+00  8.8000E+02  1.1456E+03  7.2540E+01  1.0863E+03  3.1895E+01  2.6095E+00
  7.0526E-01  9.2000E+02  1.1303E+03  7.0313E+01  1.0697E+03  3.5066E+01  2.7548E+00
  3.4661E-01  9.6000E+02  1.1147E+03  6.8269E+01  1.0529E+03  3.7802E+01  2.8604E+00
  7.1369E-04  1.0000E+03  1.0993E+03  6.6583E+01  1.0363E+03  3.9741E+01  2.9002E+00
