  26  3.7500000E+00
  3.1671E+01  1.0000E-03  1.3633E+03  1.2208E+02  1.3633E+03  0.0000E+00  0.0000E+00
  2.2376E+01  4.0000E+01  1.3622E+03  1.2187E+02  1.3616E+03  8.8566E-02  1.7369E-01
  1.7243E+01  8.0000E+01  1.3569E+03  1.2001E+02  1.3514E+03  6.8532E-01  7.4223E-01
  1.4532E+01  1.2000E+02  1.3529E+03  1.1823E+02  1.3432E+03  8.0719E-01  4.6169E-01
  1.2631E+01  1.6000E+02  1.3489E+03  1.1637E+02  1.3351E+03  1.1402E+00  4.5722E-01
  1.1181E+01  2.0000E+02  1.3445E+03  1.1444E+02  1.3269E+03  1.6851E+00  5.1544E-01
  1.0011E+01  2.4000E+02  1.3396E+03  1.1244E+02  1.3184E+03  2.4542E+00  6.0582E-01
  9.0252E+00  2.8000E+02  1.3342E+03  1.1039E+02  1.3096E+03  3.4167E+00  7.1085E-01
  8.1659E+00  3.2000E+02  1.3281E+03  1.0829E+02  1.3002E+03  4.5972E+00  8.3346E-01
  7.3985E+00  3.6000E+02  1.3213E+03  1.0614E+02  1.2903E+03  6.0588E+00  9.8100E-01
  6.7012E+00  4.0000E+02  1.3137E+03  1.0395E+02  1.2797E+03  7.8137E+00  1.1496E+00
  6.0597E+00  4.4000E+02  1.3052E+03  1.0172E+02  1.2684E+03  9.7846E+00  1.3242E+00
  5.4642E+00  4.8000E+02  1.2959E+03  9.9459E+01  1.2564E+03  1.1837E+01  1.4871E+00
  4.9075E+00  5.2000E+02  1.2859E+03  9.7164E+01  1.2439E+03  1.3837E+01  1.6252E+00
  4.3840E+00  5.6000E+02  1.2754E+03  9.4841E+01  1.2310E+03  1.5689E+01  1.7329E+00
  3.8893E+00  6.0000E+02  1.2644E+03  9.2492E+01  1.2178E+03  1.7341E+01  1.8100E+00
  3.4199E+00  6.4000E+02  1.2532E+03  9.0121E+01  1.2044E+03  1.8777E+01  1.8594E+00
  2.9732E+00  6.8000E+02  1.2419E+03  8.7730E+01  1.1911E+03  2.0014E+01  1.8865E+00
  2.5467E+00  7.2000E+02  1.2305E+03  8.5325E+01  1.1777E+03  2.1102E+01  1.8986E+00
  2.1387E+00  7.6000E+02  1.2191E+03  8.2911E+01  1.1645E+03  2.2128E+01  1.9050E+00
  1.7475E+00  8.0000E+02  1.2076E+03  8.0496E+01  1.1513E+03  2.3217E+01  1.9163E+00
  1.3717E+00  8.4000E+02  1.1960E+03  7.8093E+01  1.1381E+03  2.4498E+01  1.9419E+00
  1.0104E+00  8.8000E+02  1.1842E+03  7.5720E+01  1.1249E+03  2.5924E+01  1.9766E+00
  6.6212E-01  9.2000E+02  1.1724E+03  7.3405E+01  1.1118E+03  2.7292E+01  2.0052E+00
  3.2570E-01  9.6000E+02  1.1606E+03  7.1190E+01  1.0987E+03  2.8529E+01  2.0249E+00
  4.6029E-04  1.0000E+03  1.1489E+03  6.9186E+01  1.0858E+03  2.9844E+01  2.0479E+00
