  26  3.7500000E+00
  3.2100E+01  1.0000E-03  1.3633E+03  1.1772E+02  1.3633E+03  0.0000E+00  0.0000E+00
  2.2920E+01  4.0000E+01  1.3622E+03  1.1750E+02  1.3616E+03  8.7671E-02  1.6980E-01
  1.8066E+01  8.0000E+01  1.3569E+03  1.1560E+02  1.3513E+03  7.1583E-01  7.3315E-01
  1.5608E+01  1.2000E+02  1.3524E+03  1.1382E+02  1.3426E+03  1.0966E+00  5.6866E-01
  1.3827E+01  1.6000E+02  1.3465E+03  1.1197E+02  1.3327E+03  2.2701E+00  8.5297E-01
  1.2388E+01  2.0000E+02  1.3385E+03  1.1004E+02  1.3209E+03  4.1825E+00  1.2699E+00
  1.1162E+01  2.4000E+02  1.3285E+03  1.0806E+02  1.3073E+03  6.5561E+00  1.6962E+00
  1.0086E+01  2.8000E+02  1.3166E+03  1.0602E+02  1.2920E+03  9.1532E+00  2.0779E+00
  9.1258E+00  3.2000E+02  1.3033E+03  1.0394E+02  1.2754E+03  1.1703E+01  2.3698E+00
  8.2587E+00  3.6000E+02  1.2892E+03  1.0182E+02  1.2582E+03  1.3822E+01  2.5287E+00
  7.4667E+00  4.0000E+02  1.2751E+03  9.9664E+01  1.2411E+03  1.5172E+01  2.5350E+00
  6.7369E+00  4.4000E+02  1.2613E+03  9.7467E+01  1.2245E+03  1.5792E+01  2.4317E+00
  6.0592E+00  4.8000E+02  1.2483E+03  9.5233E+01  1.2088E+03  1.5990E+01  2.2861E+00
  5.4264E+00  5.2000E+02  1.2359E+03  9.2963E+01  1.1939E+03  1.5927E+01  2.1265E+00
  4.8327E+00  5.6000E+02  1.2243E+03  9.0656E+01  1.1800E+03  1.5612E+01  1.9554E+00
  4.2738E+00  6.0000E+02  1.2135E+03  8.8312E+01  1.1669E+03  1.5147E+01  1.7860E+00
  3.7462E+00  6.4000E+02  1.2033E+03  8.5933E+01  1.1545E+03  1.4851E+01  1.6532E+00
  3.2469E+00  6.8000E+02  1.1932E+03  8.3526E+01  1.1424E+03  1.5406E+01  1.6227E+00
  2.7736E+00  7.2000E+02  1.1824E+03  8.1104E+01  1.1297E+03  1.7706E+01  1.7683E+00
  2.3236E+00  7.6000E+02  1.1702E+03  7.8690E+01  1.1157E+03  2.1690E+01  2.0589E+00
  1.8947E+00  8.0000E+02  1.1568E+03  7.6299E+01  1.1007E+03  2.5663E+01  2.3224E+00
  1.4846E+00  8.4000E+02  1.1429E+03  7.3937E+01  1.0851E+03  2.8300E+01  2.4486E+00
  1.0916E+00  8.8000E+02  1.1285E+03  7.1626E+01  1.0693E+03  3.0685E+01  2.5442E+00
  7.1435E-01  9.2000E+02  1.1136E+03  6.9417E+01  1.0530E+03  3.3763E+01  2.6875E+00
  3.5103E-01  9.6000E+02  1.0982E+03  6.7387E+01  1.0365E+03  3.6556E+01  2.8022E+00
  7.2256E-04  1.0000E+03  1.0829E+03  6.5713E+01  1.0200E+03  3.9014E+01  2.8834E+00
