  26  3.7500000E+00
  3.2084E+01  1.0000E-03  1.3633E+03  1.1845E+02  1.3633E+03  0.0000E+00  0.0000E+00
  2.2897E+01  4.0000E+01  1.3622E+03  1.1823E+02  1.3616E+03  8.7838E-02  1.7025E-01
  1.8010E+01  8.0000E+01  1.3568E+03  1.1634E+02  1.3513E+03  7.1744E-01  7.3975E-01
  1.5523E+01  1.2000E+02  1.3523E+03  1.1456E+02  1.3425E+03  1.0990E+00  5.7680E-01
  1.3728E+01  1.6000E+02  1.3465E+03  1.1270E+02  1.3327E+03  2.2368E+00  8.4698E-01
  1.2285E+01  2.0000E+02  1.3387E+03  1.1078E+02  1.3211E+03  4.0531E+00  1.2336E+00
  1.1062E+01  2.4000E+02  1.3290E+03  1.0879E+02  1.3078E+03  6.2913E+00  1.6233E+00
  9.9936E+00  2.8000E+02  1.3177E+03  1.0676E+02  1.2930E+03  8.6765E+00  1.9564E+00
  9.0422E+00  3.2000E+02  1.3052E+03  1.0468E+02  1.2773E+03  1.0945E+01  2.1970E+00
  8.1832E+00  3.6000E+02  1.2920E+03  1.0255E+02  1.2610E+03  1.2848E+01  2.3283E+00
  7.3988E+00  4.0000E+02  1.2788E+03  1.0039E+02  1.2448E+03  1.4180E+01  2.3466E+00
  6.6759E+00  4.4000E+02  1.2658E+03  9.8191E+01  1.2290E+03  1.4906E+01  2.2737E+00
  6.0045E+00  4.8000E+02  1.2534E+03  9.5952E+01  1.2139E+03  1.5140E+01  2.1445E+00
  5.3775E+00  5.2000E+02  1.2417E+03  9.3675E+01  1.1997E+03  1.4984E+01  1.9823E+00
  4.7892E+00  5.6000E+02  1.2309E+03  9.1360E+01  1.1865E+03  1.4494E+01  1.7987E+00
  4.2355E+00  6.0000E+02  1.2208E+03  8.9005E+01  1.1741E+03  1.3882E+01  1.6217E+00
  3.7129E+00  6.4000E+02  1.2114E+03  8.6614E+01  1.1626E+03  1.3475E+01  1.4859E+00
  3.2184E+00  6.8000E+02  1.2021E+03  8.4190E+01  1.1513E+03  1.3852E+01  1.4452E+00
  2.7494E+00  7.2000E+02  1.1922E+03  8.1749E+01  1.1394E+03  1.5896E+01  1.5728E+00
  2.3035E+00  7.6000E+02  1.1809E+03  7.9310E+01  1.1263E+03  1.9900E+01  1.8719E+00
  1.8785E+00  8.0000E+02  1.1680E+03  7.6895E+01  1.1117E+03  2.4726E+01  2.2175E+00
  1.4720E+00  8.4000E+02  1.1539E+03  7.4518E+01  1.0961E+03  2.8747E+01  2.4650E+00
  1.0825E+00  8.8000E+02  1.1392E+03  7.2199E+01  1.0799E+03  3.1855E+01  2.6180E+00
  7.0844E-01  9.2000E+02  1.1240E+03  6.9983E+01  1.0634E+03  3.4732E+01  2.7410E+00
  3.4816E-01  9.6000E+02  1.1085E+03  6.7943E+01  1.0467E+03  3.7206E+01  2.8281E+00
  7.1168E-04  1.0000E+03  1.0932E+03  6.6258E+01  1.0303E+03  3.9278E+01  2.8793E+00
