  26  3.7500000E+00
  3.0665E+01  1.0000E-03  1.3633E+03  1.2270E+02  1.3633E+03  0.0000E+00  0.0000E+00
  2.1721E+01  4.0000E+01  1.3623E+03  1.2249E+02  1.3617E+03  8.7362E-02  1.6485E-01
  1.6793E+01  8.0000E+01  1.3571E+03  1.2063E+02  1.3516E+03  6.7714E-01  7.0410E-01
  1.4182E+01  1.2000E+02  1.3533E+03  1.1885E+02  1.3436E+03  7.7352E-01  4.2603E-01
  1.2344E+01  1.6000E+02  1.3494E+03  1.1699E+02  1.3357E+03  1.0752E+00  4.1704E-01
  1.0947E+01  2.0000E+02  1.3451E+03  1.1505E+02  1.3276E+03  1.7035E+00  5.0180E-01
  9.8226E+00  2.4000E+02  1.3402E+03  1.1306E+02  1.3191E+03  2.5633E+00  6.0833E-01
  8.8707E+00  2.8000E+02  1.3350E+03  1.1102E+02  1.3104E+03  3.3871E+00  6.8023E-01
  8.0366E+00  3.2000E+02  1.3293E+03  1.0891E+02  1.3015E+03  4.2287E+00  7.4421E-01
  7.2885E+00  3.6000E+02  1.3232E+03  1.0677E+02  1.2922E+03  5.2914E+00  8.3517E-01
  6.6072E+00  4.0000E+02  1.3165E+03  1.0457E+02  1.2826E+03  6.6377E+00  9.5403E-01
  5.9801E+00  4.4000E+02  1.3092E+03  1.0234E+02  1.2724E+03  8.1820E+00  1.0826E+00
  5.3977E+00  4.8000E+02  1.3012E+03  1.0007E+02  1.2617E+03  9.8235E+00  1.2071E+00
  4.8525E+00  5.2000E+02  1.2926E+03  9.7768E+01  1.2506E+03  1.1539E+01  1.3271E+00
  4.3390E+00  5.6000E+02  1.2834E+03  9.5434E+01  1.2390E+03  1.3373E+01  1.4489E+00
  3.8528E+00  6.0000E+02  1.2736E+03  9.3073E+01  1.2269E+03  1.5316E+01  1.5711E+00
  3.3906E+00  6.4000E+02  1.2632E+03  9.0690E+01  1.2144E+03  1.7265E+01  1.6835E+00
  2.9499E+00  6.8000E+02  1.2524E+03  8.8287E+01  1.2015E+03  1.9107E+01  1.7764E+00
  2.5286E+00  7.2000E+02  1.2412E+03  8.5870E+01  1.1885E+03  2.0769E+01  1.8461E+00
  2.1250E+00  7.6000E+02  1.2298E+03  8.3443E+01  1.1753E+03  2.2233E+01  1.8936E+00
  1.7374E+00  8.0000E+02  1.2183E+03  8.1015E+01  1.1620E+03  2.3535E+01  1.9243E+00
  1.3647E+00  8.4000E+02  1.2066E+03  7.8595E+01  1.1488E+03  2.4755E+01  1.9466E+00
  1.0057E+00  8.8000E+02  1.1949E+03  7.6198E+01  1.1356E+03  2.6045E+01  1.9728E+00
  6.5932E-01  9.2000E+02  1.1828E+03  7.3862E+01  1.1222E+03  2.8066E+01  2.0508E+00
  3.2445E-01  9.6000E+02  1.1703E+03  7.1654E+01  1.1084E+03  3.0773E+01  2.1741E+00
  4.3280E-04  1.0000E+03  1.1577E+03  6.9712E+01  1.0946E+03  3.2987E+01  2.2550E+00
