  26  3.7500000E+00
  3.1979E+01  1.0000E-03  1.3633E+03  1.2145E+02  1.3633E+03  0.0000E+00  0.0000E+00
  2.2648E+01  4.0000E+01  1.3622E+03  1.2124E+02  1.3616E+03  8.8426E-02  1.7408E-01
  1.7528E+01  8.0000E+01  1.3568E+03  1.1938E+02  1.3513E+03  6.9550E-01  7.5139E-01
  1.4850E+01  1.2000E+02  1.3525E+03  1.1759E+02  1.3428E+03  9.2256E-01  5.2123E-01
  1.2970E+01  1.6000E+02  1.3477E+03  1.1573E+02  1.3339E+03  1.5905E+00  6.3072E-01
  1.1515E+01  2.0000E+02  1.3421E+03  1.1380E+02  1.3245E+03  2.5318E+00  7.7706E-01
  1.0321E+01  2.4000E+02  1.3359E+03  1.1180E+02  1.3147E+03  3.4963E+00  8.8111E-01
  9.3023E+00  2.8000E+02  1.3293E+03  1.0975E+02  1.3046E+03  4.4672E+00  9.5994E-01
  8.4099E+00  3.2000E+02  1.3222E+03  1.0765E+02  1.2942E+03  5.6367E+00  1.0612E+00
  7.6118E+00  3.6000E+02  1.3143E+03  1.0550E+02  1.2832E+03  7.1852E+00  1.2099E+00
  6.8868E+00  4.0000E+02  1.3055E+03  1.0331E+02  1.2714E+03  9.0992E+00  1.3918E+00
  6.2207E+00  4.4000E+02  1.2958E+03  1.0109E+02  1.2590E+03  1.1159E+01  1.5683E+00
  5.6032E+00  4.8000E+02  1.2855E+03  9.8826E+01  1.2459E+03  1.3100E+01  1.7065E+00
  5.0269E+00  5.2000E+02  1.2747E+03  9.6534E+01  1.2326E+03  1.4765E+01  1.7954E+00
  4.4858E+00  5.6000E+02  1.2636E+03  9.4213E+01  1.2191E+03  1.6131E+01  1.8414E+00
  3.9755E+00  6.0000E+02  1.2525E+03  9.1865E+01  1.2057E+03  1.7231E+01  1.8552E+00
  3.4923E+00  6.4000E+02  1.2414E+03  8.9492E+01  1.1924E+03  1.8113E+01  1.8466E+00
  3.0332E+00  6.8000E+02  1.2303E+03  8.7098E+01  1.1794E+03  1.8853E+01  1.8262E+00
  2.5957E+00  7.2000E+02  1.2194E+03  8.4686E+01  1.1665E+03  1.9574E+01  1.8066E+00
  2.1779E+00  7.6000E+02  1.2084E+03  8.2262E+01  1.1537E+03  2.0454E+01  1.8032E+00
  1.7780E+00  8.0000E+02  1.1973E+03  7.9835E+01  1.1409E+03  2.1697E+01  1.8308E+00
  1.3945E+00  8.4000E+02  1.1859E+03  7.7422E+01  1.1279E+03  2.3431E+01  1.8954E+00
  1.0264E+00  8.8000E+02  1.1741E+03  7.5045E+01  1.1147E+03  2.5532E+01  1.9830E+00
  6.7229E-01  9.2000E+02  1.1620E+03  7.2735E+01  1.1012E+03  2.7687E+01  2.0686E+00
  3.3059E-01  9.6000E+02  1.1497E+03  7.0542E+01  1.0877E+03  2.9457E+01  2.1236E+00
  5.3854E-04  1.0000E+03  1.1376E+03  6.8568E+01  1.0745E+03  3.0650E+01  2.1343E+00
