  25  9.5995000E+01
  2.7454E+01  2.0000E+01  1.5519E+01  3.4243E+02  1.1592E+01  0.0000E+00  0.0000E+00
  2.0296E+01  6.0000E+01  1.9926E+01  3.4316E+02  1.1086E+01 -5.1370E-01 -7.7579E-01
  1.6943E+01  1.0000E+02  2.3193E+01  3.4444E+02  1.0832E+01 -5.9324E-01 -4.1970E-01
  1.4700E+01  1.4000E+02  2.6272E+01  3.4619E+02  1.0640E+01 -5.9117E-01 -2.7972E-01
  1.2992E+01  1.8000E+02  2.9399E+01  3.4803E+02  1.0478E+01 -7.5382E-01 -2.7177E-01
  1.1606E+01  2.2000E+02  3.2135E+01  3.4960E+02  1.0335E+01 -8.4263E-01 -2.4641E-01
  1.0440E+01  2.6000E+02  3.4513E+01  3.5126E+02  1.0203E+01 -6.2013E-01 -1.5247E-01
  9.4318E+00  3.0000E+02  3.6909E+01  3.5324E+02  1.0079E+01 -4.1300E-01 -8.7860E-02
  8.5390E+00  3.4000E+02  3.9494E+01  3.5549E+02  9.9615E+00 -3.7089E-01 -6.9861E-02
  7.7346E+00  3.8000E+02  4.2315E+01  3.5796E+02  9.8493E+00 -4.3780E-01 -7.4301E-02
  7.0001E+00  4.2000E+02  4.5375E+01  3.6057E+02  9.7414E+00 -6.1508E-01 -9.5323E-02
  6.3224E+00  4.6000E+02  4.8615E+01  3.6321E+02  9.6369E+00 -8.7568E-01 -1.2520E-01
  5.6925E+00  5.0000E+02  5.1960E+01  3.6583E+02  9.5352E+00 -1.1625E+00 -1.5450E-01
  5.1033E+00  5.4000E+02  5.5351E+01  3.6837E+02  9.4357E+00 -1.4442E+00 -1.7950E-01
  4.5498E+00  5.8000E+02  5.8747E+01  3.7082E+02  9.3380E+00 -1.7081E+00 -1.9950E-01
  4.0274E+00  6.2000E+02  6.2134E+01  3.7318E+02  9.2420E+00 -1.9590E+00 -2.1588E-01
  3.5328E+00  6.6000E+02  6.5503E+01  3.7546E+02  9.1473E+00 -2.2021E+00 -2.2979E-01
  3.0630E+00  7.0000E+02  6.8865E+01  3.7767E+02  9.0538E+00 -2.4553E+00 -2.4337E-01
  2.6155E+00  7.4000E+02  7.2205E+01  3.7980E+02  8.9615E+00 -2.7059E+00 -2.5549E-01
  2.1881E+00  7.8000E+02  7.5539E+01  3.8187E+02  8.8702E+00 -2.9439E+00 -2.6545E-01
  1.7790E+00  8.2000E+02  7.8839E+01  3.8394E+02  8.7800E+00 -3.0247E+00 -2.6104E-01
  1.3864E+00  8.6000E+02  8.2389E+01  3.8623E+02  8.6908E+00 -3.2052E+00 -2.6553E-01
  1.0080E+00  9.0000E+02  8.6386E+01  3.8870E+02  8.6025E+00 -4.0223E+00 -3.2113E-01
  6.4189E-01  9.4000E+02  9.0958E+01  3.9112E+02  8.5151E+00 -5.8805E+00 -4.5420E-01
  2.8698E-01  9.8000E+02  9.5696E+01  3.9265E+02  8.4285E+00 -9.0469E+00 -6.7742E-01
