  25  9.5995000E+01
  2.7007E+01  2.0000E+01  1.5461E+01  2.4458E+02  1.1592E+01  0.0000E+00  0.0000E+00
  1.9857E+01  6.0000E+01  2.0295E+01  2.4535E+02  1.1080E+01 -5.6930E-01 -8.5887E-01
  1.6496E+01  1.0000E+02  2.4404E+01  2.4625E+02  1.0814E+01 -9.5365E-01 -6.7612E-01
  1.4257E+01  1.4000E+02  3.0253E+01  2.4759E+02  1.0567E+01 -2.0133E+00 -9.5115E-01
  1.2560E+01  1.8000E+02  3.9767E+01  2.4905E+02  1.0197E+01 -4.7484E+00 -1.6999E+00
  1.1190E+01  2.2000E+02  5.1072E+01  2.5045E+02  9.7216E+00 -7.2329E+00 -2.0902E+00
  1.0042E+01  2.6000E+02  6.1817E+01  2.5184E+02  9.2290E+00 -8.1469E+00 -1.9733E+00
  9.0543E+00  3.0000E+02  7.1225E+01  2.5347E+02  8.7414E+00 -7.8735E+00 -1.6413E+00
  8.1860E+00  3.4000E+02  7.9581E+01  2.5563E+02  8.2805E+00 -7.1382E+00 -1.3075E+00
  7.4093E+00  3.8000E+02  8.7754E+01  2.5862E+02  7.8424E+00 -6.6700E+00 -1.0931E+00
  6.7033E+00  4.2000E+02  9.6534E+01  2.6243E+02  7.4177E+00 -7.0289E+00 -1.0470E+00
  6.0537E+00  4.6000E+02  1.0607E+02  2.6681E+02  7.0115E+00 -7.9439E+00 -1.0887E+00
  5.4506E+00  5.0000E+02  1.1613E+02  2.7151E+02  6.6355E+00 -8.8928E+00 -1.1314E+00
  4.8872E+00  5.4000E+02  1.2646E+02  2.7640E+02  6.2932E+00 -9.6390E+00 -1.1459E+00
  4.3578E+00  5.8000E+02  1.3684E+02  2.8141E+02  5.9812E+00 -1.0147E+01 -1.1332E+00
  3.8584E+00  6.2000E+02  1.4715E+02  2.8651E+02  5.6946E+00 -1.0447E+01 -1.1007E+00
  3.3854E+00  6.6000E+02  1.5743E+02  2.9176E+02  5.4288E+00 -1.0638E+01 -1.0616E+00
  2.9358E+00  7.0000E+02  1.6775E+02  2.9719E+02  5.1809E+00 -1.0882E+01 -1.0322E+00
  2.5071E+00  7.4000E+02  1.7817E+02  3.0278E+02  4.9491E+00 -1.1251E+01 -1.0177E+00
  2.0971E+00  7.8000E+02  1.8870E+02  3.0846E+02  4.7313E+00 -1.1824E+01 -1.0228E+00
  1.7040E+00  8.2000E+02  1.9934E+02  3.1412E+02  4.5246E+00 -1.2662E+01 -1.0501E+00
  1.3264E+00  8.6000E+02  2.1003E+02  3.1960E+02  4.3258E+00 -1.3800E+01 -1.0994E+00
  9.6306E-01  9.0000E+02  2.2079E+02  3.2488E+02  4.1306E+00 -1.5094E+01 -1.1571E+00
  6.1272E-01  9.4000E+02  2.3253E+02  3.3056E+02  3.9353E+00 -1.7300E+01 -1.2788E+00
  2.7385E-01  9.8000E+02  2.4595E+02  3.3589E+02  3.7437E+00 -2.3884E+01 -1.7076E+00
