  25  9.5995000E+01
  2.7367E+01  2.0000E+01  1.5618E+01  2.6097E+02  1.1588E+01  0.0000E+00  0.0000E+00
  2.0162E+01  6.0000E+01  2.0671E+01  2.6183E+02  1.1077E+01 -5.8118E-01 -8.8353E-01
  1.6772E+01  1.0000E+02  2.4845E+01  2.6285E+02  1.0811E+01 -9.3132E-01 -6.6611E-01
  1.4512E+01  1.4000E+02  3.1073E+01  2.6436E+02  1.0560E+01 -2.0879E+00 -9.9543E-01
  1.2797E+01  1.8000E+02  4.2982E+01  2.6628E+02  1.0118E+01 -5.8213E+00 -2.1068E+00
  1.1408E+01  2.2000E+02  5.7370E+01  2.6807E+02  9.5409E+00 -9.0718E+00 -2.6581E+00
  1.0242E+01  2.6000E+02  7.0271E+01  2.6976E+02  8.9428E+00 -9.6258E+00 -2.3666E+00
  9.2393E+00  3.0000E+02  8.0787E+01  2.7175E+02  8.3917E+00 -8.4953E+00 -1.7979E+00
  8.3575E+00  3.4000E+02  8.9633E+01  2.7443E+02  7.9094E+00 -6.9925E+00 -1.3009E+00
  7.5680E+00  3.8000E+02  9.8263E+01  2.7814E+02  7.4757E+00 -6.2271E+00 -1.0373E+00
  6.8495E+00  4.2000E+02  1.0773E+02  2.8284E+02  7.0721E+00 -6.6537E+00 -1.0086E+00
  6.1876E+00  4.6000E+02  1.1828E+02  2.8819E+02  6.6944E+00 -7.8488E+00 -1.0960E+00
  5.5725E+00  5.0000E+02  1.2962E+02  2.9391E+02  6.3434E+00 -9.1232E+00 -1.1841E+00
  4.9970E+00  5.4000E+02  1.4138E+02  2.9984E+02  6.0183E+00 -1.0146E+01 -1.2319E+00
  4.4559E+00  5.8000E+02  1.5329E+02  3.0586E+02  5.7164E+00 -1.0876E+01 -1.2416E+00
  3.9450E+00  6.2000E+02  1.6517E+02  3.1193E+02  5.4359E+00 -1.1357E+01 -1.2241E+00
  3.4609E+00  6.6000E+02  1.7689E+02  3.1800E+02  5.1756E+00 -1.1684E+01 -1.1934E+00
  3.0007E+00  7.0000E+02  1.8842E+02  3.2403E+02  4.9341E+00 -1.1942E+01 -1.1595E+00
  2.5620E+00  7.4000E+02  1.9977E+02  3.3003E+02  4.7090E+00 -1.2217E+01 -1.1307E+00
  2.1427E+00  7.8000E+02  2.1094E+02  3.3592E+02  4.4972E+00 -1.2574E+01 -1.1122E+00
  1.7412E+00  8.2000E+02  2.2215E+02  3.4181E+02  4.2940E+00 -1.3263E+01 -1.1236E+00
  1.3558E+00  8.6000E+02  2.3372E+02  3.4777E+02  4.0925E+00 -1.4556E+01 -1.1836E+00
  9.8496E-01  9.0000E+02  2.4710E+02  3.5462E+02  3.8828E+00 -1.7599E+01 -1.3771E+00
  6.2692E-01  9.4000E+02  2.6306E+02  3.6227E+02  3.6625E+00 -2.3210E+01 -1.7532E+00
  2.8027E-01  9.8000E+02  2.8078E+02  3.6889E+02  3.4449E+00 -3.2009E+01 -2.3411E+00
