  25  9.5995000E+01
  2.5946E+01  2.0000E+01  1.4734E+01  2.2127E+02  1.1610E+01  0.0000E+00  0.0000E+00
  1.9065E+01  6.0000E+01  1.8505E+01  2.2184E+02  1.1098E+01 -4.6502E-01 -6.7509E-01
  1.5833E+01  1.0000E+02  2.1606E+01  2.2255E+02  1.0837E+01 -7.3866E-01 -5.0376E-01
  1.3684E+01  1.4000E+02  2.4386E+01  2.2333E+02  1.0635E+01 -9.3474E-01 -4.2370E-01
  1.2066E+01  1.8000E+02  2.7477E+01  2.2426E+02  1.0454E+01 -1.3335E+00 -4.5531E-01
  1.0761E+01  2.2000E+02  3.2297E+01  2.2531E+02  1.0241E+01 -2.8885E+00 -7.9478E-01
  9.6662E+00  2.6000E+02  4.0468E+01  2.2661E+02  9.8824E+00 -6.2753E+00 -1.4501E+00
  8.7200E+00  3.0000E+02  5.0825E+01  2.2820E+02  9.4077E+00 -9.2629E+00 -1.8492E+00
  7.8859E+00  3.4000E+02  6.0781E+01  2.3015E+02  8.9031E+00 -9.6034E+00 -1.6899E+00
  7.1388E+00  3.8000E+02  6.9700E+01  2.3259E+02  8.4099E+00 -8.6686E+00 -1.3664E+00
  6.4601E+00  4.2000E+02  7.7915E+01  2.3555E+02  7.9548E+00 -7.7406E+00 -1.1085E+00
  5.8364E+00  4.6000E+02  8.5866E+01  2.3889E+02  7.5367E+00 -7.3862E+00 -9.7195E-01
  5.2581E+00  5.0000E+02  9.3795E+01  2.4252E+02  7.1517E+00 -7.4416E+00 -9.0784E-01
  4.7184E+00  5.4000E+02  1.0171E+02  2.4634E+02  6.8008E+00 -7.5941E+00 -8.6476E-01
  4.2119E+00  5.8000E+02  1.0960E+02  2.5041E+02  6.4841E+00 -7.5203E+00 -8.0368E-01
  3.7340E+00  6.2000E+02  1.1770E+02  2.5498E+02  6.1970E+00 -7.4157E+00 -7.4767E-01
  3.2807E+00  6.6000E+02  1.2634E+02  2.6007E+02  5.9321E+00 -7.8173E+00 -7.4760E-01
  2.8487E+00  7.0000E+02  1.3560E+02  2.6553E+02  5.6820E+00 -8.7916E+00 -8.0124E-01
  2.4356E+00  7.4000E+02  1.4540E+02  2.7118E+02  5.4420E+00 -1.0053E+01 -8.7622E-01
  2.0394E+00  7.8000E+02  1.5558E+02  2.7687E+02  5.2101E+00 -1.1329E+01 -9.4695E-01
  1.6587E+00  8.2000E+02  1.6599E+02  2.8252E+02  4.9869E+00 -1.2510E+01 -1.0048E+00
  1.2922E+00  8.6000E+02  1.7647E+02  2.8800E+02  4.7733E+00 -1.3630E+01 -1.0539E+00
  9.3894E-01  9.0000E+02  1.8696E+02  2.9325E+02  4.5672E+00 -1.4822E+01 -1.1048E+00
  5.9777E-01  9.4000E+02  1.9812E+02  2.9868E+02  4.3622E+00 -1.6811E+01 -1.2100E+00
  2.6735E-01  9.8000E+02  2.1057E+02  3.0365E+02  4.1642E+00 -2.2643E+01 -1.5785E+00
