  26  3.7500000E+00
  2.6343E+01  1.7630E+01  6.7842E+02  7.4050E+01  6.7709E+02  0.0000E+00  0.0000E+00
  2.5935E+01  2.0000E+01  6.7679E+02  7.4023E+01  6.7538E+02  3.9299E+00  5.7043E+00
  1.9055E+01  6.0000E+01  6.6544E+02  7.2930E+01  6.6083E+02  1.4915E+00  2.1650E+00
  1.5825E+01  1.0000E+02  6.6021E+02  7.1528E+01  6.5255E+02  1.1853E+00  8.0781E-01
  1.3679E+01  1.4000E+02  6.5628E+02  6.9945E+01  6.4571E+02  1.0948E+00  4.9573E-01
  1.2062E+01  1.8000E+02  6.5277E+02  6.8275E+01  6.3944E+02  1.1335E+00  3.8665E-01
  1.0759E+01  2.2000E+02  6.4916E+02  6.6557E+01  6.3320E+02  1.4525E+00  3.9931E-01
  9.6646E+00  2.6000E+02  6.4480E+02  6.4809E+01  6.2634E+02  2.3885E+00  5.5148E-01
  8.7191E+00  3.0000E+02  6.3954E+02  6.3035E+01  6.1870E+02  3.6854E+00  7.3517E-01
  7.8855E+00  3.4000E+02  6.3380E+02  6.1239E+01  6.1070E+02  4.7296E+00  8.3176E-01
  7.1387E+00  3.8000E+02  6.2792E+02  5.9426E+01  6.0267E+02  5.4551E+00  8.5957E-01
  6.4601E+00  4.2000E+02  6.2198E+02  5.7602E+01  5.9470E+02  6.0581E+00  8.6731E-01
  5.8365E+00  4.6000E+02  6.1599E+02  5.5768E+01  5.8677E+02  6.6708E+00  8.7770E-01
  5.2583E+00  5.0000E+02  6.0991E+02  5.3929E+01  5.7887E+02  7.3344E+00  8.9471E-01
  4.7186E+00  5.4000E+02  6.0374E+02  5.2083E+01  5.7097E+02  8.0096E+00  9.1207E-01
  4.2120E+00  5.8000E+02  5.9752E+02  5.0235E+01  5.6312E+02  8.6311E+00  9.2242E-01
  3.7341E+00  6.2000E+02  5.9127E+02  4.8383E+01  5.5534E+02  9.1929E+00  9.2691E-01
  3.2808E+00  6.6000E+02  5.8499E+02  4.6530E+01  5.4761E+02  9.7669E+00  9.3410E-01
  2.8488E+00  7.0000E+02  5.7863E+02  4.4678E+01  5.3989E+02  1.0436E+01  9.5116E-01
  2.4356E+00  7.4000E+02  5.7215E+02  4.2829E+01  5.3212E+02  1.1222E+01  9.7815E-01
  2.0394E+00  7.8000E+02  5.6553E+02  4.0986E+01  5.2430E+02  1.2055E+01  1.0076E+00
  1.6587E+00  8.2000E+02  5.5880E+02  3.9153E+01  5.1646E+02  1.2844E+01  1.0317E+00
  1.2922E+00  8.6000E+02  5.5202E+02  3.7333E+01  5.0863E+02  1.3557E+01  1.0482E+00
  9.3894E-01  9.0000E+02  5.4512E+02  3.5535E+01  5.0076E+02  1.4438E+01  1.0762E+00
  5.9777E-01  9.4000E+02  5.3794E+02  3.3779E+01  4.9270E+02  1.5883E+01  1.1432E+00
  2.6735E-01  9.8000E+02  5.3072E+02  3.2084E+01  4.8465E+02  1.6730E+01  1.1663E+00
