  26  9.5995000E+01
  2.7202E+01  1.7630E+01  9.1844E+00  2.3265E+02  8.6248E+00  0.0000E+00  0.0000E+00
  2.6783E+01  2.0000E+01  9.7267E+00  2.3271E+02  8.4960E+00 -1.1466E+00 -1.7127E+00
  1.9703E+01  6.0000E+01  1.7302E+01  2.3478E+02  7.7086E+00 -7.7757E-01 -1.1614E+00
  1.6371E+01  1.0000E+02  2.2171E+01  2.3670E+02  7.4580E+00 -8.8660E-01 -6.2329E-01
  1.4145E+01  1.4000E+02  2.8218E+01  2.3863E+02  7.2417E+00 -1.8492E+00 -8.6836E-01
  1.2459E+01  1.8000E+02  3.6987E+01  2.4051E+02  6.9504E+00 -4.0837E+00 -1.4526E+00
  1.1099E+01  2.2000E+02  4.7172E+01  2.4225E+02  6.6045E+00 -6.2097E+00 -1.7823E+00
  9.9583E+00  2.6000E+02  5.7129E+01  2.4388E+02  6.2480E+00 -7.2967E+00 -1.7556E+00
  8.9766E+00  3.0000E+02  6.6234E+01  2.4564E+02  5.8916E+00 -7.4896E+00 -1.5513E+00
  8.1138E+00  3.4000E+02  7.4688E+01  2.4778E+02  5.5488E+00 -7.3190E+00 -1.3323E+00
  7.3422E+00  3.8000E+02  8.3007E+01  2.5060E+02  5.2200E+00 -7.1244E+00 -1.1598E+00
  6.6415E+00  4.2000E+02  9.1752E+01  2.5415E+02  4.9043E+00 -7.4070E+00 -1.0950E+00
  5.9973E+00  4.6000E+02  1.0107E+02  2.5824E+02  4.6091E+00 -8.1123E+00 -1.1025E+00
  5.3997E+00  5.0000E+02  1.1080E+02  2.6267E+02  4.3407E+00 -8.8686E+00 -1.1181E+00
  4.8416E+00  5.4000E+02  1.2074E+02  2.6731E+02  4.0987E+00 -9.5085E+00 -1.1197E+00
  4.3174E+00  5.8000E+02  1.3070E+02  2.7205E+02  3.8793E+00 -9.9607E+00 -1.1015E+00
  3.8230E+00  6.2000E+02  1.4057E+02  2.7689E+02  3.6786E+00 -1.0171E+01 -1.0610E+00
  3.3548E+00  6.6000E+02  1.5042E+02  2.8193E+02  3.4937E+00 -1.0267E+01 -1.0142E+00
  2.9098E+00  7.0000E+02  1.6038E+02  2.8722E+02  3.3223E+00 -1.0479E+01 -9.8400E-01
  2.4853E+00  7.4000E+02  1.7049E+02  2.9271E+02  3.1627E+00 -1.0904E+01 -9.7659E-01
  2.0791E+00  7.8000E+02  1.8075E+02  2.9829E+02  3.0133E+00 -1.1519E+01 -9.8693E-01
  1.6897E+00  8.2000E+02  1.9112E+02  3.0385E+02  2.8715E+00 -1.2345E+01 -1.0144E+00
  1.3154E+00  8.6000E+02  2.0153E+02  3.0925E+02  2.7354E+00 -1.3395E+01 -1.0577E+00
  9.5519E-01  9.0000E+02  2.1194E+02  3.1443E+02  2.6024E+00 -1.4515E+01 -1.1032E+00
  6.0776E-01  9.4000E+02  2.2317E+02  3.1994E+02  2.4699E+00 -1.6455E+01 -1.2062E+00
  2.7164E-01  9.8000E+02  2.3582E+02  3.2500E+02  2.3402E+00 -2.2609E+01 -1.6033E+00
