  26  3.7500000E+00
  2.7891E+01  1.7630E+01  1.3121E+03  1.0706E+02  1.3107E+03  0.0000E+00  0.0000E+00
  2.7468E+01  2.0000E+01  1.3092E+03  1.0710E+02  1.3078E+03  6.8145E+00  1.0263E+01
  2.0329E+01  6.0000E+01  1.2952E+03  1.0676E+02  1.2902E+03  1.9184E+00  2.8892E+00
  1.6996E+01  1.0000E+02  1.2901E+03  1.0543E+02  1.2817E+03  1.1179E+00  7.8615E-01
  1.4768E+01  1.4000E+02  1.2845E+03  1.0380E+02  1.2727E+03  1.7906E+00  8.4175E-01
  1.3072E+01  1.8000E+02  1.2769E+03  1.0209E+02  1.2619E+03  3.4720E+00  1.2419E+00
  1.1700E+01  2.2000E+02  1.2678E+03  1.0032E+02  1.2497E+03  5.3298E+00  1.5434E+00
  1.0543E+01  2.6000E+02  1.2578E+03  9.8515E+01  1.2367E+03  7.0957E+00  1.7313E+00
  9.5373E+00  3.0000E+02  1.2471E+03  9.6665E+01  1.2232E+03  8.7741E+00  1.8625E+00
  8.6409E+00  3.4000E+02  1.2359E+03  9.4780E+01  1.2092E+03  1.0394E+01  1.9657E+00
  7.8291E+00  3.8000E+02  1.2244E+03  9.2862E+01  1.1950E+03  1.1860E+01  2.0311E+00
  7.0859E+00  4.2000E+02  1.2127E+03  9.0915E+01  1.1808E+03  1.3070E+01  2.0495E+00
  6.3997E+00  4.6000E+02  1.2011E+03  8.8940E+01  1.1668E+03  1.4000E+01  2.0269E+00
  5.7618E+00  5.0000E+02  1.1897E+03  8.6938E+01  1.1531E+03  1.4733E+01  1.9827E+00
  5.1655E+00  5.4000E+02  1.1785E+03  8.4913E+01  1.1397E+03  1.5388E+01  1.9359E+00
  4.6054E+00  5.8000E+02  1.1675E+03  8.2865E+01  1.1265E+03  1.6044E+01  1.8962E+00
  4.0769E+00  6.2000E+02  1.1566E+03  8.0798E+01  1.1136E+03  1.6747E+01  1.8673E+00
  3.5764E+00  6.6000E+02  1.1457E+03  7.8714E+01  1.1008E+03  1.7506E+01  1.8484E+00
  3.1009E+00  7.0000E+02  1.1349E+03  7.6617E+01  1.0882E+03  1.8301E+01  1.8360E+00
  2.6478E+00  7.4000E+02  1.1242E+03  7.4511E+01  1.0757E+03  1.9097E+01  1.8256E+00
  2.2149E+00  7.8000E+02  1.1134E+03  7.2399E+01  1.0632E+03  1.9981E+01  1.8250E+00
  1.8004E+00  8.2000E+02  1.1024E+03  7.0296E+01  1.0506E+03  2.1599E+01  1.8889E+00
  1.4026E+00  8.6000E+02  1.0902E+03  6.8239E+01  1.0370E+03  2.5377E+01  2.1294E+00
  1.0197E+00  9.0000E+02  1.0761E+03  6.6305E+01  1.0215E+03  3.1743E+01  2.5646E+00
  6.4937E-01  9.4000E+02  1.0600E+03  6.4621E+01  1.0041E+03  3.9060E+01  3.0518E+00
  2.9032E-01  9.8000E+02  1.0434E+03  6.3368E+01  9.8629E+02  4.2620E+01  3.2285E+00
