  25  6.0000000E+00
  2.7130E+01  2.0000E+01  1.3640E+00  1.2534E+02  1.1377E+00  0.0000E+00  0.0000E+00
  1.9778E+01  6.0000E+01  1.9030E+00  1.2540E+02  1.1338E+00 -6.4675E-02 -1.0032E-01
  1.6512E+01  1.0000E+02  2.2471E+00  1.2558E+02  1.1298E+00 -5.0703E-02 -3.4937E-02
  1.4401E+01  1.4000E+02  2.5438E+00  1.2594E+02  1.1260E+00  3.1109E-02  1.3860E-02
  1.2792E+01  1.8000E+02  2.9564E+00  1.2641E+02  1.1220E+00  3.6305E-02  1.2317E-02
  1.1470E+01  2.2000E+02  3.5041E+00  1.2694E+02  1.1177E+00 -1.0411E-02 -2.9042E-03
  1.0338E+01  2.6000E+02  4.1730E+00  1.2752E+02  1.1130E+00 -8.0570E-02 -1.9247E-02
  9.3431E+00  3.0000E+02  4.9497E+00  1.2813E+02  1.1081E+00 -1.6737E-01 -3.5127E-02
  8.4534E+00  3.4000E+02  5.8265E+00  1.2877E+02  1.1028E+00 -2.6637E-01 -5.0003E-02
  7.6467E+00  3.8000E+02  6.8064E+00  1.2944E+02  1.0970E+00 -3.8613E-01 -6.5717E-02
  6.9075E+00  4.2000E+02  7.8974E+00  1.3013E+02  1.0907E+00 -5.3979E-01 -8.4184E-02
  6.2243E+00  4.6000E+02  9.1041E+00  1.3084E+02  1.0838E+00 -7.3655E-01 -1.0616E-01
  5.5886E+00  5.0000E+02  1.0419E+01  1.3153E+02  1.0764E+00 -9.7285E-01 -1.3048E-01
  4.9939E+00  5.4000E+02  1.1815E+01  1.3220E+02  1.0687E+00 -1.2251E+00 -1.5371E-01
  4.4352E+00  5.8000E+02  1.3263E+01  1.3282E+02  1.0608E+00 -1.4753E+00 -1.7392E-01
  3.9083E+00  6.2000E+02  1.4747E+01  1.3340E+02  1.0528E+00 -1.7218E+00 -1.9139E-01
  3.4100E+00  6.6000E+02  1.6280E+01  1.3394E+02  1.0445E+00 -1.9972E+00 -2.0999E-01
  2.9373E+00  7.0000E+02  1.7921E+01  1.3445E+02  1.0355E+00 -2.3821E+00 -2.3756E-01
  2.4878E+00  7.4000E+02  1.9799E+01  1.3497E+02  1.0250E+00 -3.0313E+00 -2.8748E-01
  2.0593E+00  7.8000E+02  2.2149E+01  1.3552E+02  1.0116E+00 -4.2031E+00 -3.7998E-01
  1.6498E+00  8.2000E+02  2.5315E+01  1.3613E+02  9.9364E-01 -6.2349E+00 -5.3858E-01
  1.2577E+00  8.6000E+02  2.9683E+01  1.3681E+02  9.6924E-01 -9.3987E+00 -7.7759E-01
  8.8135E-01  9.0000E+02  3.5652E+01  1.3756E+02  9.3623E-01 -1.3877E+01 -1.1018E+00
  5.1953E-01  9.4000E+02  4.3732E+01  1.3839E+02  8.9132E-01 -2.0025E+01 -1.5286E+00
  1.7044E-01  9.8000E+02  5.3852E+01  1.3915E+02  8.3462E-01 -2.6830E+01 -1.9761E+00
