  25  6.0000000E+00
  2.7129E+01  2.0000E+01  1.3643E+00  1.2539E+02  1.1377E+00  0.0000E+00  0.0000E+00
  1.9777E+01  6.0000E+01  1.9031E+00  1.2545E+02  1.1338E+00 -6.4743E-02 -1.0043E-01
  1.6513E+01  1.0000E+02  2.2449E+00  1.2563E+02  1.1298E+00 -4.9829E-02 -3.4318E-02
  1.4402E+01  1.4000E+02  2.5415E+00  1.2599E+02  1.1260E+00  3.1856E-02  1.4188E-02
  1.2794E+01  1.8000E+02  2.9548E+00  1.2646E+02  1.1220E+00  3.5551E-02  1.2062E-02
  1.1472E+01  2.2000E+02  3.5014E+00  1.2700E+02  1.1177E+00 -9.3780E-03 -2.6157E-03
  1.0340E+01  2.6000E+02  4.1693E+00  1.2758E+02  1.1131E+00 -7.8204E-02 -1.8677E-02
  9.3449E+00  3.0000E+02  4.9461E+00  1.2819E+02  1.1081E+00 -1.6513E-01 -3.4653E-02
  8.4552E+00  3.4000E+02  5.8244E+00  1.2883E+02  1.1028E+00 -2.6462E-01 -4.9676E-02
  7.6484E+00  3.8000E+02  6.8072E+00  1.2951E+02  1.0970E+00 -3.8552E-01 -6.5618E-02
  6.9091E+00  4.2000E+02  7.9022E+00  1.3020E+02  1.0907E+00 -5.4128E-01 -8.4433E-02
  6.2257E+00  4.6000E+02  9.1121E+00  1.3090E+02  1.0838E+00 -7.3942E-01 -1.0661E-01
  5.5898E+00  5.0000E+02  1.0427E+01  1.3160E+02  1.0765E+00 -9.7462E-01 -1.3075E-01
  4.9950E+00  5.4000E+02  1.1819E+01  1.3226E+02  1.0688E+00 -1.2228E+00 -1.5347E-01
  4.4361E+00  5.8000E+02  1.3261E+01  1.3289E+02  1.0610E+00 -1.4691E+00 -1.7324E-01
  3.9090E+00  6.2000E+02  1.4738E+01  1.3346E+02  1.0530E+00 -1.7146E+00 -1.9064E-01
  3.4105E+00  6.6000E+02  1.6266E+01  1.3399E+02  1.0448E+00 -1.9912E+00 -2.0941E-01
  2.9377E+00  7.0000E+02  1.7901E+01  1.3451E+02  1.0359E+00 -2.3762E+00 -2.3705E-01
  2.4881E+00  7.4000E+02  1.9768E+01  1.3502E+02  1.0254E+00 -3.0161E+00 -2.8612E-01
  2.0594E+00  7.8000E+02  2.2088E+01  1.3556E+02  1.0122E+00 -4.1533E+00 -3.7558E-01
  1.6499E+00  8.2000E+02  2.5195E+01  1.3616E+02  9.9461E-01 -6.1238E+00 -5.2910E-01
  1.2577E+00  8.6000E+02  2.9485E+01  1.3682E+02  9.7064E-01 -9.2360E+00 -7.6425E-01
  8.8137E-01  9.0000E+02  3.5384E+01  1.3756E+02  9.3804E-01 -1.3721E+01 -1.0895E+00
  5.1954E-01  9.4000E+02  4.3432E+01  1.3838E+02  8.9336E-01 -1.9963E+01 -1.5239E+00
  1.7044E-01  9.8000E+02  5.3573E+01  1.3913E+02  8.3665E-01 -2.6903E+01 -1.9815E+00
