  25  6.0000000E+00
  2.5531E+01  2.0000E+01  4.4561E-01  9.5255E+01  2.8660E-01  0.0000E+00  0.0000E+00
  1.8494E+01  6.0000E+01  8.7924E-01  9.5325E+01  2.8436E-01 -5.1717E-02 -7.6775E-02
  1.5246E+01  1.0000E+02  1.3016E+00  9.5387E+01  2.8221E-01 -1.1110E-01 -7.6148E-02
  1.3115E+01  1.4000E+02  1.6560E+00  9.5437E+01  2.8012E-01 -1.4286E-01 -6.4222E-02
  1.1551E+01  1.8000E+02  1.8995E+00  9.5541E+01  2.7812E-01 -8.9245E-02 -2.9443E-02
  1.0323E+01  2.2000E+02  2.0889E+00  9.5747E+01  2.7620E-01  1.3984E-02  3.6247E-03
  9.3015E+00  2.6000E+02  2.2965E+00  9.6039E+01  2.7431E-01  8.2091E-02  1.7684E-02
  8.4181E+00  3.0000E+02  2.5568E+00  9.6392E+01  2.7243E-01  1.0562E-01  1.9684E-02
  7.6331E+00  3.4000E+02  2.8802E+00  9.6790E+01  2.7055E-01  9.4324E-02  1.5623E-02
  6.9230E+00  3.8000E+02  3.2637E+00  9.7220E+01  2.6866E-01  6.6345E-02  9.9393E-03
  6.2728E+00  4.2000E+02  3.7018E+00  9.7682E+01  2.6676E-01  3.5920E-02  4.9276E-03
  5.6717E+00  4.6000E+02  4.1932E+00  9.8176E+01  2.6482E-01  5.4784E-03  6.9482E-04
  5.1111E+00  5.0000E+02  4.7477E+00  9.8705E+01  2.6284E-01 -4.5750E-02 -5.4108E-03
  4.5844E+00  5.4000E+02  5.3762E+00  9.9259E+01  2.6078E-01 -1.4091E-01 -1.5659E-02
  4.0866E+00  5.8000E+02  6.0829E+00  9.9829E+01  2.5861E-01 -2.7612E-01 -2.9000E-02
  3.6140E+00  6.2000E+02  6.8691E+00  1.0041E+02  2.5626E-01 -4.4302E-01 -4.4167E-02
  3.1639E+00  6.6000E+02  7.7380E+00  1.0098E+02  2.5367E-01 -6.4325E-01 -6.1082E-02
  2.7341E+00  7.0000E+02  8.6972E+00  1.0156E+02  2.5078E-01 -8.8710E-01 -8.0459E-02
  2.3225E+00  7.4000E+02  9.7596E+00  1.0213E+02  2.4750E-01 -1.1919E+00 -1.0350E-01
  1.9276E+00  7.8000E+02  1.0945E+01  1.0270E+02  2.4372E-01 -1.5824E+00 -1.3183E-01
  1.5481E+00  8.2000E+02  1.2282E+01  1.0324E+02  2.3933E-01 -2.0932E+00 -1.6760E-01
  1.1827E+00  8.6000E+02  1.3800E+01  1.0375E+02  2.3420E-01 -2.7517E+00 -2.1211E-01
  8.3048E-01  9.0000E+02  1.5559E+01  1.0422E+02  2.2810E-01 -3.6498E+00 -2.7123E-01
  4.9033E-01  9.4000E+02  1.7730E+01  1.0464E+02  2.2032E-01 -5.1518E+00 -3.6972E-01
  1.6100E-01  9.8000E+02  2.0474E+01  1.0494E+02  2.1056E-01 -7.4290E+00 -5.1619E-01
