  25  6.0000000E+00
  2.6790E+01  2.0000E+01  9.5841E-01  9.7112E+01  7.3200E-01  0.0000E+00  0.0000E+00
  1.9294E+01  6.0000E+01  1.6243E+00  9.7174E+01  7.2846E-01 -8.0620E-02 -1.2750E-01
  1.5813E+01  1.0000E+02  2.2464E+00  9.7140E+01  7.2498E-01 -1.8834E-01 -1.3830E-01
  1.3561E+01  1.4000E+02  2.6975E+00  9.7139E+01  7.2166E-01 -2.0081E-01 -9.5433E-02
  1.1908E+01  1.8000E+02  3.0295E+00  9.7202E+01  7.1843E-01 -1.6299E-01 -5.6848E-02
  1.0607E+01  2.2000E+02  3.2909E+00  9.7356E+01  7.1528E-01 -8.2367E-02 -2.2599E-02
  9.5326E+00  2.6000E+02  3.5367E+00  9.7603E+01  7.1216E-01  1.2350E-03  2.8001E-04
  8.6105E+00  3.0000E+02  3.8115E+00  9.7932E+01  7.0905E-01  5.8341E-02  1.1349E-02
  7.7965E+00  3.4000E+02  4.1448E+00  9.8324E+01  7.0589E-01  7.2351E-02  1.2425E-02
  7.0629E+00  3.8000E+02  4.5499E+00  9.8762E+01  7.0266E-01  4.5673E-02  7.0686E-03
  6.3922E+00  4.2000E+02  5.0300E+00  9.9235E+01  6.9933E-01 -1.0815E-02 -1.5305E-03
  5.7723E+00  4.6000E+02  5.5841E+00  9.9735E+01  6.9584E-01 -8.8246E-02 -1.1540E-02
  5.1949E+00  5.0000E+02  6.2126E+00  1.0026E+02  6.9214E-01 -1.8428E-01 -2.2450E-02
  4.6535E+00  5.4000E+02  6.9195E+00  1.0080E+02  6.8817E-01 -3.0558E-01 -3.4905E-02
  4.1432E+00  5.8000E+02  7.7107E+00  1.0135E+02  6.8385E-01 -4.6060E-01 -4.9595E-02
  3.6600E+00  6.2000E+02  8.5942E+00  1.0192E+02  6.7911E-01 -6.5750E-01 -6.7027E-02
  3.2009E+00  6.6000E+02  9.5808E+00  1.0249E+02  6.7385E-01 -9.0722E-01 -8.7880E-02
  2.7633E+00  7.0000E+02  1.0685E+01  1.0306E+02  6.6797E-01 -1.2254E+00 -1.1313E-01
  2.3451E+00  7.4000E+02  1.1928E+01  1.0362E+02  6.6136E-01 -1.6357E+00 -1.4430E-01
  1.9447E+00  7.8000E+02  1.3342E+01  1.0416E+02  6.5381E-01 -2.1754E+00 -1.8379E-01
  1.5605E+00  8.2000E+02  1.4964E+01  1.0468E+02  6.4512E-01 -2.8702E+00 -2.3264E-01
  1.1914E+00  8.6000E+02  1.6854E+01  1.0517E+02  6.3494E-01 -3.7908E+00 -2.9523E-01
  8.3607E-01  9.0000E+02  1.9085E+01  1.0562E+02  6.2300E-01 -5.0063E+00 -3.7527E-01
  4.9335E-01  9.4000E+02  2.1717E+01  1.0599E+02  6.0920E-01 -6.6184E+00 -4.7855E-01
  1.6192E-01  9.8000E+02  2.4798E+01  1.0614E+02  5.9360E-01 -8.8249E+00 -6.1710E-01
