  25  6.0000000E+00
  2.5628E+01  2.0000E+01  4.9405E-01  9.5329E+01  3.2986E-01  0.0000E+00  0.0000E+00
  1.8551E+01  6.0000E+01  9.4599E-01  9.5398E+01  3.2747E-01 -5.4152E-02 -8.0850E-02
  1.5281E+01  1.0000E+02  1.3853E+00  9.5451E+01  3.2518E-01 -1.1827E-01 -8.1595E-02
  1.3139E+01  1.4000E+02  1.7482E+00  9.5493E+01  3.2293E-01 -1.4968E-01 -6.7639E-02
  1.1568E+01  1.8000E+02  1.9956E+00  9.5589E+01  3.2079E-01 -9.6128E-02 -3.1859E-02
  1.0335E+01  2.2000E+02  2.1847E+00  9.5790E+01  3.1873E-01  9.5533E-03  2.4853E-03
  9.3113E+00  2.6000E+02  2.3895E+00  9.6079E+01  3.1670E-01  8.1859E-02  1.7680E-02
  8.4263E+00  3.0000E+02  2.6467E+00  9.6432E+01  3.1468E-01  1.0822E-01  2.0206E-02
  7.6401E+00  3.4000E+02  2.9684E+00  9.6830E+01  3.1265E-01  9.7356E-02  1.6149E-02
  6.9289E+00  3.8000E+02  3.3522E+00  9.7262E+01  3.1061E-01  6.7468E-02  1.0123E-02
  6.2777E+00  4.2000E+02  3.7924E+00  9.7724E+01  3.0854E-01  3.3581E-02  4.6139E-03
  5.6756E+00  4.6000E+02  4.2870E+00  9.8218E+01  3.0644E-01 -8.2717E-04 -1.0508E-04
  5.1142E+00  5.0000E+02  4.8442E+00  9.8745E+01  3.0428E-01 -5.3787E-02 -6.3709E-03
  4.5868E+00  5.4000E+02  5.4745E+00  9.9297E+01  3.0204E-01 -1.4776E-01 -1.6441E-02
  4.0885E+00  5.8000E+02  6.1825E+00  9.9865E+01  2.9966E-01 -2.8159E-01 -2.9606E-02
  3.6155E+00  6.2000E+02  6.9701E+00  1.0044E+02  2.9710E-01 -4.4815E-01 -4.4718E-02
  3.1651E+00  6.6000E+02  7.8410E+00  1.0102E+02  2.9429E-01 -6.4920E-01 -6.1692E-02
  2.7350E+00  7.0000E+02  8.8030E+00  1.0160E+02  2.9116E-01 -8.9500E-01 -8.1226E-02
  2.3232E+00  7.4000E+02  9.8694E+00  1.0217E+02  2.8761E-01 -1.2028E+00 -1.0450E-01
  1.9281E+00  7.8000E+02  1.1060E+01  1.0273E+02  2.8355E-01 -1.5976E+00 -1.3316E-01
  1.5484E+00  8.2000E+02  1.2404E+01  1.0327E+02  2.7883E-01 -2.1146E+00 -1.6938E-01
  1.1830E+00  8.6000E+02  1.3932E+01  1.0378E+02  2.7335E-01 -2.7811E+00 -2.1445E-01
  8.3063E-01  9.0000E+02  1.5702E+01  1.0425E+02  2.6685E-01 -3.6911E+00 -2.7438E-01
  4.9040E-01  9.4000E+02  1.7885E+01  1.0466E+02  2.5861E-01 -5.2003E+00 -3.7329E-01
  1.6102E-01  9.8000E+02  2.0647E+01  1.0495E+02  2.4826E-01 -7.5113E+00 -5.2198E-01
