  25  6.0000000E+00
  2.7206E+01  2.0000E+01  1.4934E+00  1.3980E+02  1.2443E+00  0.0000E+00  0.0000E+00
  1.9909E+01  6.0000E+01  1.9850E+00  1.3985E+02  1.2402E+00 -6.1016E-02 -9.3926E-02
  1.6772E+01  1.0000E+02  2.2089E+00  1.4013E+02  1.2363E+00  1.7857E-02  1.1820E-02
  1.4728E+01  1.4000E+02  2.4644E+00  1.4062E+02  1.2323E+00  1.1646E-01  5.0215E-02
  1.3144E+01  1.8000E+02  2.9003E+00  1.4125E+02  1.2280E+00  1.2027E-01  4.0186E-02
  1.1822E+01  2.2000E+02  3.5583E+00  1.4198E+02  1.2233E+00  5.3716E-02  1.4989E-02
  1.0672E+01  2.6000E+02  4.4382E+00  1.4275E+02  1.2179E+00 -9.3359E-02 -2.2644E-02
  9.6524E+00  3.0000E+02  5.5084E+00  1.4355E+02  1.2119E+00 -2.6365E-01 -5.6724E-02
  8.7353E+00  3.4000E+02  6.7627E+00  1.4439E+02  1.2049E+00 -4.5364E-01 -8.7780E-02
  7.9014E+00  3.8000E+02  8.2298E+00  1.4528E+02  1.1966E+00 -6.8643E-01 -1.2076E-01
  7.1364E+00  4.2000E+02  9.9493E+00  1.4624E+02  1.1867E+00 -1.0026E+00 -1.6183E-01
  6.4289E+00  4.6000E+02  1.1938E+01  1.4722E+02  1.1753E+00 -1.4193E+00 -2.1184E-01
  5.7707E+00  5.0000E+02  1.4221E+01  1.4822E+02  1.1622E+00 -1.9539E+00 -2.7135E-01
  5.1550E+00  5.4000E+02  1.6822E+01  1.4921E+02  1.1475E+00 -2.6143E+00 -3.3957E-01
  4.5768E+00  5.8000E+02  1.9752E+01  1.5017E+02  1.1310E+00 -3.3974E+00 -4.1447E-01
  4.0318E+00  6.2000E+02  2.3035E+01  1.5110E+02  1.1128E+00 -4.3166E+00 -4.9635E-01
  3.5166E+00  6.6000E+02  2.6785E+01  1.5202E+02  1.0922E+00 -5.5076E+00 -5.9868E-01
  3.0283E+00  7.0000E+02  3.1321E+01  1.5297E+02  1.0674E+00 -7.3310E+00 -7.5522E-01
  2.5643E+00  7.4000E+02  3.7116E+01  1.5405E+02  1.0360E+00 -1.0163E+01 -9.9481E-01
  2.1222E+00  7.8000E+02  4.4364E+01  1.5526E+02  9.9684E-01 -1.3674E+01 -1.2755E+00
  1.6998E+00  8.2000E+02  5.2688E+01  1.5648E+02  9.5132E-01 -1.6798E+01 -1.4971E+00
  1.2953E+00  8.6000E+02  6.1650E+01  1.5763E+02  9.0114E-01 -1.9323E+01 -1.6489E+00
  9.0746E-01  9.0000E+02  7.2084E+01  1.5881E+02  8.4032E-01 -2.3851E+01 -1.9517E+00
  5.3484E-01  9.4000E+02  8.4598E+01  1.6016E+02  7.6361E-01 -2.9977E+01 -2.3567E+00
  1.7543E-01  9.8000E+02  9.8669E+01  1.6106E+02  6.7457E-01 -3.6635E+01 -2.7779E+00
