  25  6.0000000E+00
  2.5737E+01  2.0000E+01  5.4288E-01  9.5414E+01  3.7272E-01  0.0000E+00  0.0000E+00
  1.8615E+01  6.0000E+01  1.0159E+00  9.5481E+01  3.7019E-01 -5.6918E-02 -8.5523E-02
  1.5321E+01  1.0000E+02  1.4749E+00  9.5524E+01  3.6775E-01 -1.2642E-01 -8.7854E-02
  1.3167E+01  1.4000E+02  1.8475E+00  9.5557E+01  3.6537E-01 -1.5750E-01 -7.1586E-02
  1.1588E+01  1.8000E+02  2.1000E+00  9.5645E+01  3.6310E-01 -1.0416E-01 -3.4701E-02
  1.0350E+01  2.2000E+02  2.2891E+00  9.5839E+01  3.6091E-01  3.9418E-03  1.0299E-03
  9.3228E+00  2.6000E+02  2.4909E+00  9.6124E+01  3.5875E-01  8.1020E-02  1.7552E-02
  8.4359E+00  3.0000E+02  2.7447E+00  9.6476E+01  3.5660E-01  1.1083E-01  2.0739E-02
  7.6482E+00  3.4000E+02  3.0643E+00  9.6875E+01  3.5443E-01  1.0080E-01  1.6751E-02
  6.9359E+00  3.8000E+02  3.4482E+00  9.7309E+01  3.5225E-01  6.9024E-02  1.0374E-02
  6.2835E+00  4.2000E+02  3.8906E+00  9.7771E+01  3.5003E-01  3.1296E-02  4.3076E-03
  5.6803E+00  4.6000E+02  4.3888E+00  9.8265E+01  3.4777E-01 -7.6880E-03 -9.7841E-04
  5.1179E+00  5.0000E+02  4.9495E+00  9.8790E+01  3.4544E-01 -6.3111E-02 -7.4883E-03
  4.5897E+00  5.4000E+02  5.5823E+00  9.9340E+01  3.4302E-01 -1.5633E-01 -1.7421E-02
  4.0908E+00  5.8000E+02  6.2922E+00  9.9906E+01  3.4045E-01 -2.8880E-01 -3.0401E-02
  3.6173E+00  6.2000E+02  7.0818E+00  1.0048E+02  3.3769E-01 -4.5502E-01 -4.5450E-02
  3.1665E+00  6.6000E+02  7.9554E+00  1.0106E+02  3.3467E-01 -6.5704E-01 -6.2491E-02
  2.7361E+00  7.0000E+02  8.9211E+00  1.0163E+02  3.3129E-01 -9.0520E-01 -8.2212E-02
  2.3240E+00  7.4000E+02  9.9926E+00  1.0220E+02  3.2749E-01 -1.2169E+00 -1.0579E-01
  1.9287E+00  7.8000E+02  1.1190E+01  1.0276E+02  3.2314E-01 -1.6171E+00 -1.3485E-01
  1.5489E+00  8.2000E+02  1.2544E+01  1.0330E+02  3.1810E-01 -2.1417E+00 -1.7164E-01
  1.1833E+00  8.6000E+02  1.4083E+01  1.0381E+02  3.1227E-01 -2.8180E+00 -2.1738E-01
  8.3081E-01  9.0000E+02  1.5869E+01  1.0428E+02  3.0536E-01 -3.7428E+00 -2.7832E-01
  4.9048E-01  9.4000E+02  1.8067E+01  1.0469E+02  2.9668E-01 -5.2601E+00 -3.7769E-01
  1.6104E-01  9.8000E+02  2.0849E+01  1.0496E+02  2.8578E-01 -7.6056E+00 -5.2863E-01
