  25  6.0000000E+00
  2.6396E+01  2.0000E+01  7.8736E-01  9.5946E+01  5.7919E-01  0.0000E+00  0.0000E+00
  1.9017E+01  6.0000E+01  1.3919E+00  9.6009E+01  5.7603E-01 -7.3382E-02 -1.1425E-01
  1.5588E+01  1.0000E+02  1.9746E+00  9.5993E+01  5.7294E-01 -1.7452E-01 -1.2626E-01
  1.3358E+01  1.4000E+02  2.4156E+00  9.5975E+01  5.6997E-01 -2.0615E-01 -9.6965E-02
  1.1728E+01  1.8000E+02  2.7108E+00  9.6010E+01  5.6711E-01 -1.5966E-01 -5.4937E-02
  1.0453E+01  2.2000E+02  2.9126E+00  9.6156E+01  5.6436E-01 -4.3898E-02 -1.1802E-02
  9.4036E+00  2.6000E+02  3.1028E+00  9.6409E+01  5.6166E-01  6.0787E-02  1.3461E-02
  8.5024E+00  3.0000E+02  3.3358E+00  9.6748E+01  5.5897E-01  1.1696E-01  2.2239E-02
  7.7049E+00  3.4000E+02  3.6382E+00  9.7147E+01  5.5624E-01  1.2069E-01  2.0306E-02
  6.9847E+00  3.8000E+02  4.0161E+00  9.7586E+01  5.5345E-01  8.5933E-02  1.3058E-02
  6.3252E+00  4.2000E+02  4.4664E+00  9.8057E+01  5.5060E-01  3.0591E-02  4.2567E-03
  5.7152E+00  4.6000E+02  4.9845E+00  9.8553E+01  5.4765E-01 -3.5165E-02 -4.5256E-03
  5.1465E+00  5.0000E+02  5.5705E+00  9.9075E+01  5.4457E-01 -1.1400E-01 -1.3677E-02
  4.6129E+00  5.4000E+02  6.2288E+00  9.9617E+01  5.4133E-01 -2.1807E-01 -2.4552E-02
  4.1093E+00  5.8000E+02  6.9643E+00  1.0017E+02  5.3786E-01 -3.5467E-01 -3.7678E-02
  3.6321E+00  6.2000E+02  7.7825E+00  1.0074E+02  5.3409E-01 -5.2762E-01 -5.3125E-02
  3.1782E+00  6.6000E+02  8.6911E+00  1.0131E+02  5.2994E-01 -7.4420E-01 -7.1275E-02
  2.7451E+00  7.0000E+02  9.7018E+00  1.0188E+02  5.2533E-01 -1.0173E+00 -9.2954E-02
  2.3308E+00  7.4000E+02  1.0832E+01  1.0244E+02  5.2013E-01 -1.3664E+00 -1.1942E-01
  1.9338E+00  7.8000E+02  1.2105E+01  1.0300E+02  5.1422E-01 -1.8193E+00 -1.5241E-01
  1.5525E+00  8.2000E+02  1.3555E+01  1.0353E+02  5.0742E-01 -2.4112E+00 -1.9397E-01
  1.1857E+00  8.6000E+02  1.5221E+01  1.0402E+02  4.9955E-01 -3.1825E+00 -2.4628E-01
  8.3232E-01  9.0000E+02  1.7171E+01  1.0448E+02  4.9029E-01 -4.2373E+00 -3.1592E-01
  4.9124E-01  9.4000E+02  1.9524E+01  1.0485E+02  4.7918E-01 -5.7961E+00 -4.1709E-01
  1.6125E-01  9.8000E+02  2.2428E+01  1.0506E+02  4.6575E-01 -8.1848E+00 -5.6984E-01
