  25  6.0000000E+00
  2.6947E+01  2.0000E+01  1.0676E+00  1.0009E+02  8.3741E-01  0.0000E+00  0.0000E+00
  1.9433E+01  6.0000E+01  1.7338E+00  1.0015E+02  8.3369E-01 -8.1141E-02 -1.2863E-01
  1.5964E+01  1.0000E+02  2.3203E+00  1.0013E+02  8.3001E-01 -1.7447E-01 -1.2766E-01
  1.3730E+01  1.4000E+02  2.7302E+00  1.0019E+02  8.2652E-01 -1.5649E-01 -7.3772E-02
  1.2083E+01  1.8000E+02  3.0712E+00  1.0034E+02  8.2309E-01 -1.1906E-01 -4.1380E-02
  1.0773E+01  2.2000E+02  3.3950E+00  1.0055E+02  8.1966E-01 -8.0286E-02 -2.2176E-02
  9.6824E+00  2.6000E+02  3.7261E+00  1.0084E+02  8.1622E-01 -4.1493E-02 -9.5515E-03
  8.7421E+00  3.0000E+02  4.0874E+00  1.0119E+02  8.1276E-01 -1.1576E-02 -2.2965E-03
  7.9108E+00  3.4000E+02  4.5004E+00  1.0160E+02  8.0923E-01 -9.7293E-03 -1.7064E-03
  7.1618E+00  3.8000E+02  4.9783E+00  1.0204E+02  8.0561E-01 -4.0396E-02 -6.3833E-03
  6.4776E+00  4.2000E+02  5.5269E+00  1.0252E+02  8.0183E-01 -9.9441E-02 -1.4356E-02
  5.8458E+00  4.6000E+02  6.1489E+00  1.0303E+02  7.9785E-01 -1.8210E-01 -2.4271E-02
  5.2579E+00  5.0000E+02  6.8478E+00  1.0356E+02  7.9357E-01 -2.8770E-01 -3.5686E-02
  4.7073E+00  5.4000E+02  7.6300E+00  1.0411E+02  7.8892E-01 -4.2248E-01 -4.9083E-02
  4.1887E+00  5.8000E+02  8.5042E+00  1.0467E+02  7.8382E-01 -5.9630E-01 -6.5235E-02
  3.6983E+00  6.2000E+02  9.4810E+00  1.0525E+02  7.7818E-01 -8.1945E-01 -8.4789E-02
  3.2327E+00  6.6000E+02  1.0572E+01  1.0583E+02  7.7192E-01 -1.1028E+00 -1.0832E-01
  2.7895E+00  7.0000E+02  1.1794E+01  1.0640E+02  7.6496E-01 -1.4614E+00 -1.3668E-01
  2.3662E+00  7.4000E+02  1.3169E+01  1.0696E+02  7.5716E-01 -1.9225E+00 -1.7166E-01
  1.9613E+00  7.8000E+02  1.4728E+01  1.0750E+02  7.4833E-01 -2.5110E+00 -2.1452E-01
  1.5732E+00  8.2000E+02  1.6525E+01  1.0802E+02  7.3814E-01 -3.2982E+00 -2.7009E-01
  1.2006E+00  8.6000E+02  1.8641E+01  1.0852E+02  7.2612E-01 -4.3501E+00 -3.4197E-01
  8.4228E-01  9.0000E+02  2.1161E+01  1.0899E+02  7.1190E-01 -5.7260E+00 -4.3284E-01
  4.9692E-01  9.4000E+02  2.4159E+01  1.0938E+02  6.9536E-01 -7.5492E+00 -5.5006E-01
  1.6307E-01  9.8000E+02  2.7660E+01  1.0956E+02  6.7674E-01 -9.9326E+00 -6.9961E-01
