  25  6.0000000E+00
  2.6706E+01  2.0000E+01  9.1828E-01  9.6554E+01  6.9502E-01  0.0000E+00  0.0000E+00
  1.9230E+01  6.0000E+01  1.5747E+00  9.6614E+01  6.9156E-01 -7.9751E-02 -1.2579E-01
  1.5759E+01  1.0000E+02  2.1899E+00  9.6580E+01  6.8817E-01 -1.8705E-01 -1.3699E-01
  1.3512E+01  1.4000E+02  2.6360E+00  9.6574E+01  6.8493E-01 -2.0136E-01 -9.5468E-02
  1.1864E+01  1.8000E+02  2.9587E+00  9.6630E+01  6.8179E-01 -1.6156E-01 -5.6172E-02
  1.0569E+01  2.2000E+02  3.2070E+00  9.6781E+01  6.7873E-01 -7.5192E-02 -2.0540E-02
  9.4998E+00  2.6000E+02  3.4395E+00  9.7028E+01  6.7572E-01  1.3116E-02  2.9585E-03
  8.5825E+00  3.0000E+02  3.7034E+00  9.7357E+01  6.7270E-01  7.1213E-02  1.3782E-02
  7.7724E+00  3.4000E+02  4.0277E+00  9.7749E+01  6.6965E-01  8.3996E-02  1.4355E-02
  7.0421E+00  3.8000E+02  4.4247E+00  9.8188E+01  6.6653E-01  5.6519E-02  8.7081E-03
  6.3742E+00  4.2000E+02  4.8966E+00  9.8659E+01  6.6331E-01 -2.4397E-04 -3.4383E-05
  5.7567E+00  4.6000E+02  5.4419E+00  9.9157E+01  6.5995E-01 -7.6796E-02 -1.0004E-02
  5.1814E+00  5.0000E+02  6.0602E+00  9.9677E+01  6.5640E-01 -1.7077E-01 -2.0727E-02
  4.6419E+00  5.4000E+02  6.7548E+00  1.0022E+02  6.5260E-01 -2.8857E-01 -3.2846E-02
  4.1333E+00  5.8000E+02  7.5309E+00  1.0077E+02  6.4849E-01 -4.3807E-01 -4.7011E-02
  3.6516E+00  6.2000E+02  8.3961E+00  1.0133E+02  6.4398E-01 -6.2761E-01 -6.3777E-02
  3.1939E+00  6.6000E+02  9.3607E+00  1.0190E+02  6.3899E-01 -8.6783E-01 -8.3810E-02
  2.7575E+00  7.0000E+02  1.0439E+01  1.0247E+02  6.3342E-01 -1.1741E+00 -1.0809E-01
  2.3405E+00  7.4000E+02  1.1651E+01  1.0302E+02  6.2715E-01 -1.5688E+00 -1.3803E-01
  1.9410E+00  7.8000E+02  1.3026E+01  1.0357E+02  6.2001E-01 -2.0853E+00 -1.7574E-01
  1.5577E+00  8.2000E+02  1.4599E+01  1.0408E+02  6.1180E-01 -2.7517E+00 -2.2253E-01
  1.1893E+00  8.6000E+02  1.6424E+01  1.0457E+02  6.0224E-01 -3.6294E+00 -2.8210E-01
  8.3467E-01  9.0000E+02  1.8573E+01  1.0502E+02  5.9101E-01 -4.8032E+00 -3.5940E-01
  4.9254E-01  9.4000E+02  2.1120E+01  1.0538E+02  5.7793E-01 -6.3922E+00 -4.6141E-01
  1.6165E-01  9.8000E+02  2.4133E+01  1.0554E+02  5.6295E-01 -8.6247E+00 -6.0210E-01
