  25  6.0000000E+00
  2.6944E+01  2.0000E+01  1.0668E+00  1.0009E+02  8.3741E-01  0.0000E+00  0.0000E+00
  1.9433E+01  6.0000E+01  1.7314E+00  1.0014E+02  8.3369E-01 -8.0690E-02 -1.2787E-01
  1.5963E+01  1.0000E+02  2.3210E+00  1.0013E+02  8.3001E-01 -1.7493E-01 -1.2803E-01
  1.3727E+01  1.4000E+02  2.7357E+00  1.0018E+02  8.2652E-01 -1.6024E-01 -7.5614E-02
  1.2078E+01  1.8000E+02  3.0766E+00  1.0032E+02  8.2308E-01 -1.2203E-01 -4.2439E-02
  1.0769E+01  2.2000E+02  3.3962E+00  1.0054E+02  8.1966E-01 -7.9259E-02 -2.1888E-02
  9.6791E+00  2.6000E+02  3.7224E+00  1.0082E+02  8.1623E-01 -3.7488E-02 -8.6237E-03
  8.7396E+00  3.0000E+02  4.0794E+00  1.0117E+02  8.1276E-01 -6.3461E-03 -1.2580E-03
  7.9089E+00  3.4000E+02  4.4896E+00  1.0158E+02  8.0924E-01 -4.3993E-03 -7.7099E-04
  7.1604E+00  3.8000E+02  4.9660E+00  1.0203E+02  8.0562E-01 -3.6564E-02 -5.7743E-03
  6.4764E+00  4.2000E+02  5.5139E+00  1.0251E+02  8.0185E-01 -9.7056E-02 -1.4006E-02
  5.8449E+00  4.6000E+02  6.1353E+00  1.0302E+02  7.9787E-01 -1.8029E-01 -2.4022E-02
  5.2571E+00  5.0000E+02  6.8332E+00  1.0355E+02  7.9361E-01 -2.8575E-01 -3.5433E-02
  4.7066E+00  5.4000E+02  7.6135E+00  1.0410E+02  7.8897E-01 -4.1965E-01 -4.8743E-02
  4.1882E+00  5.8000E+02  8.4849E+00  1.0466E+02  7.8389E-01 -5.9197E-01 -6.4747E-02
  3.6979E+00  6.2000E+02  9.4576E+00  1.0524E+02  7.7829E-01 -8.1290E-01 -8.4094E-02
  3.2324E+00  6.6000E+02  1.0543E+01  1.0581E+02  7.7208E-01 -1.0933E+00 -1.0736E-01
  2.7892E+00  7.0000E+02  1.1758E+01  1.0639E+02  7.6518E-01 -1.4484E+00 -1.3544E-01
  2.3660E+00  7.4000E+02  1.3125E+01  1.0695E+02  7.5744E-01 -1.9053E+00 -1.7009E-01
  1.9612E+00  7.8000E+02  1.4673E+01  1.0749E+02  7.4868E-01 -2.4897E+00 -2.1267E-01
  1.5731E+00  8.2000E+02  1.6461E+01  1.0801E+02  7.3855E-01 -3.2732E+00 -2.6801E-01
  1.2005E+00  8.6000E+02  1.8568E+01  1.0850E+02  7.2657E-01 -4.3239E+00 -3.3986E-01
  8.4226E-01  9.0000E+02  2.1081E+01  1.0897E+02  7.1239E-01 -5.7003E+00 -4.3086E-01
  4.9691E-01  9.4000E+02  2.4072E+01  1.0937E+02  6.9589E-01 -7.5214E+00 -5.4801E-01
  1.6307E-01  9.8000E+02  2.7568E+01  1.0956E+02  6.7731E-01 -9.9022E+00 -6.9746E-01
