  25  6.0000000E+00
  2.7112E+01  2.0000E+01  1.3403E+00  1.2267E+02  1.1168E+00  0.0000E+00  0.0000E+00
  1.9748E+01  6.0000E+01  1.8894E+00  1.2274E+02  1.1128E+00 -6.5824E-02 -1.0226E-01
  1.6462E+01  1.0000E+02  2.2528E+00  1.2290E+02  1.1089E+00 -6.2371E-02 -4.3241E-02
  1.4341E+01  1.4000E+02  2.5544E+00  1.2324E+02  1.1051E+00  1.7724E-02  7.9328E-03
  1.2730E+01  1.8000E+02  2.9611E+00  1.2368E+02  1.1011E+00  2.3300E-02  7.9208E-03
  1.1408E+01  2.2000E+02  3.4902E+00  1.2418E+02  1.0969E+00 -1.9752E-02 -5.5075E-03
  1.0279E+01  2.6000E+02  4.1276E+00  1.2473E+02  1.0924E+00 -8.0811E-02 -1.9252E-02
  9.2883E+00  3.0000E+02  4.8624E+00  1.2531E+02  1.0876E+00 -1.5763E-01 -3.2943E-02
  8.4032E+00  3.4000E+02  5.6879E+00  1.2592E+02  1.0825E+00 -2.4622E-01 -4.5979E-02
  7.6013E+00  3.8000E+02  6.6062E+00  1.2655E+02  1.0771E+00 -3.5350E-01 -5.9808E-02
  6.8668E+00  4.2000E+02  7.6234E+00  1.2721E+02  1.0711E+00 -4.8990E-01 -7.5915E-02
  6.1882E+00  4.6000E+02  8.7425E+00  1.2788E+02  1.0647E+00 -6.6262E-01 -9.4865E-02
  5.5569E+00  5.0000E+02  9.9568E+00  1.2854E+02  1.0579E+00 -8.6952E-01 -1.1581E-01
  4.9664E+00  5.4000E+02  1.1248E+01  1.2919E+02  1.0507E+00 -1.0960E+00 -1.3656E-01
  4.4114E+00  5.8000E+02  1.2594E+01  1.2980E+02  1.0433E+00 -1.3280E+00 -1.5548E-01
  3.8881E+00  6.2000E+02  1.3990E+01  1.3037E+02  1.0358E+00 -1.5714E+00 -1.7351E-01
  3.3928E+00  6.6000E+02  1.5448E+01  1.3091E+02  1.0279E+00 -1.8524E+00 -1.9355E-01
  2.9229E+00  7.0000E+02  1.7014E+01  1.3143E+02  1.0193E+00 -2.2276E+00 -2.2086E-01
  2.4758E+00  7.4000E+02  1.8777E+01  1.3194E+02  1.0094E+00 -2.7983E+00 -2.6394E-01
  2.0495E+00  7.8000E+02  2.0896E+01  1.3247E+02  9.9733E-01 -3.7341E+00 -3.3587E-01
  1.6421E+00  8.2000E+02  2.3618E+01  1.3303E+02  9.8180E-01 -5.3005E+00 -4.5566E-01
  1.2518E+00  8.6000E+02  2.7280E+01  1.3364E+02  9.6114E-01 -7.8233E+00 -6.4418E-01
  8.7722E-01  9.0000E+02  3.2315E+01  1.3430E+02  9.3308E-01 -1.1677E+01 -9.2278E-01
  5.1709E-01  9.4000E+02  3.9360E+01  1.3504E+02  8.9394E-01 -1.7500E+01 -1.3296E+00
  1.6963E-01  9.8000E+02  4.8513E+01  1.3574E+02  8.4317E-01 -2.4346E+01 -1.7847E+00
