  25  6.0000000E+00
  2.7053E+01  2.0000E+01  1.2417E+00  1.1192E+02  1.0197E+00  0.0000E+00  0.0000E+00
  1.9625E+01  6.0000E+01  1.8376E+00  1.1198E+02  1.0158E+00 -7.2038E-02 -1.1289E-01
  1.6257E+01  1.0000E+02  2.2886E+00  1.1206E+02  1.0119E+00 -1.1074E-01 -7.8695E-02
  1.4091E+01  1.4000E+02  2.6191E+00  1.1229E+02  1.0082E+00 -4.6648E-02 -2.1319E-02
  1.2467E+01  1.8000E+02  2.9918E+00  1.1262E+02  1.0044E+00 -2.5719E-02 -8.8093E-03
  1.1151E+01  2.2000E+02  3.4407E+00  1.1301E+02  1.0005E+00 -4.7971E-02 -1.3328E-02
  1.0035E+01  2.6000E+02  3.9557E+00  1.1343E+02  9.9646E-01 -7.9125E-02 -1.8623E-02
  9.0629E+00  3.0000E+02  4.5306E+00  1.1390E+02  9.9225E-01 -1.1346E-01 -2.3269E-02
  8.1983E+00  3.4000E+02  5.1684E+00  1.1440E+02  9.8788E-01 -1.5877E-01 -2.8963E-02
  7.4171E+00  3.8000E+02  5.8763E+00  1.1493E+02  9.8329E-01 -2.2516E-01 -3.7110E-02
  6.7026E+00  4.2000E+02  6.6607E+00  1.1549E+02  9.7840E-01 -3.1677E-01 -4.7748E-02
  6.0431E+00  4.6000E+02  7.5258E+00  1.1607E+02  9.7317E-01 -4.3562E-01 -6.0618E-02
  5.4296E+00  5.0000E+02  8.4730E+00  1.1666E+02  9.6758E-01 -5.8390E-01 -7.5569E-02
  4.8557E+00  5.4000E+02  9.5017E+00  1.1725E+02  9.6161E-01 -7.6169E-01 -9.2235E-02
  4.3160E+00  5.8000E+02  1.0614E+01  1.1784E+02  9.5525E-01 -9.7160E-01 -1.1062E-01
  3.8065E+00  6.2000E+02  1.1815E+01  1.1841E+02  9.4841E-01 -1.2221E+00 -1.3137E-01
  3.3238E+00  6.6000E+02  1.3114E+01  1.1898E+02  9.4105E-01 -1.5178E+00 -1.5458E-01
  2.8651E+00  7.0000E+02  1.4524E+01  1.1953E+02  9.3305E-01 -1.8785E+00 -1.8180E-01
  2.4281E+00  7.4000E+02  1.6074E+01  1.2006E+02  9.2422E-01 -2.3319E+00 -2.1500E-01
  2.0108E+00  7.8000E+02  1.7811E+01  1.2057E+02  9.1429E-01 -2.9341E+00 -2.5832E-01
  1.6115E+00  8.2000E+02  1.9827E+01  1.2107E+02  9.0274E-01 -3.8001E+00 -3.2014E-01
  1.2287E+00  8.6000E+02  2.2283E+01  1.2156E+02  8.8865E-01 -5.1366E+00 -4.1482E-01
  8.6124E-01  9.0000E+02  2.5460E+01  1.2206E+02  8.7047E-01 -7.2971E+00 -5.6579E-01
  5.0774E-01  9.4000E+02  2.9826E+01  1.2257E+02  8.4572E-01 -1.0885E+01 -8.1181E-01
  1.6657E-01  9.8000E+02  3.5624E+01  1.2303E+02  8.1361E-01 -1.5659E+01 -1.1271E+00
