  25  6.0000000E+00
  2.6999E+01  2.0000E+01  1.1311E+00  1.0326E+02  9.0266E-01  0.0000E+00  0.0000E+00
  1.9502E+01  6.0000E+01  1.7791E+00  1.0331E+02  8.9886E-01 -7.8981E-02 -1.2492E-01
  1.6060E+01  1.0000E+02  2.3246E+00  1.0332E+02  8.9509E-01 -1.5652E-01 -1.1367E-01
  1.3846E+01  1.4000E+02  2.7046E+00  1.0343E+02  8.9152E-01 -1.2074E-01 -5.6405E-02
  1.2207E+01  1.8000E+02  3.0515E+00  1.0364E+02  8.8797E-01 -8.5540E-02 -2.9587E-02
  1.0895E+01  2.2000E+02  3.4155E+00  1.0391E+02  8.8437E-01 -6.9854E-02 -1.9334E-02
  9.7951E+00  2.6000E+02  3.8064E+00  1.0424E+02  8.8072E-01 -5.7991E-02 -1.3455E-02
  8.8438E+00  3.0000E+02  4.2347E+00  1.0462E+02  8.7701E-01 -4.9715E-02 -9.9779E-03
  8.0012E+00  3.4000E+02  4.7159E+00  1.0505E+02  8.7322E-01 -6.2274E-02 -1.1070E-02
  7.2415E+00  3.8000E+02  5.2612E+00  1.0551E+02  8.6930E-01 -1.0308E-01 -1.6524E-02
  6.5472E+00  4.2000E+02  5.8768E+00  1.0601E+02  8.6519E-01 -1.7059E-01 -2.4986E-02
  5.9064E+00  4.6000E+02  6.5664E+00  1.0653E+02  8.6082E-01 -2.6176E-01 -3.5389E-02
  5.3103E+00  5.0000E+02  7.3343E+00  1.0708E+02  8.5611E-01 -3.7767E-01 -4.7497E-02
  4.7523E+00  5.4000E+02  8.1873E+00  1.0764E+02  8.5099E-01 -5.2464E-01 -6.1767E-02
  4.2272E+00  5.8000E+02  9.1342E+00  1.0821E+02  8.4538E-01 -7.1170E-01 -7.8850E-02
  3.7309E+00  6.2000E+02  1.0185E+01  1.0879E+02  8.3921E-01 -9.4880E-01 -9.9354E-02
  3.2600E+00  6.6000E+02  1.1352E+01  1.0937E+02  8.3242E-01 -1.2463E+00 -1.2380E-01
  2.8120E+00  7.0000E+02  1.2650E+01  1.0994E+02  8.2491E-01 -1.6186E+00 -1.5299E-01
  2.3846E+00  7.4000E+02  1.4095E+01  1.1050E+02  8.1659E-01 -2.0781E+00 -1.8740E-01
  1.9759E+00  7.8000E+02  1.5723E+01  1.1103E+02  8.0724E-01 -2.6743E+00 -2.3059E-01
  1.5844E+00  8.2000E+02  1.7602E+01  1.1155E+02  7.9645E-01 -3.4937E+00 -2.8860E-01
  1.2087E+00  8.6000E+02  1.9836E+01  1.1204E+02  7.8359E-01 -4.6378E+00 -3.6757E-01
  8.4773E-01  9.0000E+02  2.2556E+01  1.1251E+02  7.6797E-01 -6.2093E+00 -4.7290E-01
  5.0004E-01  9.4000E+02  2.5900E+01  1.1295E+02  7.4911E-01 -8.3811E+00 -6.1481E-01
  1.6408E-01  9.8000E+02  2.9905E+01  1.1320E+02  7.2729E-01 -1.1157E+01 -7.9084E-01
