  25  6.0000000E+00
  2.7146E+01  2.0000E+01  1.3879E+00  1.2793E+02  1.1573E+00  0.0000E+00  0.0000E+00
  1.9804E+01  6.0000E+01  1.9168E+00  1.2799E+02  1.1533E+00 -6.3877E-02 -9.8953E-02
  1.6562E+01  1.0000E+02  2.2369E+00  1.2819E+02  1.1494E+00 -3.7093E-02 -2.5373E-02
  1.4461E+01  1.4000E+02  2.5291E+00  1.2857E+02  1.1455E+00  4.5270E-02  2.0064E-02
  1.2856E+01  1.8000E+02  2.9479E+00  1.2907E+02  1.1414E+00  4.7910E-02  1.6221E-02
  1.1534E+01  2.2000E+02  3.5110E+00  1.2963E+02  1.1371E+00  2.1535E-03  6.0069E-04
  1.0399E+01  2.6000E+02  4.2102E+00  1.3025E+02  1.1323E+00 -7.5956E-02 -1.8184E-02
  9.4008E+00  3.0000E+02  5.0306E+00  1.3089E+02  1.1272E+00 -1.7321E-01 -3.6495E-02
  8.5066E+00  3.4000E+02  5.9644E+00  1.3158E+02  1.1216E+00 -2.8282E-01 -5.3356E-02
  7.6953E+00  3.8000E+02  7.0175E+00  1.3229E+02  1.1155E+00 -4.1752E-01 -7.1469E-02
  6.9513E+00  4.2000E+02  8.2010E+00  1.3303E+02  1.1087E+00 -5.9550E-01 -9.3473E-02
  6.2633E+00  4.6000E+02  9.5187E+00  1.3378E+02  1.1012E+00 -8.2601E-01 -1.1989E-01
  5.6229E+00  5.0000E+02  1.0955E+01  1.3451E+02  1.0932E+00 -1.0973E+00 -1.4825E-01
  5.0237E+00  5.4000E+02  1.2474E+01  1.3521E+02  1.0849E+00 -1.3801E+00 -1.7448E-01
  4.4607E+00  5.8000E+02  1.4040E+01  1.3584E+02  1.0765E+00 -1.6515E+00 -1.9615E-01
  3.9300E+00  6.2000E+02  1.5629E+01  1.3642E+02  1.0679E+00 -1.9059E+00 -2.1341E-01
  3.4282E+00  6.6000E+02  1.7253E+01  1.3695E+02  1.0592E+00 -2.1812E+00 -2.3093E-01
  2.9524E+00  7.0000E+02  1.8986E+01  1.3745E+02  1.0498E+00 -2.5824E+00 -2.5921E-01
  2.5002E+00  7.4000E+02  2.1000E+01  1.3797E+02  1.0385E+00 -3.3206E+00 -3.1680E-01
  2.0694E+00  7.8000E+02  2.3604E+01  1.3853E+02  1.0237E+00 -4.7390E+00 -4.3081E-01
  1.6578E+00  8.2000E+02  2.7226E+01  1.3917E+02  1.0034E+00 -7.2291E+00 -6.2773E-01
  1.2637E+00  8.6000E+02  3.2290E+01  1.3991E+02  9.7542E-01 -1.0985E+01 -9.1337E-01
  8.8551E-01  9.0000E+02  3.9166E+01  1.4072E+02  9.3764E-01 -1.6045E+01 -1.2801E+00
  5.2197E-01  9.4000E+02  4.8249E+01  1.4162E+02  8.8703E-01 -2.2509E+01 -1.7264E+00
  1.7124E-01  9.8000E+02  5.9336E+01  1.4239E+02  8.2425E-01 -2.9417E+01 -2.1768E+00
