  25  6.0000000E+00
  2.7207E+01  2.0000E+01  1.5133E+00  1.3748E+02  1.2675E+00  0.0000E+00  0.0000E+00
  1.9929E+01  6.0000E+01  2.0041E+00  1.3752E+02  1.2634E+00 -6.1089E-02 -9.3796E-02
  1.6803E+01  1.0000E+02  2.2218E+00  1.3780E+02  1.2594E+00  1.9203E-02  1.2666E-02
  1.4771E+01  1.4000E+02  2.4676E+00  1.3830E+02  1.2554E+00  1.2676E-01  5.4350E-02
  1.3191E+01  1.8000E+02  2.9083E+00  1.3894E+02  1.2510E+00  1.2622E-01  4.2059E-02
  1.1869E+01  2.2000E+02  3.5861E+00  1.3969E+02  1.2461E+00  5.0130E-02  1.3986E-02
  1.0717E+01  2.6000E+02  4.5103E+00  1.4048E+02  1.2405E+00 -1.0957E-01 -2.6619E-02
  9.6944E+00  3.0000E+02  5.6766E+00  1.4133E+02  1.2337E+00 -3.0890E-01 -6.6670E-02
  8.7732E+00  3.4000E+02  7.1290E+00  1.4226E+02  1.2250E+00 -5.6923E-01 -1.1063E-01
  7.9350E+00  3.8000E+02  8.9702E+00  1.4330E+02  1.2138E+00 -9.5700E-01 -1.6924E-01
  7.1658E+00  4.2000E+02  1.1324E+01  1.4447E+02  1.1994E+00 -1.5458E+00 -2.5087E-01
  6.4549E+00  4.6000E+02  1.4325E+01  1.4576E+02  1.1809E+00 -2.3978E+00 -3.5962E-01
  5.7941E+00  5.0000E+02  1.8140E+01  1.4721E+02  1.1577E+00 -3.5847E+00 -4.9978E-01
  5.1767E+00  5.4000E+02  2.2897E+01  1.4881E+02  1.1292E+00 -5.1148E+00 -6.6627E-01
  4.5973E+00  5.8000E+02  2.8636E+01  1.5055E+02  1.0954E+00 -6.9056E+00 -8.4422E-01
  4.0513E+00  6.2000E+02  3.5288E+01  1.5239E+02  1.0567E+00 -8.8051E+00 -1.0142E+00
  3.5350E+00  6.6000E+02  4.2705E+01  1.5431E+02  1.0137E+00 -1.0656E+01 -1.1606E+00
  3.0454E+00  7.0000E+02  5.0695E+01  1.5625E+02  9.6705E-01 -1.2346E+01 -1.2755E+00
  2.5796E+00  7.4000E+02  5.9069E+01  1.5818E+02  9.1764E-01 -1.3826E+01 -1.3588E+00
  2.1353E+00  7.8000E+02  6.7651E+01  1.6006E+02  8.6622E-01 -1.5100E+01 -1.4153E+00
  1.7106E+00  8.2000E+02  7.6307E+01  1.6182E+02  8.1351E-01 -1.6223E+01 -1.4536E+00
  1.3038E+00  8.6000E+02  8.4985E+01  1.6344E+02  7.5980E-01 -1.7368E+01 -1.4908E+00
  9.1330E-01  9.0000E+02  9.3828E+01  1.6487E+02  7.0413E-01 -1.8985E+01 -1.5640E+00
  5.3798E-01  9.4000E+02  1.0360E+02  1.6620E+02  6.4092E-01 -2.2488E+01 -1.7807E+00
  1.7636E-01  9.8000E+02  1.1587E+02  1.6745E+02  5.5991E-01 -3.0474E+01 -2.3250E+00
