  26  3.9900000E+00
  3.5037E+01  1.0000E-03  6.5414E+00  1.1419E+01  6.5414E+00  0.0000E+00  0.0000E+00
  2.1732E+01  4.0000E+01  6.0750E+00  1.1427E+01  6.0554E+00  3.5676E-02  1.0015E-01
  1.7156E+01  8.0000E+01  5.7628E+00  1.1420E+01  5.6347E+00  6.6615E-02  6.4308E-02
  1.4471E+01  1.2000E+02  5.7141E+00  1.1402E+01  5.4696E+00  1.1505E-02  6.5171E-03
  1.2603E+01  1.6000E+02  5.6914E+00  1.1410E+01  5.3086E+00  1.6372E-02  6.4541E-03
  1.1178E+01  2.0000E+02  5.6538E+00  1.1465E+01  5.1095E+00  6.5180E-02  1.9596E-02
  1.0022E+01  2.4000E+02  5.6128E+00  1.1585E+01  4.8872E+00  1.3893E-01  3.3892E-02
  9.0414E+00  2.8000E+02  5.6048E+00  1.1779E+01  4.6531E+00  2.0705E-01  4.2814E-02
  8.1835E+00  3.2000E+02  5.6752E+00  1.2071E+01  4.3926E+00  2.5800E-01  4.6701E-02
  7.4151E+00  3.6000E+02  5.8835E+00  1.2472E+01  4.1022E+00  2.5034E-01  4.0586E-02
  6.7158E+00  4.0000E+02  6.2789E+00  1.2995E+01  3.7978E+00  1.8223E-01  2.6885E-02
  6.0720E+00  4.4000E+02  6.8850E+00  1.3645E+01  3.4981E+00  6.9261E-02  9.4064E-03
  5.4743E+00  4.8000E+02  7.7060E+00  1.4425E+01  3.2196E+00 -6.9942E-02 -8.8198E-03
  4.9155E+00  5.2000E+02  8.7275E+00  1.5329E+01  2.9727E+00 -2.0943E-01 -2.4691E-02
  4.3901E+00  5.6000E+02  9.9210E+00  1.6351E+01  2.7563E+00 -3.2658E-01 -3.6201E-02
  3.8938E+00  6.0000E+02  1.1258E+01  1.7478E+01  2.5644E+00 -4.2424E-01 -4.4424E-02
  3.4231E+00  6.4000E+02  1.2715E+01  1.8691E+01  2.3921E+00 -5.1635E-01 -5.1280E-02
  2.9752E+00  6.8000E+02  1.4271E+01  1.9972E+01  2.2358E+00 -6.1557E-01 -5.8171E-02
  2.5478E+00  7.2000E+02  1.5907E+01  2.1296E+01  2.0932E+00 -7.2957E-01 -6.5788E-02
  2.1390E+00  7.6000E+02  1.7596E+01  2.2634E+01  1.9620E+00 -8.5815E-01 -7.4015E-02
  1.7472E+00  8.0000E+02  1.9303E+01  2.3957E+01  1.8398E+00 -9.7871E-01 -8.0896E-02
  1.3712E+00  8.4000E+02  2.0989E+01  2.5254E+01  1.7243E+00 -1.0348E+00 -8.2095E-02
  1.0098E+00  8.8000E+02  2.2681E+01  2.6582E+01  1.6144E+00 -1.0087E+00 -7.6920E-02
  6.6165E-01  9.2000E+02  2.4480E+01  2.8031E+01  1.5105E+00 -1.0031E+00 -7.3674E-02
  3.2547E-01  9.6000E+02  2.6487E+01  2.9637E+01  1.4128E+00 -1.1947E+00 -8.4739E-02
  0.0000E+00  1.0000E+03  2.8769E+01  3.1249E+01  1.3216E+00 -2.0614E+00 -1.4156E-01
