  26  8.5995000E+01
  3.4533E+01  1.0000E-03  1.3391E-01  1.1343E+02  1.3391E-01  0.0000E+00  0.0000E+00
  2.1401E+01  4.0000E+01  2.9697E+00  1.1375E+02  1.2393E-01 -1.9110E-01 -5.2950E-01
  1.6903E+01  8.0000E+01  1.0045E+01  1.1344E+02  1.0304E-01 -1.6434E+00 -1.5593E+00
  1.4237E+01  1.2000E+02  1.2752E+01  1.1233E+02  9.4715E-02 -1.4296E+00 -8.0420E-01
  1.2381E+01  1.6000E+02  1.4505E+01  1.1114E+02  8.9661E-02 -1.5856E+00 -6.2099E-01
  1.0977E+01  2.0000E+02  1.7196E+01  1.1052E+02  8.5180E-02 -2.3622E+00 -6.9938E-01
  9.8467E+00  2.4000E+02  2.1322E+01  1.1079E+02  8.0507E-02 -3.4129E+00 -8.1424E-01
  8.8903E+00  2.8000E+02  2.6575E+01  1.1179E+02  7.5592E-02 -4.4444E+00 -8.9676E-01
  8.0528E+00  3.2000E+02  3.2866E+01  1.1360E+02  7.0526E-02 -5.3526E+00 -9.4584E-01
  7.3017E+00  3.6000E+02  3.9981E+01  1.1589E+02  6.5236E-02 -6.4216E+00 -1.0176E+00
  6.6174E+00  4.0000E+02  4.7700E+01  1.1853E+02  5.9805E-02 -7.4250E+00 -1.0719E+00
  5.9871E+00  4.4000E+02  5.5711E+01  1.2144E+02  5.4378E-02 -8.0875E+00 -1.0754E+00
  5.4016E+00  4.8000E+02  6.3825E+01  1.2461E+02  4.9055E-02 -8.4509E+00 -1.0440E+00
  4.8538E+00  5.2000E+02  7.2011E+01  1.2800E+02  4.3909E-02 -8.7413E+00 -1.0103E+00
  4.3382E+00  5.6000E+02  8.0263E+01  1.3159E+02  3.8971E-02 -9.0531E+00 -9.8484E-01
  3.8505E+00  6.0000E+02  8.8564E+01  1.3530E+02  3.4257E-02 -9.4102E+00 -9.6824E-01
  3.3873E+00  6.4000E+02  9.6866E+01  1.3908E+02  2.9783E-02 -9.7645E+00 -9.5409E-01
  2.9461E+00  6.8000E+02  1.0509E+02  1.4287E+02  2.5557E-02 -1.0042E+01 -9.3486E-01
  2.5245E+00  7.2000E+02  1.1314E+02  1.4662E+02  2.1584E-02 -1.0205E+01 -9.0764E-01
  2.1208E+00  7.6000E+02  1.2094E+02  1.5028E+02  1.7874E-02 -1.0259E+01 -8.7375E-01
  1.7335E+00  8.0000E+02  1.2845E+02  1.5382E+02  1.4447E-02 -1.0237E+01 -8.3657E-01
  1.3612E+00  8.4000E+02  1.3563E+02  1.5723E+02  1.1331E-02 -1.0123E+01 -7.9508E-01
  1.0028E+00  8.8000E+02  1.4248E+02  1.6056E+02  8.5731E-03 -9.8155E+00 -7.4212E-01
  6.5729E-01  9.2000E+02  1.4906E+02  1.6393E+02  6.2071E-03 -9.3275E+00 -6.8000E-01
  3.2345E-01  9.6000E+02  1.5560E+02  1.6748E+02  4.2572E-03 -8.9473E+00 -6.3019E-01
  0.0000E+00  1.0000E+03  1.6230E+02  1.7155E+02  2.7427E-03 -8.1252E+00 -5.5449E-01
