  26  8.5995000E+01
  3.5137E+01  1.0000E-03  2.3556E-01  1.2054E+02  2.3556E-01  0.0000E+00  0.0000E+00
  2.1890E+01  4.0000E+01  3.1230E+00  1.2066E+02  2.2276E-01 -2.0911E-01 -5.8446E-01
  1.7444E+01  8.0000E+01  9.5026E+00  1.1997E+02  1.9143E-01 -1.5897E+00 -1.4911E+00
  1.4880E+01  1.2000E+02  1.3265E+01  1.1939E+02  1.7607E-01 -1.6919E+00 -9.1510E-01
  1.3069E+01  1.6000E+02  2.0000E+01  1.2019E+02  1.6285E-01 -3.2799E+00 -1.2536E+00
  1.1641E+01  2.0000E+02  2.8894E+01  1.2200E+02  1.5029E-01 -4.9609E+00 -1.4941E+00
  1.0453E+01  2.4000E+02  3.8212E+01  1.2424E+02  1.3869E-01 -5.9571E+00 -1.4935E+00
  9.4303E+00  2.8000E+02  4.7132E+01  1.2674E+02  1.2795E-01 -6.2732E+00 -1.3536E+00
  8.5296E+00  3.2000E+02  5.5708E+01  1.2953E+02  1.1785E-01 -6.4322E+00 -1.2223E+00
  7.7218E+00  3.6000E+02  6.4269E+01  1.3265E+02  1.0813E-01 -6.7278E+00 -1.1466E+00
  6.9867E+00  4.0000E+02  7.3106E+01  1.3610E+02  9.8573E-02 -7.3344E+00 -1.1375E+00
  6.3104E+00  4.4000E+02  8.2194E+01  1.3976E+02  8.9157E-02 -8.0171E+00 -1.1439E+00
  5.6831E+00  4.8000E+02  9.1317E+01  1.4355E+02  8.0057E-02 -8.5059E+00 -1.1258E+00
  5.0973E+00  5.2000E+02  1.0026E+02  1.4738E+02  7.1464E-02 -8.7416E+00 -1.0803E+00
  4.5474E+00  5.6000E+02  1.0890E+02  1.5117E+02  6.3493E-02 -8.7939E+00 -1.0202E+00
  4.0289E+00  6.0000E+02  1.1716E+02  1.5489E+02  5.6144E-02 -8.7686E+00 -9.5928E-01
  3.5381E+00  6.4000E+02  1.2506E+02  1.5850E+02  4.9342E-02 -8.7324E+00 -9.0426E-01
  3.0720E+00  6.8000E+02  1.3258E+02  1.6197E+02  4.3010E-02 -8.6941E+00 -8.5496E-01
  2.6281E+00  7.2000E+02  1.3974E+02  1.6527E+02  3.7059E-02 -8.6932E+00 -8.1409E-01
  2.2044E+00  7.6000E+02  1.4656E+02  1.6840E+02  3.1417E-02 -8.7253E+00 -7.8000E-01
  1.7991E+00  8.0000E+02  1.5307E+02  1.7135E+02  2.6039E-02 -8.7759E+00 -7.5050E-01
  1.4106E+00  8.4000E+02  1.5924E+02  1.7410E+02  2.0910E-02 -8.8054E+00 -7.2173E-01
  1.0377E+00  8.8000E+02  1.6499E+02  1.7663E+02  1.6033E-02 -8.6315E+00 -6.7913E-01
  6.7920E-01  9.2000E+02  1.7039E+02  1.7918E+02  1.1436E-02 -7.9527E+00 -6.0143E-01
  3.3396E-01  9.6000E+02  1.7588E+02  1.8235E+02  7.4006E-03 -6.7265E+00 -4.8995E-01
  0.0000E+00  1.0000E+03  1.8193E+02  1.8681E+02  4.3621E-03 -4.7352E+00 -3.3364E-01
