  26  3.9900000E+00
  3.3761E+01  1.0000E-03  3.5387E+00  1.0628E+01  3.5387E+00  0.0000E+00  0.0000E+00
  2.0959E+01  4.0000E+01  3.2364E+00  1.0631E+01  3.2250E+00  2.3921E-02  6.4610E-02
  1.6628E+01  8.0000E+01  3.0721E+00  1.0642E+01  2.9975E+00  4.0246E-02  3.6777E-02
  1.4039E+01  1.2000E+02  3.0432E+00  1.0651E+01  2.8996E+00  1.4734E-02  8.0463E-03
  1.2233E+01  1.6000E+02  3.0204E+00  1.0674E+01  2.8126E+00  2.5580E-02  9.7479E-03
  1.0867E+01  2.0000E+02  2.9849E+00  1.0735E+01  2.7004E+00  7.0249E-02  2.0251E-02
  9.7607E+00  2.4000E+02  2.9456E+00  1.0852E+01  2.5559E+00  1.4118E-01  3.2941E-02
  8.8204E+00  2.8000E+02  2.9394E+00  1.1034E+01  2.4045E+00  2.0072E-01  3.9823E-02
  7.9935E+00  3.2000E+02  2.9952E+00  1.1287E+01  2.2466E+00  2.3800E-01  4.1520E-02
  7.2505E+00  3.6000E+02  3.1495E+00  1.1612E+01  2.0824E+00  2.2969E-01  3.6006E-02
  6.5732E+00  4.0000E+02  3.4319E+00  1.2018E+01  1.9181E+00  1.8347E-01  2.6214E-02
  5.9496E+00  4.4000E+02  3.8582E+00  1.2520E+01  1.7603E+00  1.2023E-01  1.5819E-02
  5.3704E+00  4.8000E+02  4.4439E+00  1.3131E+01  1.6144E+00  4.5054E-02  5.5060E-03
  4.8282E+00  5.2000E+02  5.2139E+00  1.3866E+01  1.4833E+00 -6.5919E-02 -7.5407E-03
  4.3174E+00  5.6000E+02  6.1867E+00  1.4725E+01  1.3657E+00 -2.2182E-01 -2.3904E-02
  3.8338E+00  6.0000E+02  7.3626E+00  1.5706E+01  1.2584E+00 -4.0299E-01 -4.1119E-02
  3.3740E+00  6.4000E+02  8.7229E+00  1.6799E+01  1.1596E+00 -5.8172E-01 -5.6423E-02
  2.9356E+00  6.8000E+02  1.0237E+01  1.7990E+01  1.0682E+00 -7.3863E-01 -6.8320E-02
  2.5165E+00  7.2000E+02  1.1874E+01  1.9261E+01  9.8427E-01 -8.7185E-01 -7.7105E-02
  2.1148E+00  7.6000E+02  1.3605E+01  2.0595E+01  9.0744E-01 -9.9003E-01 -8.3904E-02
  1.7291E+00  8.0000E+02  1.5408E+01  2.1973E+01  8.3684E-01 -1.0995E+00 -8.9469E-02
  1.3581E+00  8.4000E+02  1.7262E+01  2.3381E+01  7.7125E-01 -1.2025E+00 -9.4113E-02
  1.0008E+00  8.8000E+02  1.9156E+01  2.4810E+01  7.0974E-01 -1.3015E+00 -9.8121E-02
  6.5609E-01  9.2000E+02  2.1112E+01  2.6291E+01  6.5095E-01 -1.3769E+00 -1.0014E-01
  3.2297E-01  9.6000E+02  2.3285E+01  2.7967E+01  5.9420E-01 -1.4923E+00 -1.0488E-01
  0.0000E+00  1.0000E+03  2.5856E+01  3.0305E+01  5.4070E-01 -7.2266E-01 -4.9242E-02
