  26  3.9900000E+00
  3.4533E+01  1.0000E-03  4.9346E+00  1.0833E+01  4.9346E+00  0.0000E+00  0.0000E+00
  2.1401E+01  4.0000E+01  4.5511E+00  1.0840E+01  4.5347E+00  2.9677E-02  8.2228E-02
  1.6903E+01  8.0000E+01  4.3252E+00  1.0838E+01  4.2183E+00  4.9902E-02  4.7348E-02
  1.4237E+01  1.2000E+02  4.2913E+00  1.0827E+01  4.0913E+00  8.6230E-03  4.8509E-03
  1.2381E+01  1.6000E+02  4.2683E+00  1.0832E+01  3.9808E+00  1.5122E-02  5.9221E-03
  1.0977E+01  2.0000E+02  4.2322E+00  1.0875E+01  3.8473E+00  5.6340E-02  1.6681E-02
  9.8467E+00  2.4000E+02  4.1828E+00  1.0975E+01  3.6745E+00  1.3162E-01  3.1402E-02
  8.8903E+00  2.8000E+02  4.1549E+00  1.1144E+01  3.4823E+00  2.0584E-01  4.1533E-02
  8.0528E+00  3.2000E+02  4.1883E+00  1.1400E+01  3.2743E+00  2.6651E-01  4.7094E-02
  7.3017E+00  3.6000E+02  4.3315E+00  1.1746E+01  3.0502E+00  2.6944E-01  4.2697E-02
  6.6174E+00  4.0000E+02  4.6242E+00  1.2188E+01  2.8209E+00  2.1898E-01  3.1614E-02
  5.9871E+00  4.4000E+02  5.0882E+00  1.2736E+01  2.5974E+00  1.3278E-01  1.7657E-02
  5.4016E+00  4.8000E+02  5.7355E+00  1.3398E+01  2.3883E+00  2.5414E-02  3.1394E-03
  4.8538E+00  5.2000E+02  6.5763E+00  1.4182E+01  2.2003E+00 -1.0458E-01 -1.2088E-02
  4.3382E+00  5.6000E+02  7.6085E+00  1.5087E+01  2.0332E+00 -2.4607E-01 -2.6768E-02
  3.8505E+00  6.0000E+02  8.8182E+00  1.6108E+01  1.8834E+00 -3.8662E-01 -3.9780E-02
  3.3873E+00  6.4000E+02  1.0185E+01  1.7234E+01  1.7473E+00 -5.2079E-01 -5.0887E-02
  2.9461E+00  6.8000E+02  1.1684E+01  1.8448E+01  1.6225E+00 -6.4659E-01 -6.0195E-02
  2.5245E+00  7.2000E+02  1.3290E+01  1.9731E+01  1.5081E+00 -7.6678E-01 -6.8199E-02
  2.1208E+00  7.6000E+02  1.4979E+01  2.1062E+01  1.4032E+00 -8.8606E-01 -7.5467E-02
  1.7335E+00  8.0000E+02  1.6724E+01  2.2419E+01  1.3064E+00 -1.0023E+00 -8.1914E-02
  1.3612E+00  8.4000E+02  1.8504E+01  2.3790E+01  1.2160E+00 -1.0977E+00 -8.6220E-02
  1.0028E+00  8.8000E+02  2.0318E+01  2.5188E+01  1.1304E+00 -1.1593E+00 -8.7652E-02
  6.5729E-01  9.2000E+02  2.2201E+01  2.6655E+01  1.0491E+00 -1.2044E+00 -8.7803E-02
  3.2345E-01  9.6000E+02  2.4277E+01  2.8280E+01  9.7145E-01 -1.3499E+00 -9.5078E-02
  0.0000E+00  1.0000E+03  2.6686E+01  3.0355E+01  8.9770E-01 -1.0333E+00 -7.0515E-02
