  26  8.5995000E+01
  3.5125E+01  1.0000E-03  2.2922E-01  1.1986E+02  2.2922E-01  0.0000E+00  0.0000E+00
  2.1870E+01  4.0000E+01  3.1161E+00  1.2008E+02  2.1653E-01 -2.0117E-01 -5.6259E-01
  1.7403E+01  8.0000E+01  9.7277E+00  1.1938E+02  1.8567E-01 -1.6374E+00 -1.5431E+00
  1.4823E+01  1.2000E+02  1.3422E+01  1.1867E+02  1.7071E-01 -1.7076E+00 -9.2978E-01
  1.3004E+01  1.6000E+02  1.9882E+01  1.1924E+02  1.5807E-01 -3.2410E+00 -1.2432E+00
  1.1578E+01  2.0000E+02  2.8254E+01  1.2072E+02  1.4618E-01 -4.8290E+00 -1.4533E+00
  1.0394E+01  2.4000E+02  3.6971E+01  1.2269E+02  1.3526E-01 -5.6956E+00 -1.4225E+00
  9.3774E+00  2.8000E+02  4.5337E+01  1.2499E+02  1.2517E-01 -5.9694E+00 -1.2805E+00
  8.4828E+00  3.2000E+02  5.3534E+01  1.2764E+02  1.1559E-01 -6.2019E+00 -1.1706E+00
  7.6805E+00  3.6000E+02  6.1916E+01  1.3068E+02  1.0623E-01 -6.6524E+00 -1.1261E+00
  6.9502E+00  4.0000E+02  7.0699E+01  1.3407E+02  9.6882E-02 -7.3953E+00 -1.1394E+00
  6.2783E+00  4.4000E+02  7.9787E+01  1.3768E+02  8.7587E-02 -8.1507E+00 -1.1555E+00
  5.6548E+00  4.8000E+02  8.8925E+01  1.4142E+02  7.8562E-02 -8.6537E+00 -1.1383E+00
  5.0726E+00  5.2000E+02  9.7901E+01  1.4522E+02  7.0012E-02 -8.8880E+00 -1.0918E+00
  4.5260E+00  5.6000E+02  1.0659E+02  1.4902E+02  6.2063E-02 -8.9364E+00 -1.0307E+00
  4.0104E+00  6.0000E+02  1.1492E+02  1.5277E+02  5.4734E-02 -8.8927E+00 -9.6736E-01
  3.5222E+00  6.4000E+02  1.2288E+02  1.5642E+02  4.7975E-02 -8.8167E+00 -9.0807E-01
  3.0585E+00  6.8000E+02  1.3045E+02  1.5994E+02  4.1718E-02 -8.7313E+00 -8.5421E-01
  2.6168E+00  7.2000E+02  1.3763E+02  1.6330E+02  3.5894E-02 -8.6626E+00 -8.0728E-01
  2.1950E+00  7.6000E+02  1.4444E+02  1.6647E+02  3.0434E-02 -8.6383E+00 -7.6864E-01
  1.7915E+00  8.0000E+02  1.5091E+02  1.6944E+02  2.5279E-02 -8.6670E+00 -7.3791E-01
  1.4047E+00  8.4000E+02  1.5701E+02  1.7217E+02  2.0386E-02 -8.7059E+00 -7.1050E-01
  1.0333E+00  8.8000E+02  1.6269E+02  1.7468E+02  1.5736E-02 -8.5304E+00 -6.6829E-01
  6.7643E-01  9.2000E+02  1.6805E+02  1.7724E+02  1.1362E-02 -7.8534E+00 -5.9136E-01
  3.3260E-01  9.6000E+02  1.7353E+02  1.8040E+02  7.5280E-03 -6.7582E+00 -4.9024E-01
  0.0000E+00  1.0000E+03  1.7953E+02  1.8453E+02  4.6074E-03 -5.6149E+00 -3.9401E-01
