  26  3.9900000E+00
  3.5686E+01  1.0000E-03  1.0788E+01  1.5569E+01  1.0788E+01  0.0000E+00  0.0000E+00
  2.2126E+01  4.0000E+01  1.0148E+01  1.5552E+01  1.0123E+01  4.6023E-02  1.3167E-01
  1.7980E+01  8.0000E+01  9.5243E+00  1.5603E+01  9.4555E+00  1.6276E-01  1.4236E-01
  1.5609E+01  1.2000E+02  9.3240E+00  1.5734E+01  9.2042E+00  1.3973E-01  6.9912E-02
  1.3858E+01  1.6000E+02  9.1510E+00  1.6018E+01  8.8421E+00  2.6072E-01  9.6284E-02
  1.2436E+01  2.0000E+02  9.1790E+00  1.6644E+01  8.2145E+00  4.2067E-01  1.2620E-01
  1.1215E+01  2.4000E+02  9.9072E+00  1.7806E+01  7.3995E+00  3.5550E-01  9.1633E-02
  1.0138E+01  2.8000E+02  1.1564E+01  1.9472E+01  6.5451E+00  7.8956E-03  1.7935E-03
  9.1742E+00  3.2000E+02  1.3964E+01  2.1508E+01  5.8102E+00 -3.7775E-01 -7.6808E-02
  8.3015E+00  3.6000E+02  1.6773E+01  2.3775E+01  5.2405E+00 -6.2059E-01 -1.1427E-01
  7.5037E+00  4.0000E+02  1.9759E+01  2.6167E+01  4.7865E+00 -7.4449E-01 -1.2531E-01
  6.7688E+00  4.4000E+02  2.2801E+01  2.8599E+01  4.4051E+00 -8.2979E-01 -1.2866E-01
  6.0875E+00  4.8000E+02  2.5821E+01  3.1013E+01  4.0751E+00 -8.8987E-01 -1.2792E-01
  5.4524E+00  5.2000E+02  2.8778E+01  3.3389E+01  3.7844E+00 -9.1471E-01 -1.2255E-01
  4.8577E+00  5.6000E+02  3.1653E+01  3.5723E+01  3.5243E+00 -9.0994E-01 -1.1417E-01
  4.2984E+00  6.0000E+02  3.4439E+01  3.8013E+01  3.2888E+00 -8.8586E-01 -1.0453E-01
  3.7704E+00  6.4000E+02  3.7128E+01  4.0255E+01  3.0746E+00 -8.4694E-01 -9.4341E-02
  3.2704E+00  6.8000E+02  3.9722E+01  4.2451E+01  2.8790E+00 -7.9697E-01 -8.4081E-02
  2.7954E+00  7.2000E+02  4.2227E+01  4.4604E+01  2.6995E+00 -7.4154E-01 -7.4319E-02
  2.3429E+00  7.6000E+02  4.4652E+01  4.6717E+01  2.5339E+00 -6.8777E-01 -6.5659E-02
  1.9108E+00  8.0000E+02  4.7004E+01  4.8792E+01  2.3804E+00 -6.4260E-01 -5.8578E-02
  1.4973E+00  8.4000E+02  4.9285E+01  5.0819E+01  2.2375E+00 -6.1406E-01 -5.3569E-02
  1.1008E+00  8.8000E+02  5.1495E+01  5.2782E+01  2.1028E+00 -6.2310E-01 -5.2124E-02
  7.1995E-01  9.2000E+02  5.3558E+01  5.4626E+01  1.9719E+00 -5.7424E-01 -4.6144E-02
  3.5359E-01  9.6000E+02  5.5818E+01  5.6733E+01  1.8369E+00 -4.1767E-01 -3.2284E-02
  0.0000E+00  1.0000E+03  5.8792E+01  6.1986E+01  1.6904E+00  6.4474E+00  4.8098E-01
