  26  3.9900000E+00
  3.5115E+01  1.0000E-03  8.2033E+00  1.2934E+01  8.2033E+00  0.0000E+00  0.0000E+00
  2.1849E+01  4.0000E+01  7.6604E+00  1.2941E+01  7.6429E+00  4.1447E-02  1.1601E-01
  1.7361E+01  8.0000E+01  7.2252E+00  1.2949E+01  7.1167E+00  9.8643E-02  9.3395E-02
  1.4764E+01  1.2000E+02  7.1283E+00  1.2973E+01  6.9070E+00  4.6497E-02  2.5481E-02
  1.2939E+01  1.6000E+02  7.0656E+00  1.3066E+01  6.6441E+00  8.5190E-02  3.2794E-02
  1.1514E+01  2.0000E+02  7.0348E+00  1.3253E+01  6.3034E+00  1.5321E-01  4.6066E-02
  1.0335E+01  2.4000E+02  7.0931E+00  1.3540E+01  5.9555E+00  1.9374E-01  4.8205E-02
  9.3242E+00  2.8000E+02  7.2496E+00  1.3920E+01  5.6057E+00  2.2163E-01  4.7262E-02
  8.4357E+00  3.2000E+02  7.5363E+00  1.4412E+01  5.2572E+00  2.3102E-01  4.3306E-02
  7.6389E+00  3.6000E+02  8.0168E+00  1.5042E+01  4.9083E+00  1.8670E-01  3.1385E-02
  6.9135E+00  4.0000E+02  8.7465E+00  1.5823E+01  4.5599E+00  7.0708E-02  1.0821E-02
  6.2459E+00  4.4000E+02  9.7340E+00  1.6751E+01  4.2262E+00 -8.7932E-02 -1.2386E-02
  5.6264E+00  4.8000E+02  1.0943E+01  1.7814E+01  3.9244E+00 -2.3490E-01 -3.0702E-02
  5.0478E+00  5.2000E+02  1.2320E+01  1.8994E+01  3.6589E+00 -3.4214E-01 -4.1767E-02
  4.5044E+00  5.6000E+02  1.3829E+01  2.0273E+01  3.4245E+00 -4.2301E-01 -4.8493E-02
  3.9918E+00  6.0000E+02  1.5442E+01  2.1629E+01  3.2150E+00 -5.0166E-01 -5.4254E-02
  3.5063E+00  6.4000E+02  1.7139E+01  2.3040E+01  3.0254E+00 -5.9044E-01 -6.0474E-02
  3.0451E+00  6.8000E+02  1.8902E+01  2.4482E+01  2.8523E+00 -6.9375E-01 -6.7513E-02
  2.6056E+00  7.2000E+02  2.0706E+01  2.5931E+01  2.6930E+00 -8.1051E-01 -7.5153E-02
  2.1858E+00  7.6000E+02  2.2534E+01  2.7363E+01  2.5447E+00 -9.3996E-01 -8.3242E-02
  1.7841E+00  8.0000E+02  2.4361E+01  2.8755E+01  2.4043E+00 -1.0854E+00 -9.1995E-02
  1.3989E+00  8.4000E+02  2.6146E+01  3.0069E+01  2.2684E+00 -1.2198E+00 -9.9122E-02
  1.0292E+00  8.8000E+02  2.7845E+01  3.1305E+01  2.1344E+00 -1.2550E+00 -9.7900E-02
  6.7381E-01  9.2000E+02  2.9557E+01  3.2606E+01  2.0006E+00 -1.1549E+00 -8.6597E-02
  3.3134E-01  9.6000E+02  3.1573E+01  3.4237E+01  1.8689E+00 -1.1239E+00 -8.1206E-02
  0.0000E+00  1.0000E+03  3.4160E+01  3.6428E+01  1.7436E+00 -1.1975E+00 -8.3714E-02
