  26  8.5995000E+01
  3.5673E+01  1.0000E-03  2.9491E-01  1.1995E+02  2.9491E-01  0.0000E+00  0.0000E+00
  2.2132E+01  4.0000E+01  3.4232E+00  1.1897E+02  2.8087E-01 -3.0332E-01 -8.6660E-01
  1.7988E+01  8.0000E+01  6.9813E+00  1.1795E+02  2.4675E-01 -1.1043E+00 -9.6542E-01
  1.5620E+01  1.2000E+02  9.6307E+00  1.1895E+02  2.2896E-01 -6.9827E-01 -3.4887E-01
  1.3872E+01  1.6000E+02  1.8115E+01  1.2195E+02  2.1099E-01 -3.1383E+00 -1.1571E+00
  1.2450E+01  2.0000E+02  3.3527E+01  1.2679E+02  1.8957E-01 -7.4272E+00 -2.2288E+00
  1.1226E+01  2.4000E+02  5.3151E+01  1.3314E+02  1.6508E-01 -1.0850E+01 -2.8008E+00
  1.0147E+01  2.8000E+02  7.3069E+01  1.3990E+02  1.3982E-01 -1.2201E+01 -2.7769E+00
  9.1818E+00  3.2000E+02  9.1687E+01  1.4659E+02  1.1621E-01 -1.2354E+01 -2.5168E+00
  8.3075E+00  3.6000E+02  1.0880E+02  1.5300E+02  9.4818E-02 -1.2236E+01 -2.2571E+00
  7.5084E+00  4.0000E+02  1.2428E+02  1.5903E+02  7.5680E-02 -1.1837E+01 -1.9955E+00
  6.7726E+00  4.4000E+02  1.3796E+02  1.6461E+02  5.8823E-02 -1.0990E+01 -1.7062E+00
  6.0907E+00  4.8000E+02  1.4982E+02  1.6977E+02  4.4168E-02 -9.8366E+00 -1.4152E+00
  5.4552E+00  5.2000E+02  1.5995E+02  1.7456E+02  3.1847E-02 -8.4164E+00 -1.1284E+00
  4.8602E+00  5.6000E+02  1.6848E+02  1.7900E+02  2.2015E-02 -6.8621E+00 -8.6149E-01
  4.3006E+00  6.0000E+02  1.7564E+02  1.8316E+02  1.4587E-02 -5.3644E+00 -6.3333E-01
  3.7724E+00  6.4000E+02  1.8167E+02  1.8705E+02  9.2598E-03 -4.0541E+00 -4.5181E-01
  3.2721E+00  6.8000E+02  1.8681E+02  1.9069E+02  5.6195E-03 -2.9898E+00 -3.1558E-01
  2.7968E+00  7.2000E+02  1.9125E+02  1.9410E+02  3.2461E-03 -2.1687E+00 -2.1746E-01
  2.3441E+00  7.6000E+02  1.9514E+02  1.9729E+02  1.7741E-03 -1.5467E+00 -1.4771E-01
  1.9120E+00  8.0000E+02  1.9861E+02  2.0029E+02  9.1253E-04 -1.0758E+00 -9.8082E-02
  1.4985E+00  8.4000E+02  2.0179E+02  2.0317E+02  4.3922E-04 -7.3560E-01 -6.4169E-02
  1.1021E+00  8.8000E+02  2.0484E+02  2.0600E+02  1.9486E-04 -5.4915E-01 -4.5931E-02
  7.2119E-01  9.2000E+02  2.0778E+02  2.0884E+02  7.6144E-05 -2.8781E-01 -2.3129E-02
  3.5453E-01  9.6000E+02  2.1129E+02  2.1239E+02  2.3725E-05  1.1040E-01  8.5402E-03
  0.0000E+00  1.0000E+03  2.1630E+02  2.1997E+02  4.9264E-06  7.2713E+00  5.4388E-01
