  26  8.5995000E+01
  3.5545E+01  1.0000E-03  2.7888E-01  1.2231E+02  2.7888E-01  0.0000E+00  0.0000E+00
  2.2070E+01  4.0000E+01  3.3507E+00  1.2160E+02  2.6516E-01 -2.8019E-01 -7.9660E-01
  1.7850E+01  8.0000E+01  7.6066E+00  1.2065E+02  2.3172E-01 -1.2343E+00 -1.0990E+00
  1.5421E+01  1.2000E+02  1.1045E+01  1.2132E+02  2.1416E-01 -1.1411E+00 -5.8457E-01
  1.3659E+01  1.6000E+02  1.9483E+01  1.2374E+02  1.9698E-01 -3.4131E+00 -1.2693E+00
  1.2237E+01  2.0000E+02  3.2572E+01  1.2785E+02  1.7858E-01 -6.3152E+00 -1.8948E+00
  1.1024E+01  2.4000E+02  4.8135E+01  1.3292E+02  1.5943E-01 -8.6520E+00 -2.2137E+00
  9.9612E+00  2.8000E+02  6.3886E+01  1.3823E+02  1.4025E-01 -9.8226E+00 -2.2023E+00
  9.0141E+00  3.2000E+02  7.8643E+01  1.4356E+02  1.2226E-01 -9.9525E+00 -1.9887E+00
  8.1588E+00  3.6000E+02  9.2352E+01  1.4893E+02  1.0592E-01 -9.7463E+00 -1.7587E+00
  7.3778E+00  4.0000E+02  1.0522E+02  1.5439E+02  9.1245E-02 -9.4944E+00 -1.5645E+00
  6.6579E+00  4.4000E+02  1.1733E+02  1.5984E+02  7.8189E-02 -9.2498E+00 -1.4050E+00
  5.9892E+00  4.8000E+02  1.2858E+02  1.6511E+02  6.6715E-02 -8.9451E+00 -1.2619E+00
  5.3646E+00  5.2000E+02  1.3881E+02  1.7001E+02  5.6760E-02 -8.5193E+00 -1.1226E+00
  4.7786E+00  5.6000E+02  1.4783E+02  1.7437E+02  4.8261E-02 -7.9677E+00 -9.8511E-01
  4.2269E+00  6.0000E+02  1.5560E+02  1.7806E+02  4.1069E-02 -7.3948E+00 -8.6074E-01
  3.7061E+00  6.4000E+02  1.6224E+02  1.8107E+02  3.4840E-02 -6.9608E+00 -7.6483E-01
  3.2134E+00  6.8000E+02  1.6817E+02  1.8364E+02  2.8987E-02 -6.8356E+00 -7.1056E-01
  2.7461E+00  7.2000E+02  1.7393E+02  1.8612E+02  2.2995E-02 -7.0062E+00 -6.9078E-01
  2.3014E+00  7.6000E+02  1.7967E+02  1.8875E+02  1.6957E-02 -6.9851E+00 -6.5531E-01
  1.8770E+00  8.0000E+02  1.8507E+02  1.9148E+02  1.1539E-02 -6.2912E+00 -5.6332E-01
  1.4709E+00  8.4000E+02  1.8981E+02  1.9413E+02  7.2453E-03 -5.1524E+00 -4.4146E-01
  1.0816E+00  8.8000E+02  1.9378E+02  1.9658E+02  4.0833E-03 -3.9051E+00 -3.2078E-01
  7.0775E-01  9.2000E+02  1.9719E+02  1.9912E+02  1.9529E-03 -2.3394E+00 -1.8451E-01
  3.4792E-01  9.6000E+02  2.0091E+02  2.0255E+02  7.6303E-04 -7.8504E-01 -5.9598E-02
  0.0000E+00  1.0000E+03  2.0584E+02  2.0877E+02  2.3969E-04  3.6751E+00  2.6977E-01
