  26  8.5995000E+01
  3.5685E+01  1.0000E-03  2.9276E-01  1.2093E+02  2.9275E-01  0.0000E+00  0.0000E+00
  2.2127E+01  4.0000E+01  3.4399E+00  1.1994E+02  2.7874E-01 -3.0518E-01 -8.7299E-01
  1.7980E+01  8.0000E+01  7.0167E+00  1.1892E+02  2.4478E-01 -1.1088E+00 -9.7014E-01
  1.5609E+01  1.2000E+02  9.8065E+00  1.1992E+02  2.2700E-01 -7.5548E-01 -3.7791E-01
  1.3858E+01  1.6000E+02  1.8389E+01  1.2291E+02  2.0902E-01 -3.1941E+00 -1.1797E+00
  1.2436E+01  2.0000E+02  3.3152E+01  1.2763E+02  1.8835E-01 -7.0654E+00 -2.1196E+00
  1.1215E+01  2.4000E+02  5.1685E+01  1.3377E+02  1.6540E-01 -1.0142E+01 -2.6142E+00
  1.0138E+01  2.8000E+02  7.0766E+01  1.4031E+02  1.4168E-01 -1.1649E+01 -2.6461E+00
  9.1742E+00  3.2000E+02  8.8802E+01  1.4682E+02  1.1928E-01 -1.1959E+01 -2.4315E+00
  8.3015E+00  3.6000E+02  1.0552E+02  1.5311E+02  9.8846E-02 -1.1956E+01 -2.2014E+00
  7.5037E+00  4.0000E+02  1.2083E+02  1.5906E+02  8.0449E-02 -1.1721E+01 -1.9729E+00
  6.7688E+00  4.4000E+02  1.3457E+02  1.6460E+02  6.4086E-02 -1.1151E+01 -1.7290E+00
  6.0875E+00  4.8000E+02  1.4676E+02  1.6973E+02  4.9513E-02 -1.0373E+01 -1.4910E+00
  5.4524E+00  5.2000E+02  1.5742E+02  1.7447E+02  3.6713E-02 -9.3222E+00 -1.2490E+00
  4.8577E+00  5.6000E+02  1.6655E+02  1.7888E+02  2.5979E-02 -7.9364E+00 -9.9580E-01
  4.2984E+00  6.0000E+02  1.7424E+02  1.8300E+02  1.7533E-02 -6.3741E+00 -7.5216E-01
  3.7704E+00  6.4000E+02  1.8067E+02  1.8687E+02  1.1299E-02 -4.8599E+00 -5.4134E-01
  3.2704E+00  6.8000E+02  1.8609E+02  1.9051E+02  6.9599E-03 -3.5553E+00 -3.7509E-01
  2.7954E+00  7.2000E+02  1.9072E+02  1.9395E+02  4.0940E-03 -2.5231E+00 -2.5287E-01
  2.3429E+00  7.6000E+02  1.9479E+02  1.9721E+02  2.2951E-03 -1.7580E+00 -1.6782E-01
  1.9108E+00  8.0000E+02  1.9842E+02  2.0032E+02  1.2232E-03 -1.2294E+00 -1.1207E-01
  1.4973E+00  8.4000E+02  2.0174E+02  2.0327E+02  6.1765E-04 -9.0264E-01 -7.8745E-02
  1.1008E+00  8.8000E+02  2.0482E+02  2.0603E+02  2.9208E-04 -7.7329E-01 -6.4688E-02
  7.1995E-01  9.2000E+02  2.0757E+02  2.0856E+02  1.2267E-04 -5.9912E-01 -4.8143E-02
  3.5359E-01  9.6000E+02  2.1050E+02  2.1140E+02  3.9807E-05 -2.2932E-01 -1.7725E-02
  0.0000E+00  1.0000E+03  2.1429E+02  2.1845E+02  7.9711E-06  9.2206E+00  6.8786E-01
