  26  3.9900000E+00
  3.4679E+01  1.0000E-03  5.2696E+00  1.0914E+01  5.2696E+00  0.0000E+00  0.0000E+00
  2.1491E+01  4.0000E+01  4.8680E+00  1.0921E+01  4.8506E+00  3.0968E-02  8.6168E-02
  1.6965E+01  8.0000E+01  4.6264E+00  1.0917E+01  4.5124E+00  5.2542E-02  5.0174E-02
  1.4286E+01  1.2000E+02  4.5912E+00  1.0902E+01  4.3779E+00  7.5870E-03  4.2878E-03
  1.2422E+01  1.6000E+02  4.5689E+00  1.0904E+01  4.2600E+00  1.3025E-02  5.1229E-03
  1.1011E+01  2.0000E+02  4.5333E+00  1.0944E+01  4.1188E+00  5.4046E-02  1.6085E-02
  9.8740E+00  2.4000E+02  4.4835E+00  1.1042E+01  3.9398E+00  1.2936E-01  3.1031E-02
  8.9130E+00  2.8000E+02  4.4543E+00  1.1209E+01  3.7400E+00  2.0466E-01  4.1496E-02
  8.0720E+00  3.2000E+02  4.4869E+00  1.1466E+01  3.5211E+00  2.6696E-01  4.7369E-02
  7.3182E+00  3.6000E+02  4.6322E+00  1.1817E+01  3.2826E+00  2.7281E-01  4.3385E-02
  6.6317E+00  4.0000E+02  4.9330E+00  1.2270E+01  3.0370E+00  2.2154E-01  3.2089E-02
  5.9994E+00  4.4000E+02  5.4129E+00  1.2832E+01  2.7969E+00  1.3031E-01  1.7384E-02
  5.4120E+00  4.8000E+02  6.0828E+00  1.3511E+01  2.5722E+00  1.5310E-02  1.8973E-03
  4.8624E+00  5.2000E+02  6.9489E+00  1.4312E+01  2.3704E+00 -1.1962E-01 -1.3868E-02
  4.3453E+00  5.6000E+02  8.0037E+00  1.5233E+01  2.1917E+00 -2.5851E-01 -2.8205E-02
  3.8563E+00  6.0000E+02  9.2295E+00  1.6268E+01  2.0320E+00 -3.9036E-01 -4.0274E-02
  3.3920E+00  6.4000E+02  1.0605E+01  1.7404E+01  1.8873E+00 -5.1439E-01 -5.0383E-02
  2.9498E+00  6.8000E+02  1.2106E+01  1.8626E+01  1.7550E+00 -6.3300E-01 -5.9058E-02
  2.5274E+00  7.2000E+02  1.3710E+01  1.9913E+01  1.6339E+00 -7.5077E-01 -6.6906E-02
  2.1230E+00  7.6000E+02  1.5392E+01  2.1242E+01  1.5228E+00 -8.7157E-01 -7.4363E-02
  1.7351E+00  8.0000E+02  1.7125E+01  2.2591E+01  1.4202E+00 -9.9037E-01 -8.1060E-02
  1.3623E+00  8.4000E+02  1.8883E+01  2.3945E+01  1.3241E+00 -1.0826E+00 -8.5145E-02
  1.0036E+00  8.8000E+02  2.0669E+01  2.5326E+01  1.2330E+00 -1.1287E+00 -8.5424E-02
  6.5774E-01  9.2000E+02  2.2531E+01  2.6787E+01  1.1465E+00 -1.1592E+00 -8.4577E-02
  3.2365E-01  9.6000E+02  2.4582E+01  2.8401E+01  1.0644E+00 -1.3107E+00 -9.2391E-02
  0.0000E+00  1.0000E+03  2.6946E+01  3.0370E+01  9.8678E-01 -1.2189E+00 -8.3232E-02
