  26  8.5995000E+01
  3.2965E+01  1.0000E-03  4.6142E-02  1.0839E+02  4.6141E-02  0.0000E+00  0.0000E+00
  2.0523E+01  4.0000E+01  2.0848E+00  1.0834E+02  4.0577E-02 -1.6755E-01 -4.3982E-01
  1.6387E+01  8.0000E+01  6.7291E+00  1.0837E+02  3.2519E-02 -1.1168E+00 -9.7452E-01
  1.3884E+01  1.2000E+02  9.0142E+00  1.0810E+02  3.0060E-02 -1.0189E+00 -5.3813E-01
  1.2129E+01  1.6000E+02  1.0847E+01  1.0753E+02  2.8295E-02 -1.3713E+00 -5.0793E-01
  1.0794E+01  2.0000E+02  1.4230E+01  1.0759E+02  2.6315E-02 -2.4851E+00 -6.9978E-01
  9.7054E+00  2.4000E+02  1.8633E+01  1.0844E+02  2.4271E-02 -3.2625E+00 -7.4921E-01
  8.7747E+00  2.8000E+02  2.3685E+01  1.0999E+02  2.2335E-02 -3.7691E+00 -7.4015E-01
  7.9540E+00  3.2000E+02  2.9368E+01  1.1192E+02  2.0453E-02 -4.5688E+00 -7.9102E-01
  7.2162E+00  3.6000E+02  3.5634E+01  1.1411E+02  1.8588E-02 -5.5222E+00 -8.5966E-01
  6.5439E+00  4.0000E+02  4.2343E+01  1.1653E+02  1.6742E-02 -6.3885E+00 -9.0607E-01
  5.9252E+00  4.4000E+02  4.9305E+01  1.1921E+02  1.4943E-02 -6.9095E+00 -9.0193E-01
  5.3506E+00  4.8000E+02  5.6457E+01  1.2224E+02  1.3222E-02 -7.1773E+00 -8.7016E-01
  4.8124E+00  5.2000E+02  6.3906E+01  1.2560E+02  1.1578E-02 -7.5932E+00 -8.6225E-01
  4.3048E+00  5.6000E+02  7.1750E+01  1.2921E+02  9.9929E-03 -8.3430E+00 -8.9338E-01
  3.8238E+00  6.0000E+02  7.9981E+01  1.3298E+02  8.4519E-03 -9.2797E+00 -9.4184E-01
  3.3661E+00  6.4000E+02  8.8478E+01  1.3683E+02  6.9629E-03 -1.0159E+01 -9.8096E-01
  2.9293E+00  6.8000E+02  9.7074E+01  1.4070E+02  5.5554E-03 -1.0815E+01 -9.9659E-01
  2.5115E+00  7.2000E+02  1.0561E+02  1.4455E+02  4.2703E-03 -1.1208E+01 -9.8795E-01
  2.1110E+00  7.6000E+02  1.1395E+02  1.4835E+02  3.1482E-03 -1.1361E+01 -9.6013E-01
  1.7262E+00  8.0000E+02  1.2202E+02  1.5206E+02  2.2141E-03 -1.1327E+01 -9.1936E-01
  1.3561E+00  8.4000E+02  1.2975E+02  1.5566E+02  1.4734E-03 -1.1166E+01 -8.7198E-01
  9.9947E-01  8.8000E+02  1.3711E+02  1.5912E+02  9.1542E-04 -1.0923E+01 -8.2189E-01
  6.5537E-01  9.2000E+02  1.4434E+02  1.6261E+02  5.0466E-04 -1.0838E+01 -7.8683E-01
  3.2270E-01  9.6000E+02  1.5178E+02  1.6648E+02  2.3160E-04 -1.0757E+01 -7.5496E-01
  0.0000E+00  1.0000E+03  1.5942E+02  1.7138E+02  9.0486E-05 -8.4956E+00 -5.7841E-01
