  26  3.9900000E+00
  3.5067E+01  1.0000E-03  6.8404E+00  1.1627E+01  6.8404E+00  0.0000E+00  0.0000E+00
  2.1762E+01  4.0000E+01  6.3595E+00  1.1635E+01  6.3401E+00  3.6754E-02  1.0317E-01
  1.7195E+01  8.0000E+01  6.0267E+00  1.1629E+01  5.9001E+00  7.1623E-02  6.9012E-02
  1.4519E+01  1.2000E+02  5.9723E+00  1.1616E+01  5.7267E+00  1.5259E-02  8.6132E-03
  1.2656E+01  1.6000E+02  5.9478E+00  1.1632E+01  5.5483E+00  2.1873E-02  8.5981E-03
  1.1230E+01  2.0000E+02  5.9102E+00  1.1700E+01  5.3249E+00  7.4555E-02  2.2430E-02
  1.0069E+01  2.4000E+02  5.8778E+00  1.1837E+01  5.0859E+00  1.4519E-01  3.5555E-02
  9.0841E+00  2.8000E+02  5.8852E+00  1.2052E+01  4.8392E+00  2.1065E-01  4.3795E-02
  8.2211E+00  3.2000E+02  5.9782E+00  1.2364E+01  4.5683E+00  2.5408E-01  4.6263E-02
  7.4480E+00  3.6000E+02  6.2178E+00  1.2789E+01  4.2690E+00  2.3962E-01  3.9081E-02
  6.7446E+00  4.0000E+02  6.6540E+00  1.3339E+01  3.9555E+00  1.6263E-01  2.4136E-02
  6.0972E+00  4.4000E+02  7.3079E+00  1.4021E+01  3.6463E+00  4.2946E-02  5.8661E-03
  5.4962E+00  4.8000E+02  8.1803E+00  1.4834E+01  3.3594E+00 -9.8926E-02 -1.2544E-02
  4.9344E+00  5.2000E+02  9.2523E+00  1.5774E+01  3.1053E+00 -2.3479E-01 -2.7828E-02
  4.4063E+00  5.6000E+02  1.0493E+01  1.6832E+01  2.8823E+00 -3.4523E-01 -3.8462E-02
  3.9076E+00  6.0000E+02  1.1872E+01  1.7993E+01  2.6846E+00 -4.3680E-01 -4.5961E-02
  3.4347E+00  6.4000E+02  1.3365E+01  1.9238E+01  2.5072E+00 -5.2531E-01 -5.2410E-02
  2.9848E+00  6.8000E+02  1.4951E+01  2.0543E+01  2.3464E+00 -6.2362E-01 -5.9191E-02
  2.5556E+00  7.2000E+02  1.6608E+01  2.1884E+01  2.1998E+00 -7.3893E-01 -6.6908E-02
  2.1453E+00  7.6000E+02  1.8312E+01  2.3230E+01  2.0648E+00 -8.7065E-01 -7.5385E-02
  1.7521E+00  8.0000E+02  2.0022E+01  2.4550E+01  1.9387E+00 -9.9276E-01 -8.2354E-02
  1.3748E+00  8.4000E+02  2.1701E+01  2.5834E+01  1.8191E+00 -1.0449E+00 -8.3167E-02
  1.0123E+00  8.8000E+02  2.3375E+01  2.7144E+01  1.7050E+00 -1.0075E+00 -7.7060E-02
  6.6323E-01  9.2000E+02  2.5158E+01  2.8582E+01  1.5966E+00 -9.8716E-01 -7.2699E-02
  3.2623E-01  9.6000E+02  2.7163E+01  3.0193E+01  1.4947E+00 -1.1695E+00 -8.3150E-02
  0.0000E+00  1.0000E+03  2.9461E+01  3.1811E+01  1.3993E+00 -2.0818E+00 -1.4328E-01
