  26  3.9900000E+00
  3.5660E+01  1.0000E-03  1.0591E+01  1.6254E+01  1.0591E+01  0.0000E+00  0.0000E+00
  2.2098E+01  4.0000E+01  9.9570E+00  1.6238E+01  9.9324E+00  4.5607E-02  1.3049E-01
  1.7936E+01  8.0000E+01  9.3462E+00  1.6290E+01  9.2765E+00  1.5914E-01  1.3976E-01
  1.5548E+01  1.2000E+02  9.1507E+00  1.6420E+01  9.0256E+00  1.3649E-01  6.8775E-02
  1.3795E+01  1.6000E+02  8.9794E+00  1.6709E+01  8.6583E+00  2.6242E-01  9.7046E-02
  1.2373E+01  2.0000E+02  9.0038E+00  1.7328E+01  8.0701E+00  4.1863E-01  1.2553E-01
  1.1154E+01  2.4000E+02  9.6341E+00  1.8400E+01  7.3519E+00  3.6185E-01  9.3066E-02
  1.0082E+01  2.8000E+02  1.1030E+01  1.9871E+01  6.5980E+00  7.0517E-02  1.5953E-02
  9.1238E+00  3.2000E+02  1.3074E+01  2.1659E+01  5.9168E+00 -2.6686E-01 -5.3956E-02
  8.2569E+00  3.6000E+02  1.5530E+01  2.3687E+01  5.3617E+00 -4.9497E-01 -9.0529E-02
  7.4648E+00  4.0000E+02  1.8205E+01  2.5890E+01  4.9199E+00 -5.9586E-01 -9.9572E-02
  6.7351E+00  4.4000E+02  2.1014E+01  2.8216E+01  4.5555E+00 -6.6040E-01 -1.0167E-01
  6.0580E+00  4.8000E+02  2.3920E+01  3.0610E+01  4.2431E+00 -7.5716E-01 -1.0817E-01
  5.4261E+00  5.2000E+02  2.6859E+01  3.2995E+01  3.9688E+00 -8.7601E-01 -1.1679E-01
  4.8337E+00  5.6000E+02  2.9742E+01  3.5295E+01  3.7249E+00 -9.8508E-01 -1.2312E-01
  4.2762E+00  6.0000E+02  3.2490E+01  3.7443E+01  3.5049E+00 -1.0764E+00 -1.2660E-01
  3.7499E+00  6.4000E+02  3.5049E+01  3.9405E+01  3.3012E+00 -1.1340E+00 -1.2591E-01
  3.2518E+00  6.8000E+02  3.7453E+01  4.1243E+01  3.1068E+00 -1.1362E+00 -1.1940E-01
  2.7790E+00  7.2000E+02  3.9816E+01  4.3083E+01  2.9179E+00 -1.1052E+00 -1.1025E-01
  2.3288E+00  7.6000E+02  4.2182E+01  4.4966E+01  2.7357E+00 -1.0736E+00 -1.0197E-01
  1.8990E+00  8.0000E+02  4.4500E+01  4.6839E+01  2.5635E+00 -1.0347E+00 -9.3821E-02
  1.4878E+00  8.4000E+02  4.6724E+01  4.8633E+01  2.4032E+00 -1.0454E+00 -9.0695E-02
  1.0937E+00  8.8000E+02  4.8618E+01  5.0140E+01  2.2489E+00 -9.8168E-01 -8.1631E-02
  7.1567E-01  9.2000E+02  5.0493E+01  5.1771E+01  2.0922E+00 -6.4754E-01 -5.1644E-02
  3.5180E-01  9.6000E+02  5.3114E+01  5.4250E+01  1.9342E+00 -3.8934E-01 -2.9889E-02
  0.0000E+00  1.0000E+03  5.6834E+01  5.8726E+01  1.7789E+00  2.1491E+00  1.5951E-01
