  26  8.5995000E+01
  3.4182E+01  1.0000E-03  1.1525E-01  1.1203E+02  1.1525E-01  0.0000E+00  0.0000E+00
  2.1193E+01  4.0000E+01  2.7660E+00  1.1226E+02  1.0607E-01 -1.8616E-01 -5.1016E-01
  1.6772E+01  8.0000E+01  9.2481E+00  1.1202E+02  8.7704E-02 -1.5213E+00 -1.4190E+00
  1.4140E+01  1.2000E+02  1.1788E+01  1.1110E+02  8.0656E-02 -1.3131E+00 -7.2909E-01
  1.2306E+01  1.6000E+02  1.3372E+01  1.1001E+02  7.6422E-02 -1.4592E+00 -5.6469E-01
  1.0920E+01  2.0000E+02  1.6128E+01  1.0949E+02  7.2462E-02 -2.3592E+00 -6.8992E-01
  9.8013E+00  2.4000E+02  2.0398E+01  1.0989E+02  6.8234E-02 -3.4625E+00 -8.1706E-01
  8.8533E+00  2.8000E+02  2.5665E+01  1.1104E+02  6.3881E-02 -4.3448E+00 -8.6905E-01
  8.0214E+00  3.2000E+02  3.1814E+01  1.1292E+02  5.9494E-02 -5.1360E+00 -9.0138E-01
  7.2746E+00  3.6000E+02  3.8695E+01  1.1521E+02  5.4976E-02 -6.1432E+00 -9.6795E-01
  6.5940E+00  4.0000E+02  4.6134E+01  1.1780E+02  5.0379E-02 -7.1270E+00 -1.0234E+00
  5.9672E+00  4.4000E+02  5.3857E+01  1.2065E+02  4.5802E-02 -7.7790E+00 -1.0288E+00
  5.3849E+00  4.8000E+02  6.1699E+01  1.2376E+02  4.1322E-02 -8.1212E+00 -9.9772E-01
  4.8400E+00  5.2000E+02  6.9661E+01  1.2713E+02  3.6991E-02 -8.4250E+00 -9.6856E-01
  4.3269E+00  5.6000E+02  7.7769E+01  1.3071E+02  3.2819E-02 -8.8186E+00 -9.5459E-01
  3.8414E+00  6.0000E+02  8.6011E+01  1.3444E+02  2.8811E-02 -9.2991E+00 -9.5256E-01
  3.3801E+00  6.4000E+02  9.4329E+01  1.3824E+02  2.4979E-02 -9.7852E+00 -9.5235E-01
  2.9404E+00  6.8000E+02  1.0263E+02  1.4207E+02  2.1339E-02 -1.0175E+01 -9.4395E-01
  2.5201E+00  7.2000E+02  1.1079E+02  1.4586E+02  1.7906E-02 -1.0417E+01 -9.2366E-01
  2.1175E+00  7.6000E+02  1.1875E+02  1.4958E+02  1.4702E-02 -1.0513E+01 -8.9298E-01
  1.7311E+00  8.0000E+02  1.2642E+02  1.5319E+02  1.1760E-02 -1.0498E+01 -8.5589E-01
  1.3595E+00  8.4000E+02  1.3378E+02  1.5669E+02  9.1142E-03 -1.0397E+01 -8.1496E-01
  1.0017E+00  8.8000E+02  1.4082E+02  1.6010E+02  6.8068E-03 -1.0150E+01 -7.6620E-01
  6.5663E-01  9.2000E+02  1.4760E+02  1.6350E+02  4.8356E-03 -9.8087E+00 -7.1416E-01
  3.2318E-01  9.6000E+02  1.5440E+02  1.6711E+02  3.2080E-03 -9.5354E+00 -6.7083E-01
  0.0000E+00  1.0000E+03  1.6142E+02  1.7150E+02  1.9696E-03 -8.1747E+00 -5.5738E-01
