  26  3.9900000E+00
  3.4521E+01  1.0000E-03  4.9346E+00  1.0825E+01  4.9346E+00  0.0000E+00  0.0000E+00
  2.1395E+01  4.0000E+01  4.5511E+00  1.0831E+01  4.5348E+00  2.9705E-02  8.2263E-02
  1.6894E+01  8.0000E+01  4.3256E+00  1.0829E+01  4.2180E+00  4.9621E-02  4.7116E-02
  1.4228E+01  1.2000E+02  4.2915E+00  1.0817E+01  4.0910E+00  8.3952E-03  4.7223E-03
  1.2373E+01  1.6000E+02  4.2671E+00  1.0823E+01  3.9814E+00  1.6126E-02  6.3105E-03
  1.0972E+01  2.0000E+02  4.2294E+00  1.0866E+01  3.8500E+00  5.8026E-02  1.7160E-02
  9.8422E+00  2.4000E+02  4.1785E+00  1.0966E+01  3.6780E+00  1.3341E-01  3.1795E-02
  8.8868E+00  2.8000E+02  4.1490E+00  1.1135E+01  3.4855E+00  2.0787E-01  4.1903E-02
  8.0498E+00  3.2000E+02  4.1811E+00  1.1392E+01  3.2774E+00  2.6825E-01  4.7368E-02
  7.2991E+00  3.6000E+02  4.3225E+00  1.1737E+01  3.0533E+00  2.7101E-01  4.2921E-02
  6.6152E+00  4.0000E+02  4.6122E+00  1.2178E+01  2.8241E+00  2.2112E-01  3.1906E-02
  5.9853E+00  4.4000E+02  5.0718E+00  1.2723E+01  2.6008E+00  1.3601E-01  1.8077E-02
  5.4000E+00  4.8000E+02  5.7128E+00  1.3382E+01  2.3920E+00  3.0922E-02  3.8179E-03
  4.8525E+00  5.2000E+02  6.5465E+00  1.4162E+01  2.2040E+00 -9.7287E-02 -1.1239E-02
  4.3371E+00  5.6000E+02  7.5725E+00  1.5065E+01  2.0369E+00 -2.3968E-01 -2.6061E-02
  3.8496E+00  6.0000E+02  8.7783E+00  1.6084E+01  1.8869E+00 -3.8353E-01 -3.9446E-02
  3.3867E+00  6.4000E+02  1.0143E+01  1.7207E+01  1.7504E+00 -5.2069E-01 -5.0857E-02
  2.9456E+00  6.8000E+02  1.1641E+01  1.8420E+01  1.6253E+00 -6.4742E-01 -6.0250E-02
  2.5242E+00  7.2000E+02  1.3247E+01  1.9703E+01  1.5105E+00 -7.6776E-01 -6.8265E-02
  2.1206E+00  7.6000E+02  1.4938E+01  2.1035E+01  1.4053E+00 -8.8731E-01 -7.5554E-02
  1.7333E+00  8.0000E+02  1.6686E+01  2.2394E+01  1.3082E+00 -1.0038E+00 -8.2010E-02
  1.3611E+00  8.4000E+02  1.8469E+01  2.3769E+01  1.2174E+00 -1.0987E+00 -8.6285E-02
  1.0028E+00  8.8000E+02  2.0290E+01  2.5173E+01  1.1317E+00 -1.1609E+00 -8.7763E-02
  6.5727E-01  9.2000E+02  2.2182E+01  2.6647E+01  1.0501E+00 -1.2097E+00 -8.8184E-02
  3.2344E-01  9.6000E+02  2.4262E+01  2.8274E+01  9.7234E-01 -1.3590E+00 -9.5714E-02
  0.0000E+00  1.0000E+03  2.6671E+01  3.0354E+01  8.9840E-01 -1.0185E+00 -6.9502E-02
