  26  8.5995000E+01
  3.3607E+01  1.0000E-03  8.6237E-02  1.1016E+02  8.6236E-02  0.0000E+00  0.0000E+00
  2.0868E+01  4.0000E+01  2.4380E+00  1.1024E+02  7.8434E-02 -1.7788E-01 -4.7807E-01
  1.6581E+01  8.0000E+01  7.9701E+00  1.1012E+02  6.4178E-02 -1.3182E+00 -1.1924E+00
  1.4010E+01  1.2000E+02  1.0355E+01  1.0955E+02  5.9093E-02 -1.1490E+00 -6.2327E-01
  1.2213E+01  1.6000E+02  1.1963E+01  1.0868E+02  5.5956E-02 -1.3808E+00 -5.2349E-01
  1.0852E+01  2.0000E+02  1.5044E+01  1.0842E+02  5.2739E-02 -2.4536E+00 -7.0433E-01
  9.7493E+00  2.4000E+02  1.9459E+01  1.0904E+02  4.9317E-02 -3.4418E+00 -8.0079E-01
  8.8107E+00  2.8000E+02  2.4648E+01  1.1040E+02  4.5958E-02 -4.0779E+00 -8.0750E-01
  7.9851E+00  3.2000E+02  3.0545E+01  1.1233E+02  4.2644E-02 -4.8134E+00 -8.3845E-01
  7.2430E+00  3.6000E+02  3.7092E+01  1.1458E+02  3.9279E-02 -5.7861E+00 -9.0580E-01
  6.5668E+00  4.0000E+02  4.4146E+01  1.1708E+02  3.5892E-02 -6.7355E+00 -9.6092E-01
  5.9442E+00  4.4000E+02  5.1474E+01  1.1983E+02  3.2542E-02 -7.3447E+00 -9.6479E-01
  5.3659E+00  4.8000E+02  5.8951E+01  1.2289E+02  2.9281E-02 -7.6488E+00 -9.3320E-01
  4.8246E+00  5.2000E+02  6.6632E+01  1.2624E+02  2.6133E-02 -7.9893E+00 -9.1243E-01
  4.3146E+00  5.6000E+02  7.4583E+01  1.2984E+02  2.3087E-02 -8.5416E+00 -9.1916E-01
  3.8315E+00  6.0000E+02  8.2792E+01  1.3359E+02  2.0132E-02 -9.2336E+00 -9.4101E-01
  3.3723E+00  6.4000E+02  9.1177E+01  1.3742E+02  1.7278E-02 -9.9139E+00 -9.6061E-01
  2.9342E+00  6.8000E+02  9.9611E+01  1.4127E+02  1.4551E-02 -1.0451E+01 -9.6585E-01
  2.5154E+00  7.2000E+02  1.0796E+02  1.4511E+02  1.1980E-02 -1.0789E+01 -9.5345E-01
  2.1139E+00  7.6000E+02  1.1612E+02  1.4888E+02  9.6021E-03 -1.0934E+01 -9.2606E-01
  1.7285E+00  8.0000E+02  1.2401E+02  1.5256E+02  7.4594E-03 -1.0925E+01 -8.8851E-01
  1.3577E+00  8.4000E+02  1.3159E+02  1.5613E+02  5.5881E-03 -1.0813E+01 -8.4584E-01
  1.0005E+00  8.8000E+02  1.3883E+02  1.5958E+02  4.0127E-03 -1.0589E+01 -7.9799E-01
  6.5593E-01  9.2000E+02  1.4585E+02  1.6302E+02  2.7000E-03 -1.0387E+01 -7.5513E-01
  3.2291E-01  9.6000E+02  1.5298E+02  1.6675E+02  1.6507E-03 -1.0221E+01 -7.1815E-01
  0.0000E+00  1.0000E+03  1.6038E+02  1.7143E+02  9.1636E-04 -8.4103E+00 -5.7297E-01
