  26  3.9900000E+00
  3.4672E+01  1.0000E-03  5.2696E+00  1.0902E+01  5.2696E+00  0.0000E+00  0.0000E+00
  2.1487E+01  4.0000E+01  4.8680E+00  1.0909E+01  4.8506E+00  3.0988E-02  8.6204E-02
  1.6957E+01  8.0000E+01  4.6270E+00  1.0904E+01  4.5122E+00  5.2204E-02  4.9895E-02
  1.4278E+01  1.2000E+02  4.5915E+00  1.0888E+01  4.3779E+00  7.3727E-03  4.1666E-03
  1.2415E+01  1.6000E+02  4.5677E+00  1.0891E+01  4.2610E+00  1.4043E-02  5.5201E-03
  1.1006E+01  2.0000E+02  4.5307E+00  1.0932E+01  4.1220E+00  5.5481E-02  1.6497E-02
  9.8699E+00  2.4000E+02  4.4795E+00  1.1029E+01  3.9437E+00  1.3084E-01  3.1355E-02
  8.9097E+00  2.8000E+02  4.4488E+00  1.1197E+01  3.7433E+00  2.0635E-01  4.1805E-02
  8.0692E+00  3.2000E+02  4.4804E+00  1.1454E+01  3.5241E+00  2.6839E-01  4.7593E-02
  7.3158E+00  3.6000E+02  4.6241E+00  1.1804E+01  3.2853E+00  2.7410E-01  4.3569E-02
  6.6296E+00  4.0000E+02  4.9223E+00  1.2256E+01  3.0396E+00  2.2344E-01  3.2349E-02
  5.9975E+00  4.4000E+02  5.3982E+00  1.2816E+01  2.7996E+00  1.3309E-01  1.7748E-02
  5.4104E+00  4.8000E+02  6.0624E+00  1.3492E+01  2.5751E+00  2.0026E-02  2.4807E-03
  4.8611E+00  5.2000E+02  6.9218E+00  1.4289E+01  2.3734E+00 -1.1293E-01 -1.3087E-02
  4.3442E+00  5.6000E+02  7.9705E+00  1.5207E+01  2.1947E+00 -2.5191E-01 -2.7471E-02
  3.8554E+00  6.0000E+02  9.1920E+00  1.6240E+01  2.0349E+00 -3.8634E-01 -3.9842E-02
  3.3914E+00  6.4000E+02  1.0565E+01  1.7375E+01  1.8900E+00 -5.1325E-01 -5.0252E-02
  2.9493E+00  6.8000E+02  1.2065E+01  1.8595E+01  1.7575E+00 -6.3293E-01 -5.9031E-02
  2.5270E+00  7.2000E+02  1.3668E+01  1.9881E+01  1.6360E+00 -7.5077E-01 -6.6885E-02
  2.1228E+00  7.6000E+02  1.5351E+01  2.1211E+01  1.5246E+00 -8.7165E-01 -7.4349E-02
  1.7349E+00  8.0000E+02  1.7085E+01  2.2562E+01  1.4217E+00 -9.9042E-01 -8.1045E-02
  1.3622E+00  8.4000E+02  1.8847E+01  2.3921E+01  1.3253E+00 -1.0814E+00 -8.5035E-02
  1.0035E+00  8.8000E+02  2.0640E+01  2.5309E+01  1.2340E+00 -1.1273E+00 -8.5308E-02
  6.5773E-01  9.2000E+02  2.2511E+01  2.6779E+01  1.1473E+00 -1.1622E+00 -8.4788E-02
  3.2364E-01  9.6000E+02  2.4570E+01  2.8397E+01  1.0651E+00 -1.3190E+00 -9.2971E-02
  0.0000E+00  1.0000E+03  2.6936E+01  3.0370E+01  9.8735E-01 -1.2123E+00 -8.2775E-02
