  26  3.9900000E+00
  3.5673E+01  1.0000E-03  1.0868E+01  1.5238E+01  1.0868E+01  0.0000E+00  0.0000E+00
  2.2132E+01  4.0000E+01  1.0224E+01  1.5222E+01  1.0200E+01  4.6348E-02  1.3242E-01
  1.7988E+01  8.0000E+01  9.5957E+00  1.5273E+01  9.5271E+00  1.6390E-01  1.4329E-01
  1.5620E+01  1.2000E+02  9.3940E+00  1.5402E+01  9.2765E+00  1.3973E-01  6.9813E-02
  1.3872E+01  1.6000E+02  9.2208E+00  1.5679E+01  8.9202E+00  2.5741E-01  9.4904E-02
  1.2450E+01  2.0000E+02  9.2511E+00  1.6313E+01  8.2656E+00  4.2425E-01  1.2731E-01
  1.1226E+01  2.4000E+02  1.0043E+01  1.7525E+01  7.3906E+00  3.4340E-01  8.8645E-02
  1.0147E+01  2.8000E+02  1.1825E+01  1.9268E+01  6.4887E+00 -3.6038E-02 -8.2022E-03
  9.1818E+00  3.2000E+02  1.4345E+01  2.1383E+01  5.7393E+00 -4.1933E-01 -8.5427E-02
  8.3075E+00  3.6000E+02  1.7234E+01  2.3719E+01  5.1700E+00 -6.3241E-01 -1.1666E-01
  7.5084E+00  4.0000E+02  2.0255E+01  2.6156E+01  4.7166E+00 -7.3066E-01 -1.2318E-01
  6.7726E+00  4.4000E+02  2.3292E+01  2.8615E+01  4.3373E+00 -7.8525E-01 -1.2190E-01
  6.0907E+00  4.8000E+02  2.6282E+01  3.1052E+01  4.0125E+00 -8.1050E-01 -1.1661E-01
  5.4552E+00  5.2000E+02  2.9198E+01  3.3452E+01  3.7293E+00 -8.1370E-01 -1.0909E-01
  4.8602E+00  5.6000E+02  3.2032E+01  3.5807E+01  3.4773E+00 -8.0495E-01 -1.0106E-01
  4.3006E+00  6.0000E+02  3.4783E+01  3.8116E+01  3.2499E+00 -7.8886E-01 -9.3134E-02
  3.7724E+00  6.4000E+02  3.7449E+01  4.0377E+01  3.0429E+00 -7.6647E-01 -8.5419E-02
  3.2721E+00  6.8000E+02  4.0026E+01  4.2584E+01  2.8530E+00 -7.3920E-01 -7.8025E-02
  2.7968E+00  7.2000E+02  4.2507E+01  4.4729E+01  2.6775E+00 -7.0630E-01 -7.0821E-02
  2.3441E+00  7.6000E+02  4.4883E+01  4.6807E+01  2.5143E+00 -6.6122E-01 -6.3148E-02
  1.9120E+00  8.0000E+02  4.7161E+01  4.8826E+01  2.3618E+00 -5.9740E-01 -5.4468E-02
  1.4985E+00  8.4000E+02  4.9371E+01  5.0821E+01  2.2186E+00 -5.2179E-01 -4.5517E-02
  1.1021E+00  8.8000E+02  5.1576E+01  5.2841E+01  2.0827E+00 -4.6514E-01 -3.8904E-02
  7.2119E-01  9.2000E+02  5.3775E+01  5.4911E+01  1.9506E+00 -3.3889E-01 -2.7234E-02
  3.5453E-01  9.6000E+02  5.6456E+01  5.7534E+01  1.8172E+00 -1.5885E-01 -1.2288E-02
  0.0000E+00  1.0000E+03  6.0363E+01  6.3257E+01  1.6766E+00  5.1217E+00  3.8309E-01
