  26  3.9900000E+00
  3.5113E+01  1.0000E-03  7.6859E+00  1.2323E+01  7.6859E+00  0.0000E+00  0.0000E+00
  2.1823E+01  4.0000E+01  7.1658E+00  1.2331E+01  7.1473E+00  3.9706E-02  1.1134E-01
  1.7295E+01  8.0000E+01  6.7709E+00  1.2332E+01  6.6535E+00  8.7355E-02  8.3446E-02
  1.4662E+01  1.2000E+02  6.6926E+00  1.2338E+01  6.4576E+00  3.1973E-02  1.7761E-02
  1.2822E+01  1.6000E+02  6.6490E+00  1.2394E+01  6.2274E+00  5.4143E-02  2.1025E-02
  1.1397E+01  2.0000E+02  6.6108E+00  1.2523E+01  5.9312E+00  1.1771E-01  3.5383E-02
  1.0226E+01  2.4000E+02  6.6185E+00  1.2739E+01  5.6291E+00  1.7748E-01  4.3842E-02
  9.2265E+00  2.8000E+02  6.6977E+00  1.3046E+01  5.3234E+00  2.2781E-01  4.8049E-02
  8.3487E+00  3.2000E+02  6.8932E+00  1.3460E+01  5.0060E+00  2.4935E-01  4.6178E-02
  7.5616E+00  3.6000E+02  7.2705E+00  1.4003E+01  4.6748E+00  2.0988E-01  3.4854E-02
  6.8450E+00  4.0000E+02  7.8805E+00  1.4686E+01  4.3365E+00  1.0256E-01  1.5507E-02
  6.1854E+00  4.4000E+02  8.7356E+00  1.5511E+01  4.0077E+00 -4.5665E-02 -6.3551E-03
  5.5732E+00  4.8000E+02  9.8139E+00  1.6470E+01  3.7078E+00 -1.9405E-01 -2.5063E-02
  5.0012E+00  5.2000E+02  1.1075E+01  1.7553E+01  3.4440E+00 -3.1156E-01 -3.7596E-02
  4.4639E+00  5.6000E+02  1.2480E+01  1.8744E+01  3.2118E+00 -3.9883E-01 -4.5211E-02
  3.9569E+00  6.0000E+02  1.4000E+01  2.0024E+01  3.0051E+00 -4.7475E-01 -5.0790E-02
  3.4764E+00  6.4000E+02  1.5614E+01  2.1370E+01  2.8191E+00 -5.5702E-01 -5.6461E-02
  3.0197E+00  6.8000E+02  1.7301E+01  2.2757E+01  2.6504E+00 -6.5455E-01 -6.3067E-02
  2.5844E+00  7.2000E+02  1.9038E+01  2.4160E+01  2.4962E+00 -7.6963E-01 -7.0687E-02
  2.1685E+00  7.6000E+02  2.0804E+01  2.5550E+01  2.3534E+00 -9.0264E-01 -7.9213E-02
  1.7702E+00  8.0000E+02  2.2567E+01  2.6897E+01  2.2189E+00 -1.0455E+00 -8.7841E-02
  1.3884E+00  8.4000E+02  2.4274E+01  2.8167E+01  2.0896E+00 -1.1437E+00 -9.2141E-02
  1.0217E+00  8.8000E+02  2.5915E+01  2.9399E+01  1.9638E+00 -1.1175E+00 -8.6438E-02
  6.6914E-01  9.2000E+02  2.7630E+01  3.0753E+01  1.8413E+00 -1.0220E+00 -7.6025E-02
  3.2908E-01  9.6000E+02  2.9637E+01  3.2385E+01  1.7236E+00 -1.1024E+00 -7.9092E-02
  0.0000E+00  1.0000E+03  3.2076E+01  3.4217E+01  1.6128E+00 -1.8441E+00 -1.2804E-01
