  26  8.5995000E+01
  3.5686E+01  1.0000E-03  2.9276E-01  1.2091E+02  2.9275E-01  0.0000E+00  0.0000E+00
  2.2126E+01  4.0000E+01  3.4417E+00  1.1992E+02  2.7874E-01 -3.0574E-01 -8.7471E-01
  1.7980E+01  8.0000E+01  7.0141E+00  1.1890E+02  2.4478E-01 -1.1068E+00 -9.6805E-01
  1.5609E+01  1.2000E+02  9.8150E+00  1.1990E+02  2.2699E-01 -7.5976E-01 -3.8014E-01
  1.3858E+01  1.6000E+02  1.8411E+01  1.2289E+02  2.0900E-01 -3.2033E+00 -1.1830E+00
  1.2436E+01  2.0000E+02  3.3182E+01  1.2761E+02  1.8832E-01 -7.0672E+00 -2.1201E+00
  1.1215E+01  2.4000E+02  5.1725E+01  1.3376E+02  1.6534E-01 -1.0148E+01 -2.6157E+00
  1.0138E+01  2.8000E+02  7.0823E+01  1.4031E+02  1.4158E-01 -1.1651E+01 -2.6467E+00
  9.1742E+00  3.2000E+02  8.8860E+01  1.4683E+02  1.1919E-01 -1.1948E+01 -2.4293E+00
  8.3015E+00  3.6000E+02  1.0555E+02  1.5311E+02  9.8805E-02 -1.1926E+01 -2.1959E+00
  7.5037E+00  4.0000E+02  1.2083E+02  1.5906E+02  8.0444E-02 -1.1701E+01 -1.9695E+00
  6.7688E+00  4.4000E+02  1.3458E+02  1.6461E+02  6.4074E-02 -1.1162E+01 -1.7307E+00
  6.0875E+00  4.8000E+02  1.4678E+02  1.6972E+02  4.9480E-02 -1.0389E+01 -1.4934E+00
  5.4524E+00  5.2000E+02  1.5744E+02  1.7446E+02  3.6667E-02 -9.3272E+00 -1.2497E+00
  4.8577E+00  5.6000E+02  1.6657E+02  1.7888E+02  2.5931E-02 -7.9310E+00 -9.9512E-01
  4.2984E+00  6.0000E+02  1.7425E+02  1.8300E+02  1.7492E-02 -6.3627E+00 -7.5081E-01
  3.7704E+00  6.4000E+02  1.8068E+02  1.8687E+02  1.1270E-02 -4.8486E+00 -5.4008E-01
  3.2704E+00  6.8000E+02  1.8609E+02  1.9051E+02  6.9408E-03 -3.5468E+00 -3.7419E-01
  2.7954E+00  7.2000E+02  1.9073E+02  1.9395E+02  4.0823E-03 -2.5171E+00 -2.5226E-01
  2.3429E+00  7.6000E+02  1.9479E+02  1.9721E+02  2.2882E-03 -1.7544E+00 -1.6749E-01
  1.9108E+00  8.0000E+02  1.9843E+02  2.0032E+02  1.2193E-03 -1.2273E+00 -1.1188E-01
  1.4973E+00  8.4000E+02  2.0175E+02  2.0327E+02  6.1564E-04 -9.0051E-01 -7.8559E-02
  1.1008E+00  8.8000E+02  2.0482E+02  2.0604E+02  2.9116E-04 -7.7143E-01 -6.4533E-02
  7.1995E-01  9.2000E+02  2.0758E+02  2.0856E+02  1.2234E-04 -5.9946E-01 -4.8170E-02
  3.5359E-01  9.6000E+02  2.1050E+02  2.1141E+02  3.9712E-05 -2.3215E-01 -1.7944E-02
  0.0000E+00  1.0000E+03  2.1428E+02  2.1845E+02  7.9497E-06  9.2367E+00  6.8906E-01
