  26  3.9900000E+00
  3.3086E+01  1.0000E-03  2.0740E+00  1.0554E+01  2.0740E+00  0.0000E+00  0.0000E+00
  2.0589E+01  4.0000E+01  1.8716E+00  1.0556E+01  1.8635E+00  1.6413E-02  4.3274E-02
  1.6422E+01  8.0000E+01  1.7790E+00  1.0575E+01  1.7265E+00  2.6818E-02  2.3574E-02
  1.3906E+01  1.2000E+02  1.7647E+00  1.0599E+01  1.6592E+00  1.5194E-02  8.0656E-03
  1.2143E+01  1.6000E+02  1.7536E+00  1.0637E+01  1.5940E+00  2.7554E-02  1.0251E-02
  1.0804E+01  2.0000E+02  1.7344E+00  1.0712E+01  1.5048E+00  7.0177E-02  1.9829E-02
  9.7128E+00  2.4000E+02  1.7287E+00  1.0841E+01  1.4024E+00  1.2359E-01  2.8442E-02
  8.7808E+00  2.8000E+02  1.7608E+00  1.1029E+01  1.2996E+00  1.6747E-01  3.2930E-02
  7.9594E+00  3.2000E+02  1.8562E+00  1.1275E+01  1.1959E+00  1.8363E-01  3.1824E-02
  7.2208E+00  3.6000E+02  2.0447E+00  1.1586E+01  1.0930E+00  1.6528E-01  2.5755E-02
  6.5479E+00  4.0000E+02  2.3470E+00  1.1972E+01  9.9426E-01  1.2414E-01  1.7625E-02
  5.9285E+00  4.4000E+02  2.7753E+00  1.2449E+01  9.0292E-01  7.8495E-02  1.0258E-02
  5.3532E+00  4.8000E+02  3.3490E+00  1.3035E+01  8.2123E-01  2.2345E-02  2.7120E-03
  4.8144E+00  5.2000E+02  4.1015E+00  1.3744E+01  7.4846E-01 -8.1478E-02 -9.2615E-03
  4.3065E+00  5.6000E+02  5.0652E+00  1.4578E+01  6.8231E-01 -2.5466E-01 -2.7293E-02
  3.8251E+00  6.0000E+02  6.2511E+00  1.5536E+01  6.2097E-01 -4.7344E-01 -4.8085E-02
  3.3671E+00  6.4000E+02  7.6399E+00  1.6609E+01  5.6381E-01 -6.8964E-01 -6.6632E-02
  2.9302E+00  6.8000E+02  9.1943E+00  1.7784E+01  5.1108E-01 -8.6864E-01 -8.0081E-02
  2.5122E+00  7.2000E+02  1.0876E+01  1.9044E+01  4.6302E-01 -1.0076E+00 -8.8853E-02
  2.1115E+00  7.6000E+02  1.2652E+01  2.0372E+01  4.1925E-01 -1.1193E+00 -9.4624E-02
  1.7266E+00  8.0000E+02  1.4499E+01  2.1750E+01  3.7911E-01 -1.2173E+00 -9.8842E-02
  1.3564E+00  8.4000E+02  1.6396E+01  2.3161E+01  3.4215E-01 -1.3149E+00 -1.0271E-01
  9.9965E-01  8.8000E+02  1.8324E+01  2.4585E+01  3.0800E-01 -1.4129E+00 -1.0634E-01
  6.5546E-01  9.2000E+02  2.0331E+01  2.6079E+01  2.7562E-01 -1.4888E+00 -1.0811E-01
  3.2274E-01  9.6000E+02  2.2592E+01  2.7811E+01  2.4464E-01 -1.5910E+00 -1.1169E-01
  0.0000E+00  1.0000E+03  2.5267E+01  3.0270E+01  2.1638E-01 -6.6989E-01 -4.5614E-02
