  26  8.5995000E+01
  3.5030E+01  1.0000E-03  1.7751E-01  1.1646E+02  1.7751E-01  0.0000E+00  0.0000E+00
  2.1730E+01  4.0000E+01  3.2189E+00  1.1688E+02  1.6600E-01 -1.9675E-01 -5.5210E-01
  1.7158E+01  8.0000E+01  1.0894E+01  1.1639E+02  1.3983E-01 -1.7868E+00 -1.7234E+00
  1.4474E+01  1.2000E+02  1.4083E+01  1.1511E+02  1.2843E-01 -1.6648E+00 -9.4286E-01
  1.2605E+01  1.6000E+02  1.7413E+01  1.1417E+02  1.2062E-01 -2.2848E+00 -9.0075E-01
  1.1180E+01  2.0000E+02  2.1571E+01  1.1388E+02  1.1387E-01 -3.1196E+00 -9.3826E-01
  1.0023E+01  2.4000E+02  2.6377E+01  1.1433E+02  1.0752E-01 -3.7624E+00 -9.1843E-01
  9.0421E+00  2.8000E+02  3.1903E+01  1.1544E+02  1.0127E-01 -4.5065E+00 -9.3235E-01
  8.1839E+00  3.2000E+02  3.8432E+01  1.1727E+02  9.4762E-02 -5.4780E+00 -9.9190E-01
  7.4153E+00  3.6000E+02  4.6041E+01  1.1963E+02  8.7711E-02 -6.8316E+00 -1.1078E+00
  6.7159E+00  4.0000E+02  5.4416E+01  1.2240E+02  8.0264E-02 -8.0122E+00 -1.1822E+00
  6.0722E+00  4.4000E+02  6.3113E+01  1.2548E+02  7.2713E-02 -8.7176E+00 -1.1840E+00
  5.4745E+00  4.8000E+02  7.1897E+01  1.2881E+02  6.5288E-02 -9.1240E+00 -1.1505E+00
  4.9157E+00  5.2000E+02  8.0648E+01  1.3233E+02  5.8142E-02 -9.3656E+00 -1.1041E+00
  4.3903E+00  5.6000E+02  8.9305E+01  1.3598E+02  5.1359E-02 -9.5265E+00 -1.0560E+00
  3.8940E+00  6.0000E+02  9.7815E+01  1.3971E+02  4.4999E-02 -9.6352E+00 -1.0090E+00
  3.4233E+00  6.4000E+02  1.0611E+02  1.4345E+02  3.9083E-02 -9.6781E+00 -9.6118E-01
  2.9753E+00  6.8000E+02  1.1414E+02  1.4716E+02  3.3595E-02 -9.6632E+00 -9.1322E-01
  2.5479E+00  7.2000E+02  1.2186E+02  1.5076E+02  2.8496E-02 -9.6254E+00 -8.6801E-01
  2.1391E+00  7.6000E+02  1.2925E+02  1.5422E+02  2.3748E-02 -9.6073E+00 -8.2867E-01
  1.7473E+00  8.0000E+02  1.3625E+02  1.5748E+02  1.9339E-02 -9.5595E+00 -7.9019E-01
  1.3712E+00  8.4000E+02  1.4282E+02  1.6055E+02  1.5295E-02 -9.2903E+00 -7.3706E-01
  1.0098E+00  8.8000E+02  1.4900E+02  1.6360E+02  1.1689E-02 -8.6620E+00 -6.6056E-01
  6.6164E-01  9.2000E+02  1.5493E+02  1.6680E+02  8.6186E-03 -7.8400E+00 -5.7586E-01
  3.2547E-01  9.6000E+02  1.6078E+02  1.7018E+02  6.1378E-03 -7.3502E+00 -5.2131E-01
  0.0000E+00  1.0000E+03  1.6666E+02  1.7325E+02  4.2292E-03 -8.6624E+00 -5.9482E-01
