  26  3.7500000E+00
  3.2078E+01  1.0000E-03  1.3633E+03  1.3373E+02  1.3633E+03  0.0000E+00  0.0000E+00
  2.2946E+01  4.0000E+01  1.3626E+03  1.3352E+02  1.3620E+03  4.5352E-02  8.7384E-02
  1.8131E+01  8.0000E+01  1.3588E+03  1.3164E+02  1.3532E+03  4.1125E-01  4.1780E-01
  1.5706E+01  1.2000E+02  1.3557E+03  1.2987E+02  1.3459E+03  5.4833E-01  2.8047E-01
  1.3947E+01  1.6000E+02  1.3526E+03  1.2802E+02  1.3388E+03  7.1834E-01  2.6662E-01
  1.2513E+01  2.0000E+02  1.3494E+03  1.2610E+02  1.3318E+03  8.5969E-01  2.6010E-01
  1.1282E+01  2.4000E+02  1.3462E+03  1.2411E+02  1.3250E+03  9.7465E-01  2.5303E-01
  1.0198E+01  2.8000E+02  1.3430E+03  1.2207E+02  1.3184E+03  1.0706E+00  2.4498E-01
  9.2271E+00  3.2000E+02  1.3398E+03  1.1996E+02  1.3119E+03  1.1549E+00  2.3653E-01
  8.3483E+00  3.6000E+02  1.3366E+03  1.1781E+02  1.3055E+03  1.2325E+00  2.2853E-01
  7.5452E+00  4.0000E+02  1.3333E+03  1.1561E+02  1.2993E+03  1.3065E+00  2.2137E-01
  6.8057E+00  4.4000E+02  1.3300E+03  1.1336E+02  1.2932E+03  1.3787E+00  2.1509E-01
  6.1204E+00  4.8000E+02  1.3267E+03  1.1106E+02  1.2872E+03  1.4501E+00  2.0966E-01
  5.4818E+00  5.2000E+02  1.3234E+03  1.0873E+02  1.2814E+03  1.5213E+00  2.0496E-01
  4.8839E+00  5.6000E+02  1.3201E+03  1.0635E+02  1.2756E+03  1.5926E+00  2.0092E-01
  4.3215E+00  6.0000E+02  1.3168E+03  1.0394E+02  1.2700E+03  1.6639E+00  1.9741E-01
  3.7907E+00  6.4000E+02  1.3134E+03  1.0149E+02  1.2644E+03  1.7354E+00  1.9435E-01
  3.2880E+00  6.8000E+02  1.3100E+03  9.9002E+01  1.2590E+03  1.8071E+00  1.9167E-01
  2.8105E+00  7.2000E+02  1.3066E+03  9.6479E+01  1.2536E+03  1.8791E+00  1.8932E-01
  2.3557E+00  7.6000E+02  1.3031E+03  9.3920E+01  1.2483E+03  1.9514E+00  1.8725E-01
  1.9215E+00  8.0000E+02  1.2997E+03  9.1326E+01  1.2431E+03  2.0244E+00  1.8544E-01
  1.5061E+00  8.4000E+02  1.2962E+03  8.8697E+01  1.2380E+03  2.0980E+00  1.8388E-01
  1.1077E+00  8.8000E+02  1.2926E+03  8.6033E+01  1.2330E+03  2.1723E+00  1.8256E-01
  7.2503E-01  9.2000E+02  1.2891E+03  8.3334E+01  1.2280E+03  2.2479E+00  1.8149E-01
  3.5631E-01  9.6000E+02  1.2855E+03  8.0600E+01  1.2231E+03  2.3241E+00  1.8079E-01
  7.0919E-04  1.0000E+03  1.2819E+03  7.7837E+01  1.2183E+03  2.3974E+00  1.7987E-01
