  26  3.7500000E+00
  2.9875E+01  1.0000E-03  1.3633E+03  1.3316E+02  1.3633E+03  0.0000E+00  0.0000E+00
  2.1254E+01  4.0000E+01  1.3626E+03  1.3294E+02  1.3620E+03  4.6398E-02  8.4393E-02
  1.6520E+01  8.0000E+01  1.3588E+03  1.3109E+02  1.3533E+03  4.1652E-01  4.1604E-01
  1.4009E+01  1.2000E+02  1.3557E+03  1.2932E+02  1.3460E+03  5.4612E-01  2.8928E-01
  1.2228E+01  1.6000E+02  1.3526E+03  1.2746E+02  1.3388E+03  7.1218E-01  2.6767E-01
  1.0867E+01  2.0000E+02  1.3494E+03  1.2553E+02  1.3319E+03  8.7049E-01  2.4987E-01
  9.7627E+00  2.4000E+02  1.3463E+03  1.2353E+02  1.3251E+03  1.0205E+00  2.3780E-01
  8.8222E+00  2.8000E+02  1.3432E+03  1.2148E+02  1.3185E+03  1.1583E+00  2.2985E-01
  7.9953E+00  3.2000E+02  1.3400E+03  1.1937E+02  1.3121E+03  1.2829E+00  2.2381E-01
  7.2530E+00  3.6000E+02  1.3368E+03  1.1721E+02  1.3057E+03  1.3965E+00  2.1870E-01
  6.5772E+00  4.0000E+02  1.3336E+03  1.1500E+02  1.2996E+03  1.5019E+00  2.1414E-01
  5.9553E+00  4.4000E+02  1.3303E+03  1.1275E+02  1.2935E+03  1.6009E+00  2.1003E-01
  5.3778E+00  4.8000E+02  1.3271E+03  1.1045E+02  1.2875E+03  1.6940E+00  2.0641E-01
  4.8369E+00  5.2000E+02  1.3238E+03  1.0811E+02  1.2817E+03  1.7812E+00  2.0329E-01
  4.3267E+00  5.6000E+02  1.3204E+03  1.0573E+02  1.2759E+03  1.8632E+00  2.0057E-01
  3.8430E+00  6.0000E+02  1.3171E+03  1.0331E+02  1.2703E+03  1.9418E+00  1.9812E-01
  3.3830E+00  6.4000E+02  1.3137E+03  1.0086E+02  1.2647E+03  2.0183E+00  1.9591E-01
  2.9440E+00  6.8000E+02  1.3103E+03  9.8365E+01  1.2592E+03  2.0935E+00  1.9390E-01
  2.5241E+00  7.2000E+02  1.3068E+03  9.5837E+01  1.2539E+03  2.1679E+00  1.9207E-01
  2.1215E+00  7.6000E+02  1.3034E+03  9.3274E+01  1.2486E+03  2.2422E+00  1.9043E-01
  1.7349E+00  8.0000E+02  1.2999E+03  9.0676E+01  1.2433E+03  2.3166E+00  1.8897E-01
  1.3629E+00  8.4000E+02  1.2963E+03  8.8043E+01  1.2382E+03  2.3917E+00  1.8770E-01
  1.0045E+00  8.8000E+02  1.2928E+03  8.5375E+01  1.2331E+03  2.4681E+00  1.8662E-01
  6.5871E-01  9.2000E+02  1.2892E+03  8.2673E+01  1.2282E+03  2.5463E+00  1.8578E-01
  3.2422E-01  9.6000E+02  1.2856E+03  7.9936E+01  1.2232E+03  2.6259E+00  1.8531E-01
  4.1283E-04  1.0000E+03  1.2820E+03  7.7169E+01  1.2184E+03  2.7071E+00  1.8494E-01
