  26  3.7500000E+00
  3.1671E+01  1.0000E-03  1.3633E+03  1.3315E+02  1.3633E+03  0.0000E+00  0.0000E+00
  2.2376E+01  4.0000E+01  1.3626E+03  1.3294E+02  1.3620E+03  4.5185E-02  8.8616E-02
  1.7243E+01  8.0000E+01  1.3587E+03  1.3110E+02  1.3532E+03  4.0085E-01  4.3413E-01
  1.4532E+01  1.2000E+02  1.3555E+03  1.2932E+02  1.3458E+03  5.1932E-01  2.9704E-01
  1.2631E+01  1.6000E+02  1.3524E+03  1.2746E+02  1.3387E+03  6.7421E-01  2.7035E-01
  1.1181E+01  2.0000E+02  1.3493E+03  1.2553E+02  1.3317E+03  8.2194E-01  2.5141E-01
  1.0011E+01  2.4000E+02  1.3462E+03  1.2354E+02  1.3250E+03  9.6356E-01  2.3786E-01
  9.0252E+00  2.8000E+02  1.3430E+03  1.2149E+02  1.3184E+03  1.0976E+00  2.2835E-01
  8.1659E+00  3.2000E+02  1.3399E+03  1.1938E+02  1.3119E+03  1.2219E+00  2.2153E-01
  7.3985E+00  3.6000E+02  1.3367E+03  1.1722E+02  1.3056E+03  1.3358E+00  2.1628E-01
  6.7012E+00  4.0000E+02  1.3335E+03  1.1501E+02  1.2994E+03  1.4405E+00  2.1194E-01
  6.0597E+00  4.4000E+02  1.3302E+03  1.1275E+02  1.2934E+03  1.5380E+00  2.0815E-01
  5.4642E+00  4.8000E+02  1.3270E+03  1.1046E+02  1.2874E+03  1.6300E+00  2.0477E-01
  4.9075E+00  5.2000E+02  1.3237E+03  1.0812E+02  1.2816E+03  1.7175E+00  2.0172E-01
  4.3840E+00  5.6000E+02  1.3203E+03  1.0574E+02  1.2758E+03  1.8017E+00  1.9900E-01
  3.8893E+00  6.0000E+02  1.3170E+03  1.0332E+02  1.2702E+03  1.8832E+00  1.9656E-01
  3.4199E+00  6.4000E+02  1.3136E+03  1.0086E+02  1.2646E+03  1.9628E+00  1.9437E-01
  2.9732E+00  6.8000E+02  1.3102E+03  9.8370E+01  1.2592E+03  2.0412E+00  1.9240E-01
  2.5467E+00  7.2000E+02  1.3068E+03  9.5841E+01  1.2538E+03  2.1186E+00  1.9062E-01
  2.1387E+00  7.6000E+02  1.3033E+03  9.3278E+01  1.2485E+03  2.1958E+00  1.8904E-01
  1.7475E+00  8.0000E+02  1.2998E+03  9.0680E+01  1.2433E+03  2.2732E+00  1.8763E-01
  1.3717E+00  8.4000E+02  1.2963E+03  8.8046E+01  1.2382E+03  2.3516E+00  1.8640E-01
  1.0104E+00  8.8000E+02  1.2928E+03  8.5379E+01  1.2331E+03  2.4313E+00  1.8537E-01
  6.6212E-01  9.2000E+02  1.2892E+03  8.2676E+01  1.2281E+03  2.5123E+00  1.8458E-01
  3.2570E-01  9.6000E+02  1.2856E+03  7.9938E+01  1.2232E+03  2.5944E+00  1.8414E-01
  4.6029E-04  1.0000E+03  1.2819E+03  7.7170E+01  1.2184E+03  2.6789E+00  1.8382E-01
