  26  3.7500000E+00
  3.2006E+01  1.0000E-03  1.3633E+03  1.3350E+02  1.3633E+03  0.0000E+00  0.0000E+00
  2.2758E+01  4.0000E+01  1.3626E+03  1.3329E+02  1.3620E+03  4.5178E-02  8.8153E-02
  1.7733E+01  8.0000E+01  1.3587E+03  1.3142E+02  1.3532E+03  4.0412E-01  4.2835E-01
  1.5134E+01  1.2000E+02  1.3556E+03  1.2965E+02  1.3458E+03  5.2970E-01  2.9046E-01
  1.3294E+01  1.6000E+02  1.3525E+03  1.2779E+02  1.3386E+03  6.9136E-01  2.6844E-01
  1.1844E+01  2.0000E+02  1.3493E+03  1.2586E+02  1.3317E+03  8.3572E-01  2.5571E-01
  1.0634E+01  2.4000E+02  1.3461E+03  1.2386E+02  1.3249E+03  9.6264E-01  2.4563E-01
  9.5919E+00  2.8000E+02  1.3430E+03  1.2180E+02  1.3182E+03  1.0763E+00  2.3676E-01
  8.6720E+00  3.2000E+02  1.3398E+03  1.1968E+02  1.3117E+03  1.1800E+00  2.2900E-01
  7.8462E+00  3.6000E+02  1.3365E+03  1.1752E+02  1.3054E+03  1.2760E+00  2.2230E-01
  7.0950E+00  4.0000E+02  1.3333E+03  1.1530E+02  1.2991E+03  1.3661E+00  2.1652E-01
  6.4044E+00  4.4000E+02  1.3300E+03  1.1304E+02  1.2930E+03  1.4518E+00  2.1153E-01
  5.7643E+00  4.8000E+02  1.3267E+03  1.1073E+02  1.2870E+03  1.5342E+00  2.0719E-01
  5.1671E+00  5.2000E+02  1.3234E+03  1.0838E+02  1.2812E+03  1.6143E+00  2.0339E-01
  4.6070E+00  5.6000E+02  1.3201E+03  1.0599E+02  1.2754E+03  1.6929E+00  2.0005E-01
  4.0793E+00  6.0000E+02  1.3167E+03  1.0357E+02  1.2697E+03  1.7705E+00  1.9710E-01
  3.5804E+00  6.4000E+02  1.3133E+03  1.0110E+02  1.2642E+03  1.8477E+00  1.9450E-01
  3.1071E+00  6.8000E+02  1.3099E+03  9.8600E+01  1.2587E+03  1.9247E+00  1.9219E-01
  2.6569E+00  7.2000E+02  1.3065E+03  9.6062E+01  1.2533E+03  2.0018E+00  1.9014E-01
  2.2276E+00  7.6000E+02  1.3030E+03  9.3489E+01  1.2480E+03  2.0794E+00  1.8833E-01
  1.8174E+00  8.0000E+02  1.2995E+03  9.0880E+01  1.2428E+03  2.1578E+00  1.8675E-01
  1.4246E+00  8.4000E+02  1.2960E+03  8.8236E+01  1.2377E+03  2.2372E+00  1.8540E-01
  1.0478E+00  8.8000E+02  1.2925E+03  8.5558E+01  1.2326E+03  2.3182E+00  1.8427E-01
  6.8586E-01  9.2000E+02  1.2889E+03  8.2845E+01  1.2276E+03  2.4015E+00  1.8341E-01
  3.3709E-01  9.6000E+02  1.2853E+03  8.0095E+01  1.2227E+03  2.4861E+00  1.8294E-01
  6.6961E-04  1.0000E+03  1.2816E+03  7.7318E+01  1.2178E+03  2.5701E+00  1.8242E-01
