  26  3.7500000E+00
  3.2091E+01  1.0000E-03  1.3633E+03  1.3372E+02  1.3633E+03  0.0000E+00  0.0000E+00
  2.2946E+01  4.0000E+01  1.3626E+03  1.3350E+02  1.3620E+03  4.5325E-02  8.7460E-02
  1.8127E+01  8.0000E+01  1.3588E+03  1.3162E+02  1.3532E+03  4.1108E-01  4.1790E-01
  1.5701E+01  1.2000E+02  1.3557E+03  1.2985E+02  1.3459E+03  5.4806E-01  2.8055E-01
  1.3939E+01  1.6000E+02  1.3526E+03  1.2800E+02  1.3388E+03  7.1772E-01  2.6687E-01
  1.2504E+01  2.0000E+02  1.3494E+03  1.2608E+02  1.3318E+03  8.5907E-01  2.6004E-01
  1.1275E+01  2.4000E+02  1.3462E+03  1.2409E+02  1.3250E+03  9.7452E-01  2.5275E-01
  1.0192E+01  2.8000E+02  1.3430E+03  1.2205E+02  1.3183E+03  1.0710E+00  2.4472E-01
  9.2223E+00  3.2000E+02  1.3398E+03  1.1994E+02  1.3118E+03  1.1557E+00  2.3634E-01
  8.3446E+00  3.6000E+02  1.3365E+03  1.1779E+02  1.3055E+03  1.2336E+00  2.2842E-01
  7.5425E+00  4.0000E+02  1.3333E+03  1.1558E+02  1.2993E+03  1.3077E+00  2.2131E-01
  6.8036E+00  4.4000E+02  1.3300E+03  1.1334E+02  1.2932E+03  1.3797E+00  2.1508E-01
  6.1187E+00  4.8000E+02  1.3267E+03  1.1104E+02  1.2872E+03  1.4510E+00  2.0967E-01
  5.4803E+00  5.2000E+02  1.3234E+03  1.0871E+02  1.2813E+03  1.5220E+00  2.0499E-01
  4.8825E+00  5.6000E+02  1.3201E+03  1.0633E+02  1.2756E+03  1.5932E+00  2.0094E-01
  4.3203E+00  6.0000E+02  1.3168E+03  1.0392E+02  1.2699E+03  1.6645E+00  1.9742E-01
  3.7896E+00  6.4000E+02  1.3134E+03  1.0147E+02  1.2644E+03  1.7360E+00  1.9436E-01
  3.2871E+00  6.8000E+02  1.3100E+03  9.8977E+01  1.2589E+03  1.8077E+00  1.9168E-01
  2.8096E+00  7.2000E+02  1.3066E+03  9.6452E+01  1.2536E+03  1.8796E+00  1.8933E-01
  2.3549E+00  7.6000E+02  1.3031E+03  9.3892E+01  1.2483E+03  1.9516E+00  1.8725E-01
  1.9206E+00  8.0000E+02  1.2996E+03  9.1298E+01  1.2431E+03  2.0240E+00  1.8544E-01
  1.5050E+00  8.4000E+02  1.2961E+03  8.8668E+01  1.2380E+03  2.0970E+00  1.8386E-01
  1.1066E+00  8.8000E+02  1.2926E+03  8.6003E+01  1.2329E+03  2.1710E+00  1.8252E-01
  7.2383E-01  9.2000E+02  1.2891E+03  8.3304E+01  1.2280E+03  2.2471E+00  1.8144E-01
  3.5547E-01  9.6000E+02  1.2855E+03  8.0568E+01  1.2231E+03  2.3257E+00  1.8075E-01
  7.3812E-04  1.0000E+03  1.2818E+03  7.7804E+01  1.2183E+03  2.4053E+00  1.8001E-01
