  26  3.7500000E+00
  3.1989E+01  1.0000E-03  1.3633E+03  1.3339E+02  1.3633E+03  0.0000E+00  0.0000E+00
  2.2672E+01  4.0000E+01  1.3626E+03  1.3318E+02  1.3620E+03  4.5097E-02  8.8649E-02
  1.7568E+01  8.0000E+01  1.3587E+03  1.3132E+02  1.3532E+03  4.0149E-01  4.3233E-01
  1.4905E+01  1.2000E+02  1.3556E+03  1.2955E+02  1.3458E+03  5.2314E-01  2.9396E-01
  1.3033E+01  1.6000E+02  1.3524E+03  1.2768E+02  1.3386E+03  6.8157E-01  2.6911E-01
  1.1580E+01  2.0000E+02  1.3493E+03  1.2575E+02  1.3317E+03  8.2719E-01  2.5363E-01
  1.0383E+01  2.4000E+02  1.3461E+03  1.2375E+02  1.3249E+03  9.5969E-01  2.4244E-01
  9.3591E+00  2.8000E+02  1.3430E+03  1.2169E+02  1.3182E+03  1.0808E+00  2.3338E-01
  8.4611E+00  3.2000E+02  1.3398E+03  1.1958E+02  1.3118E+03  1.1926E+00  2.2593E-01
  7.6574E+00  3.6000E+02  1.3366E+03  1.1741E+02  1.3054E+03  1.2960E+00  2.1976E-01
  6.9272E+00  4.0000E+02  1.3333E+03  1.1519E+02  1.2992E+03  1.3925E+00  2.1454E-01
  6.2561E+00  4.4000E+02  1.3301E+03  1.1293E+02  1.2931E+03  1.4835E+00  2.1003E-01
  5.6341E+00  4.8000E+02  1.3268E+03  1.1063E+02  1.2871E+03  1.5704E+00  2.0608E-01
  5.0537E+00  5.2000E+02  1.3235E+03  1.0828E+02  1.2813E+03  1.6542E+00  2.0259E-01
  4.5089E+00  5.6000E+02  1.3202E+03  1.0589E+02  1.2755E+03  1.7358E+00  1.9952E-01
  3.9952E+00  6.0000E+02  1.3168E+03  1.0347E+02  1.2698E+03  1.8158E+00  1.9680E-01
  3.5089E+00  6.4000E+02  1.3134E+03  1.0100E+02  1.2643E+03  1.8946E+00  1.9438E-01
  3.0470E+00  6.8000E+02  1.3100E+03  9.8501E+01  1.2588E+03  1.9728E+00  1.9224E-01
  2.6071E+00  7.2000E+02  1.3066E+03  9.5965E+01  1.2534E+03  2.0506E+00  1.9032E-01
  2.1871E+00  7.6000E+02  1.3031E+03  9.3392E+01  1.2481E+03  2.1285E+00  1.8863E-01
  1.7852E+00  8.0000E+02  1.2996E+03  9.0785E+01  1.2429E+03  2.2070E+00  1.8713E-01
  1.4000E+00  8.4000E+02  1.2961E+03  8.8142E+01  1.2378E+03  2.2867E+00  1.8584E-01
  1.0302E+00  8.8000E+02  1.2925E+03  8.5465E+01  1.2327E+03  2.3684E+00  1.8476E-01
  6.7466E-01  9.2000E+02  1.2889E+03  8.2753E+01  1.2277E+03  2.4520E+00  1.8393E-01
  3.3172E-01  9.6000E+02  1.2853E+03  8.0005E+01  1.2228E+03  2.5360E+00  1.8349E-01
  5.6963E-04  1.0000E+03  1.2817E+03  7.7229E+01  1.2180E+03  2.6205E+00  1.8308E-01
