  26  3.7500000E+00
  3.1439E+01  1.0000E-03  1.3633E+03  1.3312E+02  1.3633E+03  0.0000E+00  0.0000E+00
  2.2217E+01  4.0000E+01  1.3626E+03  1.3291E+02  1.3620E+03  4.5315E-02  8.8169E-02
  1.7121E+01  8.0000E+01  1.3587E+03  1.3107E+02  1.3532E+03  4.0231E-01  4.3251E-01
  1.4424E+01  1.2000E+02  1.3556E+03  1.2929E+02  1.3459E+03  5.2140E-01  2.9678E-01
  1.2530E+01  1.6000E+02  1.3524E+03  1.2744E+02  1.3387E+03  6.7674E-01  2.7035E-01
  1.1091E+01  2.0000E+02  1.3493E+03  1.2550E+02  1.3318E+03  8.2611E-01  2.5080E-01
  9.9345E+00  2.4000E+02  1.3462E+03  1.2351E+02  1.3250E+03  9.7078E-01  2.3690E-01
  8.9609E+00  2.8000E+02  1.3431E+03  1.2146E+02  1.3184E+03  1.1077E+00  2.2752E-01
  8.1120E+00  3.2000E+02  1.3399E+03  1.1935E+02  1.3120E+03  1.2341E+00  2.2104E-01
  7.3528E+00  3.6000E+02  1.3367E+03  1.1719E+02  1.3057E+03  1.3490E+00  2.1607E-01
  6.6622E+00  4.0000E+02  1.3335E+03  1.1498E+02  1.2995E+03  1.4544E+00  2.1190E-01
  6.0266E+00  4.4000E+02  1.3303E+03  1.1273E+02  1.2934E+03  1.5525E+00  2.0820E-01
  5.4362E+00  4.8000E+02  1.3270E+03  1.1044E+02  1.2875E+03  1.6449E+00  2.0486E-01
  4.8841E+00  5.2000E+02  1.3237E+03  1.0810E+02  1.2816E+03  1.7327E+00  2.0185E-01
  4.3645E+00  5.6000E+02  1.3204E+03  1.0572E+02  1.2759E+03  1.8169E+00  1.9915E-01
  3.8733E+00  6.0000E+02  1.3170E+03  1.0330E+02  1.2703E+03  1.8981E+00  1.9673E-01
  3.4069E+00  6.4000E+02  1.3137E+03  1.0085E+02  1.2647E+03  1.9774E+00  1.9456E-01
  2.9627E+00  6.8000E+02  1.3102E+03  9.8356E+01  1.2592E+03  2.0552E+00  1.9261E-01
  2.5385E+00  7.2000E+02  1.3068E+03  9.5829E+01  1.2539E+03  2.1321E+00  1.9084E-01
  2.1324E+00  7.6000E+02  1.3034E+03  9.3268E+01  1.2486E+03  2.2087E+00  1.8926E-01
  1.7428E+00  8.0000E+02  1.2999E+03  9.0671E+01  1.2434E+03  2.2855E+00  1.8785E-01
  1.3684E+00  8.4000E+02  1.2964E+03  8.8039E+01  1.2382E+03  2.3629E+00  1.8663E-01
  1.0081E+00  8.8000E+02  1.2928E+03  8.5373E+01  1.2332E+03  2.4416E+00  1.8560E-01
  6.6074E-01  9.2000E+02  1.2892E+03  8.2672E+01  1.2282E+03  2.5217E+00  1.8480E-01
  3.2506E-01  9.6000E+02  1.2856E+03  7.9936E+01  1.2233E+03  2.6032E+00  1.8436E-01
  4.4839E-04  1.0000E+03  1.2820E+03  7.7170E+01  1.2185E+03  2.6871E+00  1.8403E-01
