  26  3.7500000E+00
  3.2100E+01  1.0000E-03  1.3633E+03  1.3370E+02  1.3633E+03  0.0000E+00  0.0000E+00
  2.2939E+01  4.0000E+01  1.3626E+03  1.3349E+02  1.3620E+03  4.5293E-02  8.7542E-02
  1.8113E+01  8.0000E+01  1.3588E+03  1.3160E+02  1.3532E+03  4.1076E-01  4.1823E-01
  1.5680E+01  1.2000E+02  1.3557E+03  1.2983E+02  1.3459E+03  5.4735E-01  2.8088E-01
  1.3913E+01  1.6000E+02  1.3526E+03  1.2798E+02  1.3387E+03  7.1655E-01  2.6714E-01
  1.2477E+01  2.0000E+02  1.3494E+03  1.2606E+02  1.3318E+03  8.5789E-01  2.5993E-01
  1.1248E+01  2.4000E+02  1.3462E+03  1.2407E+02  1.3250E+03  9.7379E-01  2.5247E-01
  1.0167E+01  2.8000E+02  1.3430E+03  1.2202E+02  1.3183E+03  1.0710E+00  2.4436E-01
  9.2000E+00  3.2000E+02  1.3398E+03  1.1992E+02  1.3118E+03  1.1567E+00  2.3599E-01
  8.3248E+00  3.6000E+02  1.3365E+03  1.1776E+02  1.3055E+03  1.2355E+00  2.2812E-01
  7.5251E+00  4.0000E+02  1.3333E+03  1.1556E+02  1.2992E+03  1.3103E+00  2.2108E-01
  6.7883E+00  4.4000E+02  1.3300E+03  1.1331E+02  1.2931E+03  1.3828E+00  2.1495E-01
  6.1050E+00  4.8000E+02  1.3267E+03  1.1101E+02  1.2872E+03  1.4540E+00  2.0962E-01
  5.4678E+00  5.2000E+02  1.3234E+03  1.0867E+02  1.2813E+03  1.5248E+00  2.0500E-01
  4.8708E+00  5.6000E+02  1.3201E+03  1.0630E+02  1.2756E+03  1.5957E+00  2.0098E-01
  4.3092E+00  6.0000E+02  1.3167E+03  1.0388E+02  1.2699E+03  1.6667E+00  1.9747E-01
  3.7791E+00  6.4000E+02  1.3134E+03  1.0143E+02  1.2644E+03  1.7383E+00  1.9441E-01
  3.2772E+00  6.8000E+02  1.3100E+03  9.8938E+01  1.2589E+03  1.8104E+00  1.9171E-01
  2.8007E+00  7.2000E+02  1.3065E+03  9.6411E+01  1.2535E+03  1.8832E+00  1.8934E-01
  2.3469E+00  7.6000E+02  1.3031E+03  9.3850E+01  1.2482E+03  1.9563E+00  1.8727E-01
  1.9139E+00  8.0000E+02  1.2996E+03  9.1253E+01  1.2430E+03  2.0299E+00  1.8546E-01
  1.4996E+00  8.4000E+02  1.2961E+03  8.8622E+01  1.2379E+03  2.1040E+00  1.8389E-01
  1.1026E+00  8.8000E+02  1.2926E+03  8.5956E+01  1.2329E+03  2.1797E+00  1.8258E-01
  7.2146E-01  9.2000E+02  1.2890E+03  8.3255E+01  1.2279E+03  2.2576E+00  1.8155E-01
  3.5446E-01  9.6000E+02  1.2854E+03  8.0518E+01  1.2230E+03  2.3359E+00  1.8086E-01
  7.0863E-04  1.0000E+03  1.2818E+03  7.7751E+01  1.2182E+03  2.4126E+00  1.8006E-01
