  26  3.7500000E+00
  3.0009E+01  1.0000E-03  1.3633E+03  1.3315E+02  1.3633E+03  0.0000E+00  0.0000E+00
  2.1334E+01  4.0000E+01  1.3626E+03  1.3294E+02  1.3620E+03  4.6295E-02  8.4739E-02
  1.6566E+01  8.0000E+01  1.3588E+03  1.3108E+02  1.3533E+03  4.1515E-01  4.1757E-01
  1.4039E+01  1.2000E+02  1.3557E+03  1.2931E+02  1.3459E+03  5.4376E-01  2.8994E-01
  1.2248E+01  1.6000E+02  1.3525E+03  1.2745E+02  1.3388E+03  7.0892E-01  2.6781E-01
  1.0882E+01  2.0000E+02  1.3494E+03  1.2552E+02  1.3319E+03  8.6667E-01  2.4984E-01
  9.7740E+00  2.4000E+02  1.3463E+03  1.2353E+02  1.3251E+03  1.0165E+00  2.3760E-01
  8.8314E+00  2.8000E+02  1.3432E+03  1.2147E+02  1.3185E+03  1.1544E+00  2.2957E-01
  8.0031E+00  3.2000E+02  1.3400E+03  1.1937E+02  1.3121E+03  1.2792E+00  2.2354E-01
  7.2597E+00  3.6000E+02  1.3368E+03  1.1721E+02  1.3057E+03  1.3928E+00  2.1847E-01
  6.5828E+00  4.0000E+02  1.3336E+03  1.1500E+02  1.2996E+03  1.4981E+00  2.1396E-01
  5.9598E+00  4.4000E+02  1.3303E+03  1.1274E+02  1.2935E+03  1.5970E+00  2.0989E-01
  5.3813E+00  4.8000E+02  1.3271E+03  1.1045E+02  1.2875E+03  1.6902E+00  2.0628E-01
  4.8396E+00  5.2000E+02  1.3238E+03  1.0811E+02  1.2817E+03  1.7775E+00  2.0316E-01
  4.3288E+00  5.6000E+02  1.3204E+03  1.0573E+02  1.2759E+03  1.8598E+00  2.0044E-01
  3.8447E+00  6.0000E+02  1.3171E+03  1.0331E+02  1.2703E+03  1.9387E+00  1.9800E-01
  3.3843E+00  6.4000E+02  1.3137E+03  1.0085E+02  1.2647E+03  2.0154E+00  1.9579E-01
  2.9450E+00  6.8000E+02  1.3103E+03  9.8363E+01  1.2592E+03  2.0909E+00  1.9378E-01
  2.5248E+00  7.2000E+02  1.3068E+03  9.5835E+01  1.2539E+03  2.1655E+00  1.9196E-01
  2.1221E+00  7.6000E+02  1.3034E+03  9.3272E+01  1.2486E+03  2.2399E+00  1.9033E-01
  1.7353E+00  8.0000E+02  1.2999E+03  9.0674E+01  1.2434E+03  2.3145E+00  1.8888E-01
  1.3632E+00  8.4000E+02  1.2964E+03  8.8042E+01  1.2382E+03  2.3898E+00  1.8761E-01
  1.0047E+00  8.8000E+02  1.2928E+03  8.5375E+01  1.2332E+03  2.4663E+00  1.8654E-01
  6.5882E-01  9.2000E+02  1.2892E+03  8.2673E+01  1.2282E+03  2.5446E+00  1.8570E-01
  3.2426E-01  9.6000E+02  1.2856E+03  7.9936E+01  1.2233E+03  2.6243E+00  1.8523E-01
  4.1680E-04  1.0000E+03  1.2820E+03  7.7169E+01  1.2184E+03  2.7057E+00  1.8487E-01
