  26  3.7500000E+00
  3.0100E+01  1.0000E-03  1.3633E+03  1.3315E+02  1.3633E+03  0.0000E+00  0.0000E+00
  2.1388E+01  4.0000E+01  1.3626E+03  1.3293E+02  1.3620E+03  4.6224E-02  8.4967E-02
  1.6598E+01  8.0000E+01  1.3588E+03  1.3108E+02  1.3533E+03  4.1423E-01  4.1860E-01
  1.4059E+01  1.2000E+02  1.3557E+03  1.2931E+02  1.3459E+03  5.4218E-01  2.9040E-01
  1.2262E+01  1.6000E+02  1.3525E+03  1.2745E+02  1.3388E+03  7.0672E-01  2.6793E-01
  1.0892E+01  2.0000E+02  1.3494E+03  1.2552E+02  1.3319E+03  8.6407E-01  2.4982E-01
  9.7818E+00  2.4000E+02  1.3463E+03  1.2352E+02  1.3251E+03  1.0138E+00  2.3748E-01
  8.8378E+00  2.8000E+02  1.3432E+03  1.2147E+02  1.3185E+03  1.1517E+00  2.2938E-01
  8.0085E+00  3.2000E+02  1.3400E+03  1.1936E+02  1.3121E+03  1.2766E+00  2.2336E-01
  7.2643E+00  3.6000E+02  1.3368E+03  1.1720E+02  1.3057E+03  1.3903E+00  2.1831E-01
  6.5866E+00  4.0000E+02  1.3336E+03  1.1500E+02  1.2996E+03  1.4956E+00  2.1383E-01
  5.9629E+00  4.4000E+02  1.3303E+03  1.1274E+02  1.2935E+03  1.5944E+00  2.0979E-01
  5.3838E+00  4.8000E+02  1.3271E+03  1.1044E+02  1.2875E+03  1.6875E+00  2.0620E-01
  4.8415E+00  5.2000E+02  1.3238E+03  1.0811E+02  1.2817E+03  1.7750E+00  2.0307E-01
  4.3303E+00  5.6000E+02  1.3204E+03  1.0573E+02  1.2759E+03  1.8575E+00  2.0035E-01
  3.8459E+00  6.0000E+02  1.3171E+03  1.0331E+02  1.2703E+03  1.9366E+00  1.9791E-01
  3.3852E+00  6.4000E+02  1.3137E+03  1.0085E+02  1.2647E+03  2.0135E+00  1.9570E-01
  2.9457E+00  6.8000E+02  1.3103E+03  9.8361E+01  1.2592E+03  2.0891E+00  1.9371E-01
  2.5254E+00  7.2000E+02  1.3068E+03  9.5834E+01  1.2539E+03  2.1638E+00  1.9189E-01
  2.1225E+00  7.6000E+02  1.3034E+03  9.3271E+01  1.2486E+03  2.2384E+00  1.9026E-01
  1.7356E+00  8.0000E+02  1.2999E+03  9.0674E+01  1.2434E+03  2.3131E+00  1.8881E-01
  1.3634E+00  8.4000E+02  1.2964E+03  8.8041E+01  1.2382E+03  2.3884E+00  1.8755E-01
  1.0049E+00  8.8000E+02  1.2928E+03  8.5375E+01  1.2332E+03  2.4650E+00  1.8648E-01
  6.5889E-01  9.2000E+02  1.2892E+03  8.2673E+01  1.2282E+03  2.5434E+00  1.8565E-01
  3.2429E-01  9.6000E+02  1.2856E+03  7.9936E+01  1.2233E+03  2.6232E+00  1.8518E-01
  4.1954E-04  1.0000E+03  1.2820E+03  7.7170E+01  1.2184E+03  2.7047E+00  1.8481E-01
