  26  3.7500000E+00
  3.2030E+01  1.0000E-03  1.3633E+03  1.3356E+02  1.3633E+03  0.0000E+00  0.0000E+00
  2.2823E+01  4.0000E+01  1.3626E+03  1.3334E+02  1.3620E+03  4.5240E-02  8.7881E-02
  1.7860E+01  8.0000E+01  1.3587E+03  1.3148E+02  1.3532E+03  4.0612E-01  4.2527E-01
  1.5308E+01  1.2000E+02  1.3556E+03  1.2970E+02  1.3458E+03  5.3477E-01  2.8786E-01
  1.3488E+01  1.6000E+02  1.3525E+03  1.2784E+02  1.3387E+03  6.9837E-01  2.6823E-01
  1.2040E+01  2.0000E+02  1.3493E+03  1.2591E+02  1.3317E+03  8.4154E-01  2.5714E-01
  1.0823E+01  2.4000E+02  1.3462E+03  1.2392E+02  1.3249E+03  9.6509E-01  2.4768E-01
  9.7685E+00  2.8000E+02  1.3430E+03  1.2186E+02  1.3182E+03  1.0739E+00  2.3895E-01
  8.8340E+00  3.2000E+02  1.3398E+03  1.1974E+02  1.3117E+03  1.1720E+00  2.3107E-01
  7.9929E+00  3.6000E+02  1.3365E+03  1.1758E+02  1.3054E+03  1.2626E+00  2.2407E-01
  7.2264E+00  4.0000E+02  1.3333E+03  1.1537E+02  1.2991E+03  1.3477E+00  2.1796E-01
  6.5211E+00  4.4000E+02  1.3300E+03  1.1311E+02  1.2930E+03  1.4290E+00  2.1264E-01
  5.8671E+00  4.8000E+02  1.3267E+03  1.1080E+02  1.2870E+03  1.5076E+00  2.0802E-01
  5.2569E+00  5.2000E+02  1.3234E+03  1.0846E+02  1.2812E+03  1.5844E+00  2.0398E-01
  4.6847E+00  5.6000E+02  1.3201E+03  1.0607E+02  1.2754E+03  1.6603E+00  2.0042E-01
  4.1460E+00  6.0000E+02  1.3167E+03  1.0364E+02  1.2698E+03  1.7359E+00  1.9729E-01
  3.6371E+00  6.4000E+02  1.3133E+03  1.0118E+02  1.2642E+03  1.8116E+00  1.9452E-01
  3.1549E+00  6.8000E+02  1.3099E+03  9.8680E+01  1.2587E+03  1.8877E+00  1.9207E-01
  2.6967E+00  7.2000E+02  1.3065E+03  9.6144E+01  1.2533E+03  1.9644E+00  1.8991E-01
  2.2602E+00  7.6000E+02  1.3030E+03  9.3573E+01  1.2480E+03  2.0417E+00  1.8801E-01
  1.8435E+00  8.0000E+02  1.2995E+03  9.0966E+01  1.2428E+03  2.1200E+00  1.8636E-01
  1.4449E+00  8.4000E+02  1.2960E+03  8.8324E+01  1.2377E+03  2.1989E+00  1.8496E-01
  1.0626E+00  8.8000E+02  1.2925E+03  8.5648E+01  1.2326E+03  2.2790E+00  1.8379E-01
  6.9547E-01  9.2000E+02  1.2889E+03  8.2937E+01  1.2276E+03  2.3612E+00  1.8290E-01
  3.4180E-01  9.6000E+02  1.2853E+03  8.0189E+01  1.2227E+03  2.4445E+00  1.8240E-01
  6.9652E-04  1.0000E+03  1.2816E+03  7.7414E+01  1.2179E+03  2.5264E+00  1.8181E-01
