  26  3.7500000E+00
  2.9834E+01  1.0000E-03  1.3633E+03  1.3316E+02  1.3633E+03  0.0000E+00  0.0000E+00
  2.1230E+01  4.0000E+01  1.3626E+03  1.3295E+02  1.3620E+03  4.6430E-02  8.4287E-02
  1.6506E+01  8.0000E+01  1.3588E+03  1.3109E+02  1.3533E+03  4.1695E-01  4.1558E-01
  1.4000E+01  1.2000E+02  1.3557E+03  1.2932E+02  1.3460E+03  5.4685E-01  2.8908E-01
  1.2222E+01  1.6000E+02  1.3526E+03  1.2746E+02  1.3388E+03  7.1318E-01  2.6763E-01
  1.0863E+01  2.0000E+02  1.3494E+03  1.2553E+02  1.3319E+03  8.7165E-01  2.4988E-01
  9.7593E+00  2.4000E+02  1.3463E+03  1.2353E+02  1.3251E+03  1.0217E+00  2.3787E-01
  8.8193E+00  2.8000E+02  1.3432E+03  1.2148E+02  1.3185E+03  1.1595E+00  2.2994E-01
  7.9929E+00  3.2000E+02  1.3400E+03  1.1937E+02  1.3121E+03  1.2840E+00  2.2389E-01
  7.2510E+00  3.6000E+02  1.3368E+03  1.1721E+02  1.3057E+03  1.3976E+00  2.1876E-01
  6.5755E+00  4.0000E+02  1.3336E+03  1.1500E+02  1.2995E+03  1.5030E+00  2.1419E-01
  5.9540E+00  4.4000E+02  1.3303E+03  1.1275E+02  1.2935E+03  1.6021E+00  2.1007E-01
  5.3768E+00  4.8000E+02  1.3271E+03  1.1045E+02  1.2875E+03  1.6952E+00  2.0645E-01
  4.8361E+00  5.2000E+02  1.3238E+03  1.0811E+02  1.2817E+03  1.7823E+00  2.0333E-01
  4.3261E+00  5.6000E+02  1.3204E+03  1.0573E+02  1.2759E+03  1.8643E+00  2.0061E-01
  3.8426E+00  6.0000E+02  1.3171E+03  1.0331E+02  1.2703E+03  1.9427E+00  1.9816E-01
  3.3826E+00  6.4000E+02  1.3137E+03  1.0086E+02  1.2647E+03  2.0191E+00  1.9595E-01
  2.9437E+00  6.8000E+02  1.3103E+03  9.8365E+01  1.2592E+03  2.0943E+00  1.9393E-01
  2.5238E+00  7.2000E+02  1.3068E+03  9.5837E+01  1.2539E+03  2.1686E+00  1.9210E-01
  2.1213E+00  7.6000E+02  1.3034E+03  9.3274E+01  1.2486E+03  2.2428E+00  1.9046E-01
  1.7348E+00  8.0000E+02  1.2999E+03  9.0676E+01  1.2433E+03  2.3172E+00  1.8900E-01
  1.3628E+00  8.4000E+02  1.2963E+03  8.8043E+01  1.2382E+03  2.3923E+00  1.8772E-01
  1.0045E+00  8.8000E+02  1.2928E+03  8.5376E+01  1.2331E+03  2.4686E+00  1.8664E-01
  6.5868E-01  9.2000E+02  1.2892E+03  8.2673E+01  1.2282E+03  2.5468E+00  1.8580E-01
  3.2421E-01  9.6000E+02  1.2856E+03  7.9936E+01  1.2232E+03  2.6263E+00  1.8533E-01
  4.1140E-04  1.0000E+03  1.2820E+03  7.7169E+01  1.2184E+03  2.7076E+00  1.8497E-01
