  26  3.7500000E+00
  3.1986E+01  1.0000E-03  1.3633E+03  1.3335E+02  1.3633E+03  0.0000E+00  0.0000E+00
  2.2650E+01  4.0000E+01  1.3626E+03  1.3314E+02  1.3620E+03  4.5075E-02  8.8784E-02
  1.7528E+01  8.0000E+01  1.3587E+03  1.3128E+02  1.3532E+03  4.0091E-01  4.3320E-01
  1.4852E+01  1.2000E+02  1.3555E+03  1.2951E+02  1.3458E+03  5.2174E-01  2.9463E-01
  1.2973E+01  1.6000E+02  1.3524E+03  1.2765E+02  1.3386E+03  6.7938E-01  2.6929E-01
  1.1518E+01  2.0000E+02  1.3493E+03  1.2571E+02  1.3317E+03  8.2509E-01  2.5327E-01
  1.0323E+01  2.4000E+02  1.3461E+03  1.2371E+02  1.3249E+03  9.5872E-01  2.4175E-01
  9.3037E+00  2.8000E+02  1.3430E+03  1.2165E+02  1.3183E+03  1.0816E+00  2.3259E-01
  8.4107E+00  3.2000E+02  1.3398E+03  1.1954E+02  1.3118E+03  1.1952E+00  2.2518E-01
  7.6122E+00  3.6000E+02  1.3366E+03  1.1738E+02  1.3054E+03  1.3005E+00  2.1911E-01
  6.8870E+00  4.0000E+02  1.3334E+03  1.1516E+02  1.2992E+03  1.3987E+00  2.1400E-01
  6.2207E+00  4.4000E+02  1.3301E+03  1.1290E+02  1.2931E+03  1.4912E+00  2.0960E-01
  5.6032E+00  4.8000E+02  1.3268E+03  1.1060E+02  1.2872E+03  1.5793E+00  2.0575E-01
  5.0269E+00  5.2000E+02  1.3235E+03  1.0825E+02  1.2813E+03  1.6641E+00  2.0234E-01
  4.4859E+00  5.6000E+02  1.3202E+03  1.0586E+02  1.2756E+03  1.7464E+00  1.9934E-01
  3.9756E+00  6.0000E+02  1.3168E+03  1.0344E+02  1.2699E+03  1.8269E+00  1.9668E-01
  3.4924E+00  6.4000E+02  1.3134E+03  1.0098E+02  1.2643E+03  1.9061E+00  1.9432E-01
  3.0333E+00  6.8000E+02  1.3100E+03  9.8476E+01  1.2589E+03  1.9844E+00  1.9221E-01
  2.5959E+00  7.2000E+02  1.3066E+03  9.5940E+01  1.2535E+03  2.0622E+00  1.9033E-01
  2.1780E+00  7.6000E+02  1.3031E+03  9.3369E+01  1.2482E+03  2.1401E+00  1.8866E-01
  1.7781E+00  8.0000E+02  1.2996E+03  9.0763E+01  1.2430E+03  2.2184E+00  1.8719E-01
  1.3946E+00  8.4000E+02  1.2961E+03  8.8122E+01  1.2378E+03  2.2981E+00  1.8591E-01
  1.0265E+00  8.8000E+02  1.2926E+03  8.5446E+01  1.2328E+03  2.3797E+00  1.8484E-01
  6.7232E-01  9.2000E+02  1.2890E+03  8.2735E+01  1.2278E+03  2.4629E+00  1.8403E-01
  3.3060E-01  9.6000E+02  1.2854E+03  7.9989E+01  1.2229E+03  2.5464E+00  1.8359E-01
  5.3940E-04  1.0000E+03  1.2817E+03  7.7213E+01  1.2180E+03  2.6309E+00  1.8321E-01
