  26  3.7500000E+00
  3.2000E+01  1.0000E-03  1.3633E+03  1.3348E+02  1.3633E+03  0.0000E+00  0.0000E+00
  2.2736E+01  4.0000E+01  1.3626E+03  1.3326E+02  1.3620E+03  4.5161E-02  8.8269E-02
  1.7691E+01  8.0000E+01  1.3587E+03  1.3140E+02  1.3532E+03  4.0343E-01  4.2940E-01
  1.5075E+01  1.2000E+02  1.3556E+03  1.2963E+02  1.3458E+03  5.2798E-01  2.9140E-01
  1.3227E+01  1.6000E+02  1.3524E+03  1.2777E+02  1.3386E+03  6.8890E-01  2.6857E-01
  1.1777E+01  2.0000E+02  1.3493E+03  1.2583E+02  1.3317E+03  8.3364E-01  2.5514E-01
  1.0570E+01  2.4000E+02  1.3461E+03  1.2383E+02  1.3249E+03  9.6192E-01  2.4485E-01
  9.5324E+00  2.8000E+02  1.3430E+03  1.2177E+02  1.3182E+03  1.0774E+00  2.3594E-01
  8.6180E+00  3.2000E+02  1.3398E+03  1.1966E+02  1.3117E+03  1.1831E+00  2.2825E-01
  7.7978E+00  3.6000E+02  1.3365E+03  1.1749E+02  1.3054E+03  1.2810E+00  2.2167E-01
  7.0519E+00  4.0000E+02  1.3333E+03  1.1528E+02  1.2991E+03  1.3728E+00  2.1603E-01
  6.3664E+00  4.4000E+02  1.3300E+03  1.1301E+02  1.2930E+03  1.4599E+00  2.1116E-01
  5.7309E+00  4.8000E+02  1.3268E+03  1.1071E+02  1.2871E+03  1.5434E+00  2.0692E-01
  5.1380E+00  5.2000E+02  1.3234E+03  1.0836E+02  1.2812E+03  1.6244E+00  2.0321E-01
  4.5818E+00  5.6000E+02  1.3201E+03  1.0597E+02  1.2754E+03  1.7037E+00  1.9994E-01
  4.0576E+00  6.0000E+02  1.3167E+03  1.0354E+02  1.2698E+03  1.7819E+00  1.9705E-01
  3.5619E+00  6.4000E+02  1.3134E+03  1.0108E+02  1.2642E+03  1.8595E+00  1.9449E-01
  3.0915E+00  6.8000E+02  1.3099E+03  9.8574E+01  1.2587E+03  1.9369E+00  1.9222E-01
  2.6439E+00  7.2000E+02  1.3065E+03  9.6036E+01  1.2533E+03  2.0142E+00  1.9020E-01
  2.2170E+00  7.6000E+02  1.3030E+03  9.3462E+01  1.2480E+03  2.0920E+00  1.8843E-01
  1.8089E+00  8.0000E+02  1.2995E+03  9.0854E+01  1.2428E+03  2.1705E+00  1.8687E-01
  1.4181E+00  8.4000E+02  1.2960E+03  8.8210E+01  1.2377E+03  2.2500E+00  1.8553E-01
  1.0431E+00  8.8000E+02  1.2925E+03  8.5531E+01  1.2326E+03  2.3312E+00  1.8442E-01
  6.8282E-01  9.2000E+02  1.2889E+03  8.2817E+01  1.2276E+03  2.4147E+00  1.8356E-01
  3.3561E-01  9.6000E+02  1.2853E+03  8.0068E+01  1.2227E+03  2.4995E+00  1.8310E-01
  6.5374E-04  1.0000E+03  1.2816E+03  7.7290E+01  1.2179E+03  2.5839E+00  1.8260E-01
