  26  3.7500000E+00
  3.0261E+01  1.0000E-03  1.3633E+03  1.3313E+02  1.3633E+03  0.0000E+00  0.0000E+00
  2.1475E+01  4.0000E+01  1.3626E+03  1.3292E+02  1.3620E+03  4.6086E-02  8.5436E-02
  1.6642E+01  8.0000E+01  1.3588E+03  1.3107E+02  1.3533E+03  4.1248E-01  4.2058E-01
  1.4081E+01  1.2000E+02  1.3556E+03  1.2930E+02  1.3459E+03  5.3915E-01  2.9125E-01
  1.2273E+01  1.6000E+02  1.3525E+03  1.2744E+02  1.3388E+03  7.0255E-01  2.6811E-01
  1.0896E+01  2.0000E+02  1.3494E+03  1.2551E+02  1.3318E+03  8.5956E-01  2.4959E-01
  9.7838E+00  2.4000E+02  1.3463E+03  1.2351E+02  1.3251E+03  1.0097E+00  2.3697E-01
  8.8393E+00  2.8000E+02  1.3432E+03  1.2146E+02  1.3185E+03  1.1483E+00  2.2882E-01
  8.0100E+00  3.2000E+02  1.3400E+03  1.1935E+02  1.3121E+03  1.2739E+00  2.2288E-01
  7.2658E+00  3.6000E+02  1.3368E+03  1.1719E+02  1.3058E+03  1.3880E+00  2.1793E-01
  6.5881E+00  4.0000E+02  1.3336E+03  1.1499E+02  1.2996E+03  1.4936E+00  2.1354E-01
  5.9644E+00  4.4000E+02  1.3303E+03  1.1273E+02  1.2935E+03  1.5925E+00  2.0956E-01
  5.3851E+00  4.8000E+02  1.3271E+03  1.1044E+02  1.2875E+03  1.6857E+00  2.0602E-01
  4.8426E+00  5.2000E+02  1.3238E+03  1.0810E+02  1.2817E+03  1.7731E+00  2.0294E-01
  4.3312E+00  5.6000E+02  1.3204E+03  1.0572E+02  1.2759E+03  1.8556E+00  2.0023E-01
  3.8466E+00  6.0000E+02  1.3171E+03  1.0330E+02  1.2703E+03  1.9348E+00  1.9781E-01
  3.3857E+00  6.4000E+02  1.3137E+03  1.0085E+02  1.2647E+03  2.0118E+00  1.9561E-01
  2.9461E+00  6.8000E+02  1.3103E+03  9.8357E+01  1.2593E+03  2.0875E+00  1.9362E-01
  2.5257E+00  7.2000E+02  1.3068E+03  9.5830E+01  1.2539E+03  2.1624E+00  1.9180E-01
  2.1227E+00  7.6000E+02  1.3034E+03  9.3268E+01  1.2486E+03  2.2370E+00  1.9018E-01
  1.7358E+00  8.0000E+02  1.2999E+03  9.0671E+01  1.2434E+03  2.3118E+00  1.8874E-01
  1.3636E+00  8.4000E+02  1.2964E+03  8.8040E+01  1.2383E+03  2.3872E+00  1.8748E-01
  1.0049E+00  8.8000E+02  1.2928E+03  8.5373E+01  1.2332E+03  2.4638E+00  1.8641E-01
  6.5894E-01  9.2000E+02  1.2892E+03  8.2672E+01  1.2282E+03  2.5422E+00  1.8558E-01
  3.2431E-01  9.6000E+02  1.2856E+03  7.9936E+01  1.2233E+03  2.6220E+00  1.8511E-01
  4.2014E-04  1.0000E+03  1.2820E+03  7.7170E+01  1.2185E+03  2.7036E+00  1.8475E-01
