  26  3.7500000E+00
  3.2002E+01  1.0000E-03  1.3633E+03  1.3345E+02  1.3633E+03  0.0000E+00  0.0000E+00
  2.2716E+01  4.0000E+01  1.3626E+03  1.3323E+02  1.3620E+03  4.5132E-02  8.8422E-02
  1.7650E+01  8.0000E+01  1.3587E+03  1.3138E+02  1.3532E+03  4.0272E-01  4.3041E-01
  1.5019E+01  1.2000E+02  1.3556E+03  1.2960E+02  1.3458E+03  5.2633E-01  2.9216E-01
  1.3164E+01  1.6000E+02  1.3524E+03  1.2774E+02  1.3386E+03  6.8652E-01  2.6868E-01
  1.1713E+01  2.0000E+02  1.3493E+03  1.2580E+02  1.3317E+03  8.3154E-01  2.5464E-01
  1.0509E+01  2.4000E+02  1.3461E+03  1.2381E+02  1.3249E+03  9.6111E-01  2.4408E-01
  9.4753E+00  2.8000E+02  1.3430E+03  1.2175E+02  1.3182E+03  1.0783E+00  2.3513E-01
  8.5660E+00  3.2000E+02  1.3398E+03  1.1963E+02  1.3117E+03  1.1859E+00  2.2751E-01
  7.7510E+00  3.6000E+02  1.3366E+03  1.1746E+02  1.3054E+03  1.2856E+00  2.2106E-01
  7.0101E+00  4.0000E+02  1.3333E+03  1.1525E+02  1.2992E+03  1.3789E+00  2.1555E-01
  6.3292E+00  4.4000E+02  1.3301E+03  1.1299E+02  1.2931E+03  1.4673E+00  2.1078E-01
  5.6982E+00  4.8000E+02  1.3268E+03  1.1068E+02  1.2871E+03  1.5520E+00  2.0663E-01
  5.1094E+00  5.2000E+02  1.3235E+03  1.0833E+02  1.2812E+03  1.6341E+00  2.0299E-01
  4.5570E+00  5.6000E+02  1.3201E+03  1.0594E+02  1.2754E+03  1.7143E+00  1.9978E-01
  4.0364E+00  6.0000E+02  1.3168E+03  1.0352E+02  1.2698E+03  1.7931E+00  1.9695E-01
  3.5439E+00  6.4000E+02  1.3134E+03  1.0105E+02  1.2642E+03  1.8712E+00  1.9444E-01
  3.0764E+00  6.8000E+02  1.3100E+03  9.8548E+01  1.2587E+03  1.9488E+00  1.9222E-01
  2.6314E+00  7.2000E+02  1.3065E+03  9.6010E+01  1.2534E+03  2.0263E+00  1.9023E-01
  2.2068E+00  7.6000E+02  1.3031E+03  9.3437E+01  1.2481E+03  2.1041E+00  1.8849E-01
  1.8008E+00  8.0000E+02  1.2996E+03  9.0828E+01  1.2428E+03  2.1826E+00  1.8695E-01
  1.4119E+00  8.4000E+02  1.2960E+03  8.8185E+01  1.2377E+03  2.2621E+00  1.8563E-01
  1.0386E+00  8.8000E+02  1.2925E+03  8.5506E+01  1.2326E+03  2.3435E+00  1.8453E-01
  6.7997E-01  9.2000E+02  1.2889E+03  8.2793E+01  1.2276E+03  2.4273E+00  1.8368E-01
  3.3425E-01  9.6000E+02  1.2853E+03  8.0044E+01  1.2227E+03  2.5120E+00  1.8323E-01
  6.3005E-04  1.0000E+03  1.2816E+03  7.7266E+01  1.2179E+03  2.5964E+00  1.8275E-01
