  26  3.7500000E+00
  3.2103E+01  1.0000E-03  1.3633E+03  1.3367E+02  1.3633E+03  0.0000E+00  0.0000E+00
  2.2928E+01  4.0000E+01  1.3626E+03  1.3346E+02  1.3620E+03  4.5265E-02  8.7623E-02
  1.8086E+01  8.0000E+01  1.3588E+03  1.3157E+02  1.3532E+03  4.1017E-01  4.1900E-01
  1.5640E+01  1.2000E+02  1.3557E+03  1.2981E+02  1.3459E+03  5.4583E-01  2.8170E-01
  1.3865E+01  1.6000E+02  1.3525E+03  1.2795E+02  1.3387E+03  7.1420E-01  2.6745E-01
  1.2427E+01  2.0000E+02  1.3494E+03  1.2603E+02  1.3318E+03  8.5576E-01  2.5957E-01
  1.1200E+01  2.4000E+02  1.3462E+03  1.2404E+02  1.3249E+03  9.7255E-01  2.5188E-01
  1.0121E+01  2.8000E+02  1.3430E+03  1.2199E+02  1.3183E+03  1.0710E+00  2.4375E-01
  9.1580E+00  3.2000E+02  1.3398E+03  1.1988E+02  1.3118E+03  1.1583E+00  2.3538E-01
  8.2873E+00  3.6000E+02  1.3365E+03  1.1772E+02  1.3054E+03  1.2388E+00  2.2756E-01
  7.4920E+00  4.0000E+02  1.3333E+03  1.1552E+02  1.2992E+03  1.3151E+00  2.2064E-01
  6.7593E+00  4.4000E+02  1.3300E+03  1.1326E+02  1.2931E+03  1.3885E+00  2.1465E-01
  6.0793E+00  4.8000E+02  1.3267E+03  1.1097E+02  1.2871E+03  1.4601E+00  2.0948E-01
  5.4445E+00  5.2000E+02  1.3234E+03  1.0863E+02  1.2813E+03  1.5305E+00  2.0499E-01
  4.8492E+00  5.6000E+02  1.3201E+03  1.0625E+02  1.2755E+03  1.6006E+00  2.0105E-01
  4.2888E+00  6.0000E+02  1.3167E+03  1.0383E+02  1.2699E+03  1.6711E+00  1.9757E-01
  3.7597E+00  6.4000E+02  1.3133E+03  1.0138E+02  1.2643E+03  1.7425E+00  1.9449E-01
  3.2591E+00  6.8000E+02  1.3099E+03  9.8885E+01  1.2588E+03  1.8155E+00  1.9176E-01
  2.7843E+00  7.2000E+02  1.3065E+03  9.6357E+01  1.2535E+03  1.8903E+00  1.8937E-01
  2.3328E+00  7.6000E+02  1.3031E+03  9.3793E+01  1.2482E+03  1.9661E+00  1.8729E-01
  1.9022E+00  8.0000E+02  1.2996E+03  9.1195E+01  1.2430E+03  2.0418E+00  1.8550E-01
  1.4903E+00  8.4000E+02  1.2961E+03  8.8561E+01  1.2379E+03  2.1174E+00  1.8397E-01
  1.0957E+00  8.8000E+02  1.2926E+03  8.5893E+01  1.2328E+03  2.1943E+00  1.8269E-01
  7.1697E-01  9.2000E+02  1.2890E+03  8.3190E+01  1.2278E+03  2.2738E+00  1.8170E-01
  3.5231E-01  9.6000E+02  1.2854E+03  8.0451E+01  1.2229E+03  2.3536E+00  1.8108E-01
  7.3613E-04  1.0000E+03  1.2818E+03  7.7684E+01  1.2181E+03  2.4300E+00  1.8025E-01
