  26  3.7500000E+00
  3.1995E+01  1.0000E-03  1.3633E+03  1.3339E+02  1.3633E+03  0.0000E+00  0.0000E+00
  2.2674E+01  4.0000E+01  1.3626E+03  1.3317E+02  1.3620E+03  4.5090E-02  8.8679E-02
  1.7569E+01  8.0000E+01  1.3587E+03  1.3132E+02  1.3532E+03  4.0144E-01  4.3236E-01
  1.4906E+01  1.2000E+02  1.3556E+03  1.2954E+02  1.3458E+03  5.2315E-01  2.9385E-01
  1.3036E+01  1.6000E+02  1.3524E+03  1.2768E+02  1.3386E+03  6.8167E-01  2.6905E-01
  1.1582E+01  2.0000E+02  1.3493E+03  1.2575E+02  1.3317E+03  8.2719E-01  2.5368E-01
  1.0384E+01  2.4000E+02  1.3461E+03  1.2375E+02  1.3249E+03  9.5949E-01  2.4251E-01
  9.3600E+00  2.8000E+02  1.3430E+03  1.2169E+02  1.3182E+03  1.0805E+00  2.3344E-01
  8.4616E+00  3.2000E+02  1.3398E+03  1.1957E+02  1.3118E+03  1.1921E+00  2.2597E-01
  7.6575E+00  3.6000E+02  1.3366E+03  1.1741E+02  1.3054E+03  1.2954E+00  2.1977E-01
  6.9270E+00  4.0000E+02  1.3333E+03  1.1519E+02  1.2992E+03  1.3920E+00  2.1453E-01
  6.2559E+00  4.4000E+02  1.3301E+03  1.1293E+02  1.2931E+03  1.4831E+00  2.1000E-01
  5.6339E+00  4.8000E+02  1.3268E+03  1.1063E+02  1.2871E+03  1.5702E+00  2.0605E-01
  5.0535E+00  5.2000E+02  1.3235E+03  1.0828E+02  1.2813E+03  1.6541E+00  2.0256E-01
  4.5087E+00  5.6000E+02  1.3202E+03  1.0589E+02  1.2755E+03  1.7358E+00  1.9949E-01
  3.9951E+00  6.0000E+02  1.3168E+03  1.0346E+02  1.2699E+03  1.8158E+00  1.9677E-01
  3.5089E+00  6.4000E+02  1.3134E+03  1.0100E+02  1.2643E+03  1.8946E+00  1.9436E-01
  3.0471E+00  6.8000E+02  1.3100E+03  9.8500E+01  1.2588E+03  1.9728E+00  1.9222E-01
  2.6072E+00  7.2000E+02  1.3066E+03  9.5963E+01  1.2534E+03  2.0505E+00  1.9030E-01
  2.1871E+00  7.6000E+02  1.3031E+03  9.3391E+01  1.2481E+03  2.1284E+00  1.8861E-01
  1.7852E+00  8.0000E+02  1.2996E+03  9.0784E+01  1.2429E+03  2.2068E+00  1.8712E-01
  1.4000E+00  8.4000E+02  1.2961E+03  8.8142E+01  1.2378E+03  2.2865E+00  1.8583E-01
  1.0303E+00  8.8000E+02  1.2925E+03  8.5465E+01  1.2327E+03  2.3682E+00  1.8475E-01
  6.7470E-01  9.2000E+02  1.2890E+03  8.2753E+01  1.2277E+03  2.4517E+00  1.8392E-01
  3.3174E-01  9.6000E+02  1.2853E+03  8.0005E+01  1.2228E+03  2.5357E+00  1.8348E-01
  5.6925E-04  1.0000E+03  1.2817E+03  7.7229E+01  1.2180E+03  2.6202E+00  1.8307E-01
