  25  6.0000000E+00
  2.7082E+01  2.0000E+01  1.0839E+00  9.7785E+01  8.3734E-01  0.0000E+00  0.0000E+00
  1.9080E+01  6.0000E+01  1.7843E+00  9.7821E+01  8.3346E-01 -8.2975E-02 -1.4008E-01
  1.5750E+01  1.0000E+02  2.3331E+00  9.7767E+01  8.2997E-01 -1.8115E-01 -1.2727E-01
  1.3565E+01  1.4000E+02  2.6970E+00  9.7795E+01  8.2658E-01 -1.5339E-01 -7.0715E-02
  1.1955E+01  1.8000E+02  2.9764E+00  9.7931E+01  8.2323E-01 -8.9141E-02 -3.0286E-02
  1.0675E+01  2.2000E+02  3.2428E+00  9.8159E+01  8.1989E-01 -3.0468E-02 -8.2247E-03
  9.6071E+00  2.6000E+02  3.5318E+00  9.8463E+01  8.1652E-01  1.4269E-02  3.2159E-03
  8.6835E+00  3.0000E+02  3.8685E+00  9.8834E+01  8.1311E-01  3.7193E-02  7.2472E-03
  7.8641E+00  3.4000E+02  4.2719E+00  9.9257E+01  8.0962E-01  2.4314E-02  4.2036E-03
  7.1234E+00  3.8000E+02  4.7502E+00  9.9719E+01  8.0601E-01 -2.2967E-02 -3.5888E-03
  6.4452E+00  4.2000E+02  5.3044E+00  1.0021E+02  8.0223E-01 -9.5485E-02 -1.3663E-02
  5.8181E+00  4.6000E+02  5.9339E+00  1.0072E+02  7.9823E-01 -1.8736E-01 -2.4787E-02
  5.2340E+00  5.0000E+02  6.6405E+00  1.0125E+02  7.9394E-01 -2.9961E-01 -3.6926E-02
  4.6864E+00  5.4000E+02  7.4301E+00  1.0180E+02  7.8926E-01 -4.3983E-01 -5.0810E-02
  4.1706E+00  5.8000E+02  8.3112E+00  1.0236E+02  7.8411E-01 -6.1871E-01 -6.7336E-02
  3.6825E+00  6.2000E+02  9.2952E+00  1.0293E+02  7.7840E-01 -8.4796E-01 -8.7314E-02
  3.2191E+00  6.6000E+02  1.0395E+01  1.0350E+02  7.7206E-01 -1.1415E+00 -1.1161E-01
  2.7777E+00  7.0000E+02  1.1629E+01  1.0407E+02  7.6498E-01 -1.5169E+00 -1.4125E-01
  2.3563E+00  7.4000E+02  1.3022E+01  1.0462E+02  7.5702E-01 -2.0022E+00 -1.7803E-01
  1.9530E+00  7.8000E+02  1.4604E+01  1.0514E+02  7.4798E-01 -2.6252E+00 -2.2338E-01
  1.5664E+00  8.2000E+02  1.6428E+01  1.0563E+02  7.3755E-01 -3.4444E+00 -2.8094E-01
  1.1953E+00  8.6000E+02  1.8567E+01  1.0609E+02  7.2527E-01 -4.5260E+00 -3.5434E-01
  8.3852E-01  9.0000E+02  2.1103E+01  1.0651E+02  7.1083E-01 -5.9325E+00 -4.4655E-01
  4.9465E-01  9.4000E+02  2.4103E+01  1.0683E+02  6.9411E-01 -7.7982E+00 -5.6575E-01
  1.6221E-01  9.8000E+02  2.7591E+01  1.0688E+02  6.7536E-01 -1.0350E+01 -7.2591E-01
