  25  6.0000000E+00
  2.7393E+01  2.0000E+01  1.5157E+00  1.3442E+02  1.2442E+00  0.0000E+00  0.0000E+00
  1.9600E+01  6.0000E+01  2.0278E+00  1.3445E+02  1.2399E+00 -6.2308E-02 -1.0244E-01
  1.6615E+01  1.0000E+02  2.2256E+00  1.3470E+02  1.2362E+00  1.7362E-02  1.0935E-02
  1.4615E+01  1.4000E+02  2.4582E+00  1.3516E+02  1.2323E+00  1.1380E-01  4.8028E-02
  1.3052E+01  1.8000E+02  2.8637E+00  1.3576E+02  1.2281E+00  1.2340E-01  4.0686E-02
  1.1743E+01  2.2000E+02  3.4876E+00  1.3646E+02  1.2234E+00  5.8088E-02  1.6048E-02
  1.0602E+01  2.6000E+02  4.3301E+00  1.3720E+02  1.2181E+00 -8.5127E-02 -2.0481E-02
  9.5902E+00  3.0000E+02  5.3617E+00  1.3798E+02  1.2120E+00 -2.5039E-01 -5.3459E-02
  8.6800E+00  3.4000E+02  6.5838E+00  1.3880E+02  1.2049E+00 -4.3740E-01 -8.3997E-02
  7.8523E+00  3.8000E+02  8.0326E+00  1.3969E+02  1.1962E+00 -6.7712E-01 -1.1824E-01
  7.0928E+00  4.2000E+02  9.7589E+00  1.4065E+02  1.1858E+00 -1.0113E+00 -1.6205E-01
  6.3904E+00  4.6000E+02  1.1795E+01  1.4166E+02  1.1736E+00 -1.4644E+00 -2.1701E-01
  5.7367E+00  5.0000E+02  1.4188E+01  1.4270E+02  1.1593E+00 -2.0723E+00 -2.8580E-01
  5.1252E+00  5.4000E+02  1.6978E+01  1.4375E+02  1.1428E+00 -2.8471E+00 -3.6733E-01
  4.5508E+00  5.8000E+02  2.0184E+01  1.4478E+02  1.1241E+00 -3.7730E+00 -4.5727E-01
  4.0093E+00  6.2000E+02  2.3843E+01  1.4581E+02  1.1031E+00 -4.8699E+00 -5.5631E-01
  3.4975E+00  6.6000E+02  2.8109E+01  1.4684E+02  1.0788E+00 -6.3096E+00 -6.8132E-01
  3.0124E+00  7.0000E+02  3.3282E+01  1.4795E+02  1.0496E+00 -8.3730E+00 -8.5699E-01
  2.5512E+00  7.4000E+02  3.9609E+01  1.4916E+02  1.0142E+00 -1.1101E+01 -1.0802E+00
  2.1115E+00  7.8000E+02  4.7024E+01  1.5041E+02  9.7247E-01 -1.4018E+01 -1.3005E+00
  1.6912E+00  8.2000E+02  5.5162E+01  1.5161E+02  9.2604E-01 -1.6511E+01 -1.4640E+00
  1.2887E+00  8.6000E+02  6.3772E+01  1.5268E+02  8.7570E-01 -1.8745E+01 -1.5918E+00
  9.0278E-01  9.0000E+02  7.3865E+01  1.5374E+02  8.1416E-01 -2.3391E+01 -1.9044E+00
  5.3210E-01  9.4000E+02  8.5987E+01  1.5486E+02  7.3658E-01 -2.9675E+01 -2.3208E+00
  1.7441E-01  9.8000E+02  9.9438E+01  1.5509E+02  6.4818E-01 -3.6977E+01 -2.7905E+00
