  25  6.0000000E+00
  2.7416E+01  2.0000E+01  1.5467E+00  1.3138E+02  1.2767E+00  0.0000E+00  0.0000E+00
  1.9643E+01  6.0000E+01  2.0511E+00  1.3140E+02  1.2724E+00 -6.1745E-02 -1.0125E-01
  1.6678E+01  1.0000E+02  2.2345E+00  1.3166E+02  1.2687E+00  2.4723E-02  1.5465E-02
  1.4691E+01  1.4000E+02  2.4609E+00  1.3213E+02  1.2648E+00  1.2613E-01  5.2899E-02
  1.3129E+01  1.8000E+02  2.8787E+00  1.3275E+02  1.2604E+00  1.2746E-01  4.1984E-02
  1.1817E+01  2.2000E+02  3.5344E+00  1.3347E+02  1.2555E+00  5.0782E-02  1.4061E-02
  1.0671E+01  2.6000E+02  4.4437E+00  1.3425E+02  1.2498E+00 -1.1344E-01 -2.7428E-02
  9.6519E+00  3.0000E+02  5.6145E+00  1.3510E+02  1.2425E+00 -3.2143E-01 -6.9098E-02
  8.7343E+00  3.4000E+02  7.1250E+00  1.3605E+02  1.2330E+00 -6.1089E-01 -1.1827E-01
  7.8993E+00  3.8000E+02  9.1275E+00  1.3715E+02  1.2200E+00 -1.0773E+00 -1.8978E-01
  7.1332E+00  4.2000E+02  1.1799E+01  1.3843E+02  1.2027E+00 -1.8139E+00 -2.9318E-01
  6.4254E+00  4.6000E+02  1.5263E+01  1.3988E+02  1.1804E+00 -2.8437E+00 -4.2467E-01
  5.7675E+00  5.0000E+02  1.9619E+01  1.4149E+02  1.1529E+00 -4.1715E+00 -5.7899E-01
  5.1530E+00  5.4000E+02  2.4884E+01  1.4324E+02  1.1201E+00 -5.7265E+00 -7.4252E-01
  4.5762E+00  5.8000E+02  3.1006E+01  1.4509E+02  1.0826E+00 -7.4124E+00 -9.0197E-01
  4.0328E+00  6.2000E+02  3.7883E+01  1.4700E+02  1.0406E+00 -9.1343E+00 -1.0473E+00
  3.5189E+00  6.6000E+02  4.5389E+01  1.4895E+02  9.9487E-01 -1.0818E+01 -1.1728E+00
  3.0315E+00  7.0000E+02  5.3392E+01  1.5089E+02  9.4567E-01 -1.2420E+01 -1.2773E+00
  2.5678E+00  7.4000E+02  6.1770E+01  1.5282E+02  8.9343E-01 -1.3914E+01 -1.3611E+00
  2.1256E+00  7.8000E+02  7.0392E+01  1.5470E+02  8.3864E-01 -1.5246E+01 -1.4223E+00
  1.7030E+00  8.2000E+02  7.9122E+01  1.5651E+02  7.8200E-01 -1.6382E+01 -1.4606E+00
  1.2983E+00  8.6000E+02  8.7906E+01  1.5821E+02  7.2387E-01 -1.7497E+01 -1.4942E+00
  9.0978E-01  9.0000E+02  9.6898E+01  1.5977E+02  6.6337E-01 -1.9141E+01 -1.5689E+00
  5.3621E-01  9.4000E+02  1.0658E+02  1.6114E+02  5.9711E-01 -2.2256E+01 -1.7541E+00
  1.7576E-01  9.8000E+02  1.1797E+02  1.6162E+02  5.2002E-01 -3.0240E+01 -2.2997E+00
