  25  6.0000000E+00
  2.5271E+01  2.0000E+01  2.1231E-01  9.0312E+01  6.6242E-02  0.0000E+00  0.0000E+00
  1.7978E+01  6.0000E+01  5.8679E-01  9.0379E+01  6.5025E-02 -4.2240E-02 -6.4997E-02
  1.4952E+01  1.0000E+02  9.1885E-01  9.0453E+01  6.3999E-02 -8.5158E-02 -5.4361E-02
  1.2905E+01  1.4000E+02  1.2114E+00  9.0518E+01  6.3006E-02 -1.1111E-01 -4.7992E-02
  1.1400E+01  1.8000E+02  1.4091E+00  9.0654E+01  6.2091E-02 -4.1038E-02 -1.3029E-02
  1.0210E+01  2.2000E+02  1.5846E+00  9.0886E+01  6.1236E-02  4.7661E-02  1.1966E-02
  9.2118E+00  2.6000E+02  1.7984E+00  9.1188E+01  6.0417E-02  8.7783E-02  1.8492E-02
  8.3423E+00  3.0000E+02  2.0693E+00  9.1538E+01  5.9623E-02  9.1083E-02  1.6709E-02
  7.5670E+00  3.4000E+02  2.3987E+00  9.1923E+01  5.8845E-02  7.1695E-02  1.1727E-02
  6.8649E+00  3.8000E+02  2.7794E+00  9.2336E+01  5.8075E-02  4.6553E-02  6.8961E-03
  6.2219E+00  4.2000E+02  3.2052E+00  9.2780E+01  5.7304E-02  2.7798E-02  3.7709E-03
  5.6275E+00  4.6000E+02  3.6786E+00  9.3259E+01  5.6523E-02  9.1427E-03  1.1466E-03
  5.0731E+00  5.0000E+02  4.2121E+00  9.3773E+01  5.5719E-02 -3.5204E-02 -4.1182E-03
  4.5517E+00  5.4000E+02  4.8177E+00  9.4313E+01  5.4874E-02 -1.2599E-01 -1.3858E-02
  4.0586E+00  5.8000E+02  5.5012E+00  9.4867E+01  5.3964E-02 -2.6162E-01 -2.7218E-02
  3.5901E+00  6.2000E+02  6.2633E+00  9.5427E+01  5.2949E-02 -4.3260E-01 -4.2759E-02
  3.1436E+00  6.6000E+02  7.1055E+00  9.5985E+01  5.1787E-02 -6.3522E-01 -5.9843E-02
  2.7169E+00  7.0000E+02  8.0336E+00  9.6538E+01  5.0424E-02 -8.7852E-01 -7.9092E-02
  2.3082E+00  7.4000E+02  9.0594E+00  9.7082E+01  4.8804E-02 -1.1803E+00 -1.0178E-01
  1.9159E+00  7.8000E+02  1.0201E+01  9.7609E+01  4.6867E-02 -1.5658E+00 -1.2958E-01
  1.5389E+00  8.2000E+02  1.1482E+01  9.8111E+01  4.4555E-02 -2.0672E+00 -1.6446E-01
  1.1758E+00  8.6000E+02  1.2934E+01  9.8575E+01  4.1830E-02 -2.7211E+00 -2.0845E-01
  8.2568E-01  9.0000E+02  1.4606E+01  9.8985E+01  3.8618E-02 -3.6044E+00 -2.6622E-01
  4.8759E-01  9.4000E+02  1.6694E+01  9.9318E+01  3.4544E-02 -5.1898E+00 -3.7019E-01
  1.6009E-01  9.8000E+02  1.9335E+01  9.9420E+01  2.9767E-02 -7.7543E+00 -5.3579E-01
