  25  6.0000000E+00
  2.6494E+01  2.0000E+01  7.5709E-01  9.1948E+01  5.3904E-01  0.0000E+00  0.0000E+00
  1.8654E+01  6.0000E+01  1.3741E+00  9.1991E+01  5.3586E-01 -7.3225E-02 -1.2113E-01
  1.5370E+01  1.0000E+02  1.9037E+00  9.1946E+01  5.3304E-01 -1.7467E-01 -1.2103E-01
  1.3192E+01  1.4000E+02  2.2841E+00  9.1908E+01  5.3024E-01 -1.9244E-01 -8.8431E-02
  1.1602E+01  1.8000E+02  2.5147E+00  9.1955E+01  5.2756E-01 -1.1539E-01 -3.8711E-02
  1.0358E+01  2.2000E+02  2.6785E+00  9.2122E+01  5.2496E-01  2.4934E-03  6.5416E-04
  9.3288E+00  2.6000E+02  2.8538E+00  9.2388E+01  5.2239E-01  8.8754E-02  1.9272E-02
  8.4408E+00  3.0000E+02  3.0827E+00  9.2729E+01  5.1981E-01  1.2617E-01  2.3638E-02
  7.6522E+00  3.4000E+02  3.3831E+00  9.3122E+01  5.1719E-01  1.1761E-01  1.9566E-02
  6.9386E+00  3.8000E+02  3.7565E+00  9.3552E+01  5.1452E-01  7.8035E-02  1.1749E-02
  6.2846E+00  4.2000E+02  4.1974E+00  9.4009E+01  5.1178E-01  2.4615E-02  3.3966E-03
  5.6794E+00  4.6000E+02  4.7016E+00  9.4491E+01  5.0895E-01 -3.6284E-02 -4.6325E-03
  5.1152E+00  5.0000E+02  5.2703E+00  9.4997E+01  5.0601E-01 -1.1090E-01 -1.3203E-02
  4.5855E+00  5.4000E+02  5.9078E+00  9.5523E+01  5.0291E-01 -2.0985E-01 -2.3451E-02
  4.0855E+00  5.8000E+02  6.6195E+00  9.6064E+01  4.9961E-01 -3.4090E-01 -3.5956E-02
  3.6116E+00  6.2000E+02  7.4115E+00  9.6615E+01  4.9602E-01 -5.0960E-01 -5.0959E-02
  3.1606E+00  6.6000E+02  8.2924E+00  9.7169E+01  4.9207E-01 -7.2390E-01 -6.8878E-02
  2.7302E+00  7.0000E+02  9.2739E+00  9.7722E+01  4.8766E-01 -9.9645E-01 -9.0482E-02
  2.3184E+00  7.4000E+02  1.0373E+01  9.8267E+01  4.8267E-01 -1.3466E+00 -1.1699E-01
  1.9236E+00  7.8000E+02  1.1613E+01  9.8796E+01  4.7697E-01 -1.8021E+00 -1.5010E-01
  1.5444E+00  8.2000E+02  1.3030E+01  9.9300E+01  4.7038E-01 -2.4055E+00 -1.9245E-01
  1.1796E+00  8.6000E+02  1.4667E+01  9.9768E+01  4.6268E-01 -3.2032E+00 -2.4656E-01
  8.2805E-01  9.0000E+02  1.6586E+01  1.0018E+02  4.5362E-01 -4.2862E+00 -3.1790E-01
  4.8874E-01  9.4000E+02  1.8900E+01  1.0050E+02  4.4271E-01 -5.8926E+00 -4.2184E-01
  1.6037E-01  9.8000E+02  2.1757E+01  1.0057E+02  4.2953E-01 -8.4692E+00 -5.8674E-01
