  25  6.0000000E+00
  2.7417E+01  2.0000E+01  1.5392E+00  1.3224E+02  1.2674E+00  0.0000E+00  0.0000E+00
  1.9636E+01  6.0000E+01  2.0459E+00  1.3227E+02  1.2631E+00 -6.2110E-02 -1.0195E-01
  1.6669E+01  1.0000E+02  2.2303E+00  1.3252E+02  1.2594E+00  2.4380E-02  1.5264E-02
  1.4678E+01  1.4000E+02  2.4599E+00  1.3300E+02  1.2555E+00  1.2332E-01  5.1803E-02
  1.3115E+01  1.8000E+02  2.8758E+00  1.3361E+02  1.2511E+00  1.2490E-01  4.1173E-02
  1.1804E+01  2.2000E+02  3.5197E+00  1.3433E+02  1.2463E+00  5.6111E-02  1.5522E-02
  1.0660E+01  2.6000E+02  4.4057E+00  1.3510E+02  1.2407E+00 -9.9899E-02 -2.4111E-02
  9.6434E+00  3.0000E+02  5.5279E+00  1.3592E+02  1.2339E+00 -2.9523E-01 -6.3339E-02
  8.7275E+00  3.4000E+02  6.9313E+00  1.3682E+02  1.2254E+00 -5.5059E-01 -1.0639E-01
  7.8940E+00  3.8000E+02  8.7232E+00  1.3783E+02  1.2141E+00 -9.3655E-01 -1.6469E-01
  7.1290E+00  4.2000E+02  1.1043E+01  1.3898E+02  1.1994E+00 -1.5365E+00 -2.4800E-01
  6.4219E+00  4.6000E+02  1.4016E+01  1.4025E+02  1.1806E+00 -2.4010E+00 -3.5819E-01
  5.7645E+00  5.0000E+02  1.7809E+01  1.4167E+02  1.1569E+00 -3.6074E+00 -5.0031E-01
  5.1503E+00  5.4000E+02  2.2548E+01  1.4324E+02  1.1278E+00 -5.1586E+00 -6.6848E-01
  4.5739E+00  5.8000E+02  2.8263E+01  1.4494E+02  1.0932E+00 -6.9628E+00 -8.4681E-01
  4.0307E+00  6.2000E+02  3.4870E+01  1.4674E+02  1.0536E+00 -8.8532E+00 -1.0146E+00
  3.5171E+00  6.6000E+02  4.2208E+01  1.4859E+02  1.0097E+00 -1.0683E+01 -1.1576E+00
  3.0299E+00  7.0000E+02  5.0100E+01  1.5046E+02  9.6210E-01 -1.2367E+01 -1.2713E+00
  2.5664E+00  7.4000E+02  5.8369E+01  1.5230E+02  9.1163E-01 -1.3871E+01 -1.3564E+00
  2.1244E+00  7.8000E+02  6.6849E+01  1.5407E+02  8.5902E-01 -1.5188E+01 -1.4165E+00
  1.7018E+00  8.2000E+02  7.5401E+01  1.5571E+02  8.0503E-01 -1.6359E+01 -1.4585E+00
  1.2970E+00  8.6000E+02  8.3957E+01  1.5716E+02  7.5008E-01 -1.7550E+01 -1.4989E+00
  9.0851E-01  9.0000E+02  9.2654E+01  1.5837E+02  6.9324E-01 -1.9274E+01 -1.5799E+00
  5.3507E-01  9.4000E+02  1.0225E+02  1.5932E+02  6.2884E-01 -2.3140E+01 -1.8232E+00
  1.7521E-01  9.8000E+02  1.1403E+02  1.5951E+02  5.4802E-01 -3.2229E+01 -2.4469E+00
