  25  6.0000000E+00
  2.7140E+01  2.0000E+01  1.2574E+00  1.0845E+02  1.0196E+00  0.0000E+00  0.0000E+00
  1.9241E+01  6.0000E+01  1.8838E+00  1.0849E+02  1.0155E+00 -7.3752E-02 -1.2291E-01
  1.6021E+01  1.0000E+02  2.3020E+00  1.0854E+02  1.0119E+00 -1.1552E-01 -7.8485E-02
  1.3909E+01  1.4000E+02  2.5993E+00  1.0874E+02  1.0083E+00 -4.4525E-02 -1.9842E-02
  1.2318E+01  1.8000E+02  2.9354E+00  1.0905E+02  1.0046E+00 -1.4154E-02 -4.7517E-03
  1.1022E+01  2.2000E+02  3.3497E+00  1.0942E+02  1.0007E+00 -3.4146E-02 -9.3305E-03
  9.9240E+00  2.6000E+02  3.8294E+00  1.0983E+02  9.9675E-01 -6.3156E-02 -1.4637E-02
  8.9667E+00  3.0000E+02  4.3634E+00  1.1028E+02  9.9262E-01 -9.0095E-02 -1.8196E-02
  8.1154E+00  3.4000E+02  4.9537E+00  1.1077E+02  9.8838E-01 -1.2123E-01 -2.1773E-02
  7.3461E+00  3.8000E+02  5.6116E+00  1.1129E+02  9.8396E-01 -1.7606E-01 -2.8578E-02
  6.6419E+00  4.2000E+02  6.3467E+00  1.1184E+02  9.7931E-01 -2.6334E-01 -3.9125E-02
  5.9911E+00  4.6000E+02  7.1640E+00  1.1241E+02  9.7434E-01 -3.8073E-01 -5.2271E-02
  5.3854E+00  5.0000E+02  8.0671E+00  1.1299E+02  9.6897E-01 -5.2704E-01 -6.7356E-02
  4.8182E+00  5.4000E+02  9.0600E+00  1.1359E+02  9.6316E-01 -7.0589E-01 -8.4470E-02
  4.2845E+00  5.8000E+02  1.0148E+01  1.1418E+02  9.5684E-01 -9.2405E-01 -1.0405E-01
  3.7802E+00  6.2000E+02  1.1341E+01  1.1477E+02  9.4996E-01 -1.1914E+00 -1.2676E-01
  3.3021E+00  6.6000E+02  1.2649E+01  1.1535E+02  9.4244E-01 -1.5188E+00 -1.5321E-01
  2.8474E+00  7.0000E+02  1.4087E+01  1.1592E+02  9.3419E-01 -1.9220E+00 -1.8438E-01
  2.4139E+00  7.4000E+02  1.5686E+01  1.1646E+02  9.2502E-01 -2.4376E+00 -2.2297E-01
  1.9995E+00  7.8000E+02  1.7497E+01  1.1698E+02  9.1464E-01 -3.1270E+00 -2.7334E-01
  1.6028E+00  8.2000E+02  1.9606E+01  1.1746E+02  9.0256E-01 -4.1015E+00 -3.4331E-01
  1.2222E+00  8.6000E+02  2.2157E+01  1.1790E+02  8.8798E-01 -5.5482E+00 -4.4547E-01
  8.5670E-01  9.0000E+02  2.5400E+01  1.1829E+02  8.6950E-01 -7.8026E+00 -6.0175E-01
  5.0505E-01  9.4000E+02  2.9773E+01  1.1860E+02  8.4476E-01 -1.1548E+01 -8.5675E-01
  1.6558E-01  9.8000E+02  3.5552E+01  1.1859E+02  8.1277E-01 -1.7054E+01 -1.2214E+00
