  25  6.0000000E+00
  2.7023E+01  2.0000E+01  1.0138E+00  9.5370E+01  7.6801E-01  0.0000E+00  0.0000E+00
  1.9016E+01  6.0000E+01  1.7205E+00  9.5409E+01  7.6425E-01 -8.3462E-02 -1.4098E-01
  1.5669E+01  1.0000E+02  2.2978E+00  9.5339E+01  7.6088E-01 -1.9321E-01 -1.3646E-01
  1.3466E+01  1.4000E+02  2.6863E+00  9.5324E+01  7.5758E-01 -1.8311E-01 -8.5080E-02
  1.1850E+01  1.8000E+02  2.9573E+00  9.5410E+01  7.5437E-01 -1.1435E-01 -3.8993E-02
  1.0574E+01  2.2000E+02  3.1885E+00  9.5599E+01  7.5120E-01 -3.3440E-02 -9.0007E-03
  9.5141E+00  2.6000E+02  3.4313E+00  9.5875E+01  7.4803E-01  3.1197E-02  6.9775E-03
  8.5999E+00  3.0000E+02  3.7188E+00  9.6223E+01  7.4484E-01  6.6794E-02  1.2883E-02
  7.7898E+00  3.4000E+02  4.0724E+00  9.6628E+01  7.4158E-01  6.2474E-02  1.0679E-02
  7.0579E+00  3.8000E+02  4.5001E+00  9.7072E+01  7.3823E-01  2.2753E-02  3.5135E-03
  6.3877E+00  4.2000E+02  5.0023E+00  9.7546E+01  7.3476E-01 -4.1751E-02 -5.9030E-03
  5.7681E+00  4.6000E+02  5.5776E+00  9.8044E+01  7.3110E-01 -1.2473E-01 -1.6308E-02
  5.1906E+00  5.0000E+02  6.2267E+00  9.8562E+01  7.2721E-01 -2.2656E-01 -2.7603E-02
  4.6491E+00  5.4000E+02  6.9536E+00  9.9098E+01  7.2301E-01 -3.5313E-01 -4.0342E-02
  4.1387E+00  5.8000E+02  7.7655E+00  9.9648E+01  7.1841E-01 -5.1387E-01 -5.5333E-02
  3.6556E+00  6.2000E+02  8.6723E+00  1.0021E+02  7.1334E-01 -7.2030E-01 -7.3422E-02
  3.1966E+00  6.6000E+02  9.6869E+00  1.0077E+02  7.0769E-01 -9.8581E-01 -9.5468E-02
  2.7592E+00  7.0000E+02  1.0826E+01  1.0133E+02  7.0137E-01 -1.3280E+00 -1.2256E-01
  2.3413E+00  7.4000E+02  1.2113E+01  1.0187E+02  6.9423E-01 -1.7728E+00 -1.5631E-01
  1.9411E+00  7.8000E+02  1.3583E+01  1.0240E+02  6.8606E-01 -2.3597E+00 -1.9921E-01
  1.5574E+00  8.2000E+02  1.5275E+01  1.0290E+02  6.7661E-01 -3.1117E+00 -2.5194E-01
  1.1888E+00  8.6000E+02  1.7253E+01  1.0336E+02  6.6554E-01 -4.0989E+00 -3.1876E-01
  8.3413E-01  9.0000E+02  1.9583E+01  1.0378E+02  6.5260E-01 -5.3877E+00 -4.0311E-01
  4.9214E-01  9.4000E+02  2.2316E+01  1.0410E+02  6.3777E-01 -7.0693E+00 -5.1008E-01
  1.6141E-01  9.8000E+02  2.5479E+01  1.0415E+02  6.2120E-01 -9.3952E+00 -6.5558E-01
