  25  6.0000000E+00
  2.7127E+01  2.0000E+01  1.2311E+00  1.0630E+02  9.9212E-01  0.0000E+00  0.0000E+00
  1.9211E+01  6.0000E+01  1.8702E+00  1.0634E+02  9.8807E-01 -7.5462E-02 -1.2604E-01
  1.5971E+01  1.0000E+02  2.3097E+00  1.0636E+02  9.8443E-01 -1.2712E-01 -8.6891E-02
  1.3847E+01  1.4000E+02  2.6158E+00  1.0654E+02  9.8087E-01 -6.2268E-02 -2.7905E-02
  1.2253E+01  1.8000E+02  2.9406E+00  1.0682E+02  9.7724E-01 -2.5734E-02 -8.6519E-03
  1.0961E+01  2.2000E+02  3.3287E+00  1.0717E+02  9.7348E-01 -3.3677E-02 -9.1799E-03
  9.8680E+00  2.6000E+02  3.7734E+00  1.0756E+02  9.6959E-01 -5.0263E-02 -1.1591E-02
  8.9169E+00  3.0000E+02  4.2693E+00  1.0799E+02  9.6559E-01 -6.6083E-02 -1.3261E-02
  8.0715E+00  3.4000E+02  4.8232E+00  1.0847E+02  9.6148E-01 -9.2062E-02 -1.6421E-02
  7.3073E+00  3.8000E+02  5.4478E+00  1.0898E+02  9.5721E-01 -1.4651E-01 -2.3622E-02
  6.6076E+00  4.2000E+02  6.1506E+00  1.0952E+02  9.5271E-01 -2.3353E-01 -3.4472E-02
  5.9610E+00  4.6000E+02  6.9351E+00  1.1008E+02  9.4789E-01 -3.4788E-01 -4.7461E-02
  5.3590E+00  5.0000E+02  7.8043E+00  1.1065E+02  9.4269E-01 -4.8879E-01 -6.2084E-02
  4.7951E+00  5.4000E+02  8.7632E+00  1.1124E+02  9.3703E-01 -6.6160E-01 -7.8699E-02
  4.2645E+00  5.8000E+02  9.8188E+00  1.1183E+02  9.3086E-01 -8.7494E-01 -9.7950E-02
  3.7630E+00  6.2000E+02  1.0980E+01  1.1242E+02  9.2411E-01 -1.1393E+00 -1.2054E-01
  3.2874E+00  6.6000E+02  1.2261E+01  1.1300E+02  9.1672E-01 -1.4678E+00 -1.4728E-01
  2.8350E+00  7.0000E+02  1.3669E+01  1.1357E+02  9.0862E-01 -1.8649E+00 -1.7801E-01
  2.4035E+00  7.4000E+02  1.5228E+01  1.1411E+02  8.9968E-01 -2.3630E+00 -2.1512E-01
  1.9911E+00  7.8000E+02  1.6981E+01  1.1462E+02  8.8965E-01 -3.0146E+00 -2.6232E-01
  1.5961E+00  8.2000E+02  1.9001E+01  1.1509E+02  8.7810E-01 -3.9209E+00 -3.2677E-01
  1.2171E+00  8.6000E+02  2.1418E+01  1.1551E+02  8.6427E-01 -5.2531E+00 -4.1997E-01
  8.5316E-01  9.0000E+02  2.4456E+01  1.1589E+02  8.4689E-01 -7.3042E+00 -5.6089E-01
  5.0300E-01  9.4000E+02  2.8478E+01  1.1620E+02  8.2405E-01 -1.0619E+01 -7.8448E-01
  1.6491E-01  9.8000E+02  3.3694E+01  1.1620E+02  7.9516E-01 -1.5424E+01 -1.1002E+00
