  25  6.0000000E+00
  2.7090E+01  2.0000E+01  1.1155E+00  9.9181E+01  8.7049E-01  0.0000E+00  0.0000E+00
  1.9104E+01  6.0000E+01  1.8044E+00  9.9218E+01  8.6657E-01 -8.1636E-02 -1.3754E-01
  1.5790E+01  1.0000E+02  2.3324E+00  9.9178E+01  8.6305E-01 -1.7137E-01 -1.1981E-01
  1.3617E+01  1.4000E+02  2.6831E+00  9.9234E+01  8.5961E-01 -1.3542E-01 -6.2092E-02
  1.2010E+01  1.8000E+02  2.9698E+00  9.9400E+01  8.5621E-01 -7.5353E-02 -2.5538E-02
  1.0729E+01  2.2000E+02  3.2602E+00  9.9649E+01  8.5278E-01 -3.1818E-02 -8.6047E-03
  9.6555E+00  2.6000E+02  3.5788E+00  9.9968E+01  8.4931E-01 -3.3173E-04 -7.5110E-05
  8.7266E+00  3.0000E+02  3.9437E+00  1.0035E+02  8.4578E-01  1.7116E-02  3.3543E-03
  7.9023E+00  3.4000E+02  4.3735E+00  1.0078E+02  8.4217E-01  3.1879E-03  5.5442E-04
  7.1572E+00  3.8000E+02  4.8782E+00  1.0125E+02  8.3843E-01 -4.6621E-02 -7.3289E-03
  6.4749E+00  4.2000E+02  5.4590E+00  1.0175E+02  8.3452E-01 -1.2273E-01 -1.7667E-02
  5.8441E+00  4.6000E+02  6.1157E+00  1.0227E+02  8.3036E-01 -2.1802E-01 -2.9014E-02
  5.2567E+00  5.0000E+02  6.8501E+00  1.0281E+02  8.2588E-01 -3.3396E-01 -4.1394E-02
  4.7061E+00  5.4000E+02  7.6688E+00  1.0336E+02  8.2101E-01 -4.7875E-01 -5.5608E-02
  4.1876E+00  5.8000E+02  8.5810E+00  1.0393E+02  8.1564E-01 -6.6403E-01 -7.2647E-02
  3.6971E+00  6.2000E+02  9.5981E+00  1.0450E+02  8.0970E-01 -9.0150E-01 -9.3294E-02
  3.2314E+00  6.6000E+02  1.0734E+01  1.0508E+02  8.0312E-01 -1.2046E+00 -1.1834E-01
  2.7880E+00  7.0000E+02  1.2004E+01  1.0564E+02  7.9580E-01 -1.5898E+00 -1.4873E-01
  2.3647E+00  7.4000E+02  1.3433E+01  1.0619E+02  7.8760E-01 -2.0827E+00 -1.8601E-01
  1.9597E+00  7.8000E+02  1.5048E+01  1.0671E+02  7.7835E-01 -2.7091E+00 -2.3149E-01
  1.5715E+00  8.2000E+02  1.6909E+01  1.0719E+02  7.6767E-01 -3.5474E+00 -2.9051E-01
  1.1990E+00  8.6000E+02  1.9099E+01  1.0764E+02  7.5506E-01 -4.6746E+00 -3.6738E-01
  8.4098E-01  9.0000E+02  2.1719E+01  1.0805E+02  7.4003E-01 -6.1743E+00 -4.6638E-01
  4.9605E-01  9.4000E+02  2.4871E+01  1.0837E+02  7.2231E-01 -8.2186E+00 -5.9808E-01
  1.6267E-01  9.8000E+02  2.8588E+01  1.0841E+02  7.0210E-01 -1.1026E+01 -7.7558E-01
