  25  6.0000000E+00
  2.7348E+01  2.0000E+01  1.4687E+00  1.3004E+02  1.2073E+00  0.0000E+00  0.0000E+00
  1.9542E+01  6.0000E+01  1.9991E+00  1.3007E+02  1.2031E+00 -6.3468E-02 -1.0453E-01
  1.6505E+01  1.0000E+02  2.2410E+00  1.3029E+02  1.1994E+00 -8.9674E-03 -5.7440E-03
  1.4482E+01  1.4000E+02  2.4857E+00  1.3070E+02  1.1955E+00  8.3159E-02  3.5509E-02
  1.2915E+01  1.8000E+02  2.8757E+00  1.3125E+02  1.1914E+00  1.0033E-01  3.3169E-02
  1.1608E+01  2.2000E+02  3.4568E+00  1.3189E+02  1.1869E+00  4.2861E-02  1.1813E-02
  1.0476E+01  2.6000E+02  4.2230E+00  1.3257E+02  1.1818E+00 -7.4693E-02 -1.7840E-02
  9.4748E+00  3.0000E+02  5.1436E+00  1.3328E+02  1.1762E+00 -2.0600E-01 -4.3521E-02
  8.5762E+00  3.4000E+02  6.2094E+00  1.3404E+02  1.1697E+00 -3.4265E-01 -6.4967E-02
  7.7599E+00  3.8000E+02  7.4400E+00  1.3485E+02  1.1623E+00 -5.1103E-01 -8.8007E-02
  7.0108E+00  4.2000E+02  8.8719E+00  1.3572E+02  1.1536E+00 -7.5245E-01 -1.1892E-01
  6.3176E+00  4.6000E+02  1.0537E+01  1.3663E+02  1.1437E+00 -1.0974E+00 -1.6051E-01
  5.6718E+00  5.0000E+02  1.2426E+01  1.3753E+02  1.1326E+00 -1.5325E+00 -2.0882E-01
  5.0671E+00  5.4000E+02  1.4505E+01  1.3838E+02  1.1207E+00 -2.0223E+00 -2.5800E-01
  4.4987E+00  5.8000E+02  1.6705E+01  1.3916E+02  1.1082E+00 -2.5010E+00 -2.9991E-01
  3.9628E+00  6.2000E+02  1.8977E+01  1.3985E+02  1.0954E+00 -2.9469E+00 -3.3316E-01
  3.4564E+00  6.6000E+02  2.1389E+01  1.4049E+02  1.0818E+00 -3.4991E+00 -3.7385E-01
  2.9768E+00  7.0000E+02  2.4236E+01  1.4116E+02  1.0655E+00 -4.5482E+00 -4.6029E-01
  2.5211E+00  7.4000E+02  2.8005E+01  1.4193E+02  1.0441E+00 -6.5819E+00 -6.3277E-01
  2.0868E+00  7.8000E+02  3.3073E+01  1.4281E+02  1.0157E+00 -9.6352E+00 -8.8279E-01
  1.6718E+00  8.2000E+02  3.9461E+01  1.4375E+02  9.8019E-01 -1.3140E+01 -1.1506E+00
  1.2742E+00  8.6000E+02  4.7123E+01  1.4466E+02  9.3730E-01 -1.6969E+01 -1.4233E+00
  8.9282E-01  9.0000E+02  5.6495E+01  1.4556E+02  8.8349E-01 -2.2208E+01 -1.7871E+00
  5.2622E-01  9.4000E+02  6.7725E+01  1.4638E+02  8.1630E-01 -2.8410E+01 -2.1974E+00
  1.7249E-01  9.8000E+02  8.0436E+01  1.4643E+02  7.3780E-01 -3.5798E+01 -2.6717E+00
