  25  6.0000000E+00
  2.7201E+01  2.0000E+01  1.3336E+00  1.1567E+02  1.0944E+00  0.0000E+00  0.0000E+00
  1.9341E+01  6.0000E+01  1.9277E+00  1.1572E+02  1.0903E+00 -6.9705E-02 -1.1559E-01
  1.6180E+01  1.0000E+02  2.2827E+00  1.1582E+02  1.0866E+00 -8.0296E-02 -5.3554E-02
  1.4103E+01  1.4000E+02  2.5547E+00  1.1611E+02  1.0829E+00  7.4867E-03  3.2813E-03
  1.2518E+01  1.8000E+02  2.9204E+00  1.1651E+02  1.0791E+00  2.2697E-02  7.5854E-03
  1.1216E+01  2.2000E+02  3.4064E+00  1.1696E+02  1.0750E+00 -2.4204E-02 -6.6526E-03
  1.0103E+01  2.6000E+02  3.9901E+00  1.1745E+02  1.0706E+00 -8.6360E-02 -2.0280E-02
  9.1277E+00  3.0000E+02  4.6495E+00  1.1796E+02  1.0661E+00 -1.5228E-01 -3.1324E-02
  8.2585E+00  3.4000E+02  5.3713E+00  1.1850E+02  1.0614E+00 -2.1283E-01 -3.9029E-02
  7.4725E+00  3.8000E+02  6.1581E+00  1.1906E+02  1.0564E+00 -2.8228E-01 -4.6810E-02
  6.7534E+00  4.2000E+02  7.0206E+00  1.1965E+02  1.0512E+00 -3.7831E-01 -5.7399E-02
  6.0891E+00  4.6000E+02  7.9691E+00  1.2026E+02  1.0455E+00 -5.1124E-01 -7.1645E-02
  5.4711E+00  5.0000E+02  9.0089E+00  1.2088E+02  1.0395E+00 -6.8229E-01 -8.8965E-02
  4.8927E+00  5.4000E+02  1.0140E+01  1.2150E+02  1.0330E+00 -8.8789E-01 -1.0835E-01
  4.3488E+00  5.8000E+02  1.1361E+01  1.2211E+02  1.0260E+00 -1.1255E+00 -1.2915E-01
  3.8354E+00  6.2000E+02  1.2670E+01  1.2270E+02  1.0186E+00 -1.3957E+00 -1.5118E-01
  3.3491E+00  6.6000E+02  1.4087E+01  1.2328E+02  1.0106E+00 -1.7283E+00 -1.7733E-01
  2.8871E+00  7.0000E+02  1.5660E+01  1.2384E+02  1.0016E+00 -2.1794E+00 -2.1245E-01
  2.4469E+00  7.4000E+02  1.7476E+01  1.2441E+02  9.9108E-01 -2.8486E+00 -2.6451E-01
  2.0267E+00  7.8000E+02  1.9678E+01  1.2497E+02  9.7830E-01 -3.8899E+00 -3.4491E-01
  1.6244E+00  8.2000E+02  2.2458E+01  1.2554E+02  9.6225E-01 -5.4965E+00 -4.6643E-01
  1.2387E+00  8.6000E+02  2.6038E+01  1.2609E+02  9.4186E-01 -7.8595E+00 -6.3962E-01
  8.6822E-01  9.0000E+02  3.0715E+01  1.2659E+02  9.1549E-01 -1.1271E+01 -8.8100E-01
  5.1186E-01  9.4000E+02  3.7013E+01  1.2700E+02  8.8011E-01 -1.6515E+01 -1.2417E+00
  1.6783E-01  9.8000E+02  4.5083E+01  1.2698E+02  8.3514E-01 -2.3537E+01 -1.7084E+00
