  25  6.0000000E+00
  2.7403E+01  2.0000E+01  1.5257E+00  1.3415E+02  1.2534E+00  0.0000E+00  0.0000E+00
  1.9615E+01  6.0000E+01  2.0352E+00  1.3418E+02  1.2492E+00 -6.2162E-02 -1.0214E-01
  1.6638E+01  1.0000E+02  2.2265E+00  1.3443E+02  1.2455E+00  2.1210E-02  1.3320E-02
  1.4642E+01  1.4000E+02  2.4578E+00  1.3490E+02  1.2416E+00  1.1863E-01  4.9965E-02
  1.3079E+01  1.8000E+02  2.8684E+00  1.3551E+02  1.2373E+00  1.2473E-01  4.1125E-02
  1.1769E+01  2.2000E+02  3.5010E+00  1.3621E+02  1.2325E+00  5.7806E-02  1.5981E-02
  1.0627E+01  2.6000E+02  4.3580E+00  1.3697E+02  1.2272E+00 -8.9108E-02 -2.1466E-02
  9.6130E+00  3.0000E+02  5.4138E+00  1.3776E+02  1.2210E+00 -2.6259E-01 -5.6166E-02
  8.7006E+00  3.4000E+02  6.6769E+00  1.3860E+02  1.2135E+00 -4.6699E-01 -8.9893E-02
  7.8705E+00  3.8000E+02  8.1960E+00  1.3950E+02  1.2045E+00 -7.4067E-01 -1.2971E-01
  7.1087E+00  4.2000E+02  1.0040E+01  1.4048E+02  1.1933E+00 -1.1339E+00 -1.8226E-01
  6.4042E+00  4.6000E+02  1.2262E+01  1.4152E+02  1.1798E+00 -1.6773E+00 -2.4928E-01
  5.7489E+00  5.0000E+02  1.4962E+01  1.4262E+02  1.1634E+00 -2.4367E+00 -3.3691E-01
  5.1362E+00  5.4000E+02  1.8262E+01  1.4380E+02  1.1436E+00 -3.4734E+00 -4.4900E-01
  4.5609E+00  5.8000E+02  2.2268E+01  1.4503E+02  1.1199E+00 -4.8115E+00 -5.8397E-01
  4.0188E+00  6.2000E+02  2.7053E+01  1.4633E+02  1.0920E+00 -6.4312E+00 -7.3558E-01
  3.5063E+00  6.6000E+02  3.2679E+01  1.4769E+02  1.0596E+00 -8.3285E+00 -9.0063E-01
  3.0202E+00  7.0000E+02  3.9205E+01  1.4911E+02  1.0222E+00 -1.0507E+01 -1.0775E+00
  2.5579E+00  7.4000E+02  4.6608E+01  1.5057E+02  9.7967E-01 -1.2861E+01 -1.2543E+00
  2.1171E+00  7.8000E+02  5.4726E+01  1.5201E+02  9.3244E-01 -1.5128E+01 -1.4070E+00
  1.6958E+00  8.2000E+02  6.3292E+01  1.5339E+02  8.8155E-01 -1.7076E+01 -1.5178E+00
  1.2924E+00  8.6000E+02  7.2203E+01  1.5463E+02  8.2719E-01 -1.9003E+01 -1.6177E+00
  9.0539E-01  9.0000E+02  8.2080E+01  1.5582E+02  7.6466E-01 -2.2447E+01 -1.8327E+00
  5.3349E-01  9.4000E+02  9.3217E+01  1.5691E+02  6.9140E-01 -2.7008E+01 -2.1192E+00
  1.7478E-01  9.8000E+02  1.0589E+02  1.5712E+02  6.0619E-01 -3.4780E+01 -2.6321E+00
