  25  6.0000000E+00
  2.7226E+01  2.0000E+01  1.3558E+00  1.1826E+02  1.1167E+00  0.0000E+00  0.0000E+00
  1.9382E+01  6.0000E+01  1.9385E+00  1.1830E+02  1.1126E+00 -6.7937E-02 -1.1243E-01
  1.6238E+01  1.0000E+02  2.2786E+00  1.1842E+02  1.1088E+00 -7.0132E-02 -4.6523E-02
  1.4169E+01  1.4000E+02  2.5458E+00  1.1873E+02  1.1051E+00  2.0552E-02  8.9707E-03
  1.2587E+01  1.8000E+02  2.9173E+00  1.1916E+02  1.1012E+00  3.5990E-02  1.2009E-02
  1.1283E+01  2.2000E+02  3.4212E+00  1.1965E+02  1.0971E+00 -1.5016E-02 -4.1317E-03
  1.0166E+01  2.6000E+02  4.0345E+00  1.2017E+02  1.0926E+00 -8.4145E-02 -1.9822E-02
  9.1865E+00  3.0000E+02  4.7360E+00  1.2071E+02  1.0879E+00 -1.6194E-01 -3.3479E-02
  8.3117E+00  3.4000E+02  5.5105E+00  1.2127E+02  1.0830E+00 -2.3892E-01 -4.4100E-02
  7.5199E+00  3.8000E+02  6.3566E+00  1.2186E+02  1.0778E+00 -3.2343E-01 -5.4030E-02
  6.7952E+00  4.2000E+02  7.2824E+00  1.2248E+02  1.0722E+00 -4.3216E-01 -6.6076E-02
  6.1258E+00  4.6000E+02  8.2972E+00  1.2311E+02  1.0663E+00 -5.7686E-01 -8.1465E-02
  5.5032E+00  5.0000E+02  9.4058E+00  1.2374E+02  1.0599E+00 -7.5999E-01 -9.9845E-02
  4.9205E+00  5.4000E+02  1.0606E+01  1.2437E+02  1.0530E+00 -9.7823E-01 -1.2025E-01
  4.3728E+00  5.8000E+02  1.1889E+01  1.2499E+02  1.0457E+00 -1.2218E+00 -1.4119E-01
  3.8559E+00  6.2000E+02  1.3254E+01  1.2558E+02  1.0381E+00 -1.4947E+00 -1.6301E-01
  3.3664E+00  6.6000E+02  1.4724E+01  1.2615E+02  1.0298E+00 -1.8339E+00 -1.8937E-01
  2.9016E+00  7.0000E+02  1.6367E+01  1.2671E+02  1.0204E+00 -2.3204E+00 -2.2755E-01
  2.4591E+00  7.4000E+02  1.8315E+01  1.2729E+02  1.0091E+00 -3.1030E+00 -2.8974E-01
  2.0366E+00  7.8000E+02  2.0772E+01  1.2789E+02  9.9478E-01 -4.4012E+00 -3.9230E-01
  1.6323E+00  8.2000E+02  2.3989E+01  1.2851E+02  9.7626E-01 -6.4239E+00 -5.4789E-01
  1.2447E+00  8.6000E+02  2.8189E+01  1.2911E+02  9.5247E-01 -9.2713E+00 -7.5829E-01
  8.7234E-01  9.0000E+02  3.3628E+01  1.2967E+02  9.2192E-01 -1.3119E+01 -1.0305E+00
  5.1428E-01  9.4000E+02  4.0785E+01  1.3013E+02  8.8164E-01 -1.8696E+01 -1.4124E+00
  1.6863E-01  9.8000E+02  4.9726E+01  1.3010E+02  8.3135E-01 -2.5947E+01 -1.8923E+00
