  25  6.0000000E+00
  2.7305E+01  2.0000E+01  1.4275E+00  1.2565E+02  1.1753E+00  0.0000E+00  0.0000E+00
  1.9481E+01  6.0000E+01  1.9796E+00  1.2569E+02  1.1711E+00 -6.5380E-02 -1.0793E-01
  1.6402E+01  1.0000E+02  2.2572E+00  1.2586E+02  1.1674E+00 -3.2460E-02 -2.1084E-02
  1.4363E+01  1.4000E+02  2.5078E+00  1.2624E+02  1.1636E+00  6.1944E-02  2.6654E-02
  1.2790E+01  1.8000E+02  2.8926E+00  1.2674E+02  1.1596E+00  7.5539E-02  2.5063E-02
  1.1485E+01  2.2000E+02  3.4438E+00  1.2732E+02  1.1552E+00  2.0392E-02  5.6173E-03
  1.0359E+01  2.6000E+02  4.1483E+00  1.2794E+02  1.1504E+00 -7.4639E-02 -1.7729E-02
  9.3656E+00  3.0000E+02  4.9801E+00  1.2859E+02  1.1451E+00 -1.8567E-01 -3.8904E-02
  8.4758E+00  3.4000E+02  5.9235E+00  1.2927E+02  1.1394E+00 -2.9946E-01 -5.6217E-02
  7.6684E+00  3.8000E+02  6.9834E+00  1.2998E+02  1.1330E+00 -4.3292E-01 -7.3745E-02
  6.9280E+00  4.2000E+02  8.1777E+00  1.3072E+02  1.1259E+00 -6.1212E-01 -9.5614E-02
  6.2433E+00  4.6000E+02  9.5223E+00  1.3148E+02  1.1181E+00 -8.5621E-01 -1.2369E-01
  5.6059E+00  5.0000E+02  1.1015E+01  1.3223E+02  1.1094E+00 -1.1602E+00 -1.5604E-01
  5.0093E+00  5.4000E+02  1.2628E+01  1.3295E+02  1.1002E+00 -1.4928E+00 -1.8788E-01
  4.4488E+00  5.8000E+02  1.4323E+01  1.3363E+02  1.0905E+00 -1.8236E+00 -2.1565E-01
  3.9204E+00  6.2000E+02  1.6081E+01  1.3425E+02  1.0806E+00 -2.1535E+00 -2.4009E-01
  3.4208E+00  6.6000E+02  1.7963E+01  1.3484E+02  1.0699E+00 -2.5819E+00 -2.7216E-01
  2.9471E+00  7.0000E+02  2.0160E+01  1.3545E+02  1.0572E+00 -3.3531E+00 -3.3511E-01
  2.4967E+00  7.4000E+02  2.3014E+01  1.3612E+02  1.0406E+00 -4.8322E+00 -4.5919E-01
  2.0672E+00  7.8000E+02  2.6909E+01  1.3689E+02  1.0183E+00 -7.2802E+00 -6.5974E-01
  1.6564E+00  8.2000E+02  3.2067E+01  1.3772E+02  9.8932E-01 -1.0549E+01 -9.1418E-01
  1.2627E+00  8.6000E+02  3.8530E+01  1.3853E+02  9.5328E-01 -1.4363E+01 -1.1930E+00
  8.8484E-01  9.0000E+02  4.6484E+01  1.3928E+02  9.0838E-01 -1.9045E+01 -1.5184E+00
  5.2159E-01  9.4000E+02  5.6212E+01  1.3994E+02  8.5192E-01 -2.4958E+01 -1.9128E+00
  1.7100E-01  9.8000E+02  6.7573E+01  1.3995E+02  7.8460E-01 -3.2389E+01 -2.3957E+00
