  25  6.0000000E+00
  2.7366E+01  2.0000E+01  1.4870E+00  1.3194E+02  1.2211E+00  0.0000E+00  0.0000E+00
  1.9565E+01  6.0000E+01  2.0093E+00  1.3197E+02  1.2169E+00 -6.2930E-02 -1.0357E-01
  1.6549E+01  1.0000E+02  2.2336E+00  1.3220E+02  1.2131E+00  1.7693E-03  1.1257E-03
  1.4534E+01  1.4000E+02  2.4739E+00  1.3263E+02  1.2093E+00  9.4575E-02  4.0212E-02
  1.2969E+01  1.8000E+02  2.8682E+00  1.3320E+02  1.2052E+00  1.1067E-01  3.6536E-02
  1.1662E+01  2.2000E+02  3.4653E+00  1.3386E+02  1.2005E+00  5.0497E-02  1.3927E-02
  1.0526E+01  2.6000E+02  4.2617E+00  1.3457E+02  1.1954E+00 -7.8294E-02 -1.8754E-02
  9.5209E+00  3.0000E+02  5.2260E+00  1.3531E+02  1.1896E+00 -2.2199E-01 -4.7094E-02
  8.6178E+00  3.4000E+02  6.3518E+00  1.3610E+02  1.1828E+00 -3.7438E-01 -7.1332E-02
  7.7973E+00  3.8000E+02  7.6647E+00  1.3695E+02  1.1749E+00 -5.6299E-01 -9.7461E-02
  7.0443E+00  4.2000E+02  9.2077E+00  1.3787E+02  1.1655E+00 -8.3292E-01 -1.3232E-01
  6.3476E+00  4.6000E+02  1.1013E+01  1.3883E+02  1.1547E+00 -1.2156E+00 -1.7870E-01
  5.6986E+00  5.0000E+02  1.3085E+01  1.3979E+02  1.1425E+00 -1.7087E+00 -2.3397E-01
  5.0909E+00  5.4000E+02  1.5397E+01  1.4071E+02  1.1291E+00 -2.2812E+00 -2.9246E-01
  4.5197E+00  5.8000E+02  1.7885E+01  1.4157E+02  1.1149E+00 -2.8629E+00 -3.4500E-01
  3.9812E+00  6.2000E+02  2.0491E+01  1.4233E+02  1.1002E+00 -3.4245E+00 -3.8908E-01
  3.4723E+00  6.6000E+02  2.3296E+01  1.4304E+02  1.0844E+00 -4.1224E+00 -4.4265E-01
  2.9902E+00  7.0000E+02  2.6646E+01  1.4378E+02  1.0654E+00 -5.4089E+00 -5.5009E-01
  2.5323E+00  7.4000E+02  3.1060E+01  1.4464E+02  1.0406E+00 -7.7605E+00 -7.4972E-01
  2.0959E+00  7.8000E+02  3.6821E+01  1.4561E+02  1.0086E+00 -1.0978E+01 -1.0107E+00
  1.6789E+00  8.2000E+02  4.3766E+01  1.4660E+02  9.6999E-01 -1.4270E+01 -1.2555E+00
  1.2795E+00  8.6000E+02  5.1745E+01  1.4755E+02  9.2505E-01 -1.7610E+01 -1.4839E+00
  8.9646E-01  9.0000E+02  6.1473E+01  1.4849E+02  8.6854E-01 -2.2937E+01 -1.8538E+00
  5.2834E-01  9.4000E+02  7.3297E+01  1.4939E+02  7.9665E-01 -2.9688E+01 -2.3058E+00
  1.7317E-01  9.8000E+02  8.6591E+01  1.4947E+02  7.1295E-01 -3.7187E+01 -2.7866E+00
