  25  6.0000000E+00
  2.6338E+01  2.0000E+01  7.0628E-01  9.1651E+01  4.9831E-01  0.0000E+00  0.0000E+00
  1.8559E+01  6.0000E+01  1.2925E+00  9.1696E+01  4.9526E-01 -6.9553E-02 -1.1415E-01
  1.5303E+01  1.0000E+02  1.7970E+00  9.1664E+01  4.9256E-01 -1.6499E-01 -1.1335E-01
  1.3141E+01  1.4000E+02  2.1620E+00  9.1635E+01  4.8987E-01 -1.8204E-01 -8.3022E-02
  1.1563E+01  1.8000E+02  2.3819E+00  9.1693E+01  4.8730E-01 -1.0280E-01 -3.4218E-02
  1.0329E+01  2.2000E+02  2.5409E+00  9.1869E+01  4.8481E-01  1.4198E-02  3.6979E-03
  9.3058E+00  2.6000E+02  2.7164E+00  9.2142E+01  4.8235E-01  9.5347E-02  2.0582E-02
  8.4217E+00  3.0000E+02  2.9481E+00  9.2486E+01  4.7988E-01  1.2693E-01  2.3676E-02
  7.6359E+00  3.4000E+02  3.2510E+00  9.2879E+01  4.7736E-01  1.1468E-01  1.9012E-02
  6.9246E+00  3.8000E+02  3.6244E+00  9.3307E+01  4.7481E-01  7.5595E-02  1.1346E-02
  6.2726E+00  4.2000E+02  4.0620E+00  9.3761E+01  4.7219E-01  2.6255E-02  3.6116E-03
  5.6694E+00  4.6000E+02  4.5601E+00  9.4242E+01  4.6950E-01 -2.8169E-02 -3.5850E-03
  5.1068E+00  5.0000E+02  5.1212E+00  9.4749E+01  4.6671E-01 -9.7125E-02 -1.1527E-02
  4.5787E+00  5.4000E+02  5.7509E+00  9.5276E+01  4.6379E-01 -1.9318E-01 -2.1525E-02
  4.0801E+00  5.8000E+02  6.4543E+00  9.5819E+01  4.6068E-01 -3.2253E-01 -3.3930E-02
  3.6072E+00  6.2000E+02  7.2372E+00  9.6371E+01  4.5732E-01 -4.8893E-01 -4.8779E-02
  3.1572E+00  6.6000E+02  8.1067E+00  9.6926E+01  4.5362E-01 -6.9874E-01 -6.6348E-02
  2.7275E+00  7.0000E+02  9.0741E+00  9.7479E+01  4.4949E-01 -9.6400E-01 -8.7378E-02
  2.3164E+00  7.4000E+02  1.0155E+01  9.8024E+01  4.4482E-01 -1.3037E+00 -1.1308E-01
  1.9222E+00  7.8000E+02  1.1373E+01  9.8554E+01  4.3948E-01 -1.7452E+00 -1.4516E-01
  1.5434E+00  8.2000E+02  1.2761E+01  9.9060E+01  4.3330E-01 -2.3297E+00 -1.8618E-01
  1.1789E+00  8.6000E+02  1.4362E+01  9.9529E+01  4.2609E-01 -3.1051E+00 -2.3878E-01
  8.2761E-01  9.0000E+02  1.6234E+01  9.9940E+01  4.1758E-01 -4.1574E+00 -3.0812E-01
  4.8851E-01  9.4000E+02  1.8506E+01  1.0026E+02  4.0722E-01 -5.7662E+00 -4.1253E-01
  1.6031E-01  9.8000E+02  2.1336E+01  1.0034E+02  3.9455E-01 -8.3829E+00 -5.8047E-01
