  26  3.7500000E+00
  3.2043E+01  1.0000E-03  1.3633E+03  1.1990E+02  1.3633E+03  0.0000E+00  0.0000E+00
  2.2845E+01  4.0000E+01  1.3626E+03  1.1968E+02  1.3620E+03  4.8787E-02  9.4679E-02
  1.7901E+01  8.0000E+01  1.3584E+03  1.1780E+02  1.3528E+03  4.7178E-01  4.9217E-01
  1.5364E+01  1.2000E+02  1.3543E+03  1.1602E+02  1.3445E+03  9.1188E-01  4.8800E-01
  1.3550E+01  1.6000E+02  1.3488E+03  1.1416E+02  1.3350E+03  2.0238E+00  7.7467E-01
  1.2102E+01  2.0000E+02  1.3416E+03  1.1223E+02  1.3240E+03  3.6273E+00  1.1075E+00
  1.0884E+01  2.4000E+02  1.3330E+03  1.1024E+02  1.3117E+03  5.4159E+00  1.3923E+00
  9.8256E+00  2.8000E+02  1.3233E+03  1.0820E+02  1.2986E+03  7.2222E+00  1.6127E+00
  8.8866E+00  3.2000E+02  1.3128E+03  1.0611E+02  1.2848E+03  8.9747E+00  1.7779E+00
  8.0407E+00  3.6000E+02  1.3017E+03  1.0398E+02  1.2706E+03  1.0627E+01  1.8966E+00
  7.2694E+00  4.0000E+02  1.2902E+03  1.0180E+02  1.2561E+03  1.2061E+01  1.9626E+00
  6.5595E+00  4.4000E+02  1.2787E+03  9.9591E+01  1.2418E+03  1.3102E+01  1.9625E+00
  5.9010E+00  4.8000E+02  1.2674E+03  9.7340E+01  1.2279E+03  1.3644E+01  1.8955E+00
  5.2865E+00  5.2000E+02  1.2567E+03  9.5050E+01  1.2147E+03  1.3706E+01  1.7769E+00
  4.7103E+00  5.6000E+02  1.2467E+03  9.2722E+01  1.2022E+03  1.3437E+01  1.6334E+00
  4.1680E+00  6.0000E+02  1.2372E+03  9.0356E+01  1.1904E+03  1.3115E+01  1.5007E+00
  3.6558E+00  6.4000E+02  1.2281E+03  8.7954E+01  1.1792E+03  1.3080E+01  1.4135E+00
  3.1706E+00  6.8000E+02  1.2190E+03  8.5523E+01  1.1680E+03  1.3744E+01  1.4069E+00
  2.7098E+00  7.2000E+02  1.2094E+03  8.3071E+01  1.1565E+03  1.5522E+01  1.5091E+00
  2.2710E+00  7.6000E+02  1.1988E+03  8.0613E+01  1.1441E+03  1.8590E+01  1.7208E+00
  1.8523E+00  8.0000E+02  1.1868E+03  7.8168E+01  1.1305E+03  2.2636E+01  1.9997E+00
  1.4517E+00  8.4000E+02  1.1737E+03  7.5754E+01  1.1158E+03  2.6847E+01  2.2690E+00
  1.0676E+00  8.8000E+02  1.1595E+03  7.3396E+01  1.1002E+03  3.0672E+01  2.4853E+00
  6.9875E-01  9.2000E+02  1.1446E+03  7.1143E+01  1.0839E+03  3.4472E+01  2.6828E+00
  3.4341E-01  9.6000E+02  1.1290E+03  6.9077E+01  1.0671E+03  3.7877E+01  2.8396E+00
  7.0245E-04  1.0000E+03  1.1137E+03  6.7372E+01  1.0506E+03  3.9873E+01  2.8830E+00
