  26  3.7500000E+00
  3.1275E+01  1.0000E-03  1.3633E+03  1.2266E+02  1.3633E+03  0.0000E+00  0.0000E+00
  2.2111E+01  4.0000E+01  1.3626E+03  1.2245E+02  1.3620E+03  4.8680E-02  9.4121E-02
  1.7050E+01  8.0000E+01  1.3586E+03  1.2059E+02  1.3531E+03  4.3398E-01  4.6336E-01
  1.4372E+01  1.2000E+02  1.3552E+03  1.1882E+02  1.3455E+03  5.9105E-01  3.3396E-01
  1.2492E+01  1.6000E+02  1.3516E+03  1.1695E+02  1.3379E+03  8.9770E-01  3.5605E-01
  1.1063E+01  2.0000E+02  1.3476E+03  1.1502E+02  1.3301E+03  1.4661E+00  4.4207E-01
  9.9131E+00  2.4000E+02  1.3429E+03  1.1302E+02  1.3218E+03  2.3322E+00  5.6582E-01
  8.9439E+00  2.8000E+02  1.3377E+03  1.1097E+02  1.3131E+03  3.3278E+00  6.8049E-01
  8.0977E+00  3.2000E+02  1.3318E+03  1.0887E+02  1.3040E+03  4.3953E+00  7.8469E-01
  7.3405E+00  3.6000E+02  1.3254E+03  1.0672E+02  1.2944E+03  5.6522E+00  9.0301E-01
  6.6515E+00  4.0000E+02  1.3183E+03  1.0453E+02  1.2843E+03  7.1796E+00  1.0437E+00
  6.0171E+00  4.4000E+02  1.3104E+03  1.0230E+02  1.2736E+03  8.9250E+00  1.1944E+00
  5.4281E+00  4.8000E+02  1.3018E+03  1.0003E+02  1.2623E+03  1.0769E+01  1.3383E+00
  4.8772E+00  5.2000E+02  1.2925E+03  9.7732E+01  1.2505E+03  1.2614E+01  1.4663E+00
  4.3587E+00  5.6000E+02  1.2827E+03  9.5402E+01  1.2383E+03  1.4417E+01  1.5769E+00
  3.8685E+00  6.0000E+02  1.2724E+03  9.3046E+01  1.2258E+03  1.6159E+01  1.6714E+00
  3.4030E+00  6.4000E+02  1.2618E+03  9.0667E+01  1.2130E+03  1.7811E+01  1.7492E+00
  2.9596E+00  6.8000E+02  1.2508E+03  8.8269E+01  1.2000E+03  1.9337E+01  1.8090E+00
  2.5360E+00  7.2000E+02  1.2396E+03  8.5856E+01  1.1869E+03  2.0716E+01  1.8512E+00
  2.1305E+00  7.6000E+02  1.2283E+03  8.3434E+01  1.1737E+03  2.1963E+01  1.8792E+00
  1.7414E+00  8.0000E+02  1.2168E+03  8.1010E+01  1.1606E+03  2.3147E+01  1.9002E+00
  1.3674E+00  8.4000E+02  1.2053E+03  7.8596E+01  1.1475E+03  2.4398E+01  1.9250E+00
  1.0075E+00  8.8000E+02  1.1936E+03  7.6208E+01  1.1344E+03  2.5785E+01  1.9583E+00
  6.6035E-01  9.2000E+02  1.1818E+03  7.3877E+01  1.1211E+03  2.7465E+01  2.0114E+00
  3.2488E-01  9.6000E+02  1.1697E+03  7.1660E+01  1.1078E+03  2.9508E+01  2.0885E+00
  4.4719E-04  1.0000E+03  1.1574E+03  6.9694E+01  1.0944E+03  3.1760E+01  2.1739E+00
