  26  3.7500000E+00
  3.2081E+01  1.0000E-03  1.3633E+03  1.1571E+02  1.3633E+03  0.0000E+00  0.0000E+00
  2.2946E+01  4.0000E+01  1.3626E+03  1.1549E+02  1.3620E+03  4.8336E-02  9.3162E-02
  1.8130E+01  8.0000E+01  1.3585E+03  1.1359E+02  1.3529E+03  4.6613E-01  4.7360E-01
  1.5706E+01  1.2000E+02  1.3546E+03  1.1181E+02  1.3448E+03  8.7638E-01  4.4832E-01
  1.3946E+01  1.6000E+02  1.3490E+03  1.0995E+02  1.3352E+03  2.1070E+00  7.8226E-01
  1.2512E+01  2.0000E+02  1.3403E+03  1.0803E+02  1.3228E+03  4.6828E+00  1.4168E+00
  1.1282E+01  2.4000E+02  1.3278E+03  1.0605E+02  1.3067E+03  8.5716E+00  2.2249E+00
  1.0197E+01  2.8000E+02  1.3120E+03  1.0402E+02  1.2874E+03  1.2680E+01  2.9009E+00
  9.2269E+00  3.2000E+02  1.2945E+03  1.0195E+02  1.2667E+03  1.5904E+01  3.2564E+00
  8.3483E+00  3.6000E+02  1.2766E+03  9.9843E+01  1.2457E+03  1.8014E+01  3.3394E+00
  7.5454E+00  4.0000E+02  1.2590E+03  9.7703E+01  1.2251E+03  1.9259E+01  3.2626E+00
  6.8060E+00  4.4000E+02  1.2421E+03  9.5531E+01  1.2054E+03  1.9963E+01  3.1141E+00
  6.1207E+00  4.8000E+02  1.2259E+03  9.3331E+01  1.1866E+03  2.0397E+01  2.9488E+00
  5.4822E+00  5.2000E+02  1.2104E+03  9.1105E+01  1.1686E+03  2.0697E+01  2.7884E+00
  4.8842E+00  5.6000E+02  1.1957E+03  8.8856E+01  1.1515E+03  2.0940E+01  2.6417E+00
  4.3219E+00  6.0000E+02  1.1815E+03  8.6587E+01  1.1350E+03  2.1176E+01  2.5122E+00
  3.7911E+00  6.4000E+02  1.1678E+03  8.4300E+01  1.1193E+03  2.1423E+01  2.3990E+00
  3.2884E+00  6.8000E+02  1.1546E+03  8.1999E+01  1.1040E+03  2.1684E+01  2.2999E+00
  2.8108E+00  7.2000E+02  1.1418E+03  7.9688E+01  1.0894E+03  2.1959E+01  2.2124E+00
  2.3560E+00  7.6000E+02  1.1294E+03  7.7371E+01  1.0751E+03  2.2233E+01  2.1336E+00
  1.9216E+00  8.0000E+02  1.1173E+03  7.5053E+01  1.0614E+03  2.2485E+01  2.0604E+00
  1.5060E+00  8.4000E+02  1.1056E+03  7.2740E+01  1.0480E+03  2.2771E+01  1.9967E+00
  1.1075E+00  8.8000E+02  1.0939E+03  7.0446E+01  1.0350E+03  2.3380E+01  1.9657E+00
  7.2476E-01  9.2000E+02  1.0822E+03  6.8209E+01  1.0219E+03  2.4927E+01  2.0131E+00
  3.5611E-01  9.6000E+02  1.0698E+03  6.6105E+01  1.0082E+03  2.7911E+01  2.1708E+00
  7.2631E-04  1.0000E+03  1.0565E+03  6.4310E+01  9.9380E+02  3.2335E+01  2.4244E+00
