  26  3.7500000E+00
  3.1994E+01  1.0000E-03  1.3633E+03  1.2153E+02  1.3633E+03  0.0000E+00  0.0000E+00
  2.2694E+01  4.0000E+01  1.3626E+03  1.2132E+02  1.3620E+03  4.8922E-02  9.5995E-02
  1.7608E+01  8.0000E+01  1.3584E+03  1.1945E+02  1.3529E+03  4.5601E-01  4.8925E-01
  1.4961E+01  1.2000E+02  1.3545E+03  1.1767E+02  1.3448E+03  7.9084E-01  4.4181E-01
  1.3097E+01  1.6000E+02  1.3496E+03  1.1581E+02  1.3359E+03  1.6240E+00  6.3843E-01
  1.1645E+01  2.0000E+02  1.3437E+03  1.1387E+02  1.3261E+03  2.7600E+00  8.4556E-01
  1.0445E+01  2.4000E+02  1.3370E+03  1.1188E+02  1.3158E+03  3.8798E+00  9.8252E-01
  9.4166E+00  2.8000E+02  1.3299E+03  1.0983E+02  1.3052E+03  4.9617E+00  1.0764E+00
  8.5131E+00  3.2000E+02  1.3222E+03  1.0773E+02  1.2942E+03  6.1987E+00  1.1816E+00
  7.7039E+00  3.6000E+02  1.3138E+03  1.0558E+02  1.2826E+03  7.7556E+00  1.3241E+00
  6.9684E+00  4.0000E+02  1.3045E+03  1.0339E+02  1.2704E+03  9.5907E+00  1.4882E+00
  6.2925E+00  4.4000E+02  1.2946E+03  1.0117E+02  1.2577E+03  1.1441E+01  1.6316E+00
  5.6660E+00  4.8000E+02  1.2842E+03  9.8908E+01  1.2446E+03  1.3021E+01  1.7211E+00
  5.0814E+00  5.2000E+02  1.2735E+03  9.6614E+01  1.2314E+03  1.4243E+01  1.7568E+00
  4.5327E+00  5.6000E+02  1.2629E+03  9.4289E+01  1.2183E+03  1.5208E+01  1.7602E+00
  4.0156E+00  6.0000E+02  1.2522E+03  9.1936E+01  1.2054E+03  1.6039E+01  1.7501E+00
  3.5262E+00  6.4000E+02  1.2416E+03  8.9556E+01  1.1927E+03  1.6803E+01  1.7350E+00
  3.0615E+00  6.8000E+02  1.2311E+03  8.7153E+01  1.1801E+03  1.7538E+01  1.7194E+00
  2.6190E+00  7.2000E+02  1.2205E+03  8.4730E+01  1.1676E+03  1.8320E+01  1.7101E+00
  2.1967E+00  7.6000E+02  1.2100E+03  8.2294E+01  1.1552E+03  1.9287E+01  1.7184E+00
  1.7928E+00  8.0000E+02  1.1992E+03  7.9853E+01  1.1428E+03  2.0635E+01  1.7586E+00
  1.4057E+00  8.4000E+02  1.1880E+03  7.7423E+01  1.1300E+03  2.2569E+01  1.8430E+00
  1.0343E+00  8.8000E+02  1.1763E+03  7.5029E+01  1.1168E+03  2.5172E+01  1.9727E+00
  6.7721E-01  9.2000E+02  1.1638E+03  7.2713E+01  1.1030E+03  2.8332E+01  2.1344E+00
  3.3293E-01  9.6000E+02  1.1509E+03  7.0537E+01  1.0889E+03  3.1248E+01  2.2697E+00
  6.0228E-04  1.0000E+03  1.1380E+03  6.8625E+01  1.0748E+03  3.3102E+01  2.3210E+00
