  26  3.7500000E+00
  3.1423E+01  1.0000E-03  1.3633E+03  1.2257E+02  1.3633E+03  0.0000E+00  0.0000E+00
  2.2207E+01  4.0000E+01  1.3626E+03  1.2235E+02  1.3620E+03  4.8804E-02  9.4890E-02
  1.7117E+01  8.0000E+01  1.3585E+03  1.2050E+02  1.3530E+03  4.3583E-01  4.6805E-01
  1.4425E+01  1.2000E+02  1.3551E+03  1.1872E+02  1.3454E+03  5.9858E-01  3.4003E-01
  1.2536E+01  1.6000E+02  1.3515E+03  1.1685E+02  1.3378E+03  9.1281E-01  3.6379E-01
  1.1099E+01  2.0000E+02  1.3475E+03  1.1492E+02  1.3300E+03  1.4686E+00  4.4527E-01
  9.9419E+00  2.4000E+02  1.3428E+03  1.1292E+02  1.3217E+03  2.3091E+00  5.6358E-01
  8.9673E+00  2.8000E+02  1.3376E+03  1.1087E+02  1.3130E+03  3.3162E+00  6.8184E-01
  8.1172E+00  3.2000E+02  1.3317E+03  1.0877E+02  1.3038E+03  4.4395E+00  7.9621E-01
  7.3571E+00  3.6000E+02  1.3251E+03  1.0662E+02  1.2942E+03  5.7661E+00  9.2477E-01
  6.6657E+00  4.0000E+02  1.3179E+03  1.0443E+02  1.2839E+03  7.3608E+00  1.0738E+00
  6.0293E+00  4.4000E+02  1.3098E+03  1.0220E+02  1.2730E+03  9.1717E+00  1.2314E+00
  5.4383E+00  4.8000E+02  1.3010E+03  9.9934E+01  1.2615E+03  1.1077E+01  1.3811E+00
  4.8857E+00  5.2000E+02  1.2915E+03  9.7636E+01  1.2495E+03  1.2968E+01  1.5121E+00
  4.3657E+00  5.6000E+02  1.2815E+03  9.5308E+01  1.2371E+03  1.4784E+01  1.6218E+00
  3.8742E+00  6.0000E+02  1.2710E+03  9.2954E+01  1.2244E+03  1.6495E+01  1.7107E+00
  3.4076E+00  6.4000E+02  1.2602E+03  9.0577E+01  1.2114E+03  1.8077E+01  1.7796E+00
  2.9632E+00  6.8000E+02  1.2492E+03  8.8181E+01  1.1983E+03  1.9511E+01  1.8292E+00
  2.5388E+00  7.2000E+02  1.2379E+03  8.5770E+01  1.1852E+03  2.0799E+01  1.8622E+00
  2.1326E+00  7.6000E+02  1.2266E+03  8.3350E+01  1.1720E+03  2.1974E+01  1.8834E+00
  1.7429E+00  8.0000E+02  1.2151E+03  8.0929E+01  1.1589E+03  2.3126E+01  1.9012E+00
  1.3685E+00  8.4000E+02  1.2036E+03  7.8517E+01  1.1458E+03  2.4392E+01  1.9269E+00
  1.0082E+00  8.8000E+02  1.1919E+03  7.6134E+01  1.1327E+03  2.5811E+01  1.9623E+00
  6.6076E-01  9.2000E+02  1.1801E+03  7.3807E+01  1.1195E+03  2.7389E+01  2.0074E+00
  3.2507E-01  9.6000E+02  1.1681E+03  7.1590E+01  1.1062E+03  2.9146E+01  2.0643E+00
  4.5077E-04  1.0000E+03  1.1560E+03  6.9611E+01  1.0930E+03  3.1113E+01  2.1309E+00
