  26  3.7500000E+00
  3.2043E+01  1.0000E-03  1.3633E+03  1.1992E+02  1.3633E+03  0.0000E+00  0.0000E+00
  2.2844E+01  4.0000E+01  1.3626E+03  1.1971E+02  1.3620E+03  4.8832E-02  9.4775E-02
  1.7900E+01  8.0000E+01  1.3584E+03  1.1782E+02  1.3528E+03  4.7195E-01  4.9224E-01
  1.5365E+01  1.2000E+02  1.3543E+03  1.1604E+02  1.3445E+03  9.1001E-01  4.8677E-01
  1.3551E+01  1.6000E+02  1.3488E+03  1.1418E+02  1.3350E+03  2.0192E+00  7.7279E-01
  1.2104E+01  2.0000E+02  1.3416E+03  1.1225E+02  1.3240E+03  3.6283E+00  1.1078E+00
  1.0886E+01  2.4000E+02  1.3330E+03  1.1027E+02  1.3117E+03  5.4330E+00  1.3963E+00
  9.8273E+00  2.8000E+02  1.3233E+03  1.0823E+02  1.2986E+03  7.2596E+00  1.6208E+00
  8.8884E+00  3.2000E+02  1.3127E+03  1.0614E+02  1.2847E+03  9.0294E+00  1.7886E+00
  8.0425E+00  3.6000E+02  1.3015E+03  1.0401E+02  1.2704E+03  1.0685E+01  1.9070E+00
  7.2711E+00  4.0000E+02  1.2900E+03  1.0183E+02  1.2560E+03  1.2093E+01  1.9681E+00
  6.5610E+00  4.4000E+02  1.2785E+03  9.9620E+01  1.2417E+03  1.3081E+01  1.9598E+00
  5.9023E+00  4.8000E+02  1.2673E+03  9.7369E+01  1.2278E+03  1.3553E+01  1.8835E+00
  5.2876E+00  5.2000E+02  1.2567E+03  9.5079E+01  1.2146E+03  1.3552E+01  1.7575E+00
  4.7113E+00  5.6000E+02  1.2468E+03  9.2750E+01  1.2023E+03  1.3260E+01  1.6123E+00
  4.1688E+00  6.0000E+02  1.2374E+03  9.0383E+01  1.1906E+03  1.2958E+01  1.4831E+00
  3.6564E+00  6.4000E+02  1.2283E+03  8.7981E+01  1.1794E+03  1.2967E+01  1.4017E+00
  3.1711E+00  6.8000E+02  1.2192E+03  8.5549E+01  1.1683E+03  1.3676E+01  1.4004E+00
  2.7101E+00  7.2000E+02  1.2097E+03  8.3097E+01  1.1568E+03  1.5459E+01  1.5034E+00
  2.2713E+00  7.6000E+02  1.1991E+03  8.0639E+01  1.1444E+03  1.8465E+01  1.7098E+00
  1.8524E+00  8.0000E+02  1.1873E+03  7.8191E+01  1.1309E+03  2.2434E+01  1.9824E+00
  1.4518E+00  8.4000E+02  1.1742E+03  7.5774E+01  1.1162E+03  2.6651E+01  2.2529E+00
  1.0677E+00  8.8000E+02  1.1601E+03  7.3414E+01  1.1007E+03  3.0581E+01  2.4782E+00
  6.9876E-01  9.2000E+02  1.1451E+03  7.1159E+01  1.0844E+03  3.4527E+01  2.6872E+00
  3.4341E-01  9.6000E+02  1.1295E+03  6.9094E+01  1.0675E+03  3.8054E+01  2.8529E+00
  7.0410E-04  1.0000E+03  1.1140E+03  6.7393E+01  1.0510E+03  4.0108E+01  2.9000E+00
