  26  3.7500000E+00
  3.2100E+01  1.0000E-03  1.3633E+03  1.1793E+02  1.3633E+03  0.0000E+00  0.0000E+00
  2.2920E+01  4.0000E+01  1.3626E+03  1.1772E+02  1.3620E+03  4.8375E-02  9.3695E-02
  1.8066E+01  8.0000E+01  1.3584E+03  1.1582E+02  1.3528E+03  4.6729E-01  4.7860E-01
  1.5608E+01  1.2000E+02  1.3544E+03  1.1404E+02  1.3446E+03  9.0784E-01  4.7078E-01
  1.3827E+01  1.6000E+02  1.3488E+03  1.1218E+02  1.3350E+03  2.1369E+00  8.0290E-01
  1.2388E+01  2.0000E+02  1.3409E+03  1.1025E+02  1.3233E+03  4.1298E+00  1.2539E+00
  1.1162E+01  2.4000E+02  1.3309E+03  1.0827E+02  1.3096E+03  6.5620E+00  1.6977E+00
  1.0086E+01  2.8000E+02  1.3190E+03  1.0623E+02  1.2943E+03  9.1669E+00  2.0810E+00
  9.1258E+00  3.2000E+02  1.3057E+03  1.0415E+02  1.2777E+03  1.1679E+01  2.3649E+00
  8.2587E+00  3.6000E+02  1.2916E+03  1.0203E+02  1.2606E+03  1.3740E+01  2.5138E+00
  7.4667E+00  4.0000E+02  1.2776E+03  9.9872E+01  1.2436E+03  1.5040E+01  2.5129E+00
  6.7369E+00  4.4000E+02  1.2640E+03  9.7674E+01  1.2272E+03  1.5627E+01  2.4063E+00
  6.0592E+00  4.8000E+02  1.2510E+03  9.5439E+01  1.2116E+03  1.5809E+01  2.2602E+00
  5.4264E+00  5.2000E+02  1.2388E+03  9.3167E+01  1.1968E+03  1.5740E+01  2.1015E+00
  4.8327E+00  5.6000E+02  1.2273E+03  9.0859E+01  1.1830E+03  1.5422E+01  1.9317E+00
  4.2738E+00  6.0000E+02  1.2166E+03  8.8514E+01  1.1700E+03  1.4956E+01  1.7635E+00
  3.7462E+00  6.4000E+02  1.2065E+03  8.6133E+01  1.1577E+03  1.4662E+01  1.6322E+00
  3.2469E+00  6.8000E+02  1.1965E+03  8.3724E+01  1.1457E+03  1.5229E+01  1.6040E+00
  2.7736E+00  7.2000E+02  1.1857E+03  8.1300E+01  1.1330E+03  1.7560E+01  1.7537E+00
  2.3236E+00  7.6000E+02  1.1736E+03  7.8885E+01  1.1191E+03  2.1596E+01  2.0501E+00
  1.8947E+00  8.0000E+02  1.1602E+03  7.6492E+01  1.1040E+03  2.5624E+01  2.3189E+00
  1.4846E+00  8.4000E+02  1.1463E+03  7.4129E+01  1.0885E+03  2.8301E+01  2.4487E+00
  1.0916E+00  8.8000E+02  1.1319E+03  7.1817E+01  1.0727E+03  3.0722E+01  2.5472E+00
  7.1435E-01  9.2000E+02  1.1169E+03  6.9608E+01  1.0564E+03  3.3840E+01  2.6937E+00
  3.5103E-01  9.6000E+02  1.1015E+03  6.7579E+01  1.0398E+03  3.6669E+01  2.8108E+00
  7.2256E-04  1.0000E+03  1.0862E+03  6.5909E+01  1.0233E+03  3.9154E+01  2.8938E+00
