  26  3.7500000E+00
  3.1979E+01  1.0000E-03  1.3633E+03  1.2172E+02  1.3633E+03  0.0000E+00  0.0000E+00
  2.2648E+01  4.0000E+01  1.3626E+03  1.2151E+02  1.3620E+03  4.8928E-02  9.6323E-02
  1.7528E+01  8.0000E+01  1.3584E+03  1.1965E+02  1.3529E+03  4.5055E-01  4.8676E-01
  1.4850E+01  1.2000E+02  1.3547E+03  1.1786E+02  1.3449E+03  7.4103E-01  4.1867E-01
  1.2970E+01  1.6000E+02  1.3501E+03  1.1600E+02  1.3363E+03  1.4462E+00  5.7351E-01
  1.1515E+01  2.0000E+02  1.3446E+03  1.1406E+02  1.3270E+03  2.4257E+00  7.4452E-01
  1.0321E+01  2.4000E+02  1.3385E+03  1.1207E+02  1.3173E+03  3.4108E+00  8.5957E-01
  9.3023E+00  2.8000E+02  1.3320E+03  1.1002E+02  1.3073E+03  4.3841E+00  9.4210E-01
  8.4099E+00  3.2000E+02  1.3250E+03  1.0791E+02  1.2970E+03  5.5485E+00  1.0446E+00
  7.6118E+00  3.6000E+02  1.3172E+03  1.0576E+02  1.2861E+03  7.0905E+00  1.1940E+00
  6.8868E+00  4.0000E+02  1.3084E+03  1.0357E+02  1.2744E+03  8.9954E+00  1.3759E+00
  6.2207E+00  4.4000E+02  1.2989E+03  1.0134E+02  1.2620E+03  1.1039E+01  1.5515E+00
  5.6032E+00  4.8000E+02  1.2886E+03  9.9082E+01  1.2490E+03  1.2958E+01  1.6881E+00
  5.0269E+00  5.2000E+02  1.2779E+03  9.6788E+01  1.2358E+03  1.4601E+01  1.7755E+00
  4.4858E+00  5.6000E+02  1.2669E+03  9.4466E+01  1.2224E+03  1.5950E+01  1.8207E+00
  3.9755E+00  6.0000E+02  1.2559E+03  9.2116E+01  1.2091E+03  1.7041E+01  1.8346E+00
  3.4923E+00  6.4000E+02  1.2449E+03  8.9741E+01  1.1959E+03  1.7920E+01  1.8270E+00
  3.0332E+00  6.8000E+02  1.2339E+03  8.7345E+01  1.1829E+03  1.8664E+01  1.8079E+00
  2.5957E+00  7.2000E+02  1.2230E+03  8.4931E+01  1.1701E+03  1.9395E+01  1.7901E+00
  2.1779E+00  7.6000E+02  1.2121E+03  8.2505E+01  1.1574E+03  2.0290E+01  1.7887E+00
  1.7780E+00  8.0000E+02  1.2010E+03  8.0076E+01  1.1447E+03  2.1555E+01  1.8187E+00
  1.3945E+00  8.4000E+02  1.1897E+03  7.7661E+01  1.1317E+03  2.3317E+01  1.8862E+00
  1.0264E+00  8.8000E+02  1.1779E+03  7.5281E+01  1.1185E+03  2.5453E+01  1.9768E+00
  6.7229E-01  9.2000E+02  1.1658E+03  7.2970E+01  1.1051E+03  2.7643E+01  2.0653E+00
  3.3059E-01  9.6000E+02  1.1536E+03  7.0774E+01  1.0916E+03  2.9442E+01  2.1225E+00
  5.3854E-04  1.0000E+03  1.1415E+03  6.8799E+01  1.0783E+03  3.0654E+01  2.1346E+00
