  26  3.7500000E+00
  3.1143E+01  1.0000E-03  1.3633E+03  1.2277E+02  1.3633E+03  0.0000E+00  0.0000E+00
  2.2022E+01  4.0000E+01  1.3626E+03  1.2255E+02  1.3620E+03  4.8277E-02  9.2899E-02
  1.6987E+01  8.0000E+01  1.3586E+03  1.2070E+02  1.3531E+03  4.2971E-01  4.5654E-01
  1.4319E+01  1.2000E+02  1.3553E+03  1.1892E+02  1.3456E+03  5.7975E-01  3.2626E-01
  1.2446E+01  1.6000E+02  1.3518E+03  1.1705E+02  1.3380E+03  8.7665E-01  3.4658E-01
  1.1023E+01  2.0000E+02  1.3477E+03  1.1512E+02  1.3302E+03  1.4607E+00  4.3828E-01
  9.8806E+00  2.4000E+02  1.3431E+03  1.1312E+02  1.3219E+03  2.3550E+00  5.6782E-01
  8.9173E+00  2.8000E+02  1.3378E+03  1.1107E+02  1.3132E+03  3.3260E+00  6.7598E-01
  8.0756E+00  3.2000E+02  1.3321E+03  1.0897E+02  1.3042E+03  4.3173E+00  7.6665E-01
  7.3219E+00  3.6000E+02  1.3258E+03  1.0682E+02  1.2948E+03  5.4893E+00  8.7294E-01
  6.6357E+00  4.0000E+02  1.3188E+03  1.0463E+02  1.2849E+03  6.9406E+00  1.0047E+00
  6.0040E+00  4.4000E+02  1.3112E+03  1.0240E+02  1.2744E+03  8.6166E+00  1.1484E+00
  5.4173E+00  4.8000E+02  1.3028E+03  1.0013E+02  1.2633E+03  1.0401E+01  1.2874E+00
  4.8684E+00  5.2000E+02  1.2938E+03  9.7830E+01  1.2518E+03  1.2212E+01  1.4142E+00
  4.3517E+00  5.6000E+02  1.2842E+03  9.5498E+01  1.2398E+03  1.4030E+01  1.5295E+00
  3.8629E+00  6.0000E+02  1.2741E+03  9.3140E+01  1.2275E+03  1.5839E+01  1.6335E+00
  3.3986E+00  6.4000E+02  1.2635E+03  9.0759E+01  1.2148E+03  1.7588E+01  1.7229E+00
  2.9562E+00  6.8000E+02  1.2526E+03  8.8359E+01  1.2018E+03  1.9221E+01  1.7942E+00
  2.5334E+00  7.2000E+02  1.2415E+03  8.5944E+01  1.1887E+03  2.0701E+01  1.8463E+00
  2.1285E+00  7.6000E+02  1.2301E+03  8.3520E+01  1.1756E+03  2.2024E+01  1.8813E+00
  1.7400E+00  8.0000E+02  1.2187E+03  8.1094E+01  1.1625E+03  2.3247E+01  1.9057E+00
  1.3665E+00  8.4000E+02  1.2071E+03  7.8677E+01  1.1493E+03  2.4486E+01  1.9296E+00
  1.0068E+00  8.8000E+02  1.1954E+03  7.6285E+01  1.1362E+03  2.5835E+01  1.9603E+00
  6.5999E-01  9.2000E+02  1.1835E+03  7.3950E+01  1.1229E+03  2.7617E+01  2.0210E+00
  3.2473E-01  9.6000E+02  1.1713E+03  7.1735E+01  1.1094E+03  2.9928E+01  2.1169E+00
  4.4336E-04  1.0000E+03  1.1588E+03  6.9781E+01  1.0958E+03  3.2343E+01  2.2128E+00
