  26  3.7500000E+00
  3.2003E+01  1.0000E-03  1.3633E+03  1.2127E+02  1.3633E+03  0.0000E+00  0.0000E+00
  2.2736E+01  4.0000E+01  1.3626E+03  1.2105E+02  1.3620E+03  4.8992E-02  9.5786E-02
  1.7691E+01  8.0000E+01  1.3584E+03  1.1918E+02  1.3528E+03  4.6301E-01  4.9282E-01
  1.5076E+01  1.2000E+02  1.3544E+03  1.1740E+02  1.3446E+03  8.3884E-01  4.6280E-01
  1.3229E+01  1.6000E+02  1.3493E+03  1.1554E+02  1.3355E+03  1.7700E+00  6.8992E-01
  1.1778E+01  2.0000E+02  1.3430E+03  1.1361E+02  1.3253E+03  3.0285E+00  9.2699E-01
  1.0572E+01  2.4000E+02  1.3358E+03  1.1162E+02  1.3145E+03  4.2905E+00  1.0922E+00
  9.5335E+00  2.8000E+02  1.3280E+03  1.0957E+02  1.3033E+03  5.5252E+00  1.2102E+00
  8.6188E+00  3.2000E+02  1.3196E+03  1.0747E+02  1.2916E+03  6.8806E+00  1.3278E+00
  7.7984E+00  3.6000E+02  1.3105E+03  1.0533E+02  1.2794E+03  8.4679E+00  1.4657E+00
  7.0523E+00  4.0000E+02  1.3007E+03  1.0314E+02  1.2666E+03  1.0201E+01  1.6058E+00
  6.3666E+00  4.4000E+02  1.2904E+03  1.0092E+02  1.2535E+03  1.1784E+01  1.7049E+00
  5.7310E+00  4.8000E+02  1.2799E+03  9.8661E+01  1.2403E+03  1.2954E+01  1.7370E+00
  5.1381E+00  5.2000E+02  1.2695E+03  9.6367E+01  1.2274E+03  1.3733E+01  1.7181E+00
  4.5818E+00  5.6000E+02  1.2592E+03  9.4039E+01  1.2147E+03  1.4338E+01  1.6826E+00
  4.0577E+00  6.0000E+02  1.2490E+03  9.1681E+01  1.2022E+03  1.4959E+01  1.6541E+00
  3.5620E+00  6.4000E+02  1.2388E+03  8.9295E+01  1.1899E+03  1.5674E+01  1.6393E+00
  3.0916E+00  6.8000E+02  1.2287E+03  8.6884E+01  1.1777E+03  1.6502E+01  1.6376E+00
  2.6440E+00  7.2000E+02  1.2184E+03  8.4453E+01  1.1655E+03  1.7473E+01  1.6500E+00
  2.2171E+00  7.6000E+02  1.2080E+03  8.2008E+01  1.1533E+03  1.8676E+01  1.6822E+00
  1.8090E+00  8.0000E+02  1.1973E+03  7.9559E+01  1.1409E+03  2.0264E+01  1.7447E+00
  1.4181E+00  8.4000E+02  1.1861E+03  7.7120E+01  1.1281E+03  2.2427E+01  1.8495E+00
  1.0432E+00  8.8000E+02  1.1742E+03  7.4717E+01  1.1147E+03  2.5372E+01  2.0073E+00
  6.8285E-01  9.2000E+02  1.1613E+03  7.2401E+01  1.1005E+03  2.9318E+01  2.2288E+00
  3.3563E-01  9.6000E+02  1.1475E+03  7.0249E+01  1.0855E+03  3.3342E+01  2.4425E+00
  6.5327E-04  1.0000E+03  1.1337E+03  6.8412E+01  1.0705E+03  3.5965E+01  2.5418E+00
