  26  3.7500000E+00
  3.2081E+01  1.0000E-03  1.3633E+03  1.1571E+02  1.3633E+03  0.0000E+00  0.0000E+00
  2.2946E+01  4.0000E+01  1.3626E+03  1.1549E+02  1.3620E+03  4.8331E-02  9.3152E-02
  1.8130E+01  8.0000E+01  1.3585E+03  1.1359E+02  1.3529E+03  4.6602E-01  4.7349E-01
  1.5706E+01  1.2000E+02  1.3546E+03  1.1181E+02  1.3448E+03  8.7610E-01  4.4817E-01
  1.3946E+01  1.6000E+02  1.3490E+03  1.0995E+02  1.3352E+03  2.1078E+00  7.8252E-01
  1.2512E+01  2.0000E+02  1.3403E+03  1.0803E+02  1.3228E+03  4.6871E+00  1.4180E+00
  1.1282E+01  2.4000E+02  1.3278E+03  1.0604E+02  1.3066E+03  8.5756E+00  2.2260E+00
  1.0198E+01  2.8000E+02  1.3120E+03  1.0402E+02  1.2874E+03  1.2679E+01  2.9008E+00
  9.2270E+00  3.2000E+02  1.2945E+03  1.0195E+02  1.2667E+03  1.5904E+01  3.2565E+00
  8.3483E+00  3.6000E+02  1.2766E+03  9.9842E+01  1.2456E+03  1.8018E+01  3.3402E+00
  7.5454E+00  4.0000E+02  1.2590E+03  9.7701E+01  1.2251E+03  1.9266E+01  3.2638E+00
  6.8060E+00  4.4000E+02  1.2420E+03  9.5530E+01  1.2054E+03  1.9968E+01  3.1149E+00
  6.1208E+00  4.8000E+02  1.2259E+03  9.3330E+01  1.1866E+03  2.0397E+01  2.9488E+00
  5.4822E+00  5.2000E+02  1.2104E+03  9.1104E+01  1.1686E+03  2.0695E+01  2.7882E+00
  4.8842E+00  5.6000E+02  1.1957E+03  8.8855E+01  1.1515E+03  2.0938E+01  2.6416E+00
  4.3219E+00  6.0000E+02  1.1815E+03  8.6586E+01  1.1350E+03  2.1173E+01  2.5120E+00
  3.7911E+00  6.4000E+02  1.1678E+03  8.4299E+01  1.1192E+03  2.1418E+01  2.3986E+00
  3.2884E+00  6.8000E+02  1.1546E+03  8.1998E+01  1.1040E+03  2.1679E+01  2.2993E+00
  2.8108E+00  7.2000E+02  1.1418E+03  7.9687E+01  1.0893E+03  2.1953E+01  2.2118E+00
  2.3560E+00  7.6000E+02  1.1294E+03  7.7370E+01  1.0751E+03  2.2227E+01  2.1331E+00
  1.9217E+00  8.0000E+02  1.1173E+03  7.5051E+01  1.0614E+03  2.2482E+01  2.0601E+00
  1.5060E+00  8.4000E+02  1.1055E+03  7.2738E+01  1.0480E+03  2.2773E+01  1.9968E+00
  1.1075E+00  8.8000E+02  1.0939E+03  7.0445E+01  1.0350E+03  2.3387E+01  1.9663E+00
  7.2476E-01  9.2000E+02  1.0821E+03  6.8207E+01  1.0218E+03  2.4939E+01  2.0140E+00
  3.5611E-01  9.6000E+02  1.0697E+03  6.6104E+01  1.0082E+03  2.7918E+01  2.1714E+00
  7.2624E-04  1.0000E+03  1.0565E+03  6.4309E+01  9.9378E+02  3.2330E+01  2.4241E+00
