  26  3.7500000E+00
  3.2094E+01  1.0000E-03  1.3633E+03  1.1829E+02  1.3633E+03  0.0000E+00  0.0000E+00
  2.2910E+01  4.0000E+01  1.3626E+03  1.1808E+02  1.3620E+03  4.8430E-02  9.3841E-02
  1.8040E+01  8.0000E+01  1.3584E+03  1.1618E+02  1.3528E+03  4.6809E-01  4.8092E-01
  1.5569E+01  1.2000E+02  1.3544E+03  1.1440E+02  1.3446E+03  9.0859E-01  4.7385E-01
  1.3781E+01  1.6000E+02  1.3487E+03  1.1254E+02  1.3350E+03  2.1197E+00  7.9947E-01
  1.2340E+01  2.0000E+02  1.3410E+03  1.1061E+02  1.3233E+03  4.0758E+00  1.2389E+00
  1.1115E+01  2.4000E+02  1.3310E+03  1.0863E+02  1.3098E+03  6.4699E+00  1.6717E+00
  1.0043E+01  2.8000E+02  1.3193E+03  1.0659E+02  1.2947E+03  9.0071E+00  2.0381E+00
  9.0871E+00  3.2000E+02  1.3064E+03  1.0451E+02  1.2784E+03  1.1406E+01  2.3000E+00
  8.2239E+00  3.6000E+02  1.2927E+03  1.0239E+02  1.2617E+03  1.3357E+01  2.4324E+00
  7.4357E+00  4.0000E+02  1.2790E+03  1.0023E+02  1.2450E+03  1.4617E+01  2.4309E+00
  6.7090E+00  4.4000E+02  1.2658E+03  9.8030E+01  1.2290E+03  1.5224E+01  2.3339E+00
  6.0343E+00  4.8000E+02  1.2531E+03  9.5793E+01  1.2137E+03  1.5392E+01  2.1912E+00
  5.4040E+00  5.2000E+02  1.2413E+03  9.3519E+01  1.1993E+03  1.5236E+01  2.0260E+00
  4.8127E+00  5.6000E+02  1.2302E+03  9.1207E+01  1.1858E+03  1.4785E+01  1.8446E+00
  4.2560E+00  6.0000E+02  1.2200E+03  8.8856E+01  1.1733E+03  1.4191E+01  1.6667E+00
  3.7305E+00  6.4000E+02  1.2103E+03  8.6468E+01  1.1615E+03  1.3766E+01  1.5263E+00
  3.2333E+00  6.8000E+02  1.2009E+03  8.4048E+01  1.1500E+03  1.4164E+01  1.4858E+00
  2.7619E+00  7.2000E+02  1.1907E+03  8.1613E+01  1.1380E+03  1.6338E+01  1.6249E+00
  2.3138E+00  7.6000E+02  1.1791E+03  7.9182E+01  1.1246E+03  2.0485E+01  1.9364E+00
  1.8868E+00  8.0000E+02  1.1660E+03  7.6776E+01  1.1098E+03  2.5151E+01  2.2662E+00
  1.4785E+00  8.4000E+02  1.1519E+03  7.4406E+01  1.0941E+03  2.8733E+01  2.4750E+00
  1.0872E+00  8.8000E+02  1.1372E+03  7.2093E+01  1.0780E+03  3.1628E+01  2.6109E+00
  7.1150E-01  9.2000E+02  1.1220E+03  6.9883E+01  1.0615E+03  3.4533E+01  2.7373E+00
  3.4964E-01  9.6000E+02  1.1066E+03  6.7850E+01  1.0448E+03  3.7011E+01  2.8256E+00
  7.1306E-04  1.0000E+03  1.0912E+03  6.6175E+01  1.0283E+03  3.9303E+01  2.8934E+00
