  26  3.7500000E+00
  3.2084E+01  1.0000E-03  1.3633E+03  1.1868E+02  1.3633E+03  0.0000E+00  0.0000E+00
  2.2897E+01  4.0000E+01  1.3626E+03  1.1846E+02  1.3620E+03  4.8506E-02  9.4017E-02
  1.8010E+01  8.0000E+01  1.3584E+03  1.1657E+02  1.3528E+03  4.6942E-01  4.8402E-01
  1.5523E+01  1.2000E+02  1.3544E+03  1.1479E+02  1.3446E+03  9.1240E-01  4.7884E-01
  1.3728E+01  1.6000E+02  1.3487E+03  1.1293E+02  1.3349E+03  2.1049E+00  7.9703E-01
  1.2285E+01  2.0000E+02  1.3410E+03  1.1100E+02  1.3234E+03  3.9970E+00  1.2165E+00
  1.1062E+01  2.4000E+02  1.3314E+03  1.0901E+02  1.3101E+03  6.2898E+00  1.6229E+00
  9.9936E+00  2.8000E+02  1.3200E+03  1.0698E+02  1.2954E+03  8.6819E+00  1.9576E+00
  9.0422E+00  3.2000E+02  1.3076E+03  1.0490E+02  1.2796E+03  1.0914E+01  2.1909E+00
  8.1832E+00  3.6000E+02  1.2945E+03  1.0277E+02  1.2634E+03  1.2764E+01  2.3131E+00
  7.3988E+00  4.0000E+02  1.2813E+03  1.0061E+02  1.2473E+03  1.4047E+01  2.3245E+00
  6.6759E+00  4.4000E+02  1.2684E+03  9.8407E+01  1.2316E+03  1.4739E+01  2.2482E+00
  6.0045E+00  4.8000E+02  1.2562E+03  9.6167E+01  1.2167E+03  1.4953E+01  2.1180E+00
  5.3775E+00  5.2000E+02  1.2446E+03  9.3889E+01  1.2026E+03  1.4786E+01  1.9561E+00
  4.7892E+00  5.6000E+02  1.2339E+03  9.1572E+01  1.1895E+03  1.4289E+01  1.7733E+00
  4.2355E+00  6.0000E+02  1.2240E+03  8.9216E+01  1.1773E+03  1.3673E+01  1.5972E+00
  3.7129E+00  6.4000E+02  1.2146E+03  8.6822E+01  1.1658E+03  1.3265E+01  1.4627E+00
  3.2184E+00  6.8000E+02  1.2055E+03  8.4397E+01  1.1546E+03  1.3650E+01  1.4241E+00
  2.7494E+00  7.2000E+02  1.1957E+03  8.1953E+01  1.1429E+03  1.5722E+01  1.5556E+00
  2.3035E+00  7.6000E+02  1.1844E+03  7.9513E+01  1.1298E+03  1.9777E+01  1.8604E+00
  1.8785E+00  8.0000E+02  1.1715E+03  7.7096E+01  1.1152E+03  2.4669E+01  2.2123E+00
  1.4720E+00  8.4000E+02  1.1574E+03  7.4717E+01  1.0996E+03  2.8746E+01  2.4650E+00
  1.0825E+00  8.8000E+02  1.1427E+03  7.2398E+01  1.0834E+03  3.1900E+01  2.6217E+00
  7.0844E-01  9.2000E+02  1.1274E+03  7.0181E+01  1.0668E+03  3.4817E+01  2.7477E+00
  3.4816E-01  9.6000E+02  1.1120E+03  6.8142E+01  1.0501E+03  3.7324E+01  2.8370E+00
  7.1168E-04  1.0000E+03  1.0966E+03  6.6460E+01  1.0336E+03  3.9420E+01  2.8897E+00
