  26  3.7500000E+00
  3.2096E+01  1.0000E-03  1.3633E+03  1.1623E+02  1.3633E+03  0.0000E+00  0.0000E+00
  2.2943E+01  4.0000E+01  1.3626E+03  1.1601E+02  1.3620E+03  4.8315E-02  9.3307E-02
  1.8121E+01  8.0000E+01  1.3584E+03  1.1411E+02  1.3529E+03  4.6804E-01  4.7610E-01
  1.5693E+01  1.2000E+02  1.3545E+03  1.1233E+02  1.3447E+03  9.0739E-01  4.6492E-01
  1.3928E+01  1.6000E+02  1.3488E+03  1.1047E+02  1.3350E+03  2.1505E+00  8.0054E-01
  1.2493E+01  2.0000E+02  1.3407E+03  1.0854E+02  1.3231E+03  4.3363E+00  1.3133E+00
  1.1264E+01  2.4000E+02  1.3297E+03  1.0656E+02  1.3085E+03  7.2851E+00  1.8892E+00
  1.0181E+01  2.8000E+02  1.3163E+03  1.0452E+02  1.2917E+03  1.0488E+01  2.3946E+00
  9.2133E+00  3.2000E+02  1.3014E+03  1.0244E+02  1.2735E+03  1.3284E+01  2.7135E+00
  8.3368E+00  3.6000E+02  1.2857E+03  1.0032E+02  1.2548E+03  1.5443E+01  2.8558E+00
  7.5356E+00  4.0000E+02  1.2699E+03  9.8166E+01  1.2360E+03  1.7019E+01  2.8767E+00
  6.7976E+00  4.4000E+02  1.2544E+03  9.5975E+01  1.2177E+03  1.8137E+01  2.8243E+00
  6.1132E+00  4.8000E+02  1.2391E+03  9.3752E+01  1.1997E+03  1.9103E+01  2.7581E+00
  5.4753E+00  5.2000E+02  1.2240E+03  9.1504E+01  1.1821E+03  2.0079E+01  2.7024E+00
  4.8778E+00  5.6000E+02  1.2092E+03  8.9233E+01  1.1649E+03  2.1023E+01  2.6499E+00
  4.3159E+00  6.0000E+02  1.1946E+03  8.6945E+01  1.1481E+03  2.1866E+01  2.5921E+00
  3.7856E+00  6.4000E+02  1.1803E+03  8.4641E+01  1.1317E+03  2.2561E+01  2.5246E+00
  3.2833E+00  6.8000E+02  1.1664E+03  8.2326E+01  1.1158E+03  2.3095E+01  2.4475E+00
  2.8062E+00  7.2000E+02  1.1529E+03  8.0003E+01  1.1003E+03  2.3493E+01  2.3648E+00
  2.3518E+00  7.6000E+02  1.1397E+03  7.7675E+01  1.0854E+03  2.3802E+01  2.2818E+00
  1.9180E+00  8.0000E+02  1.1270E+03  7.5348E+01  1.0710E+03  2.4039E+01  2.2001E+00
  1.5029E+00  8.4000E+02  1.1146E+03  7.3028E+01  1.0570E+03  2.4323E+01  2.1298E+00
  1.1051E+00  8.8000E+02  1.1023E+03  7.0734E+01  1.0433E+03  2.5041E+01  2.1020E+00
  7.2298E-01  9.2000E+02  1.0899E+03  6.8498E+01  1.0296E+03  2.6538E+01  2.1394E+00
  3.5511E-01  9.6000E+02  1.0770E+03  6.6397E+01  1.0154E+03  2.9356E+01  2.2784E+00
  7.0846E-04  1.0000E+03  1.0630E+03  6.4650E+01  1.0003E+03  3.4692E+01  2.5939E+00
