  26  3.7500000E+00
  3.2030E+01  1.0000E-03  1.3633E+03  1.2028E+02  1.3633E+03  0.0000E+00  0.0000E+00
  2.2823E+01  4.0000E+01  1.3626E+03  1.2007E+02  1.3620E+03  4.8908E-02  9.5004E-02
  1.7860E+01  8.0000E+01  1.3584E+03  1.1819E+02  1.3528E+03  4.7150E-01  4.9373E-01
  1.5308E+01  1.2000E+02  1.3543E+03  1.1640E+02  1.3445E+03  9.0247E-01  4.8579E-01
  1.3488E+01  1.6000E+02  1.3488E+03  1.1454E+02  1.3350E+03  1.9784E+00  7.5987E-01
  1.2040E+01  2.0000E+02  1.3418E+03  1.1262E+02  1.3242E+03  3.4970E+00  1.0686E+00
  1.0823E+01  2.4000E+02  1.3336E+03  1.1063E+02  1.3123E+03  5.1522E+00  1.3223E+00
  9.7685E+00  2.8000E+02  1.3243E+03  1.0859E+02  1.2996E+03  6.8224E+00  1.5180E+00
  8.8340E+00  3.2000E+02  1.3143E+03  1.0650E+02  1.2863E+03  8.4902E+00  1.6739E+00
  7.9929E+00  3.6000E+02  1.3037E+03  1.0436E+02  1.2726E+03  1.0128E+01  1.7975E+00
  7.2264E+00  4.0000E+02  1.2926E+03  1.0218E+02  1.2585E+03  1.1605E+01  1.8768E+00
  6.5211E+00  4.4000E+02  1.2814E+03  9.9969E+01  1.2445E+03  1.2706E+01  1.8907E+00
  5.8671E+00  4.8000E+02  1.2705E+03  9.7716E+01  1.2309E+03  1.3285E+01  1.8331E+00
  5.2569E+00  5.2000E+02  1.2600E+03  9.5424E+01  1.2179E+03  1.3386E+01  1.7233E+00
  4.6847E+00  5.6000E+02  1.2501E+03  9.3093E+01  1.2056E+03  1.3230E+01  1.5971E+00
  4.1460E+00  6.0000E+02  1.2407E+03  9.0726E+01  1.1939E+03  1.3111E+01  1.4900E+00
  3.6371E+00  6.4000E+02  1.2315E+03  8.8325E+01  1.1826E+03  1.3319E+01  1.4301E+00
  3.1549E+00  6.8000E+02  1.2223E+03  8.5896E+01  1.1713E+03  1.4141E+01  1.4388E+00
  2.6967E+00  7.2000E+02  1.2126E+03  8.3446E+01  1.1597E+03  1.5792E+01  1.5267E+00
  2.2602E+00  7.6000E+02  1.2021E+03  8.0988E+01  1.1474E+03  1.8353E+01  1.6900E+00
  1.8435E+00  8.0000E+02  1.1906E+03  7.8536E+01  1.1342E+03  2.1709E+01  1.9084E+00
  1.4449E+00  8.4000E+02  1.1780E+03  7.6109E+01  1.1201E+03  2.5480E+01  2.1432E+00
  1.0626E+00  8.8000E+02  1.1644E+03  7.3734E+01  1.1050E+03  2.9344E+01  2.3665E+00
  6.9547E-01  9.2000E+02  1.1498E+03  7.1462E+01  1.0891E+03  3.3592E+01  2.6020E+00
  3.4180E-01  9.6000E+02  1.1345E+03  6.9381E+01  1.0725E+03  3.7568E+01  2.8032E+00
  6.9652E-04  1.0000E+03  1.1191E+03  6.7664E+01  1.0560E+03  3.9879E+01  2.8699E+00
