  49  3.7500000E+00
  1.2000E+02  2.2500E-05  1.3633E+03  1.1329E+02  1.3633E+03  0.0000E+00  0.0000E+00
  1.1500E+02  3.6000E-05  1.3633E+03  1.1329E+02  1.3633E+03  2.5276E-05  7.9004E+01
  1.1000E+02  6.4700E-05  1.3633E+03  1.1330E+02  1.3633E+03  9.7413E-04  1.4322E+03
  1.0500E+02  1.3000E-04  1.3633E+03  1.1330E+02  1.3633E+03  5.1734E-05  3.3430E+01
  1.0000E+02  2.8900E-04  1.3633E+03  1.1330E+02  1.3633E+03  5.9941E-05  1.5907E+01
  9.5000E+01  6.8800E-04  1.3633E+03  1.1330E+02  1.3633E+03  2.0442E-04  2.1618E+01
  9.0000E+01  1.7200E-03  1.3633E+03  1.1330E+02  1.3633E+03  5.7044E-04  2.3324E+01
  8.5000E+01  4.4000E-03  1.3632E+03  1.1330E+02  1.3632E+03  1.4411E-03  2.2689E+01
  8.0000E+01  1.1000E-02  1.3632E+03  1.1330E+02  1.3632E+03  2.6513E-03  1.6951E+01
  7.5000E+01  2.6000E-02  1.3632E+03  1.1330E+02  1.3632E+03  3.5749E-03  1.0056E+01
  7.0000E+01  5.8000E-02  1.3632E+03  1.1329E+02  1.3632E+03  8.5728E-03  1.1304E+01
  6.5000E+01  1.2100E-01  1.3630E+03  1.1329E+02  1.3630E+03  3.3779E-02  2.2624E+01
  6.0000E+01  2.3900E-01  1.3625E+03  1.1329E+02  1.3624E+03  1.0642E-01  3.8055E+01
  5.5000E+01  4.5600E-01  1.3611E+03  1.1328E+02  1.3610E+03  2.7502E-01  5.3477E+01
  5.0000E+01  8.5400E-01  1.3584E+03  1.1328E+02  1.3584E+03  5.2988E-01  5.6178E+01
  4.7500E+01  1.1600E+00  1.3568E+03  1.1329E+02  1.3567E+03  6.4988E-01  4.4808E+01
  4.5000E+01  1.5900E+00  1.3549E+03  1.1330E+02  1.3548E+03  7.6531E-01  3.7550E+01
  4.2500E+01  2.2000E+00  1.3525E+03  1.1333E+02  1.3523E+03  9.6122E-01  3.3245E+01
  4.0000E+01  3.0500E+00  1.3495E+03  1.1341E+02  1.3493E+03  1.2253E+00  3.0413E+01
  3.7500E+01  4.2600E+00  1.3460E+03  1.1355E+02  1.3456E+03  1.4833E+00  2.5864E+01
  3.5000E+01  6.0000E+00  1.3417E+03  1.1379E+02  1.3412E+03  1.8013E+00  2.1842E+01
  3.2500E+01  8.5200E+00  1.3365E+03  1.1417E+02  1.3358E+03  2.2478E+00  1.8819E+01
  3.0000E+01  1.2200E+01  1.3301E+03  1.1473E+02  1.3290E+03  2.7938E+00  1.6017E+01
  2.7500E+01  1.7630E+01  1.3225E+03  1.1549E+02  1.3211E+03  3.3120E+00  1.2869E+01
  2.6766E+01  2.0000E+01  1.3202E+03  1.1574E+02  1.3186E+03  3.5360E+00  9.2445E+00
  1.9653E+01  6.0000E+01  1.3016E+03  1.1690E+02  1.2967E+03  2.7751E+00  4.1641E+00
  1.6636E+01  1.0000E+02  1.2959E+03  1.1595E+02  1.2879E+03  1.5904E+00  1.0126E+00
  1.4667E+01  1.4000E+02  1.2924E+03  1.1452E+02  1.2813E+03  1.0556E+00  4.3856E-01
  1.3077E+01  1.8000E+02  1.2890E+03  1.1296E+02  1.2750E+03  1.1360E+00  3.8100E-01
  1.1794E+01  2.2000E+02  1.2858E+03  1.1138E+02  1.2690E+03  1.2461E+00  3.3725E-01
  1.0667E+01  2.6000E+02  1.2827E+03  1.0973E+02  1.2631E+03  1.3339E+00  3.1728E-01
  9.6744E+00  3.0000E+02  1.2796E+03  1.0804E+02  1.2574E+03  1.4111E+00  2.9540E-01
  8.7755E+00  3.4000E+02  1.2765E+03  1.0629E+02  1.2517E+03  1.4887E+00  2.8234E-01
  7.9630E+00  3.8000E+02  1.2734E+03  1.0452E+02  1.2462E+03  1.5664E+00  2.6852E-01
  7.2222E+00  4.2000E+02  1.2704E+03  1.0273E+02  1.2409E+03  1.6476E+00  2.5749E-01
  6.5333E+00  4.6000E+02  1.2674E+03  1.0090E+02  1.2356E+03  1.7322E+00  2.5176E-01
  5.8806E+00  5.0000E+02  1.2643E+03  9.9002E+01  1.2303E+03  1.8126E+00  2.4962E-01
  5.2836E+00  5.4000E+02  1.2613E+03  9.7126E+01  1.2252E+03  1.8914E+00  2.3824E-01
  4.7162E+00  5.8000E+02  1.2583E+03  9.5205E+01  1.2201E+03  1.9695E+00  2.3575E-01
  4.1757E+00  6.2000E+02  1.2552E+03  9.3243E+01  1.2151E+03  2.0450E+00  2.3322E-01
  3.6707E+00  6.6000E+02  1.2522E+03  9.1285E+01  1.2102E+03  2.1227E+00  2.2614E-01
  3.1829E+00  7.0000E+02  1.2491E+03  8.9272E+01  1.2054E+03  2.2035E+00  2.2678E-01
  2.7222E+00  7.4000E+02  1.2460E+03  8.7254E+01  1.2006E+03  2.2847E+00  2.2207E-01
  2.2778E+00  7.8000E+02  1.2429E+03  8.5188E+01  1.1958E+03  2.3665E+00  2.2191E-01
  1.8485E+00  8.2000E+02  1.2397E+03  8.3076E+01  1.1911E+03  2.4465E+00  2.2158E-01
  1.4444E+00  8.6000E+02  1.2366E+03  8.0980E+01  1.1865E+03  2.5229E+00  2.1506E-01
  1.0404E+00  9.0000E+02  1.2334E+03  7.8777E+01  1.1818E+03  2.5962E+00  2.2131E-01
  6.6972E-01  9.4000E+02  1.2303E+03  7.6657E+01  1.1773E+03  2.6695E+00  2.0877E-01
  3.0275E-01  9.8000E+02  1.2271E+03  7.4462E+01  1.1729E+03  2.7455E+00  2.1257E-01
