  49  3.7500000E+00
  1.2000E+02  2.2600E-05  1.3633E+03  1.1109E+02  1.3633E+03  0.0000E+00  0.0000E+00
  1.1500E+02  3.5400E-05  1.3633E+03  1.1109E+02  1.3633E+03  1.0649E-03  3.5106E+03
  1.1000E+02  6.0000E-05  1.3633E+03  1.1109E+02  1.3633E+03 -4.9862E-04 -8.5527E+02
  1.0500E+02  1.1300E-04  1.3633E+03  1.1109E+02  1.3633E+03 -8.6885E-05 -6.9174E+01
  1.0000E+02  2.4800E-04  1.3633E+03  1.1109E+02  1.3633E+03  5.2414E-05  1.6383E+01
  9.5000E+01  6.0600E-04  1.3633E+03  1.1109E+02  1.3633E+03  2.6883E-04  3.1686E+01
  9.0000E+01  1.6100E-03  1.3633E+03  1.1109E+02  1.3633E+03  9.6085E-04  4.0383E+01
  8.5000E+01  4.5100E-03  1.3632E+03  1.1109E+02  1.3632E+03  2.2214E-03  3.2322E+01
  8.0000E+01  1.2500E-02  1.3632E+03  1.1109E+02  1.3632E+03  2.5824E-03  1.3638E+01
  7.5000E+01  3.2000E-02  1.3632E+03  1.1109E+02  1.3632E+03  3.8563E-03  8.3447E+00
  7.0000E+01  7.1000E-02  1.3631E+03  1.1108E+02  1.3631E+03  1.3593E-02  1.4707E+01
  6.5000E+01  1.4700E-01  1.3629E+03  1.1108E+02  1.3629E+03  5.0222E-02  2.7884E+01
  6.0000E+01  2.8800E-01  1.3622E+03  1.1108E+02  1.3622E+03  1.3611E-01  4.0731E+01
  5.5000E+01  5.3700E-01  1.3607E+03  1.1107E+02  1.3607E+03  2.9242E-01  4.9553E+01
  5.0000E+01  9.8700E-01  1.3582E+03  1.1107E+02  1.3581E+03  5.1106E-01  4.7921E+01
  4.7500E+01  1.3400E+00  1.3566E+03  1.1107E+02  1.3565E+03  6.3786E-01  3.8123E+01
  4.5000E+01  1.8200E+00  1.3547E+03  1.1108E+02  1.3545E+03  7.6622E-01  3.3678E+01
  4.2500E+01  2.4800E+00  1.3523E+03  1.1110E+02  1.3521E+03  9.4960E-01  3.0355E+01
  4.0000E+01  3.4000E+00  1.3494E+03  1.1116E+02  1.3490E+03  1.2142E+00  2.7844E+01
  3.7500E+01  4.7200E+00  1.3459E+03  1.1128E+02  1.3454E+03  1.4409E+00  2.3031E+01
  3.5000E+01  6.6100E+00  1.3420E+03  1.1146E+02  1.3414E+03  1.6302E+00  1.8198E+01
  3.2500E+01  9.4000E+00  1.3376E+03  1.1170E+02  1.3368E+03  1.8485E+00  1.3978E+01
  3.0000E+01  1.3400E+01  1.3327E+03  1.1199E+02  1.3316E+03  2.0554E+00  1.0841E+01
  2.7500E+01  1.9230E+01  1.3270E+03  1.1234E+02  1.3254E+03  2.4322E+00  8.8018E+00
  2.7275E+01  2.0000E+01  1.3264E+03  1.1238E+02  1.3248E+03  2.7287E+00  6.7177E+00
  1.9896E+01  6.0000E+01  1.3059E+03  1.1321E+02  1.3011E+03  2.8930E+00  4.5042E+00
  1.6526E+01  1.0000E+02  1.2961E+03  1.1279E+02  1.2883E+03  2.7982E+00  1.9892E+00
  1.4300E+01  1.4000E+02  1.2895E+03  1.1184E+02  1.2788E+03  2.5239E+00  1.1855E+00
  1.2639E+01  1.8000E+02  1.2841E+03  1.1068E+02  1.2706E+03  2.5513E+00  8.9407E-01
  1.1310E+01  2.2000E+02  1.2794E+03  1.0936E+02  1.2632E+03  2.5138E+00  7.0507E-01
  1.0204E+01  2.6000E+02  1.2754E+03  1.0791E+02  1.2565E+03  2.3138E+00  5.3959E-01
  9.2506E+00  3.0000E+02  1.2719E+03  1.0635E+02  1.2503E+03  2.1108E+00  4.2470E-01
  8.3942E+00  3.4000E+02  1.2685E+03  1.0471E+02  1.2445E+03  2.0017E+00  3.6166E-01
  7.6111E+00  3.8000E+02  1.2653E+03  1.0301E+02  1.2389E+03  1.9321E+00  3.1921E-01
  6.8852E+00  4.2000E+02  1.2621E+03  1.0124E+02  1.2333E+03  1.9428E+00  2.9753E-01
  6.2295E+00  4.6000E+02  1.2590E+03  9.9484E+01  1.2281E+03  1.9971E+00  2.7630E-01
  5.6119E+00  5.0000E+02  1.2560E+03  9.7676E+01  1.2228E+03  2.0465E+00  2.6665E-01
  5.0149E+00  5.4000E+02  1.2528E+03  9.5778E+01  1.2176E+03  2.0844E+00  2.6255E-01
  4.4800E+00  5.8000E+02  1.2499E+03  9.3940E+01  1.2126E+03  2.1299E+00  2.4038E-01
  3.9524E+00  6.2000E+02  1.2467E+03  9.1988E+01  1.2076E+03  2.1858E+00  2.4331E-01
  3.4762E+00  6.6000E+02  1.2438E+03  9.0100E+01  1.2028E+03  2.2467E+00  2.2572E-01
  3.0000E+00  7.0000E+02  1.2407E+03  8.8084E+01  1.1979E+03  2.3118E+00  2.3226E-01
  2.5694E+00  7.4000E+02  1.2377E+03  8.6146E+01  1.1933E+03  2.3773E+00  2.1596E-01
  2.1389E+00  7.8000E+02  1.2346E+03  8.4091E+01  1.1885E+03  2.4439E+00  2.2201E-01
  1.7371E+00  8.2000E+02  1.2316E+03  8.2063E+01  1.1840E+03  2.5101E+00  2.1274E-01
  1.3492E+00  8.6000E+02  1.2285E+03  7.9999E+01  1.1794E+03  2.5790E+00  2.1110E-01
  9.6491E-01  9.0000E+02  1.2253E+03  7.7847E+01  1.1748E+03  2.6473E+00  2.1462E-01
  6.1404E-01  9.4000E+02  1.2223E+03  7.5786E+01  1.1705E+03  2.7163E+00  2.0108E-01
  2.6316E-01  9.8000E+02  1.2192E+03  7.3628E+01  1.1661E+03  2.7887E+00  2.0644E-01
