  26  3.7500000E+00
  3.5486E+01  1.0000E-03  1.3633E+03  1.1817E+02  1.3633E+03  0.0000E+00  0.0000E+00
  2.2058E+01  4.0000E+01  1.3624E+03  1.1785E+02  1.3615E+03  4.0908E-02  1.1590E-01
  1.7809E+01  8.0000E+01  1.3588E+03  1.1620E+02  1.3536E+03  4.6550E-01  4.1729E-01
  1.5366E+01  1.2000E+02  1.3548E+03  1.1446E+02  1.3454E+03  9.2174E-01  4.7505E-01
  1.3599E+01  1.6000E+02  1.3492E+03  1.1262E+02  1.3359E+03  2.1090E+00  7.8627E-01
  1.2176E+01  2.0000E+02  1.3416E+03  1.1070E+02  1.3244E+03  4.0316E+00  1.2110E+00
  1.0965E+01  2.4000E+02  1.3319E+03  1.0873E+02  1.3111E+03  6.3726E+00  1.6273E+00
  9.9064E+00  2.8000E+02  1.3206E+03  1.0670E+02  1.2964E+03  8.7384E+00  1.9519E+00
  8.9639E+00  3.2000E+02  1.3083E+03  1.0462E+02  1.2808E+03  1.0828E+01  2.1533E+00
  8.1131E+00  3.6000E+02  1.2955E+03  1.0250E+02  1.2649E+03  1.2554E+01  2.2533E+00
  7.3364E+00  4.0000E+02  1.2825E+03  1.0034E+02  1.2490E+03  1.3910E+01  2.2794E+00
  6.6206E+00  4.4000E+02  1.2697E+03  9.8139E+01  1.2333E+03  1.4871E+01  2.2460E+00
  5.9559E+00  4.8000E+02  1.2572E+03  9.5902E+01  1.2181E+03  1.5411E+01  2.1612E+00
  5.3351E+00  5.2000E+02  1.2453E+03  9.3627E+01  1.2037E+03  1.5507E+01  2.0310E+00
  4.7528E+00  5.6000E+02  1.2342E+03  9.1316E+01  1.1901E+03  1.5191E+01  1.8664E+00
  4.2046E+00  6.0000E+02  1.2237E+03  8.8967E+01  1.1774E+03  1.4756E+01  1.7065E+00
  3.6872E+00  6.4000E+02  1.2137E+03  8.6584E+01  1.1652E+03  1.4784E+01  1.6139E+00
  3.1975E+00  6.8000E+02  1.2034E+03  8.4178E+01  1.1529E+03  1.6096E+01  1.6628E+00
  2.7329E+00  7.2000E+02  1.1921E+03  8.1764E+01  1.1397E+03  1.9083E+01  1.8706E+00
  2.2907E+00  7.6000E+02  1.1796E+03  7.9359E+01  1.1254E+03  2.2923E+01  2.1388E+00
  1.8685E+00  8.0000E+02  1.1661E+03  7.6973E+01  1.1102E+03  2.6201E+01  2.3339E+00
  1.4644E+00  8.4000E+02  1.1523E+03  7.4613E+01  1.0948E+03  2.8415E+01  2.4226E+00
  1.0768E+00  8.8000E+02  1.1382E+03  7.2301E+01  1.0793E+03  3.0422E+01  2.4874E+00
  7.0466E-01  9.2000E+02  1.1237E+03  7.0081E+01  1.0635E+03  3.2913E+01  2.5842E+00
  3.4644E-01  9.6000E+02  1.1090E+03  6.8030E+01  1.0475E+03  3.5442E+01  2.6786E+00
  0.0000E+00  1.0000E+03  1.0941E+03  6.6314E+01  1.0315E+03  3.7808E+01  2.7635E+00
