  26  3.7500000E+00
  3.5683E+01  1.0000E-03  1.3633E+03  1.1560E+02  1.3633E+03  0.0000E+00  0.0000E+00
  2.2130E+01  4.0000E+01  1.3624E+03  1.1528E+02  1.3615E+03  4.0397E-02  1.1552E-01
  1.7985E+01  8.0000E+01  1.3589E+03  1.1363E+02  1.3537E+03  4.5616E-01  3.9887E-01
  1.5615E+01  1.2000E+02  1.3551E+03  1.1189E+02  1.3458E+03  8.6059E-01  4.3030E-01
  1.3866E+01  1.6000E+02  1.3496E+03  1.1004E+02  1.3362E+03  2.0930E+00  7.7231E-01
  1.2444E+01  2.0000E+02  1.3410E+03  1.0813E+02  1.3239E+03  4.6961E+00  1.4087E+00
  1.1222E+01  2.4000E+02  1.3287E+03  1.0615E+02  1.3079E+03  8.4609E+00  2.1826E+00
  1.0144E+01  2.8000E+02  1.3133E+03  1.0412E+02  1.2891E+03  1.2393E+01  2.8182E+00
  9.1791E+00  3.2000E+02  1.2962E+03  1.0205E+02  1.2687E+03  1.5549E+01  3.1650E+00
  8.3055E+00  3.6000E+02  1.2786E+03  9.9946E+01  1.2480E+03  1.7701E+01  3.2624E+00
  7.5070E+00  4.0000E+02  1.2613E+03  9.7803E+01  1.2277E+03  1.9068E+01  3.2121E+00
  6.7716E+00  4.4000E+02  1.2444E+03  9.5627E+01  1.2081E+03  1.9919E+01  3.0905E+00
  6.0900E+00  4.8000E+02  1.2283E+03  9.3423E+01  1.1893E+03  2.0495E+01  2.9476E+00
  5.4546E+00  5.2000E+02  1.2127E+03  9.1193E+01  1.1712E+03  2.0928E+01  2.8051E+00
  4.8597E+00  5.6000E+02  1.1978E+03  8.8941E+01  1.1539E+03  2.1269E+01  2.6697E+00
  4.3002E+00  6.0000E+02  1.1835E+03  8.6668E+01  1.1373E+03  2.1556E+01  2.5445E+00
  3.7721E+00  6.4000E+02  1.1697E+03  8.4378E+01  1.1214E+03  2.1818E+01  2.4311E+00
  3.2719E+00  6.8000E+02  1.1563E+03  8.2074E+01  1.1060E+03  2.2063E+01  2.3283E+00
  2.7967E+00  7.2000E+02  1.1434E+03  7.9760E+01  1.0912E+03  2.2286E+01  2.2342E+00
  2.3441E+00  7.6000E+02  1.1309E+03  7.7439E+01  1.0769E+03  2.2481E+01  2.1468E+00
  1.9118E+00  8.0000E+02  1.1188E+03  7.5115E+01  1.0631E+03  2.2648E+01  2.0653E+00
  1.4982E+00  8.4000E+02  1.1071E+03  7.2796E+01  1.0498E+03  2.2848E+01  1.9941E+00
  1.1015E+00  8.8000E+02  1.0955E+03  7.0493E+01  1.0367E+03  2.3366E+01  1.9554E+00
  7.2051E-01  9.2000E+02  1.0837E+03  6.8246E+01  1.0236E+03  2.4972E+01  2.0073E+00
  3.5399E-01  9.6000E+02  1.0712E+03  6.6141E+01  1.0099E+03  2.8326E+01  2.1904E+00
  0.0000E+00  1.0000E+03  1.0577E+03  6.4371E+01  9.9522E+02  3.3245E+01  2.4829E+00
