  26  3.7500000E+00
  3.4904E+01  1.0000E-03  1.3633E+03  1.2213E+02  1.3633E+03  0.0000E+00  0.0000E+00
  2.1635E+01  4.0000E+01  1.3624E+03  1.2182E+02  1.3615E+03  4.2043E-02  1.1770E-01
  1.7067E+01  8.0000E+01  1.3587E+03  1.2017E+02  1.3536E+03  4.4072E-01  4.2473E-01
  1.4376E+01  1.2000E+02  1.3552E+03  1.1841E+02  1.3459E+03  6.4795E-01  3.6788E-01
  1.2505E+01  1.6000E+02  1.3515E+03  1.1656E+02  1.3381E+03  1.0153E+00  4.0098E-01
  1.1084E+01  2.0000E+02  1.3473E+03  1.1464E+02  1.3301E+03  1.5674E+00  4.6972E-01
  9.9367E+00  2.4000E+02  1.3427E+03  1.1266E+02  1.3219E+03  2.3061E+00  5.5824E-01
  8.9664E+00  2.8000E+02  1.3375E+03  1.1061E+02  1.3132E+03  3.2531E+00  6.6591E-01
  8.1177E+00  3.2000E+02  1.3316E+03  1.0852E+02  1.3041E+03  4.4787E+00  8.0196E-01
  7.3576E+00  3.6000E+02  1.3249E+03  1.0637E+02  1.2942E+03  6.0262E+00  9.6639E-01
  6.6657E+00  4.0000E+02  1.3173E+03  1.0419E+02  1.2836E+03  7.8473E+00  1.1455E+00
  6.0287E+00  4.4000E+02  1.3088E+03  1.0196E+02  1.2723E+03  9.8278E+00  1.3210E+00
  5.4369E+00  4.8000E+02  1.2995E+03  9.9696E+01  1.2604E+03  1.1843E+01  1.4785E+00
  4.8835E+00  5.2000E+02  1.2896E+03  9.7402E+01  1.2479E+03  1.3795E+01  1.6107E+00
  4.3629E+00  5.6000E+02  1.2791E+03  9.5078E+01  1.2350E+03  1.5618E+01  1.7153E+00
  3.8709E+00  6.0000E+02  1.2683E+03  9.2728E+01  1.2219E+03  1.7279E+01  1.7936E+00
  3.4040E+00  6.4000E+02  1.2571E+03  9.0356E+01  1.2086E+03  1.8760E+01  1.8479E+00
  2.9595E+00  6.8000E+02  1.2458E+03  8.7965E+01  1.1953E+03  2.0061E+01  1.8814E+00
  2.5351E+00  7.2000E+02  1.2344E+03  8.5559E+01  1.1819E+03  2.1216E+01  1.8996E+00
  2.1290E+00  7.6000E+02  1.2230E+03  8.3144E+01  1.1687E+03  2.2306E+01  1.9113E+00
  1.7396E+00  8.0000E+02  1.2114E+03  8.0729E+01  1.1554E+03  2.3465E+01  1.9280E+00
  1.3655E+00  8.4000E+02  1.1997E+03  7.8328E+01  1.1421E+03  2.4813E+01  1.9580E+00
  1.0058E+00  8.8000E+02  1.1879E+03  7.5958E+01  1.1289E+03  2.6252E+01  1.9925E+00
  6.5914E-01  9.2000E+02  1.1761E+03  7.3645E+01  1.1157E+03  2.7494E+01  2.0109E+00
  3.2429E-01  9.6000E+02  1.1643E+03  7.1429E+01  1.1026E+03  2.8500E+01  2.0135E+00
  0.0000E+00  1.0000E+03  1.1527E+03  6.9415E+01  1.0899E+03  2.9628E+01  2.0271E+00
