  26  3.7500000E+00
  3.5101E+01  1.0000E-03  1.3633E+03  1.2147E+02  1.3633E+03  0.0000E+00  0.0000E+00
  2.1804E+01  4.0000E+01  1.3624E+03  1.2117E+02  1.3615E+03  4.2058E-02  1.1799E-01
  1.7261E+01  8.0000E+01  1.3587E+03  1.1952E+02  1.3535E+03  4.5264E-01  4.3386E-01
  1.4612E+01  1.2000E+02  1.3549E+03  1.1776E+02  1.3455E+03  7.5944E-01  4.2437E-01
  1.2764E+01  1.6000E+02  1.3505E+03  1.1591E+02  1.3371E+03  1.4135E+00  5.5118E-01
  1.1339E+01  2.0000E+02  1.3453E+03  1.1400E+02  1.3282E+03  2.2624E+00  6.8024E-01
  1.0171E+01  2.4000E+02  1.3397E+03  1.1202E+02  1.3189E+03  3.0810E+00  7.5898E-01
  9.1761E+00  2.8000E+02  1.3338E+03  1.0998E+02  1.3095E+03  3.9266E+00  8.2424E-01
  8.3034E+00  3.2000E+02  1.3273E+03  1.0788E+02  1.2998E+03  5.0562E+00  9.3098E-01
  7.5211E+00  3.6000E+02  1.3199E+03  1.0574E+02  1.2893E+03  6.6790E+00  1.1023E+00
  6.8091E+00  4.0000E+02  1.3115E+03  1.0356E+02  1.2779E+03  8.7437E+00  1.3136E+00
  6.1537E+00  4.4000E+02  1.3021E+03  1.0133E+02  1.2656E+03  1.0977E+01  1.5178E+00
  5.5454E+00  4.8000E+02  1.2919E+03  9.9079E+01  1.2527E+03  1.3111E+01  1.6825E+00
  4.9771E+00  5.2000E+02  1.2811E+03  9.6793E+01  1.2394E+03  1.4994E+01  1.7979E+00
  4.4431E+00  5.6000E+02  1.2699E+03  9.4479E+01  1.2258E+03  1.6571E+01  1.8669E+00
  3.9390E+00  6.0000E+02  1.2586E+03  9.2138E+01  1.2122E+03  1.7834E+01  1.8967E+00
  3.4613E+00  6.4000E+02  1.2472E+03  8.9774E+01  1.1987E+03  1.8817E+01  1.8965E+00
  3.0071E+00  6.8000E+02  1.2359E+03  8.7389E+01  1.1854E+03  1.9606E+01  1.8790E+00
  2.5739E+00  7.2000E+02  1.2247E+03  8.4988E+01  1.1722E+03  2.0339E+01  1.8586E+00
  2.1600E+00  7.6000E+02  1.2135E+03  8.2575E+01  1.1593E+03  2.1188E+01  1.8505E+00
  1.7636E+00  8.0000E+02  1.2023E+03  8.0162E+01  1.1463E+03  2.2338E+01  1.8683E+00
  1.3834E+00  8.4000E+02  1.1908E+03  7.7761E+01  1.1332E+03  2.3879E+01  1.9154E+00
  1.0182E+00  8.8000E+02  1.1791E+03  7.5395E+01  1.1200E+03  2.5642E+01  1.9753E+00
  6.6697E-01  9.2000E+02  1.1671E+03  7.3091E+01  1.1068E+03  2.7359E+01  2.0277E+00
  3.2804E-01  9.6000E+02  1.1552E+03  7.0894E+01  1.0936E+03  2.8783E+01  2.0582E+00
  0.0000E+00  1.0000E+03  1.1434E+03  6.8899E+01  1.0806E+03  2.9855E+01  2.0662E+00
