  26  3.7500000E+00
  3.5067E+01  1.0000E-03  1.3633E+03  1.2173E+02  1.3633E+03  0.0000E+00  0.0000E+00
  2.1762E+01  4.0000E+01  1.3624E+03  1.2143E+02  1.3615E+03  4.2102E-02  1.1819E-01
  1.7195E+01  8.0000E+01  1.3587E+03  1.1978E+02  1.3535E+03  4.4851E-01  4.3216E-01
  1.4519E+01  1.2000E+02  1.3550E+03  1.1802E+02  1.3457E+03  7.1282E-01  4.0235E-01
  1.2656E+01  1.6000E+02  1.3509E+03  1.1617E+02  1.3375E+03  1.2351E+00  4.8549E-01
  1.1230E+01  2.0000E+02  1.3462E+03  1.1425E+02  1.3290E+03  1.9301E+00  5.8067E-01
  1.0069E+01  2.4000E+02  1.3411E+03  1.1227E+02  1.3203E+03  2.6670E+00  6.5314E-01
  9.0841E+00  2.8000E+02  1.3356E+03  1.1023E+02  1.3114E+03  3.5143E+00  7.3062E-01
  8.2211E+00  3.2000E+02  1.3295E+03  1.0813E+02  1.3019E+03  4.6904E+00  8.5400E-01
  7.4480E+00  3.6000E+02  1.3224E+03  1.0599E+02  1.2918E+03  6.3366E+00  1.0335E+00
  6.7446E+00  4.0000E+02  1.3144E+03  1.0380E+02  1.2807E+03  8.3660E+00  1.2416E+00
  6.0972E+00  4.4000E+02  1.3053E+03  1.0158E+02  1.2689E+03  1.0561E+01  1.4425E+00
  5.4962E+00  4.8000E+02  1.2954E+03  9.9319E+01  1.2563E+03  1.2728E+01  1.6139E+00
  4.9344E+00  5.2000E+02  1.2848E+03  9.7030E+01  1.2432E+03  1.4729E+01  1.7456E+00
  4.4063E+00  5.6000E+02  1.2738E+03  9.4712E+01  1.2297E+03  1.6477E+01  1.8357E+00
  3.9076E+00  6.0000E+02  1.2625E+03  9.2369E+01  1.2162E+03  1.7935E+01  1.8872E+00
  3.4347E+00  6.4000E+02  1.2511E+03  9.0003E+01  1.2026E+03  1.9117E+01  1.9073E+00
  2.9848E+00  6.8000E+02  1.2397E+03  8.7618E+01  1.1891E+03  2.0085E+01  1.9064E+00
  2.5556E+00  7.2000E+02  1.2283E+03  8.5217E+01  1.1758E+03  2.0954E+01  1.8973E+00
  2.1453E+00  7.6000E+02  1.2169E+03  8.2807E+01  1.1626E+03  2.1884E+01  1.8948E+00
  1.7521E+00  8.0000E+02  1.2055E+03  8.0398E+01  1.1495E+03  2.3033E+01  1.9107E+00
  1.3748E+00  8.4000E+02  1.1938E+03  7.8002E+01  1.1363E+03  2.4440E+01  1.9453E+00
  1.0123E+00  8.8000E+02  1.1821E+03  7.5639E+01  1.1231E+03  2.5891E+01  1.9802E+00
  6.6323E-01  9.2000E+02  1.1703E+03  7.3332E+01  1.1099E+03  2.7125E+01  1.9977E+00
  3.2623E-01  9.6000E+02  1.1586E+03  7.1122E+01  1.0970E+03  2.8096E+01  1.9976E+00
  0.0000E+00  1.0000E+03  1.1472E+03  6.9101E+01  1.0844E+03  2.9007E+01  1.9965E+00
