  26  3.7500000E+00
  3.5635E+01  1.0000E-03  1.3633E+03  1.1710E+02  1.3633E+03  0.0000E+00  0.0000E+00
  2.2089E+01  4.0000E+01  1.3624E+03  1.1678E+02  1.3615E+03  4.0565E-02  1.1593E-01
  1.7912E+01  8.0000E+01  1.3588E+03  1.1514E+02  1.3536E+03  4.5930E-01  4.0474E-01
  1.5513E+01  1.2000E+02  1.3549E+03  1.1340E+02  1.3456E+03  8.9582E-01  4.5338E-01
  1.3759E+01  1.6000E+02  1.3494E+03  1.1155E+02  1.3360E+03  2.1307E+00  7.8887E-01
  1.2338E+01  2.0000E+02  1.3414E+03  1.0964E+02  1.3243E+03  4.2575E+00  1.2763E+00
  1.1120E+01  2.4000E+02  1.3310E+03  1.0766E+02  1.3102E+03  6.9242E+00  1.7784E+00
  1.0051E+01  2.8000E+02  1.3185E+03  1.0563E+02  1.2943E+03  9.7820E+00  2.2079E+00
  9.0951E+00  3.2000E+02  1.3045E+03  1.0356E+02  1.2771E+03  1.2428E+01  2.5051E+00
  8.2313E+00  3.6000E+02  1.2899E+03  1.0144E+02  1.2593E+03  1.4485E+01  2.6397E+00
  7.4424E+00  4.0000E+02  1.2753E+03  9.9282E+01  1.2417E+03  1.5807E+01  2.6312E+00
  6.7154E+00  4.4000E+02  1.2611E+03  9.7089E+01  1.2247E+03  1.6554E+01  2.5389E+00
  6.0406E+00  4.8000E+02  1.2473E+03  9.4859E+01  1.2083E+03  1.7021E+01  2.4232E+00
  5.4106E+00  5.2000E+02  1.2342E+03  9.2597E+01  1.1926E+03  1.7290E+01  2.2982E+00
  4.8196E+00  5.6000E+02  1.2217E+03  9.0301E+01  1.1777E+03  1.7301E+01  2.1572E+00
  4.2633E+00  6.0000E+02  1.2098E+03  8.7973E+01  1.1635E+03  1.7202E+01  2.0191E+00
  3.7381E+00  6.4000E+02  1.1982E+03  8.5617E+01  1.1498E+03  1.7475E+01  1.9364E+00
  3.2411E+00  6.8000E+02  1.1865E+03  8.3242E+01  1.1361E+03  1.8773E+01  1.9684E+00
  2.7696E+00  7.2000E+02  1.1742E+03  8.0862E+01  1.1218E+03  2.1159E+01  2.1047E+00
  2.3209E+00  7.6000E+02  1.1612E+03  7.8489E+01  1.1070E+03  2.3657E+01  2.2396E+00
  1.8926E+00  8.0000E+02  1.1480E+03  7.6125E+01  1.0922E+03  2.5264E+01  2.2830E+00
  1.4829E+00  8.4000E+02  1.1350E+03  7.3771E+01  1.0776E+03  2.6029E+01  2.2503E+00
  1.0901E+00  8.8000E+02  1.1218E+03  7.1453E+01  1.0630E+03  2.7588E+01  2.2861E+00
  7.1325E-01  9.2000E+02  1.1079E+03  6.9234E+01  1.0477E+03  3.1018E+01  2.4661E+00
  3.5061E-01  9.6000E+02  1.0933E+03  6.7195E+01  1.0319E+03  3.4562E+01  2.6444E+00
  0.0000E+00  1.0000E+03  1.0786E+03  6.5492E+01  1.0160E+03  3.7266E+01  2.7566E+00
