  26  3.7500000E+00
  3.3125E+01  1.0000E-03  1.3633E+03  1.2297E+02  1.3633E+03  0.0000E+00  0.0000E+00
  2.0604E+01  4.0000E+01  1.3624E+03  1.2266E+02  1.3616E+03  4.0692E-02  1.0749E-01
  1.6436E+01  8.0000E+01  1.3590E+03  1.2103E+02  1.3539E+03  4.2757E-01  3.7607E-01
  1.3915E+01  1.2000E+02  1.3557E+03  1.1926E+02  1.3463E+03  6.1273E-01  3.2579E-01
  1.2149E+01  1.6000E+02  1.3521E+03  1.1741E+02  1.3387E+03  1.0041E+00  3.7415E-01
  1.0808E+01  2.0000E+02  1.3479E+03  1.1549E+02  1.3307E+03  1.6896E+00  4.7809E-01
  9.7159E+00  2.4000E+02  1.3432E+03  1.1351E+02  1.3224E+03  2.4619E+00  5.6725E-01
  8.7833E+00  2.8000E+02  1.3382E+03  1.1147E+02  1.3140E+03  3.1663E+00  6.2299E-01
  7.9615E+00  3.2000E+02  1.3329E+03  1.0937E+02  1.3054E+03  3.9620E+00  6.8694E-01
  7.2227E+00  3.6000E+02  1.3270E+03  1.0723E+02  1.2964E+03  5.0097E+00  7.8091E-01
  6.5495E+00  4.0000E+02  1.3206E+03  1.0503E+02  1.2870E+03  6.2890E+00  8.9325E-01
  5.9298E+00  4.4000E+02  1.3136E+03  1.0280E+02  1.2772E+03  7.6893E+00  1.0053E+00
  5.3543E+00  4.8000E+02  1.3061E+03  1.0053E+02  1.2669E+03  9.1284E+00  1.1084E+00
  4.8153E+00  5.2000E+02  1.2980E+03  9.8220E+01  1.2563E+03  1.0654E+01  1.2115E+00
  4.3072E+00  5.6000E+02  1.2894E+03  9.5880E+01  1.2453E+03  1.2423E+01  1.3319E+00
  3.8257E+00  6.0000E+02  1.2800E+03  9.3512E+01  1.2336E+03  1.4489E+01  1.4719E+00
  3.3676E+00  6.4000E+02  1.2700E+03  9.1122E+01  1.2214E+03  1.6705E+01  1.6143E+00
  2.9306E+00  6.8000E+02  1.2594E+03  8.8712E+01  1.2088E+03  1.8857E+01  1.7388E+00
  2.5125E+00  7.2000E+02  1.2482E+03  8.6289E+01  1.1957E+03  2.0798E+01  1.8345E+00
  2.1117E+00  7.6000E+02  1.2368E+03  8.3857E+01  1.1825E+03  2.2473E+01  1.9002E+00
  1.7268E+00  8.0000E+02  1.2252E+03  8.1423E+01  1.1691E+03  2.3896E+01  1.9405E+00
  1.3565E+00  8.4000E+02  1.2134E+03  7.8997E+01  1.1558E+03  2.5104E+01  1.9613E+00
  9.9974E-01  8.8000E+02  1.2017E+03  7.6593E+01  1.1426E+03  2.6313E+01  1.9807E+00
  6.5550E-01  9.2000E+02  1.1895E+03  7.4253E+01  1.1290E+03  2.8563E+01  2.0744E+00
  3.2275E-01  9.6000E+02  1.1768E+03  7.2049E+01  1.1151E+03  3.1547E+01  2.2147E+00
  0.0000E+00  1.0000E+03  1.1641E+03  7.0099E+01  1.1013E+03  3.3132E+01  2.2561E+00
