  26  3.7500000E+00
  3.2764E+01  1.0000E-03  1.3633E+03  1.2307E+02  1.3633E+03  0.0000E+00  0.0000E+00
  2.0409E+01  4.0000E+01  1.3624E+03  1.2276E+02  1.3616E+03  4.0654E-02  1.0597E-01
  1.6333E+01  8.0000E+01  1.3591E+03  1.2114E+02  1.3539E+03  4.2951E-01  3.6935E-01
  1.3850E+01  1.2000E+02  1.3558E+03  1.1936E+02  1.3464E+03  6.2325E-01  3.2645E-01
  1.2107E+01  1.6000E+02  1.3521E+03  1.1751E+02  1.3387E+03  1.0477E+00  3.8535E-01
  1.0779E+01  2.0000E+02  1.3478E+03  1.1560E+02  1.3307E+03  1.7495E+00  4.9010E-01
  9.6939E+00  2.4000E+02  1.3432E+03  1.1362E+02  1.3224E+03  2.4766E+00  5.6708E-01
  8.7650E+00  2.8000E+02  1.3382E+03  1.1158E+02  1.3140E+03  3.1173E+00  6.1091E-01
  7.9458E+00  3.2000E+02  1.3330E+03  1.0948E+02  1.3054E+03  3.8687E+00  6.6867E-01
  7.2091E+00  3.6000E+02  1.3272E+03  1.0733E+02  1.2966E+03  4.8752E+00  7.5769E-01
  6.5380E+00  4.0000E+02  1.3209E+03  1.0514E+02  1.2873E+03  6.0960E+00  8.6313E-01
  5.9204E+00  4.4000E+02  1.3141E+03  1.0290E+02  1.2777E+03  7.4123E+00  9.6586E-01
  5.3468E+00  4.8000E+02  1.3068E+03  1.0063E+02  1.2677E+03  8.7478E+00  1.0586E+00
  4.8094E+00  5.2000E+02  1.2990E+03  9.8321E+01  1.2574E+03  1.0205E+01  1.1569E+00
  4.3025E+00  5.6000E+02  1.2906E+03  9.5979E+01  1.2465E+03  1.1993E+01  1.2827E+00
  3.8219E+00  6.0000E+02  1.2815E+03  9.3609E+01  1.2351E+03  1.4156E+01  1.4353E+00
  3.3646E+00  6.4000E+02  1.2715E+03  9.1217E+01  1.2230E+03  1.6495E+01  1.5915E+00
  2.9282E+00  6.8000E+02  1.2609E+03  8.8806E+01  1.2103E+03  1.8757E+01  1.7272E+00
  2.5106E+00  7.2000E+02  1.2498E+03  8.6381E+01  1.1973E+03  2.0785E+01  1.8311E+00
  2.1103E+00  7.6000E+02  1.2384E+03  8.3947E+01  1.1840E+03  2.2521E+01  1.9022E+00
  1.7257E+00  8.0000E+02  1.2267E+03  8.1512E+01  1.1707E+03  2.3963E+01  1.9442E+00
  1.3557E+00  8.4000E+02  1.2150E+03  7.9084E+01  1.1574E+03  2.5120E+01  1.9609E+00
  9.9921E-01  8.8000E+02  1.2032E+03  7.6677E+01  1.1441E+03  2.6284E+01  1.9771E+00
  6.5522E-01  9.2000E+02  1.1910E+03  7.4334E+01  1.1305E+03  2.8708E+01  2.0835E+00
  3.2264E-01  9.6000E+02  1.1782E+03  7.2133E+01  1.1165E+03  3.1881E+01  2.2370E+00
  0.0000E+00  1.0000E+03  1.1655E+03  7.0184E+01  1.1027E+03  3.3184E+01  2.2589E+00
