  26  3.7500000E+00
  3.3268E+01  1.0000E-03  1.3633E+03  1.2293E+02  1.3633E+03  0.0000E+00  0.0000E+00
  2.0682E+01  4.0000E+01  1.3624E+03  1.2262E+02  1.3616E+03  4.0728E-02  1.0815E-01
  1.6477E+01  8.0000E+01  1.3590E+03  1.2099E+02  1.3538E+03  4.2710E-01  3.7888E-01
  1.3942E+01  1.2000E+02  1.3557E+03  1.1922E+02  1.3463E+03  6.0921E-01  3.2584E-01
  1.2167E+01  1.6000E+02  1.3521E+03  1.1737E+02  1.3387E+03  9.8910E-01  3.7045E-01
  1.0820E+01  2.0000E+02  1.3479E+03  1.1545E+02  1.3307E+03  1.6686E+00  4.7413E-01
  9.7251E+00  2.4000E+02  1.3433E+03  1.1347E+02  1.3225E+03  2.4582E+00  5.6796E-01
  8.7909E+00  2.8000E+02  1.3382E+03  1.1143E+02  1.3140E+03  3.1883E+00  6.2843E-01
  7.9680E+00  3.2000E+02  1.3328E+03  1.0933E+02  1.3053E+03  4.0018E+00  6.9473E-01
  7.2283E+00  3.6000E+02  1.3270E+03  1.0718E+02  1.2963E+03  5.0646E+00  7.9043E-01
  6.5543E+00  4.0000E+02  1.3205E+03  1.0499E+02  1.2868E+03  6.3650E+00  9.0517E-01
  5.9337E+00  4.4000E+02  1.3134E+03  1.0276E+02  1.2769E+03  7.7951E+00  1.0205E+00
  5.3574E+00  4.8000E+02  1.3058E+03  1.0049E+02  1.2666E+03  9.2731E+00  1.1275E+00
  4.8179E+00  5.2000E+02  1.2976E+03  9.8180E+01  1.2559E+03  1.0830E+01  1.2329E+00
  4.3092E+00  5.6000E+02  1.2889E+03  9.5841E+01  1.2448E+03  1.2598E+01  1.3519E+00
  3.8273E+00  6.0000E+02  1.2795E+03  9.3474E+01  1.2331E+03  1.4630E+01  1.4876E+00
  3.3689E+00  6.4000E+02  1.2694E+03  9.1084E+01  1.2208E+03  1.6798E+01  1.6245E+00
  2.9316E+00  6.8000E+02  1.2587E+03  8.8676E+01  1.2081E+03  1.8903E+01  1.7440E+00
  2.5133E+00  7.2000E+02  1.2476E+03  8.6253E+01  1.1951E+03  2.0804E+01  1.8359E+00
  2.1123E+00  7.6000E+02  1.2361E+03  8.3822E+01  1.1818E+03  2.2448E+01  1.8989E+00
  1.7273E+00  8.0000E+02  1.2245E+03  8.1388E+01  1.1685E+03  2.3858E+01  1.9382E+00
  1.3569E+00  8.4000E+02  1.2128E+03  7.8963E+01  1.1552E+03  2.5082E+01  1.9602E+00
  9.9996E-01  8.8000E+02  1.2010E+03  7.6561E+01  1.1419E+03  2.6305E+01  1.9808E+00
  6.5562E-01  9.2000E+02  1.1889E+03  7.4220E+01  1.1284E+03  2.8487E+01  2.0695E+00
  3.2280E-01  9.6000E+02  1.1762E+03  7.2015E+01  1.1145E+03  3.1399E+01  2.2048E+00
  0.0000E+00  1.0000E+03  1.1636E+03  7.0066E+01  1.1007E+03  3.3109E+01  2.2548E+00
