  26  3.7500000E+00
  3.5545E+01  1.0000E-03  1.3633E+03  1.1779E+02  1.3633E+03  0.0000E+00  0.0000E+00
  2.2070E+01  4.0000E+01  1.3624E+03  1.1747E+02  1.3615E+03  4.0764E-02  1.1590E-01
  1.7850E+01  8.0000E+01  1.3588E+03  1.1583E+02  1.3536E+03  4.6324E-01  4.1246E-01
  1.5421E+01  1.2000E+02  1.3548E+03  1.1408E+02  1.3455E+03  9.1277E-01  4.6759E-01
  1.3659E+01  1.6000E+02  1.3493E+03  1.1224E+02  1.3359E+03  2.1201E+00  7.8845E-01
  1.2237E+01  2.0000E+02  1.3415E+03  1.1033E+02  1.3243E+03  4.1400E+00  1.2422E+00
  1.1024E+01  2.4000E+02  1.3314E+03  1.0835E+02  1.3106E+03  6.6566E+00  1.7031E+00
  9.9612E+00  2.8000E+02  1.3195E+03  1.0632E+02  1.2953E+03  9.2573E+00  2.0756E+00
  9.0141E+00  3.2000E+02  1.3065E+03  1.0425E+02  1.2790E+03  1.1571E+01  2.3121E+00
  8.1588E+00  3.6000E+02  1.2929E+03  1.0213E+02  1.2623E+03  1.3408E+01  2.4195E+00
  7.3778E+00  4.0000E+02  1.2792E+03  9.9970E+01  1.2457E+03  1.4739E+01  2.4287E+00
  6.6579E+00  4.4000E+02  1.2658E+03  9.7773E+01  1.2294E+03  1.5600E+01  2.3696E+00
  5.9892E+00  4.8000E+02  1.2529E+03  9.5540E+01  1.2138E+03  1.6058E+01  2.2653E+00
  5.3646E+00  5.2000E+02  1.2405E+03  9.3272E+01  1.1989E+03  1.6123E+01  2.1247E+00
  4.7786E+00  5.6000E+02  1.2290E+03  9.0966E+01  1.1850E+03  1.5795E+01  1.9528E+00
  4.2269E+00  6.0000E+02  1.2182E+03  8.8624E+01  1.1719E+03  1.5308E+01  1.7818E+00
  3.7061E+00  6.4000E+02  1.2079E+03  8.6247E+01  1.1594E+03  1.5218E+01  1.6721E+00
  3.2134E+00  6.8000E+02  1.1974E+03  8.3848E+01  1.1469E+03  1.6405E+01  1.7053E+00
  2.7461E+00  7.2000E+02  1.1860E+03  8.1442E+01  1.1336E+03  1.9293E+01  1.9022E+00
  2.3014E+00  7.6000E+02  1.1734E+03  7.9044E+01  1.1192E+03  2.2901E+01  2.1485E+00
  1.8770E+00  8.0000E+02  1.1601E+03  7.6663E+01  1.1042E+03  2.5755E+01  2.3062E+00
  1.4709E+00  8.4000E+02  1.1465E+03  7.4305E+01  1.0891E+03  2.7642E+01  2.3684E+00
  1.0816E+00  8.8000E+02  1.1326E+03  7.1993E+01  1.0737E+03  2.9736E+01  2.4426E+00
  7.0775E-01  9.2000E+02  1.1182E+03  6.9777E+01  1.0580E+03  3.2538E+01  2.5663E+00
  3.4792E-01  9.6000E+02  1.1035E+03  6.7731E+01  1.0420E+03  3.5209E+01  2.6729E+00
  0.0000E+00  1.0000E+03  1.0887E+03  6.6023E+01  1.0261E+03  3.7737E+01  2.7701E+00
