  26  3.7500000E+00
  3.5677E+01  1.0000E-03  1.3633E+03  1.1553E+02  1.3633E+03  0.0000E+00  0.0000E+00
  2.2131E+01  4.0000E+01  1.3624E+03  1.1521E+02  1.3615E+03  4.0398E-02  1.1545E-01
  1.7987E+01  8.0000E+01  1.3589E+03  1.1356E+02  1.3537E+03  4.5568E-01  3.9844E-01
  1.5619E+01  1.2000E+02  1.3551E+03  1.1182E+02  1.3458E+03  8.5428E-01  4.2690E-01
  1.3870E+01  1.6000E+02  1.3496E+03  1.0997E+02  1.3363E+03  2.0826E+00  7.6809E-01
  1.2448E+01  2.0000E+02  1.3409E+03  1.0806E+02  1.3238E+03  4.7415E+00  1.4226E+00
  1.1225E+01  2.4000E+02  1.3284E+03  1.0608E+02  1.3077E+03  8.6187E+00  2.2244E+00
  1.0147E+01  2.8000E+02  1.3128E+03  1.0405E+02  1.2886E+03  1.2644E+01  2.8770E+00
  9.1812E+00  3.2000E+02  1.2954E+03  1.0198E+02  1.2679E+03  1.5860E+01  3.2302E+00
  8.3072E+00  3.6000E+02  1.2775E+03  9.9878E+01  1.2469E+03  1.8031E+01  3.3251E+00
  7.5083E+00  4.0000E+02  1.2599E+03  9.7737E+01  1.2264E+03  1.9355E+01  3.2621E+00
  6.7726E+00  4.4000E+02  1.2429E+03  9.5564E+01  1.2066E+03  2.0123E+01  3.1233E+00
  6.0908E+00  4.8000E+02  1.2267E+03  9.3362E+01  1.1877E+03  2.0593E+01  2.9624E+00
  5.4553E+00  5.2000E+02  1.2112E+03  9.1134E+01  1.1697E+03  2.0901E+01  2.8021E+00
  4.8603E+00  5.6000E+02  1.1964E+03  8.8882E+01  1.1524E+03  2.1138E+01  2.6537E+00
  4.3007E+00  6.0000E+02  1.1821E+03  8.6610E+01  1.1359E+03  2.1368E+01  2.5227E+00
  3.7725E+00  6.4000E+02  1.1684E+03  8.4321E+01  1.1201E+03  2.1612E+01  2.4085E+00
  3.2722E+00  6.8000E+02  1.1552E+03  8.2017E+01  1.1048E+03  2.1872E+01  2.3085E+00
  2.7970E+00  7.2000E+02  1.1423E+03  7.9702E+01  1.0901E+03  2.2143E+01  2.2201E+00
  2.3443E+00  7.6000E+02  1.1299E+03  7.7382E+01  1.0758E+03  2.2412E+01  2.1404E+00
  1.9121E+00  8.0000E+02  1.1178E+03  7.5060E+01  1.0620E+03  2.2667E+01  2.0670E+00
  1.4985E+00  8.4000E+02  1.1059E+03  7.2744E+01  1.0487E+03  2.2954E+01  2.0031E+00
  1.1019E+00  8.8000E+02  1.0943E+03  7.0448E+01  1.0356E+03  2.3546E+01  1.9702E+00
  7.2092E-01  9.2000E+02  1.0825E+03  6.8207E+01  1.0224E+03  2.5093E+01  2.0169E+00
  3.5431E-01  9.6000E+02  1.0701E+03  6.6104E+01  1.0087E+03  2.8156E+01  2.1778E+00
  0.0000E+00  1.0000E+03  1.0567E+03  6.4324E+01  9.9423E+02  3.2724E+01  2.4462E+00
