  26  3.7500000E+00
  3.5037E+01  1.0000E-03  1.3633E+03  1.2186E+02  1.3633E+03  0.0000E+00  0.0000E+00
  2.1732E+01  4.0000E+01  1.3624E+03  1.2155E+02  1.3615E+03  4.2085E-02  1.1814E-01
  1.7156E+01  8.0000E+01  1.3587E+03  1.1990E+02  1.3535E+03  4.4542E-01  4.2999E-01
  1.4471E+01  1.2000E+02  1.3551E+03  1.1814E+02  1.3457E+03  6.8664E-01  3.8894E-01
  1.2603E+01  1.6000E+02  1.3511E+03  1.1629E+02  1.3377E+03  1.1445E+00  4.5118E-01
  1.1178E+01  2.0000E+02  1.3467E+03  1.1437E+02  1.3295E+03  1.7768E+00  5.3417E-01
  1.0022E+01  2.4000E+02  1.3418E+03  1.1239E+02  1.3210E+03  2.5057E+00  6.1127E-01
  9.0414E+00  2.8000E+02  1.3364E+03  1.1035E+02  1.3122E+03  3.3913E+00  7.0124E-01
  8.1835E+00  3.2000E+02  1.3304E+03  1.0825E+02  1.3028E+03  4.6078E+00  8.3407E-01
  7.4151E+00  3.6000E+02  1.3234E+03  1.0611E+02  1.2928E+03  6.2542E+00  1.0139E+00
  6.7158E+00  4.0000E+02  1.3155E+03  1.0392E+02  1.2818E+03  8.2436E+00  1.2162E+00
  6.0720E+00  4.4000E+02  1.3066E+03  1.0170E+02  1.2701E+03  1.0391E+01  1.4112E+00
  5.4743E+00  4.8000E+02  1.2968E+03  9.9438E+01  1.2577E+03  1.2524E+01  1.5793E+00
  4.9155E+00  5.2000E+02  1.2864E+03  9.7147E+01  1.2447E+03  1.4517E+01  1.7114E+00
  4.3901E+00  5.6000E+02  1.2755E+03  9.4828E+01  1.2314E+03  1.6292E+01  1.8060E+00
  3.8938E+00  6.0000E+02  1.2643E+03  9.2483E+01  1.2180E+03  1.7815E+01  1.8655E+00
  3.4231E+00  6.4000E+02  1.2530E+03  9.0115E+01  1.2045E+03  1.9091E+01  1.8960E+00
  2.9752E+00  6.8000E+02  1.2416E+03  8.7729E+01  1.1910E+03  2.0165E+01  1.9056E+00
  2.5478E+00  7.2000E+02  1.2301E+03  8.5327E+01  1.1777E+03  2.1123E+01  1.9048E+00
  2.1390E+00  7.6000E+02  1.2187E+03  8.2917E+01  1.1644E+03  2.2101E+01  1.9061E+00
  1.7472E+00  8.0000E+02  1.2072E+03  8.0507E+01  1.1512E+03  2.3244E+01  1.9213E+00
  1.3712E+00  8.4000E+02  1.1955E+03  7.8111E+01  1.1380E+03  2.4606E+01  1.9521E+00
  1.0098E+00  8.8000E+02  1.1838E+03  7.5748E+01  1.1247E+03  2.5995E+01  1.9823E+00
  6.6165E-01  9.2000E+02  1.1720E+03  7.3439E+01  1.1116E+03  2.7142E+01  1.9936E+00
  3.2547E-01  9.6000E+02  1.1604E+03  7.1225E+01  1.0987E+03  2.8028E+01  1.9879E+00
  0.0000E+00  1.0000E+03  1.1489E+03  6.9200E+01  1.0861E+03  2.8925E+01  1.9862E+00
