  26  3.7500000E+00
  3.3003E+01  1.0000E-03  1.3633E+03  1.2300E+02  1.3633E+03  0.0000E+00  0.0000E+00
  2.0538E+01  4.0000E+01  1.3624E+03  1.2269E+02  1.3616E+03  4.0668E-02  1.0695E-01
  1.6400E+01  8.0000E+01  1.3590E+03  1.2106E+02  1.3539E+03  4.2812E-01  3.7374E-01
  1.3893E+01  1.2000E+02  1.3557E+03  1.1929E+02  1.3464E+03  6.1618E-01  3.2598E-01
  1.2134E+01  1.6000E+02  1.3521E+03  1.1744E+02  1.3387E+03  1.0180E+00  3.7766E-01
  1.0798E+01  2.0000E+02  1.3479E+03  1.1553E+02  1.3307E+03  1.7078E+00  4.8156E-01
  9.7083E+00  2.4000E+02  1.3432E+03  1.1355E+02  1.3224E+03  2.4649E+00  5.6666E-01
  8.7771E+00  2.8000E+02  1.3382E+03  1.1151E+02  1.3140E+03  3.1486E+00  6.1863E-01
  7.9562E+00  3.2000E+02  1.3329E+03  1.0941E+02  1.3054E+03  3.9308E+00  6.8078E-01
  7.2181E+00  3.6000E+02  1.3271E+03  1.0726E+02  1.2964E+03  4.9659E+00  7.7331E-01
  6.5456E+00  4.0000E+02  1.3207E+03  1.0507E+02  1.2871E+03  6.2274E+00  8.8356E-01
  5.9266E+00  4.4000E+02  1.3138E+03  1.0283E+02  1.2773E+03  7.6020E+00  9.9280E-01
  5.3517E+00  4.8000E+02  1.3063E+03  1.0056E+02  1.2672E+03  9.0070E+00  1.0924E+00
  4.8133E+00  5.2000E+02  1.2984E+03  9.8253E+01  1.2567E+03  1.0507E+01  1.1935E+00
  4.3056E+00  5.6000E+02  1.2898E+03  9.5913E+01  1.2457E+03  1.2279E+01  1.3152E+00
  3.8244E+00  6.0000E+02  1.2805E+03  9.3544E+01  1.2341E+03  1.4374E+01  1.4593E+00
  3.3666E+00  6.4000E+02  1.2705E+03  9.1153E+01  1.2220E+03  1.6630E+01  1.6062E+00
  2.9298E+00  6.8000E+02  1.2599E+03  8.8743E+01  1.2093E+03  1.8820E+01  1.7345E+00
  2.5119E+00  7.2000E+02  1.2488E+03  8.6319E+01  1.1962E+03  2.0793E+01  1.8332E+00
  2.1112E+00  7.6000E+02  1.2373E+03  8.3887E+01  1.1830E+03  2.2491E+01  1.9010E+00
  1.7265E+00  8.0000E+02  1.2257E+03  8.1452E+01  1.1697E+03  2.3921E+01  1.9420E+00
  1.3563E+00  8.4000E+02  1.2140E+03  7.9026E+01  1.1563E+03  2.5115E+01  1.9616E+00
  9.9956E-01  8.8000E+02  1.2022E+03  7.6621E+01  1.1431E+03  2.6311E+01  1.9801E+00
  6.5541E-01  9.2000E+02  1.1900E+03  7.4280E+01  1.1295E+03  2.8619E+01  2.0780E+00
  3.2271E-01  9.6000E+02  1.1772E+03  7.2077E+01  1.1155E+03  3.1662E+01  2.2224E+00
  0.0000E+00  1.0000E+03  1.1646E+03  7.0127E+01  1.1017E+03  3.3148E+01  2.2569E+00
