  26  3.7500000E+00
  3.5181E+01  1.0000E-03  1.3633E+03  1.2043E+02  1.3633E+03  0.0000E+00  0.0000E+00
  2.1937E+01  4.0000E+01  1.3624E+03  1.2012E+02  1.3615E+03  4.1656E-02  1.1640E-01
  1.7532E+01  8.0000E+01  1.3587E+03  1.1847E+02  1.3535E+03  4.6574E-01  4.3286E-01
  1.5001E+01  1.2000E+02  1.3547E+03  1.1672E+02  1.3453E+03  8.8928E-01  4.7484E-01
  1.3202E+01  1.6000E+02  1.3495E+03  1.1488E+02  1.3361E+03  1.8775E+00  7.1261E-01
  1.1772E+01  2.0000E+02  1.3430E+03  1.1297E+02  1.3258E+03  3.2109E+00  9.6820E-01
  1.0576E+01  2.4000E+02  1.3356E+03  1.1099E+02  1.3148E+03  4.5373E+00  1.1454E+00
  9.5418E+00  2.8000E+02  1.3276E+03  1.0896E+02  1.3034E+03  5.7446E+00  1.2533E+00
  8.6289E+00  3.2000E+02  1.3192E+03  1.0687E+02  1.2917E+03  6.8990E+00  1.3288E+00
  7.8095E+00  3.6000E+02  1.3104E+03  1.0474E+02  1.2798E+03  8.1447E+00  1.4080E+00
  7.0641E+00  4.0000E+02  1.3011E+03  1.0256E+02  1.2675E+03  9.5860E+00  1.5076E+00
  6.3786E+00  4.4000E+02  1.2912E+03  1.0034E+02  1.2548E+03  1.1159E+01  1.6139E+00
  5.7429E+00  4.8000E+02  1.2809E+03  9.8085E+01  1.2418E+03  1.2633E+01  1.6943E+00
  5.1495E+00  5.2000E+02  1.2705E+03  9.5796E+01  1.2288E+03  1.3790E+01  1.7264E+00
  4.5927E+00  5.6000E+02  1.2600E+03  9.3473E+01  1.2159E+03  1.4621E+01  1.7176E+00
  4.0679E+00  6.0000E+02  1.2496E+03  9.1119E+01  1.2033E+03  1.5310E+01  1.6951E+00
  3.5714E+00  6.4000E+02  1.2392E+03  8.8737E+01  1.1907E+03  1.6092E+01  1.6855E+00
  3.1003E+00  6.8000E+02  1.2287E+03  8.6331E+01  1.1782E+03  1.7150E+01  1.7048E+00
  2.6519E+00  7.2000E+02  1.2180E+03  8.3907E+01  1.1655E+03  1.8592E+01  1.7588E+00
  2.2241E+00  7.6000E+02  1.2068E+03  8.1474E+01  1.1525E+03  2.0457E+01  1.8464E+00
  1.8150E+00  8.0000E+02  1.1951E+03  7.9043E+01  1.1391E+03  2.2693E+01  1.9585E+00
  1.4231E+00  8.4000E+02  1.1828E+03  7.6630E+01  1.1253E+03  2.5175E+01  2.0819E+00
  1.0468E+00  8.8000E+02  1.1699E+03  7.4257E+01  1.1109E+03  2.7941E+01  2.2180E+00
  6.8518E-01  9.2000E+02  1.1562E+03  7.1973E+01  1.0959E+03  3.1494E+01  2.4029E+00
  3.3691E-01  9.6000E+02  1.1418E+03  6.9863E+01  1.0803E+03  3.5296E+01  2.5934E+00
  0.0000E+00  1.0000E+03  1.1273E+03  6.8087E+01  1.0646E+03  3.7877E+01  2.6924E+00
