  26  3.7500000E+00
  3.5685E+01  1.0000E-03  1.3633E+03  1.1573E+02  1.3633E+03  0.0000E+00  0.0000E+00
  2.2127E+01  4.0000E+01  1.3624E+03  1.1541E+02  1.3615E+03  4.0409E-02  1.1559E-01
  1.7980E+01  8.0000E+01  1.3589E+03  1.1377E+02  1.3537E+03  4.5666E-01  3.9953E-01
  1.5609E+01  1.2000E+02  1.3551E+03  1.1202E+02  1.3457E+03  8.6918E-01  4.3479E-01
  1.3858E+01  1.6000E+02  1.3495E+03  1.1018E+02  1.3362E+03  2.0967E+00  7.7438E-01
  1.2436E+01  2.0000E+02  1.3412E+03  1.0826E+02  1.3240E+03  4.5325E+00  1.3597E+00
  1.1215E+01  2.4000E+02  1.3295E+03  1.0628E+02  1.3087E+03  7.9498E+00  2.0492E+00
  1.0138E+01  2.8000E+02  1.3149E+03  1.0425E+02  1.2907E+03  1.1634E+01  2.6429E+00
  9.1742E+00  3.2000E+02  1.2986E+03  1.0218E+02  1.2711E+03  1.4790E+01  3.0071E+00
  8.3015E+00  3.6000E+02  1.2816E+03  1.0007E+02  1.2510E+03  1.7086E+01  3.1458E+00
  7.5037E+00  4.0000E+02  1.2646E+03  9.7919E+01  1.2310E+03  1.8603E+01  3.1312E+00
  6.7688E+00  4.4000E+02  1.2480E+03  9.5738E+01  1.2117E+03  1.9600E+01  3.0390E+00
  6.0875E+00  4.8000E+02  1.2319E+03  9.3529E+01  1.1929E+03  2.0390E+01  2.9309E+00
  5.4524E+00  5.2000E+02  1.2163E+03  9.1295E+01  1.1748E+03  2.1068E+01  2.8227E+00
  4.8577E+00  5.6000E+02  1.2012E+03  8.9039E+01  1.1573E+03  2.1605E+01  2.7108E+00
  4.2984E+00  6.0000E+02  1.1866E+03  8.6764E+01  1.1404E+03  2.1993E+01  2.5952E+00
  3.7704E+00  6.4000E+02  1.1726E+03  8.4472E+01  1.1242E+03  2.2264E+01  2.4800E+00
  3.2704E+00  6.8000E+02  1.1590E+03  8.2166E+01  1.1087E+03  2.2475E+01  2.3711E+00
  2.7954E+00  7.2000E+02  1.1459E+03  7.9850E+01  1.0937E+03  2.2664E+01  2.2714E+00
  2.3429E+00  7.6000E+02  1.1333E+03  7.7528E+01  1.0792E+03  2.2840E+01  2.1804E+00
  1.9108E+00  8.0000E+02  1.1210E+03  7.5205E+01  1.0653E+03  2.3004E+01  2.0970E+00
  1.4973E+00  8.4000E+02  1.1091E+03  7.2886E+01  1.0518E+03  2.3197E+01  2.0236E+00
  1.1008E+00  8.8000E+02  1.0974E+03  7.0583E+01  1.0387E+03  2.3604E+01  1.9745E+00
  7.1995E-01  9.2000E+02  1.0857E+03  6.8329E+01  1.0256E+03  2.4920E+01  2.0025E+00
  3.5359E-01  9.6000E+02  1.0732E+03  6.6214E+01  1.0119E+03  2.8234E+01  2.1823E+00
  0.0000E+00  1.0000E+03  1.0595E+03  6.4460E+01  9.9696E+02  3.4035E+01  2.5390E+00
