  26  3.7500000E+00
  3.2043E+01  1.0000E-03  1.3633E+03  1.1946E+02  1.3633E+03  0.0000E+00  0.0000E+00
  2.2844E+01  4.0000E+01  1.3618E+03  1.1924E+02  1.3612E+03  1.3673E-01  2.6537E-01
  1.7900E+01  8.0000E+01  1.3553E+03  1.1736E+02  1.3497E+03  9.3937E-01  9.7976E-01
  1.5365E+01  1.2000E+02  1.3504E+03  1.1558E+02  1.3406E+03  1.2129E+00  6.4876E-01
  1.3551E+01  1.6000E+02  1.3445E+03  1.1372E+02  1.3307E+03  2.2502E+00  8.6121E-01
  1.2104E+01  2.0000E+02  1.3371E+03  1.1180E+02  1.3194E+03  3.7930E+00  1.1581E+00
  1.0886E+01  2.4000E+02  1.3283E+03  1.0981E+02  1.3070E+03  5.5684E+00  1.4311E+00
  9.8273E+00  2.8000E+02  1.3184E+03  1.0777E+02  1.2937E+03  7.4096E+00  1.6543E+00
  8.8884E+00  3.2000E+02  1.3077E+03  1.0569E+02  1.2797E+03  9.2239E+00  1.8272E+00
  8.0425E+00  3.6000E+02  1.2963E+03  1.0356E+02  1.2652E+03  1.0934E+01  1.9515E+00
  7.2711E+00  4.0000E+02  1.2845E+03  1.0139E+02  1.2505E+03  1.2394E+01  2.0170E+00
  6.5610E+00  4.4000E+02  1.2728E+03  9.9176E+01  1.2359E+03  1.3420E+01  2.0107E+00
  5.9023E+00  4.8000E+02  1.2614E+03  9.6927E+01  1.2219E+03  1.3919E+01  1.9343E+00
  5.2876E+00  5.2000E+02  1.2505E+03  9.4639E+01  1.2085E+03  1.3933E+01  1.8069E+00
  4.7113E+00  5.6000E+02  1.2403E+03  9.2314E+01  1.1959E+03  1.3650E+01  1.6597E+00
  4.1688E+00  6.0000E+02  1.2307E+03  8.9950E+01  1.1840E+03  1.3349E+01  1.5279E+00
  3.6564E+00  6.4000E+02  1.2215E+03  8.7551E+01  1.1726E+03  1.3349E+01  1.4430E+00
  3.1711E+00  6.8000E+02  1.2123E+03  8.5123E+01  1.1613E+03  1.4033E+01  1.4369E+00
  2.7101E+00  7.2000E+02  1.2025E+03  8.2675E+01  1.1497E+03  1.5763E+01  1.5330E+00
  2.2713E+00  7.6000E+02  1.1919E+03  8.0221E+01  1.1372E+03  1.8686E+01  1.7302E+00
  1.8524E+00  8.0000E+02  1.1800E+03  7.7777E+01  1.1237E+03  2.2546E+01  1.9923E+00
  1.4518E+00  8.4000E+02  1.1669E+03  7.5364E+01  1.1090E+03  2.6647E+01  2.2525E+00
  1.0677E+00  8.8000E+02  1.1529E+03  7.3006E+01  1.0935E+03  3.0467E+01  2.4690E+00
  6.9876E-01  9.2000E+02  1.1379E+03  7.0753E+01  1.0772E+03  3.4311E+01  2.6704E+00
  3.4341E-01  9.6000E+02  1.1225E+03  6.8687E+01  1.0605E+03  3.7755E+01  2.8305E+00
  7.0410E-04  1.0000E+03  1.1071E+03  6.6979E+01  1.0441E+03  3.9769E+01  2.8755E+00
