  26  3.7500000E+00
  3.2102E+01  1.0000E-03  1.3633E+03  1.1673E+02  1.3633E+03  0.0000E+00  0.0000E+00
  2.2934E+01  4.0000E+01  1.3618E+03  1.1652E+02  1.3612E+03  1.3601E-01  2.6310E-01
  1.8101E+01  8.0000E+01  1.3554E+03  1.1462E+02  1.3498E+03  9.3989E-01  9.5826E-01
  1.5664E+01  1.2000E+02  1.3506E+03  1.1284E+02  1.3408E+03  1.2281E+00  6.3162E-01
  1.3893E+01  1.6000E+02  1.3445E+03  1.1098E+02  1.3307E+03  2.4023E+00  8.9727E-01
  1.2457E+01  2.0000E+02  1.3363E+03  1.0906E+02  1.3187E+03  4.3404E+00  1.3157E+00
  1.1228E+01  2.4000E+02  1.3260E+03  1.0707E+02  1.3048E+03  6.7644E+00  1.7530E+00
  1.0148E+01  2.8000E+02  1.3138E+03  1.0504E+02  1.2892E+03  9.4368E+00  2.1511E+00
  9.1823E+00  3.2000E+02  1.3001E+03  1.0296E+02  1.2722E+03  1.2060E+01  2.4568E+00
  8.3089E+00  3.6000E+02  1.2854E+03  1.0084E+02  1.2544E+03  1.4310E+01  2.6369E+00
  7.5110E+00  4.0000E+02  1.2706E+03  9.8679E+01  1.2367E+03  1.5868E+01  2.6711E+00
  6.7760E+00  4.4000E+02  1.2562E+03  9.6482E+01  1.2194E+03  1.6683E+01  2.5872E+00
  6.0941E+00  4.8000E+02  1.2423E+03  9.4250E+01  1.2029E+03  1.7121E+01  2.4632E+00
  5.4579E+00  5.2000E+02  1.2289E+03  9.1984E+01  1.1870E+03  1.7469E+01  2.3449E+00
  4.8615E+00  5.6000E+02  1.2160E+03  8.9688E+01  1.1717E+03  1.7766E+01  2.2353E+00
  4.3004E+00  6.0000E+02  1.2035E+03  8.7362E+01  1.1569E+03  1.8061E+01  2.1383E+00
  3.7706E+00  6.4000E+02  1.1913E+03  8.5011E+01  1.1426E+03  1.8607E+01  2.0796E+00
  3.2692E+00  6.8000E+02  1.1790E+03  8.2643E+01  1.1283E+03  1.9849E+01  2.0998E+00
  2.7934E+00  7.2000E+02  1.1662E+03  8.0269E+01  1.1135E+03  2.2010E+01  2.2094E+00
  2.3407E+00  7.6000E+02  1.1527E+03  7.7903E+01  1.0983E+03  2.4469E+01  2.3373E+00
  1.9086E+00  8.0000E+02  1.1391E+03  7.5549E+01  1.0830E+03  2.6138E+01  2.3824E+00
  1.4954E+00  8.4000E+02  1.1257E+03  7.3208E+01  1.0680E+03  2.6793E+01  2.3361E+00
  1.0994E+00  8.8000E+02  1.1123E+03  7.0902E+01  1.0531E+03  2.8009E+01  2.3400E+00
  7.1938E-01  9.2000E+02  1.0983E+03  6.8688E+01  1.0378E+03  3.0922E+01  2.4792E+00
  3.5350E-01  9.6000E+02  1.0837E+03  6.6647E+01  1.0221E+03  3.4164E+01  2.6372E+00
  7.3219E-04  1.0000E+03  1.0689E+03  6.4946E+01  1.0061E+03  3.7168E+01  2.7663E+00
