  26  3.7500000E+00
  3.1941E+01  1.0000E-03  1.3633E+03  1.2139E+02  1.3633E+03  0.0000E+00  0.0000E+00
  2.2591E+01  4.0000E+01  1.3618E+03  1.2118E+02  1.3612E+03  1.3714E-01  2.7055E-01
  1.7445E+01  8.0000E+01  1.3552E+03  1.1932E+02  1.3497E+03  9.0695E-01  9.8462E-01
  1.4745E+01  1.2000E+02  1.3508E+03  1.1754E+02  1.3410E+03  9.9720E-01  5.6814E-01
  1.2852E+01  1.6000E+02  1.3460E+03  1.1568E+02  1.3323E+03  1.5289E+00  6.1059E-01
  1.1394E+01  2.0000E+02  1.3407E+03  1.1374E+02  1.3231E+03  2.3075E+00  7.0941E-01
  1.0205E+01  2.4000E+02  1.3350E+03  1.1175E+02  1.3138E+03  3.1567E+00  7.9189E-01
  9.1963E+00  2.8000E+02  1.3288E+03  1.0970E+02  1.3042E+03  4.0686E+00  8.6624E-01
  8.3146E+00  3.2000E+02  1.3221E+03  1.0760E+02  1.2942E+03  5.2146E+00  9.6998E-01
  7.5272E+00  3.6000E+02  1.3146E+03  1.0545E+02  1.2836E+03  6.7631E+00  1.1235E+00
  6.8124E+00  4.0000E+02  1.3062E+03  1.0326E+02  1.2722E+03  8.7124E+00  1.3139E+00
  6.1557E+00  4.4000E+02  1.2968E+03  1.0103E+02  1.2600E+03  1.0888E+01  1.5086E+00
  5.5468E+00  4.8000E+02  1.2866E+03  9.8770E+01  1.2471E+03  1.3062E+01  1.6779E+00
  4.9783E+00  5.2000E+02  1.2758E+03  9.6479E+01  1.2337E+03  1.5044E+01  1.8047E+00
  4.4442E+00  5.6000E+02  1.2645E+03  9.4160E+01  1.2201E+03  1.6725E+01  1.8844E+00
  3.9402E+00  6.0000E+02  1.2531E+03  9.1816E+01  1.2063E+03  1.8067E+01  1.9212E+00
  3.4626E+00  6.4000E+02  1.2416E+03  8.9448E+01  1.1927E+03  1.9099E+01  1.9246E+00
  3.0085E+00  6.8000E+02  1.2302E+03  8.7061E+01  1.1792E+03  1.9913E+01  1.9079E+00
  2.5755E+00  7.2000E+02  1.2188E+03  8.4657E+01  1.1660E+03  2.0654E+01  1.8868E+00
  2.1616E+00  7.6000E+02  1.2075E+03  8.2243E+01  1.1529E+03  2.1503E+01  1.8776E+00
  1.7652E+00  8.0000E+02  1.1961E+03  7.9828E+01  1.1398E+03  2.2637E+01  1.8930E+00
  1.3850E+00  8.4000E+02  1.1846E+03  7.7428E+01  1.1267E+03  2.4108E+01  1.9339E+00
  1.0197E+00  8.8000E+02  1.1728E+03  7.5061E+01  1.1134E+03  2.5708E+01  1.9813E+00
  6.6808E-01  9.2000E+02  1.1609E+03  7.2753E+01  1.1002E+03  2.7150E+01  2.0143E+00
  3.2857E-01  9.6000E+02  1.1491E+03  7.0546E+01  1.0872E+03  2.8282E+01  2.0258E+00
  4.9443E-04  1.0000E+03  1.1375E+03  6.8535E+01  1.0745E+03  2.9186E+01  2.0202E+00
