  26  3.7500000E+00
  3.0621E+01  1.0000E-03  1.3633E+03  1.2243E+02  1.3633E+03  0.0000E+00  0.0000E+00
  2.1702E+01  4.0000E+01  1.3618E+03  1.2222E+02  1.3612E+03  1.3664E-01  2.5713E-01
  1.6787E+01  8.0000E+01  1.3555E+03  1.2036E+02  1.3500E+03  9.0554E-01  9.3896E-01
  1.4184E+01  1.2000E+02  1.3514E+03  1.1859E+02  1.3417E+03  9.0846E-01  4.9893E-01
  1.2350E+01  1.6000E+02  1.3473E+03  1.1673E+02  1.3336E+03  1.2141E+00  4.6981E-01
  1.0955E+01  2.0000E+02  1.3428E+03  1.1479E+02  1.3252E+03  1.8576E+00  5.4674E-01
  9.8297E+00  2.4000E+02  1.3377E+03  1.1280E+02  1.3165E+03  2.7298E+00  6.4823E-01
  8.8767E+00  2.8000E+02  1.3323E+03  1.1076E+02  1.3076E+03  3.5765E+00  7.1915E-01
  8.0414E+00  3.2000E+02  1.3264E+03  1.0866E+02  1.2986E+03  4.4502E+00  7.8424E-01
  7.2924E+00  3.6000E+02  1.3201E+03  1.0651E+02  1.2891E+03  5.5404E+00  8.7560E-01
  6.6103E+00  4.0000E+02  1.3132E+03  1.0432E+02  1.2793E+03  6.9050E+00  9.9367E-01
  5.9824E+00  4.4000E+02  1.3057E+03  1.0209E+02  1.2689E+03  8.4611E+00  1.1208E+00
  5.3993E+00  4.8000E+02  1.2975E+03  9.9820E+01  1.2581E+03  1.0105E+01  1.2430E+00
  4.8538E+00  5.2000E+02  1.2888E+03  9.7518E+01  1.2468E+03  1.1801E+01  1.3584E+00
  4.3399E+00  5.6000E+02  1.2795E+03  9.5186E+01  1.2351E+03  1.3590E+01  1.4734E+00
  3.8535E+00  6.0000E+02  1.2696E+03  9.2826E+01  1.2229E+03  1.5477E+01  1.5883E+00
  3.3911E+00  6.4000E+02  1.2592E+03  9.0444E+01  1.2104E+03  1.7373E+01  1.6946E+00
  2.9503E+00  6.8000E+02  1.2483E+03  8.8043E+01  1.1975E+03  1.9171E+01  1.7829E+00
  2.5290E+00  7.2000E+02  1.2371E+03  8.5627E+01  1.1844E+03  2.0801E+01  1.8493E+00
  2.1252E+00  7.6000E+02  1.2257E+03  8.3202E+01  1.1712E+03  2.2240E+01  1.8945E+00
  1.7376E+00  8.0000E+02  1.2142E+03  8.0775E+01  1.1579E+03  2.3522E+01  1.9236E+00
  1.3648E+00  8.4000E+02  1.2026E+03  7.8355E+01  1.1447E+03  2.4727E+01  1.9447E+00
  1.0057E+00  8.8000E+02  1.1908E+03  7.5960E+01  1.1315E+03  2.6006E+01  1.9701E+00
  6.5936E-01  9.2000E+02  1.1788E+03  7.3624E+01  1.1181E+03  2.7996E+01  2.0459E+00
  3.2447E-01  9.6000E+02  1.1663E+03  7.1416E+01  1.1044E+03  3.0672E+01  2.1671E+00
  4.3486E-04  1.0000E+03  1.1537E+03  6.9473E+01  1.0907E+03  3.2931E+01  2.2513E+00
