  26  3.7500000E+00
  3.2103E+01  1.0000E-03  1.3633E+03  1.1717E+02  1.3633E+03  0.0000E+00  0.0000E+00
  2.2928E+01  4.0000E+01  1.3618E+03  1.1695E+02  1.3612E+03  1.3602E-01  2.6331E-01
  1.8087E+01  8.0000E+01  1.3554E+03  1.1506E+02  1.3498E+03  9.3880E-01  9.5893E-01
  1.5641E+01  1.2000E+02  1.3506E+03  1.1328E+02  1.3408E+03  1.2220E+00  6.3059E-01
  1.3866E+01  1.6000E+02  1.3445E+03  1.1142E+02  1.3307E+03  2.3841E+00  8.9279E-01
  1.2428E+01  2.0000E+02  1.3364E+03  1.0950E+02  1.3188E+03  4.2992E+00  1.3041E+00
  1.1200E+01  2.4000E+02  1.3262E+03  1.0751E+02  1.3050E+03  6.6848E+00  1.7312E+00
  1.0122E+01  2.8000E+02  1.3141E+03  1.0548E+02  1.2895E+03  9.3175E+00  2.1204E+00
  9.1586E+00  3.2000E+02  1.3006E+03  1.0340E+02  1.2726E+03  1.1921E+01  2.4225E+00
  8.2879E+00  3.6000E+02  1.2861E+03  1.0128E+02  1.2551E+03  1.4127E+01  2.5953E+00
  7.4926E+00  4.0000E+02  1.2716E+03  9.9123E+01  1.2376E+03  1.5578E+01  2.6139E+00
  6.7598E+00  4.4000E+02  1.2575E+03  9.6927E+01  1.2207E+03  1.6254E+01  2.5130E+00
  6.0796E+00  4.8000E+02  1.2440E+03  9.4694E+01  1.2046E+03  1.6509E+01  2.3690E+00
  5.4447E+00  5.2000E+02  1.2312E+03  9.2426E+01  1.1893E+03  1.6578E+01  2.2207E+00
  4.8493E+00  5.6000E+02  1.2191E+03  9.0123E+01  1.1748E+03  1.6479E+01  2.0700E+00
  4.2889E+00  6.0000E+02  1.2077E+03  8.7787E+01  1.1610E+03  1.6285E+01  1.9256E+00
  3.7598E+00  6.4000E+02  1.1967E+03  8.5419E+01  1.1479E+03  1.6309E+01  1.8204E+00
  3.2591E+00  6.8000E+02  1.1856E+03  8.3027E+01  1.1349E+03  1.7207E+01  1.8176E+00
  2.7843E+00  7.2000E+02  1.1739E+03  8.0625E+01  1.1212E+03  1.9646E+01  1.9681E+00
  2.3328E+00  7.6000E+02  1.1611E+03  7.8233E+01  1.1066E+03  2.3175E+01  2.2077E+00
  1.9021E+00  8.0000E+02  1.1474E+03  7.5860E+01  1.0913E+03  2.6119E+01  2.3730E+00
  1.4903E+00  8.4000E+02  1.1337E+03  7.3507E+01  1.0760E+03  2.7649E+01  2.4023E+00
  1.0957E+00  8.8000E+02  1.1198E+03  7.1195E+01  1.0606E+03  2.9354E+01  2.4439E+00
  7.1696E-01  9.2000E+02  1.1053E+03  6.8983E+01  1.0448E+03  3.2545E+01  2.6006E+00
  3.5230E-01  9.6000E+02  1.0902E+03  6.6953E+01  1.0284E+03  3.5820E+01  2.7558E+00
  7.3676E-04  1.0000E+03  1.0750E+03  6.5275E+01  1.0121E+03  3.8479E+01  2.8541E+00
