  26  3.7500000E+00
  3.1423E+01  1.0000E-03  1.3633E+03  1.2203E+02  1.3633E+03  0.0000E+00  0.0000E+00
  2.2207E+01  4.0000E+01  1.3618E+03  1.2182E+02  1.3612E+03  1.3717E-01  2.6670E-01
  1.7117E+01  8.0000E+01  1.3553E+03  1.1996E+02  1.3499E+03  9.0032E-01  9.6688E-01
  1.4425E+01  1.2000E+02  1.3511E+03  1.1819E+02  1.3414E+03  9.0877E-01  5.1624E-01
  1.2536E+01  1.6000E+02  1.3470E+03  1.1632E+02  1.3333E+03  1.2023E+00  4.7918E-01
  1.1099E+01  2.0000E+02  1.3425E+03  1.1439E+02  1.3250E+03  1.7517E+00  5.3110E-01
  9.9419E+00  2.4000E+02  1.3376E+03  1.1240E+02  1.3164E+03  2.5879E+00  6.3163E-01
  8.9673E+00  2.8000E+02  1.3320E+03  1.1035E+02  1.3074E+03  3.5962E+00  7.3941E-01
  8.1172E+00  3.2000E+02  1.3259E+03  1.0825E+02  1.2980E+03  4.7263E+00  8.4765E-01
  7.3571E+00  3.6000E+02  1.3191E+03  1.0610E+02  1.2881E+03  6.0597E+00  9.7185E-01
  6.6657E+00  4.0000E+02  1.3116E+03  1.0391E+02  1.2777E+03  7.6593E+00  1.1173E+00
  6.0293E+00  4.4000E+02  1.3034E+03  1.0169E+02  1.2666E+03  9.4766E+00  1.2724E+00
  5.4383E+00  4.8000E+02  1.2944E+03  9.9424E+01  1.2550E+03  1.1393E+01  1.4204E+00
  4.8857E+00  5.2000E+02  1.2847E+03  9.7129E+01  1.2428E+03  1.3297E+01  1.5504E+00
  4.3657E+00  5.6000E+02  1.2746E+03  9.4804E+01  1.2302E+03  1.5124E+01  1.6591E+00
  3.8742E+00  6.0000E+02  1.2639E+03  9.2453E+01  1.2173E+03  1.6839E+01  1.7464E+00
  3.4076E+00  6.4000E+02  1.2530E+03  9.0080E+01  1.2042E+03  1.8414E+01  1.8127E+00
  2.9632E+00  6.8000E+02  1.2418E+03  8.7688E+01  1.1909E+03  1.9830E+01  1.8591E+00
  2.5388E+00  7.2000E+02  1.2304E+03  8.5281E+01  1.1777E+03  2.1088E+01  1.8881E+00
  2.1326E+00  7.6000E+02  1.2190E+03  8.2865E+01  1.1644E+03  2.2227E+01  1.9050E+00
  1.7429E+00  8.0000E+02  1.2075E+03  8.0447E+01  1.1512E+03  2.3335E+01  1.9184E+00
  1.3685E+00  8.4000E+02  1.1959E+03  7.8040E+01  1.1381E+03  2.4551E+01  1.9394E+00
  1.0082E+00  8.8000E+02  1.1841E+03  7.5660E+01  1.1249E+03  2.5914E+01  1.9702E+00
  6.6076E-01  9.2000E+02  1.1723E+03  7.3338E+01  1.1117E+03  2.7434E+01  2.0107E+00
  3.2507E-01  9.6000E+02  1.1603E+03  7.1124E+01  1.0984E+03  2.9132E+01  2.0633E+00
  4.5077E-04  1.0000E+03  1.1482E+03  6.9145E+01  1.0852E+03  3.1039E+01  2.1258E+00
