  26  3.7500000E+00
  3.2000E+01  1.0000E-03  1.3633E+03  1.2100E+02  1.3633E+03  0.0000E+00  0.0000E+00
  2.2695E+01  4.0000E+01  1.3618E+03  1.2079E+02  1.3612E+03  1.3698E-01  2.6890E-01
  1.7609E+01  8.0000E+01  1.3552E+03  1.1892E+02  1.3497E+03  9.1880E-01  9.8589E-01
  1.4962E+01  1.2000E+02  1.3506E+03  1.1714E+02  1.3408E+03  1.0916E+00  6.0961E-01
  1.3099E+01  1.6000E+02  1.3452E+03  1.1528E+02  1.3314E+03  1.8697E+00  7.3479E-01
  1.1647E+01  2.0000E+02  1.3390E+03  1.1335E+02  1.3214E+03  2.9616E+00  9.0751E-01
  1.0446E+01  2.4000E+02  1.3321E+03  1.1136E+02  1.3109E+03  4.0731E+00  1.0319E+00
  9.4174E+00  2.8000E+02  1.3247E+03  1.0931E+02  1.3000E+03  5.1776E+00  1.1239E+00
  8.5135E+00  3.2000E+02  1.3168E+03  1.0721E+02  1.2888E+03  6.4449E+00  1.2291E+00
  7.7039E+00  3.6000E+02  1.3082E+03  1.0507E+02  1.2770E+03  8.0255E+00  1.3708E+00
  6.9682E+00  4.0000E+02  1.2987E+03  1.0288E+02  1.2646E+03  9.8787E+00  1.5334E+00
  6.2922E+00  4.4000E+02  1.2885E+03  1.0066E+02  1.2516E+03  1.1747E+01  1.6755E+00
  5.6657E+00  4.8000E+02  1.2779E+03  9.8400E+01  1.2383E+03  1.3357E+01  1.7655E+00
  5.0811E+00  5.2000E+02  1.2671E+03  9.6109E+01  1.2250E+03  1.4630E+01  1.8044E+00
  4.5325E+00  5.6000E+02  1.2562E+03  9.3788E+01  1.2116E+03  1.5654E+01  1.8116E+00
  4.0154E+00  6.0000E+02  1.2453E+03  9.1438E+01  1.1985E+03  1.6527E+01  1.8031E+00
  3.5261E+00  6.4000E+02  1.2344E+03  8.9062E+01  1.1855E+03  1.7297E+01  1.7858E+00
  3.0615E+00  6.8000E+02  1.2237E+03  8.6664E+01  1.1727E+03  1.8006E+01  1.7651E+00
  2.6191E+00  7.2000E+02  1.2130E+03  8.4246E+01  1.1601E+03  1.8737E+01  1.7489E+00
  2.1968E+00  7.6000E+02  1.2022E+03  8.1815E+01  1.1475E+03  1.9642E+01  1.7499E+00
  1.7929E+00  8.0000E+02  1.1914E+03  7.9379E+01  1.1350E+03  2.0917E+01  1.7826E+00
  1.4058E+00  8.4000E+02  1.1801E+03  7.6954E+01  1.1221E+03  2.2759E+01  1.8586E+00
  1.0343E+00  8.8000E+02  1.1684E+03  7.4566E+01  1.1089E+03  2.5244E+01  1.9784E+00
  6.7725E-01  9.2000E+02  1.1560E+03  7.2254E+01  1.0952E+03  2.8255E+01  2.1287E+00
  3.3295E-01  9.6000E+02  1.1431E+03  7.0080E+01  1.0811E+03  3.1023E+01  2.2535E+00
  6.0097E-04  1.0000E+03  1.1303E+03  6.8163E+01  1.0671E+03  3.2778E+01  2.2983E+00
