  26  8.5995000E+01
  3.1979E+01  1.0000E-03  2.0856E-01  1.1967E+02  2.0856E-01  0.0000E+00  0.0000E+00
  2.2648E+01  4.0000E+01  2.6091E+00  1.1994E+02  1.9859E-01 -2.2742E-01 -4.4772E-01
  1.7528E+01  8.0000E+01  1.0694E+01  1.1945E+02  1.6569E-01 -1.6750E+00 -1.8096E+00
  1.4850E+01  1.2000E+02  1.4149E+01  1.1867E+02  1.5275E-01 -1.5801E+00 -8.9275E-01
  1.2970E+01  1.6000E+02  1.9678E+01  1.1872E+02  1.4236E-01 -2.9192E+00 -1.1576E+00
  1.1515E+01  2.0000E+02  2.6828E+01  1.1935E+02  1.3263E-01 -4.4806E+00 -1.3752E+00
  1.0321E+01  2.4000E+02  3.4454E+01  1.2055E+02  1.2346E-01 -5.3810E+00 -1.3561E+00
  9.3023E+00  2.8000E+02  4.1969E+01  1.2220E+02  1.1483E-01 -5.7560E+00 -1.2369E+00
  8.4099E+00  3.2000E+02  4.9638E+01  1.2435E+02  1.0635E-01 -6.1846E+00 -1.1644E+00
  7.6118E+00  3.6000E+02  5.7730E+01  1.2696E+02  9.7799E-02 -6.8649E+00 -1.1560E+00
  6.8868E+00  4.0000E+02  6.6234E+01  1.2995E+02  8.9147E-02 -7.6124E+00 -1.1644E+00
  6.2207E+00  4.4000E+02  7.4984E+01  1.3321E+02  8.0541E-02 -8.2391E+00 -1.1579E+00
  5.6032E+00  4.8000E+02  8.3767E+01  1.3666E+02  7.2203E-02 -8.6274E+00 -1.1239E+00
  5.0269E+00  5.2000E+02  9.2436E+01  1.4024E+02  6.4288E-02 -8.8300E+00 -1.0737E+00
  4.4858E+00  5.6000E+02  1.0090E+02  1.4389E+02  5.6887E-02 -8.9191E+00 -1.0181E+00
  3.9755E+00  6.0000E+02  1.0911E+02  1.4754E+02  5.0032E-02 -8.9259E+00 -9.6098E-01
  3.4923E+00  6.4000E+02  1.1699E+02  1.5113E+02  4.3704E-02 -8.8729E+00 -9.0460E-01
  3.0332E+00  6.8000E+02  1.2453E+02  1.5464E+02  3.7855E-02 -8.7897E+00 -8.5141E-01
  2.5957E+00  7.2000E+02  1.3171E+02  1.5800E+02  3.2428E-02 -8.7201E+00 -8.0483E-01
  2.1779E+00  7.6000E+02  1.3854E+02  1.6119E+02  2.7368E-02 -8.7038E+00 -7.6729E-01
  1.7780E+00  8.0000E+02  1.4503E+02  1.6418E+02  2.2609E-02 -8.7692E+00 -7.3991E-01
  1.3945E+00  8.4000E+02  1.5113E+02  1.6693E+02  1.8115E-02 -8.7435E+00 -7.0729E-01
  1.0264E+00  8.8000E+02  1.5683E+02  1.6957E+02  1.3932E-02 -8.2971E+00 -6.4442E-01
  6.7229E-01  9.2000E+02  1.6234E+02  1.7245E+02  1.0195E-02 -7.4350E+00 -5.5549E-01
  3.3059E-01  9.6000E+02  1.6797E+02  1.7577E+02  7.0841E-03 -6.7543E+00 -4.8693E-01
  5.3854E-04  1.0000E+03  1.7388E+02  1.7866E+02  4.7208E-03 -9.1444E+00 -6.3676E-01
