  26  8.5995000E+01
  3.2043E+01  1.0000E-03  2.6281E-01  1.2390E+02  2.6280E-01  0.0000E+00  0.0000E+00
  2.2844E+01  4.0000E+01  2.5904E+00  1.2373E+02  2.5216E-01 -2.7074E-01 -5.2547E-01
  1.7900E+01  8.0000E+01  8.7060E+00  1.2295E+02  2.1472E-01 -1.3951E+00 -1.4550E+00
  1.5365E+01  1.2000E+02  1.2793E+01  1.2337E+02  1.9824E-01 -1.4462E+00 -7.7357E-01
  1.3551E+01  1.6000E+02  2.1077E+01  1.2540E+02  1.8261E-01 -3.4478E+00 -1.3196E+00
  1.2104E+01  2.0000E+02  3.2679E+01  1.2862E+02  1.6682E-01 -5.7942E+00 -1.7691E+00
  1.0886E+01  2.4000E+02  4.5509E+01  1.3243E+02  1.5125E-01 -7.4067E+00 -1.9036E+00
  9.8273E+00  2.8000E+02  5.8356E+01  1.3661E+02  1.3601E-01 -8.1921E+00 -1.8290E+00
  8.8884E+00  3.2000E+02  7.0647E+01  1.4098E+02  1.2160E-01 -8.4275E+00 -1.6694E+00
  8.0425E+00  3.6000E+02  8.2379E+01  1.4552E+02  1.0821E-01 -8.5120E+00 -1.5192E+00
  7.2711E+00  4.0000E+02  9.3592E+01  1.5015E+02  9.5928E-02 -8.5266E+00 -1.3877E+00
  6.5610E+00  4.4000E+02  1.0422E+02  1.5479E+02  8.4846E-02 -8.4377E+00 -1.2642E+00
  5.9023E+00  4.8000E+02  1.1413E+02  1.5930E+02  7.5060E-02 -8.1893E+00 -1.1381E+00
  5.2876E+00  5.2000E+02  1.2316E+02  1.6354E+02  6.6598E-02 -7.7912E+00 -1.0104E+00
  4.7113E+00  5.6000E+02  1.3126E+02  1.6741E+02  5.9353E-02 -7.3365E+00 -8.9207E-01
  4.1688E+00  6.0000E+02  1.3850E+02  1.7087E+02  5.3093E-02 -6.9703E+00 -7.9780E-01
  3.6564E+00  6.4000E+02  1.4507E+02  1.7395E+02  4.7515E-02 -6.8185E+00 -7.3708E-01
  3.1711E+00  6.8000E+02  1.5123E+02  1.7671E+02  4.2251E-02 -7.0009E+00 -7.1686E-01
  2.7101E+00  7.2000E+02  1.5725E+02  1.7924E+02  3.6908E-02 -7.5744E+00 -7.3662E-01
  2.2713E+00  7.6000E+02  1.6332E+02  1.8162E+02  3.1176E-02 -8.4035E+00 -7.7811E-01
  1.8524E+00  8.0000E+02  1.6947E+02  1.8396E+02  2.4984E-02 -9.1025E+00 -8.0436E-01
  1.4518E+00  8.4000E+02  1.7556E+02  1.8635E+02  1.8638E-02 -9.2477E+00 -7.8172E-01
  1.0677E+00  8.8000E+02  1.8122E+02  1.8871E+02  1.2692E-02 -8.5767E+00 -6.9504E-01
  6.9876E-01  9.2000E+02  1.8618E+02  1.9114E+02  7.6262E-03 -6.8667E+00 -5.3443E-01
  3.4341E-01  9.6000E+02  1.9103E+02  1.9443E+02  3.9115E-03 -4.3873E+00 -3.2892E-01
  7.0410E-04  1.0000E+03  1.9666E+02  1.9936E+02  1.7419E-03 -2.0422E+00 -1.4766E-01
