  26  3.9900000E+00
  3.2092E+01  1.0000E-03  1.0788E+01  1.6281E+01  1.0788E+01  0.0000E+00  0.0000E+00
  2.2946E+01  4.0000E+01  1.0239E+01  1.6272E+01  1.0221E+01  5.9138E-02  1.1411E-01
  1.8127E+01  8.0000E+01  9.4995E+00  1.6337E+01  9.4244E+00  1.6685E-01  1.6962E-01
  1.5701E+01  1.2000E+02  9.3085E+00  1.6482E+01  9.1742E+00  1.3864E-01  7.0968E-02
  1.3939E+01  1.6000E+02  9.1412E+00  1.6800E+01  8.7974E+00  2.7510E-01  1.0228E-01
  1.2504E+01  2.0000E+02  9.2251E+00  1.7481E+01  8.1769E+00  4.1642E-01  1.2605E-01
  1.1275E+01  2.4000E+02  1.0063E+01  1.8718E+01  7.3692E+00  3.2473E-01  8.4224E-02
  1.0192E+01  2.8000E+02  1.1877E+01  2.0480E+01  6.5216E+00 -4.7519E-02 -1.0858E-02
  9.2224E+00  3.2000E+02  1.4450E+01  2.2626E+01  5.7946E+00 -4.4103E-01 -9.0190E-02
  8.3447E+00  3.6000E+02  1.7431E+01  2.5008E+01  5.2314E+00 -6.8276E-01 -1.2643E-01
  7.5425E+00  4.0000E+02  2.0584E+01  2.7512E+01  4.7815E+00 -8.0868E-01 -1.3687E-01
  6.8036E+00  4.4000E+02  2.3786E+01  3.0052E+01  4.4028E+00 -8.9615E-01 -1.3970E-01
  6.1187E+00  4.8000E+02  2.6963E+01  3.2574E+01  4.0745E+00 -9.5714E-01 -1.3831E-01
  5.4803E+00  5.2000E+02  3.0073E+01  3.5056E+01  3.7849E+00 -9.8430E-01 -1.3257E-01
  4.8825E+00  5.6000E+02  3.3096E+01  3.7491E+01  3.5255E+00 -9.8216E-01 -1.2388E-01
  4.3203E+00  6.0000E+02  3.6020E+01  3.9876E+01  3.2902E+00 -9.5935E-01 -1.1379E-01
  3.7897E+00  6.4000E+02  3.8841E+01  4.2209E+01  3.0759E+00 -9.1907E-01 -1.0290E-01
  3.2871E+00  6.8000E+02  4.1561E+01  4.4494E+01  2.8801E+00 -8.6487E-01 -9.1708E-02
  2.8096E+00  7.2000E+02  4.4188E+01  4.6737E+01  2.7006E+00 -8.0569E-01 -8.1156E-02
  2.3549E+00  7.6000E+02  4.6732E+01  4.8939E+01  2.5353E+00 -7.5256E-01 -7.2206E-02
  1.9206E+00  8.0000E+02  4.9200E+01  5.1096E+01  2.3823E+00 -7.1416E-01 -6.5429E-02
  1.5050E+00  8.4000E+02  5.1592E+01  5.3197E+01  2.2399E+00 -6.9924E-01 -6.1307E-02
  1.1066E+00  8.8000E+02  5.3904E+01  5.5218E+01  2.1057E+00 -7.3215E-01 -6.1554E-02
  7.2384E-01  9.2000E+02  5.6047E+01  5.7086E+01  1.9753E+00 -7.1855E-01 -5.8021E-02
  3.5547E-01  9.6000E+02  5.8396E+01  5.9187E+01  1.8407E+00 -6.7433E-01 -5.2408E-02
  7.3801E-04  1.0000E+03  6.1530E+01  6.2151E+01  1.6942E+00 -4.7811E-01 -3.5782E-02
