  26  8.5995000E+01
  3.2010E+01  1.0000E-03  2.4737E-01  1.2272E+02  2.4737E-01  0.0000E+00  0.0000E+00
  2.2780E+01  4.0000E+01  2.5644E+00  1.2268E+02  2.3692E-01 -2.5471E-01 -4.9604E-01
  1.7776E+01  8.0000E+01  9.3432E+00  1.2210E+02  2.0058E-01 -1.4711E+00 -1.5531E+00
  1.5192E+01  1.2000E+02  1.3462E+01  1.2206E+02  1.8494E-01 -1.6084E+00 -8.7687E-01
  1.3358E+01  1.6000E+02  2.1029E+01  1.2338E+02  1.7074E-01 -3.4057E+00 -1.3177E+00
  1.1908E+01  2.0000E+02  3.1284E+01  1.2591E+02  1.5686E-01 -5.3310E+00 -1.6307E+00
  1.0696E+01  2.4000E+02  4.2277E+01  1.2882E+02  1.4360E-01 -6.6701E+00 -1.7059E+00
  9.6490E+00  2.8000E+02  5.3077E+01  1.3202E+02  1.3090E-01 -7.2543E+00 -1.6026E+00
  8.7240E+00  3.2000E+02  6.3469E+01  1.3546E+02  1.1881E-01 -7.5171E+00 -1.4670E+00
  7.8931E+00  3.6000E+02  7.3565E+01  1.3913E+02  1.0734E-01 -7.7320E+00 -1.3555E+00
  7.1369E+00  4.0000E+02  8.3473E+01  1.4301E+02  9.6473E-02 -7.9745E+00 -1.2723E+00
  6.4416E+00  4.4000E+02  9.3114E+01  1.4702E+02  8.6352E-02 -8.0999E+00 -1.1882E+00
  5.7971E+00  4.8000E+02  1.0232E+02  1.5105E+02  7.7154E-02 -8.0335E+00 -1.0924E+00
  5.1958E+00  5.2000E+02  1.1096E+02  1.5498E+02  6.8974E-02 -7.8284E+00 -9.9312E-01
  4.6319E+00  5.6000E+02  1.1900E+02  1.5872E+02  6.1735E-02 -7.6169E+00 -9.0624E-01
  4.1007E+00  6.0000E+02  1.2649E+02  1.6223E+02  5.5244E-02 -7.4996E+00 -8.4042E-01
  3.5986E+00  6.4000E+02  1.3356E+02  1.6551E+02  4.9271E-02 -7.5334E+00 -7.9805E-01
  3.1224E+00  6.8000E+02  1.4029E+02  1.6858E+02  4.3612E-02 -7.7205E+00 -7.7558E-01
  2.6697E+00  7.2000E+02  1.4678E+02  1.7143E+02  3.8101E-02 -8.0199E+00 -7.6610E-01
  2.2381E+00  7.6000E+02  1.5307E+02  1.7411E+02  3.2623E-02 -8.3695E+00 -7.6209E-01
  1.8258E+00  8.0000E+02  1.5919E+02  1.7664E+02  2.7122E-02 -8.6913E+00 -7.5601E-01
  1.4311E+00  8.4000E+02  1.6514E+02  1.7909E+02  2.1623E-02 -8.8943E+00 -7.4061E-01
  1.0526E+00  8.8000E+02  1.7083E+02  1.8144E+02  1.6235E-02 -8.8107E+00 -7.0363E-01
  6.8896E-01  9.2000E+02  1.7619E+02  1.8386E+02  1.1102E-02 -8.0930E+00 -6.2092E-01
  3.3861E-01  9.6000E+02  1.8160E+02  1.8700E+02  6.6869E-03 -6.4876E+00 -4.7955E-01
  6.7771E-04  1.0000E+03  1.8761E+02  1.9162E+02  3.5839E-03 -4.0927E+00 -2.9179E-01
