  26  8.5995000E+01
  3.2086E+01  1.0000E-03  2.9383E-01  1.2146E+02  2.9383E-01  0.0000E+00  0.0000E+00
  2.2946E+01  4.0000E+01  2.7287E+00  1.2086E+02  2.8285E-01 -3.3135E-01 -6.3894E-01
  1.8130E+01  8.0000E+01  7.4541E+00  1.1985E+02  2.4339E-01 -1.1912E+00 -1.2106E+00
  1.5704E+01  1.2000E+02  1.0629E+01  1.2090E+02  2.2598E-01 -8.7818E-01 -4.4934E-01
  1.3944E+01  1.6000E+02  1.9372E+01  1.2411E+02  2.0824E-01 -3.1384E+00 -1.1658E+00
  1.2509E+01  2.0000E+02  3.4642E+01  1.2914E+02  1.8747E-01 -7.1422E+00 -2.1611E+00
  1.1280E+01  2.4000E+02  5.4128E+01  1.3557E+02  1.6369E-01 -1.0615E+01 -2.7544E+00
  1.0196E+01  2.8000E+02  7.4078E+01  1.4240E+02  1.3899E-01 -1.2110E+01 -2.7695E+00
  9.2256E+00  3.2000E+02  9.2744E+01  1.4915E+02  1.1591E-01 -1.2278E+01 -2.5128E+00
  8.3473E+00  3.6000E+02  1.0989E+02  1.5563E+02  9.5050E-02 -1.2145E+01 -2.2504E+00
  7.5447E+00  4.0000E+02  1.2543E+02  1.6175E+02  7.6445E-02 -1.1745E+01 -1.9890E+00
  6.8055E+00  4.4000E+02  1.3922E+02  1.6742E+02  6.0075E-02 -1.0974E+01 -1.7114E+00
  6.1204E+00  4.8000E+02  1.5131E+02  1.7266E+02  4.5712E-02 -9.9975E+00 -1.4451E+00
  5.4819E+00  5.2000E+02  1.6174E+02  1.7750E+02  3.3414E-02 -8.7564E+00 -1.1796E+00
  4.8839E+00  5.6000E+02  1.7060E+02  1.8200E+02  2.3390E-02 -7.2945E+00 -9.2021E-01
  4.3216E+00  6.0000E+02  1.7804E+02  1.8619E+02  1.5671E-02 -5.7864E+00 -6.8645E-01
  3.7909E+00  6.4000E+02  1.8430E+02  1.9011E+02  1.0052E-02 -4.3903E+00 -4.9161E-01
  3.2882E+00  6.8000E+02  1.8961E+02  1.9381E+02  6.1730E-03 -3.2061E+00 -3.4001E-01
  2.8107E+00  7.2000E+02  1.9421E+02  1.9733E+02  3.6268E-03 -2.2759E+00 -2.2929E-01
  2.3558E+00  7.6000E+02  1.9829E+02  2.0068E+02  2.0357E-03 -1.5997E+00 -1.5352E-01
  1.9215E+00  8.0000E+02  2.0198E+02  2.0387E+02  1.0900E-03 -1.1550E+00 -1.0585E-01
  1.5058E+00  8.4000E+02  2.0534E+02  2.0685E+02  5.5448E-04 -9.0640E-01 -7.9497E-02
  1.1072E+00  8.8000E+02  2.0839E+02  2.0959E+02  2.6296E-04 -7.8926E-01 -6.6374E-02
  7.2435E-01  9.2000E+02  2.1115E+02  2.1214E+02  1.0895E-04 -5.2675E-01 -4.2543E-02
  3.5582E-01  9.6000E+02  2.1430E+02  2.1524E+02  3.4682E-05 -1.4114E-01 -1.0974E-02
  7.3913E-04  1.0000E+03  2.1870E+02  2.1942E+02  7.0633E-06 -6.2208E-01 -4.6603E-02
