  26  3.9900000E+00
  3.2094E+01  1.0000E-03  1.0277E+01  1.6728E+01  1.0277E+01  0.0000E+00  0.0000E+00
  2.2910E+01  4.0000E+01  9.7412E+00  1.6721E+01  9.7242E+00  5.7597E-02  1.1161E-01
  1.8041E+01  8.0000E+01  9.0408E+00  1.6782E+01  8.9630E+00  1.5637E-01  1.6063E-01
  1.5570E+01  1.2000E+02  8.8673E+00  1.6915E+01  8.7176E+00  1.2406E-01  6.4676E-02
  1.3782E+01  1.6000E+02  8.7260E+00  1.7207E+01  8.3460E+00  2.4277E-01  9.1560E-02
  1.2341E+01  2.0000E+02  8.7985E+00  1.7797E+01  7.7929E+00  3.5920E-01  1.0919E-01
  1.1117E+01  2.4000E+02  9.3986E+00  1.8778E+01  7.1325E+00  3.1039E-01  8.0196E-02
  1.0044E+01  2.8000E+02  1.0635E+01  2.0100E+01  6.4437E+00  8.0519E-02  1.8220E-02
  9.0883E+00  3.2000E+02  1.2410E+01  2.1716E+01  5.8160E+00 -1.6682E-01 -3.3640E-02
  8.2250E+00  3.6000E+02  1.4580E+01  2.3608E+01  5.2943E+00 -3.2138E-01 -5.8533E-02
  7.4366E+00  4.0000E+02  1.7035E+01  2.5752E+01  4.8772E+00 -3.9525E-01 -6.5749E-02
  6.7098E+00  4.4000E+02  1.9709E+01  2.8086E+01  4.5360E+00 -4.6637E-01 -7.1514E-02
  6.0348E+00  4.8000E+02  2.2529E+01  3.0517E+01  4.2482E+00 -5.7732E-01 -8.2212E-02
  5.4044E+00  5.2000E+02  2.5392E+01  3.2929E+01  4.0012E+00 -7.1582E-01 -9.5209E-02
  4.8129E+00  5.6000E+02  2.8172E+01  3.5201E+01  3.7880E+00 -8.5943E-01 -1.0724E-01
  4.2561E+00  6.0000E+02  3.0756E+01  3.7228E+01  3.6026E+00 -1.0011E+00 -1.1760E-01
  3.7306E+00  6.4000E+02  3.3072E+01  3.8943E+01  3.4378E+00 -1.1419E+00 -1.2662E-01
  3.2333E+00  6.8000E+02  3.5117E+01  4.0354E+01  3.2838E+00 -1.2750E+00 -1.3376E-01
  2.7619E+00  7.2000E+02  3.6997E+01  4.1581E+01  3.1267E+00 -1.3852E+00 -1.3778E-01
  2.3138E+00  7.6000E+02  3.8879E+01  4.2817E+01  2.9558E+00 -1.4408E+00 -1.3620E-01
  1.8867E+00  8.0000E+02  4.0898E+01  4.4222E+01  2.7724E+00 -1.4399E+00 -1.2975E-01
  1.4785E+00  8.4000E+02  4.3047E+01  4.5785E+01  2.5865E+00 -1.4349E+00 -1.2360E-01
  1.0872E+00  8.8000E+02  4.5172E+01  4.7365E+01  2.4036E+00 -1.3919E+00 -1.1491E-01
  7.1148E-01  9.2000E+02  4.7265E+01  4.9023E+01  2.2243E+00 -1.1578E+00 -9.1773E-02
  3.4963E-01  9.6000E+02  4.9832E+01  5.1259E+01  2.0505E+00 -9.1435E-01 -6.9803E-02
  7.1557E-04  1.0000E+03  5.3494E+01  5.4317E+01  1.8845E+00 -1.7325E+00 -1.2754E-01
