  26  3.9900000E+00
  3.1941E+01  1.0000E-03  7.1310E+00  1.2219E+01  7.1310E+00  0.0000E+00  0.0000E+00
  2.2591E+01  4.0000E+01  6.6949E+00  1.2226E+01  6.6795E+00  4.7373E-02  9.3458E-02
  1.7445E+01  8.0000E+01  6.2738E+00  1.2230E+01  6.1421E+00  8.2517E-02  8.9583E-02
  1.4745E+01  1.2000E+02  6.2212E+00  1.2233E+01  5.9687E+00  2.0501E-02  1.1680E-02
  1.2852E+01  1.6000E+02  6.2128E+00  1.2268E+01  5.7784E+00  2.3040E-02  9.2015E-03
  1.1394E+01  2.0000E+02  6.2187E+00  1.2351E+01  5.5281E+00  5.3233E-02  1.6366E-02
  1.0205E+01  2.4000E+02  6.2468E+00  1.2499E+01  5.2599E+00  1.0063E-01  2.5245E-02
  9.1963E+00  2.8000E+02  6.3178E+00  1.2730E+01  4.9850E+00  1.5848E-01  3.3741E-02
  8.3146E+00  3.2000E+02  6.4759E+00  1.3060E+01  4.6933E+00  1.9531E-01  3.6331E-02
  7.5272E+00  3.6000E+02  6.7803E+00  1.3507E+01  4.3848E+00  1.8052E-01  2.9989E-02
  6.8124E+00  4.0000E+02  7.2812E+00  1.4084E+01  4.0681E+00  1.0704E-01  1.6143E-02
  6.1557E+00  4.4000E+02  8.0042E+00  1.4799E+01  3.7572E+00 -1.2365E-02 -1.7132E-03
  5.5468E+00  4.8000E+02  8.9479E+00  1.5650E+01  3.4695E+00 -1.5189E-01 -1.9512E-02
  4.9783E+00  5.2000E+02  1.0087E+01  1.6632E+01  3.2142E+00 -2.7682E-01 -3.3206E-02
  4.4442E+00  5.6000E+02  1.1387E+01  1.7732E+01  2.9894E+00 -3.7505E-01 -4.2257E-02
  3.9402E+00  6.0000E+02  1.2818E+01  1.8932E+01  2.7896E+00 -4.5855E-01 -4.8762E-02
  3.4626E+00  6.4000E+02  1.4355E+01  2.0209E+01  2.6101E+00 -5.4246E-01 -5.4663E-02
  3.0085E+00  6.8000E+02  1.5975E+01  2.1540E+01  2.4475E+00 -6.3732E-01 -6.1062E-02
  2.5755E+00  7.2000E+02  1.7658E+01  2.2899E+01  2.2992E+00 -7.4935E-01 -6.8458E-02
  2.1616E+00  7.6000E+02  1.9384E+01  2.4261E+01  2.1622E+00 -8.8010E-01 -7.6848E-02
  1.7652E+00  8.0000E+02  2.1123E+01  2.5597E+01  2.0337E+00 -1.0136E+00 -8.4758E-02
  1.3850E+00  8.4000E+02  2.2829E+01  2.6889E+01  1.9109E+00 -1.0898E+00 -8.7424E-02
  1.0197E+00  8.8000E+02  2.4518E+01  2.8190E+01  1.7929E+00 -1.0627E+00 -8.1903E-02
  6.6808E-01  9.2000E+02  2.6319E+01  2.9628E+01  1.6799E+00 -1.0347E+00 -7.6766E-02
  3.2857E-01  9.6000E+02  2.8381E+01  3.1267E+01  1.5730E+00 -1.2446E+00 -8.9152E-02
  4.9443E-04  1.0000E+03  3.0787E+01  3.2508E+01  1.4731E+00 -3.5487E+00 -2.4563E-01
