  26  8.5995000E+01
  3.2100E+01  1.0000E-03  2.8953E-01  1.2457E+02  2.8953E-01  0.0000E+00  0.0000E+00
  2.2939E+01  4.0000E+01  2.7602E+00  1.2392E+02  2.7860E-01 -3.4037E-01 -6.5787E-01
  1.8113E+01  8.0000E+01  7.4873E+00  1.2295E+02  2.3954E-01 -1.1804E+00 -1.2019E+00
  1.5680E+01  1.2000E+02  1.0951E+01  1.2403E+02  2.2214E-01 -9.8110E-01 -5.0346E-01
  1.3913E+01  1.6000E+02  1.9901E+01  1.2725E+02  2.0441E-01 -3.2438E+00 -1.2093E+00
  1.2477E+01  2.0000E+02  3.3978E+01  1.3210E+02  1.8507E-01 -6.4233E+00 -1.9462E+00
  1.1248E+01  2.4000E+02  5.0996E+01  1.3809E+02  1.6467E-01 -8.9764E+00 -2.3272E+00
  1.0167E+01  2.8000E+02  6.8619E+01  1.4432E+02  1.4389E-01 -1.0538E+01 -2.4043E+00
  9.2000E+00  3.2000E+02  8.5446E+01  1.5048E+02  1.2413E-01 -1.1026E+01 -2.2495E+00
  8.3248E+00  3.6000E+02  1.0117E+02  1.5646E+02  1.0596E-01 -1.1134E+01 -2.0558E+00
  7.5251E+00  4.0000E+02  1.1574E+02  1.6222E+02  8.9520E-02 -1.1020E+01 -1.8594E+00
  6.7883E+00  4.4000E+02  1.2905E+02  1.6768E+02  7.4926E-02 -1.0652E+01 -1.6558E+00
  6.1050E+00  4.8000E+02  1.4112E+02  1.7276E+02  6.1923E-02 -1.0229E+01 -1.4747E+00
  5.4678E+00  5.2000E+02  1.5206E+02  1.7746E+02  5.0159E-02 -9.7972E+00 -1.3171E+00
  4.8708E+00  5.6000E+02  1.6192E+02  1.8180E+02  3.9510E-02 -9.2328E+00 -1.1629E+00
  4.3092E+00  6.0000E+02  1.7064E+02  1.8579E+02  3.0092E-02 -8.4314E+00 -9.9895E-01
  3.7791E+00  6.4000E+02  1.7821E+02  1.8943E+02  2.2055E-02 -7.4113E+00 -8.2887E-01
  3.2772E+00  6.8000E+02  1.8468E+02  1.9276E+02  1.5441E-02 -6.2562E+00 -6.6248E-01
  2.8007E+00  7.2000E+02  1.9021E+02  1.9589E+02  1.0214E-02 -5.0361E+00 -5.0635E-01
  2.3469E+00  7.6000E+02  1.9495E+02  1.9890E+02  6.3262E-03 -3.8306E+00 -3.6667E-01
  1.9139E+00  8.0000E+02  1.9904E+02  2.0179E+02  3.6686E-03 -2.7519E+00 -2.5142E-01
  1.4996E+00  8.4000E+02  2.0256E+02  2.0450E+02  1.9943E-03 -1.9760E+00 -1.7271E-01
  1.1026E+00  8.8000E+02  2.0554E+02  2.0692E+02  9.8139E-04 -1.3861E+00 -1.1610E-01
  7.2146E-01  9.2000E+02  2.0830E+02  2.0943E+02  4.0757E-04 -6.6458E-01 -5.3443E-02
  3.5446E-01  9.6000E+02  2.1166E+02  2.1272E+02  1.3342E-04 -1.9365E-01 -1.4994E-02
  7.0863E-04  1.0000E+03  2.1616E+02  2.1630E+02  3.0008E-05 -2.5894E+00 -1.9326E-01
