  26  3.9900000E+00
  3.1423E+01  1.0000E-03  5.2696E+00  1.1351E+01  5.2696E+00  0.0000E+00  0.0000E+00
  2.2207E+01  4.0000E+01  4.9129E+00  1.1357E+01  4.8996E+00  3.9309E-02  7.6430E-02
  1.7117E+01  8.0000E+01  4.6170E+00  1.1361E+01  4.5004E+00  5.8992E-02  6.3353E-02
  1.4425E+01  1.2000E+02  4.5873E+00  1.1357E+01  4.3715E+00  9.5863E-03  5.4456E-03
  1.2536E+01  1.6000E+02  4.5759E+00  1.1365E+01  4.2570E+00  9.9499E-03  3.9654E-03
  1.1099E+01  2.0000E+02  4.5613E+00  1.1401E+01  4.1167E+00  3.5191E-02  1.0670E-02
  9.9419E+00  2.4000E+02  4.5347E+00  1.1492E+01  3.9321E+00  1.0190E-01  2.4870E-02
  8.9673E+00  2.8000E+02  4.5264E+00  1.1660E+01  3.7265E+00  1.8089E-01  3.7193E-02
  8.1172E+00  3.2000E+02  4.5785E+00  1.1923E+01  3.5052E+00  2.4765E-01  4.4415E-02
  7.3571E+00  3.6000E+02  4.7450E+00  1.2285E+01  3.2685E+00  2.5732E-01  4.1269E-02
  6.6657E+00  4.0000E+02  5.0721E+00  1.2753E+01  3.0266E+00  2.0404E-01  2.9764E-02
  6.0293E+00  4.4000E+02  5.5851E+00  1.3335E+01  2.7898E+00  1.0777E-01  1.4470E-02
  5.4383E+00  4.8000E+02  6.2952E+00  1.4037E+01  2.5673E+00 -1.2923E-02 -1.6112E-03
  4.8857E+00  5.2000E+02  7.2081E+00  1.4866E+01  2.3669E+00 -1.5109E-01 -1.7617E-02
  4.3657E+00  5.6000E+02  8.3154E+00  1.5821E+01  2.1892E+00 -2.9354E-01 -3.2200E-02
  3.8742E+00  6.0000E+02  9.5971E+00  1.6892E+01  2.0304E+00 -4.2968E-01 -4.4562E-02
  3.4076E+00  6.4000E+02  1.1028E+01  1.8063E+01  1.8866E+00 -5.5677E-01 -5.4810E-02
  2.9632E+00  6.8000E+02  1.2584E+01  1.9318E+01  1.7554E+00 -6.7701E-01 -6.3472E-02
  2.5388E+00  7.2000E+02  1.4242E+01  2.0637E+01  1.6351E+00 -7.9648E-01 -7.1313E-02
  2.1326E+00  7.6000E+02  1.5979E+01  2.2001E+01  1.5248E+00 -9.2001E-01 -7.8853E-02
  1.7429E+00  8.0000E+02  1.7771E+01  2.3386E+01  1.4229E+00 -1.0461E+00 -8.6007E-02
  1.3685E+00  8.4000E+02  1.9595E+01  2.4776E+01  1.3275E+00 -1.1563E+00 -9.1340E-02
  1.0082E+00  8.8000E+02  2.1448E+01  2.6184E+01  1.2370E+00 -1.2353E+00 -9.3912E-02
  6.6076E-01  9.2000E+02  2.3374E+01  2.7654E+01  1.1507E+00 -1.3140E+00 -9.6310E-02
  3.2507E-01  9.6000E+02  2.5503E+01  2.9258E+01  1.0682E+00 -1.5631E+00 -1.1071E-01
  4.5077E-04  1.0000E+03  2.7973E+01  3.0432E+01  9.8971E-01 -3.9919E+00 -2.7339E-01
