  26  3.9900000E+00
  3.2094E+01  1.0000E-03  1.0277E+01  1.6694E+01  1.0277E+01  0.0000E+00  0.0000E+00
  2.2910E+01  4.0000E+01  9.7411E+00  1.6687E+01  9.7242E+00  5.7629E-02  1.1166E-01
  1.8040E+01  8.0000E+01  9.0409E+00  1.6748E+01  8.9629E+00  1.5624E-01  1.6053E-01
  1.5569E+01  1.2000E+02  8.8675E+00  1.6880E+01  8.7169E+00  1.2389E-01  6.4610E-02
  1.3781E+01  1.6000E+02  8.7257E+00  1.7174E+01  8.3437E+00  2.4334E-01  9.1782E-02
  1.2340E+01  2.0000E+02  8.7986E+00  1.7765E+01  7.7905E+00  3.5995E-01  1.0942E-01
  1.1115E+01  2.4000E+02  9.3999E+00  1.8745E+01  7.1309E+00  3.0938E-01  7.9937E-02
  1.0043E+01  2.8000E+02  1.0635E+01  2.0063E+01  6.4432E+00  7.6744E-02  1.7366E-02
  9.0871E+00  3.2000E+02  1.2406E+01  2.1670E+01  5.8159E+00 -1.7146E-01 -3.4575E-02
  8.2239E+00  3.6000E+02  1.4568E+01  2.3552E+01  5.2937E+00 -3.2519E-01 -5.9218E-02
  7.4357E+00  4.0000E+02  1.7016E+01  2.5686E+01  4.8758E+00 -3.9737E-01 -6.6087E-02
  6.7090E+00  4.4000E+02  1.9684E+01  2.8015E+01  4.5335E+00 -4.6699E-01 -7.1590E-02
  6.0343E+00  4.8000E+02  2.2504E+01  3.0446E+01  4.2446E+00 -5.7712E-01 -8.2162E-02
  5.4040E+00  5.2000E+02  2.5373E+01  3.2863E+01  3.9965E+00 -7.1589E-01 -9.5195E-02
  4.8127E+00  5.6000E+02  2.8164E+01  3.5145E+01  3.7822E+00 -8.6091E-01 -1.0741E-01
  4.2560E+00  6.0000E+02  3.0760E+01  3.7182E+01  3.5958E+00 -1.0037E+00 -1.1789E-01
  3.7305E+00  6.4000E+02  3.3088E+01  3.8909E+01  3.4301E+00 -1.1440E+00 -1.2684E-01
  3.2333E+00  6.8000E+02  3.5140E+01  4.0328E+01  3.2753E+00 -1.2733E+00 -1.3357E-01
  2.7619E+00  7.2000E+02  3.7018E+01  4.1559E+01  3.1180E+00 -1.3721E+00 -1.3646E-01
  2.3138E+00  7.6000E+02  3.8897E+01  4.2802E+01  2.9477E+00 -1.4187E+00 -1.3410E-01
  1.8868E+00  8.0000E+02  4.0915E+01  4.4214E+01  2.7653E+00 -1.4193E+00 -1.2788E-01
  1.4785E+00  8.4000E+02  4.3063E+01  4.5783E+01  2.5806E+00 -1.4193E+00 -1.2226E-01
  1.0872E+00  8.8000E+02  4.5189E+01  4.7368E+01  2.3986E+00 -1.3812E+00 -1.1402E-01
  7.1150E-01  9.2000E+02  4.7285E+01  4.9033E+01  2.2199E+00 -1.1490E+00 -9.1076E-02
  3.4964E-01  9.6000E+02  4.9856E+01  5.1274E+01  2.0468E+00 -9.0954E-01 -6.9438E-02
  7.1306E-04  1.0000E+03  5.3508E+01  5.4318E+01  1.8815E+00 -1.7453E+00 -1.2849E-01
