  26  8.5995000E+01
  3.2002E+01  1.0000E-03  2.2922E-01  1.2101E+02  2.2922E-01  0.0000E+00  0.0000E+00
  2.2716E+01  4.0000E+01  2.5510E+00  1.2120E+02  2.1896E-01 -2.2913E-01 -4.4890E-01
  1.7650E+01  8.0000E+01  1.0050E+01  1.2061E+02  1.8411E-01 -1.5966E+00 -1.7063E+00
  1.5019E+01  1.2000E+02  1.3859E+01  1.2014E+02  1.6971E-01 -1.6273E+00 -9.0330E-01
  1.3164E+01  1.6000E+02  2.0596E+01  1.2085E+02  1.5724E-01 -3.2478E+00 -1.2711E+00
  1.1713E+01  2.0000E+02  2.9478E+01  1.2246E+02  1.4528E-01 -5.0082E+00 -1.5337E+00
  1.0509E+01  2.4000E+02  3.8852E+01  1.2452E+02  1.3404E-01 -6.0774E+00 -1.5434E+00
  9.4753E+00  2.8000E+02  4.7967E+01  1.2691E+02  1.2339E-01 -6.5054E+00 -1.4185E+00
  8.5660E+00  3.2000E+02  5.6917E+01  1.2966E+02  1.1314E-01 -6.8221E+00 -1.3088E+00
  7.7510E+00  3.6000E+02  6.5894E+01  1.3276E+02  1.0316E-01 -7.2112E+00 -1.2400E+00
  7.0101E+00  4.0000E+02  7.4992E+01  1.3616E+02  9.3399E-02 -7.6971E+00 -1.2032E+00
  6.3292E+00  4.4000E+02  8.4078E+01  1.3976E+02  8.4035E-02 -8.0573E+00 -1.1574E+00
  5.6982E+00  4.8000E+02  9.2962E+01  1.4346E+02  7.5267E-02 -8.2033E+00 -1.0921E+00
  5.1094E+00  5.2000E+02  1.0153E+02  1.4719E+02  6.7202E-02 -8.2220E+00 -1.0213E+00
  4.5570E+00  5.6000E+02  1.0974E+02  1.5086E+02  5.9822E-02 -8.2119E+00 -9.5702E-01
  4.0364E+00  6.0000E+02  1.1760E+02  1.5445E+02  5.3036E-02 -8.2181E+00 -9.0264E-01
  3.5439E+00  6.4000E+02  1.2511E+02  1.5790E+02  4.6744E-02 -8.2366E+00 -8.5589E-01
  3.0764E+00  6.8000E+02  1.3227E+02  1.6121E+02  4.0878E-02 -8.2370E+00 -8.1243E-01
  2.6314E+00  7.2000E+02  1.3907E+02  1.6434E+02  3.5373E-02 -8.2441E+00 -7.7398E-01
  2.2068E+00  7.6000E+02  1.4553E+02  1.6729E+02  3.0166E-02 -8.2799E+00 -7.4171E-01
  1.8008E+00  8.0000E+02  1.5170E+02  1.7005E+02  2.5194E-02 -8.3729E+00 -7.1721E-01
  1.4119E+00  8.4000E+02  1.5757E+02  1.7262E+02  2.0402E-02 -8.4940E+00 -6.9703E-01
  1.0386E+00  8.8000E+02  1.6310E+02  1.7502E+02  1.5770E-02 -8.4035E+00 -6.6169E-01
  6.7997E-01  9.2000E+02  1.6841E+02  1.7753E+02  1.1364E-02 -7.7846E+00 -5.8909E-01
  3.3425E-01  9.6000E+02  1.7389E+02  1.8069E+02  7.5047E-03 -6.7139E+00 -4.8972E-01
  6.3005E-04  1.0000E+03  1.7991E+02  1.8456E+02  4.5998E-03 -6.4750E+00 -4.5576E-01
