  26  8.5995000E+01
  3.1962E+01  1.0000E-03  2.0116E-01  1.1931E+02  2.0116E-01  0.0000E+00  0.0000E+00
  2.2621E+01  4.0000E+01  2.6246E+00  1.1961E+02  1.9130E-01 -2.2727E-01 -4.4789E-01
  1.7487E+01  8.0000E+01  1.0876E+01  1.1916E+02  1.5917E-01 -1.6946E+00 -1.8358E+00
  1.4796E+01  1.2000E+02  1.4246E+01  1.1832E+02  1.4675E-01 -1.5640E+00 -8.8799E-01
  1.2908E+01  1.6000E+02  1.9238E+01  1.1814E+02  1.3711E-01 -2.7415E+00 -1.0917E+00
  1.1452E+01  2.0000E+02  2.5752E+01  1.1852E+02  1.2818E-01 -4.2073E+00 -1.2926E+00
  1.0260E+01  2.4000E+02  3.2744E+01  1.1941E+02  1.1973E-01 -5.1221E+00 -1.2877E+00
  9.2468E+00  2.8000E+02  3.9760E+01  1.2084E+02  1.1174E-01 -5.5137E+00 -1.1790E+00
  8.3601E+00  3.2000E+02  4.7062E+01  1.2281E+02  1.0381E-01 -6.0142E+00 -1.1251E+00
  7.5676E+00  3.6000E+02  5.4934E+01  1.2527E+02  9.5695E-02 -6.8230E+00 -1.1409E+00
  6.8479E+00  4.0000E+02  6.3308E+01  1.2814E+02  8.7387E-02 -7.6580E+00 -1.1628E+00
  6.1867E+00  4.4000E+02  7.1983E+01  1.3130E+02  7.9048E-02 -8.3326E+00 -1.1625E+00
  5.5737E+00  4.8000E+02  8.0746E+01  1.3469E+02  7.0901E-02 -8.7698E+00 -1.1342E+00
  5.0014E+00  5.2000E+02  8.9446E+01  1.3823E+02  6.3110E-02 -9.0106E+00 -1.0880E+00
  4.4640E+00  5.6000E+02  9.7993E+01  1.4187E+02  5.5781E-02 -9.1319E+00 -1.0353E+00
  3.9570E+00  6.0000E+02  1.0631E+02  1.4554E+02  4.8970E-02 -9.1583E+00 -9.7967E-01
  3.4767E+00  6.4000E+02  1.1433E+02  1.4919E+02  4.2681E-02 -9.1092E+00 -9.2305E-01
  3.0202E+00  6.8000E+02  1.2201E+02  1.5275E+02  3.6874E-02 -9.0199E+00 -8.6873E-01
  2.5851E+00  7.2000E+02  1.2934E+02  1.5619E+02  3.1489E-02 -8.9484E+00 -8.2149E-01
  2.1693E+00  7.6000E+02  1.3633E+02  1.5946E+02  2.6475E-02 -8.9281E+00 -7.8314E-01
  1.7713E+00  8.0000E+02  1.4296E+02  1.6253E+02  2.1777E-02 -8.9670E+00 -7.5306E-01
  1.3895E+00  8.4000E+02  1.4918E+02  1.6536E+02  1.7376E-02 -8.8660E+00 -7.1405E-01
  1.0229E+00  8.8000E+02  1.5500E+02  1.6813E+02  1.3338E-02 -8.3234E+00 -6.4381E-01
  6.7009E-01  9.2000E+02  1.6063E+02  1.7113E+02  9.7972E-03 -7.4503E+00 -5.5458E-01
  3.2954E-01  9.6000E+02  1.6633E+02  1.7448E+02  6.8862E-03 -6.8948E+00 -4.9539E-01
  5.1209E-04  1.0000E+03  1.7221E+02  1.7711E+02  4.6669E-03 -9.9072E+00 -6.8774E-01
