  26  3.9900000E+00
  3.0982E+01  1.0000E-03  4.2470E+00  1.1160E+01  4.2470E+00  0.0000E+00  0.0000E+00
  2.1920E+01  4.0000E+01  3.9394E+00  1.1164E+01  3.9286E+00  3.4385E-02  6.5745E-02
  1.6920E+01  8.0000E+01  3.7003E+00  1.1175E+01  3.6055E+00  5.0089E-02  5.2844E-02
  1.4271E+01  1.2000E+02  3.6756E+00  1.1181E+01  3.4982E+00  1.1621E-02  6.4944E-03
  1.2409E+01  1.6000E+02  3.6626E+00  1.1196E+01  3.4034E+00  1.4825E-02  5.8241E-03
  1.0995E+01  2.0000E+02  3.6421E+00  1.1241E+01  3.2830E+00  4.6096E-02  1.3745E-02
  9.8591E+00  2.4000E+02  3.6119E+00  1.1344E+01  3.1184E+00  1.1765E-01  2.8207E-02
  8.9000E+00  2.8000E+02  3.6054E+00  1.1522E+01  2.9418E+00  1.9229E-01  3.8908E-02
  8.0612E+00  3.2000E+02  3.6586E+00  1.1786E+01  2.7585E+00  2.5091E-01  4.4407E-02
  7.3095E+00  3.6000E+02  3.8181E+00  1.2132E+01  2.5677E+00  2.4837E-01  3.9388E-02
  6.6252E+00  4.0000E+02  4.1198E+00  1.2569E+01  2.3751E+00  1.9749E-01  2.8516E-02
  5.9951E+00  4.4000E+02  4.5844E+00  1.3108E+01  2.1873E+00  1.1835E-01  1.5732E-02
  5.4099E+00  4.8000E+02  5.2262E+00  1.3764E+01  2.0110E+00  2.4421E-02  3.0151E-03
  4.8624E+00  5.2000E+02  6.0667E+00  1.4550E+01  1.8515E+00 -9.9798E-02 -1.1528E-02
  4.3469E+00  5.6000E+02  7.1171E+00  1.5466E+01  1.7085E+00 -2.5942E-01 -2.8216E-02
  3.8590E+00  6.0000E+02  8.3671E+00  1.6506E+01  1.5793E+00 -4.3245E-01 -4.4510E-02
  3.3955E+00  6.4000E+02  9.7917E+00  1.7654E+01  1.4611E+00 -5.9592E-01 -5.8272E-02
  2.9538E+00  6.8000E+02  1.1361E+01  1.8896E+01  1.3526E+00 -7.4123E-01 -6.9084E-02
  2.5316E+00  7.2000E+02  1.3046E+01  2.0213E+01  1.2530E+00 -8.7218E-01 -7.7688E-02
  2.1272E+00  7.6000E+02  1.4823E+01  2.1586E+01  1.1616E+00 -9.9622E-01 -8.5001E-02
  1.7390E+00  8.0000E+02  1.6668E+01  2.2998E+01  1.0776E+00 -1.1174E+00 -9.1512E-02
  1.3658E+00  8.4000E+02  1.8563E+01  2.4432E+01  9.9935E-01 -1.2346E+00 -9.7214E-02
  1.0064E+00  8.8000E+02  2.0499E+01  2.5882E+01  9.2570E-01 -1.3508E+00 -1.0243E-01
  6.5973E-01  9.2000E+02  2.2502E+01  2.7376E+01  8.5512E-01 -1.4686E+00 -1.0741E-01
  3.2462E-01  9.6000E+02  2.4719E+01  2.9020E+01  7.8674E-01 -1.7127E+00 -1.2109E-01
  4.4038E-04  1.0000E+03  2.7324E+01  3.0393E+01  7.2155E-01 -3.7980E+00 -2.5976E-01
