  26  3.9900000E+00
  3.2100E+01  1.0000E-03  1.0395E+01  1.6970E+01  1.0395E+01  0.0000E+00  0.0000E+00
  2.2920E+01  4.0000E+01  9.8557E+00  1.6962E+01  9.8381E+00  5.7766E-02  1.1188E-01
  1.8066E+01  8.0000E+01  9.1454E+00  1.7026E+01  9.0691E+00  1.5950E-01  1.6336E-01
  1.5608E+01  1.2000E+02  8.9669E+00  1.7165E+01  8.8223E+00  1.2915E-01  6.6971E-02
  1.3827E+01  1.6000E+02  8.8173E+00  1.7472E+01  8.4462E+00  2.5639E-01  9.6337E-02
  1.2388E+01  2.0000E+02  8.8924E+00  1.8099E+01  7.8826E+00  3.8345E-01  1.1642E-01
  1.1162E+01  2.4000E+02  9.5432E+00  1.9147E+01  7.2084E+00  3.2390E-01  8.3799E-02
  1.0086E+01  2.8000E+02  1.0892E+01  2.0552E+01  6.5039E+00  5.2090E-02  1.1825E-02
  9.1258E+00  3.2000E+02  1.2821E+01  2.2252E+01  5.8603E+00 -2.3812E-01 -4.8219E-02
  8.2587E+00  3.6000E+02  1.5145E+01  2.4220E+01  5.3261E+00 -4.1033E-01 -7.5069E-02
  7.4667E+00  4.0000E+02  1.7732E+01  2.6432E+01  4.9000E+00 -4.7276E-01 -7.8989E-02
  6.7369E+00  4.4000E+02  2.0517E+01  2.8832E+01  4.5516E+00 -5.2861E-01 -8.1398E-02
  6.0592E+00  4.8000E+02  2.3445E+01  3.1332E+01  4.2573E+00 -6.3175E-01 -9.0320E-02
  5.4264E+00  5.2000E+02  2.6425E+01  3.3826E+01  4.0036E+00 -7.6770E-01 -1.0250E-01
  4.8327E+00  5.6000E+02  2.9337E+01  3.6197E+01  3.7833E+00 -9.1138E-01 -1.1415E-01
  4.2738E+00  6.0000E+02  3.2063E+01  3.8333E+01  3.5907E+00 -1.0544E+00 -1.2433E-01
  3.7462E+00  6.4000E+02  3.4519E+01  4.0158E+01  3.4185E+00 -1.1980E+00 -1.3336E-01
  3.2469E+00  6.8000E+02  3.6684E+01  4.1662E+01  3.2566E+00 -1.3237E+00 -1.3942E-01
  2.7736E+00  7.2000E+02  3.8656E+01  4.2972E+01  3.0921E+00 -1.3968E+00 -1.3949E-01
  2.3236E+00  7.6000E+02  4.0630E+01  4.4314E+01  2.9161E+00 -1.4065E+00 -1.3352E-01
  1.8947E+00  8.0000E+02  4.2733E+01  4.5825E+01  2.7326E+00 -1.3790E+00 -1.2479E-01
  1.4846E+00  8.4000E+02  4.4919E+01  4.7453E+01  2.5514E+00 -1.3615E+00 -1.1780E-01
  1.0916E+00  8.8000E+02  4.7031E+01  4.9045E+01  2.3745E+00 -1.3209E+00 -1.0952E-01
  7.1435E-01  9.2000E+02  4.9109E+01  5.0710E+01  2.1990E+00 -1.0981E+00 -8.7410E-02
  3.5103E-01  9.6000E+02  5.1700E+01  5.2984E+01  2.0268E+00 -8.7165E-01 -6.6816E-02
  7.2256E-04  1.0000E+03  5.5410E+01  5.5896E+01  1.8614E+00 -2.2765E+00 -1.6825E-01
