  26  8.5995000E+01
  3.2100E+01  1.0000E-03  2.8207E-01  1.2478E+02  2.8206E-01  0.0000E+00  0.0000E+00
  2.2920E+01  4.0000E+01  2.7476E+00  1.2418E+02  2.7121E-01 -3.3339E-01 -6.4572E-01
  1.8066E+01  8.0000E+01  7.7117E+00  1.2328E+02  2.3268E-01 -1.2074E+00 -1.2366E+00
  1.5608E+01  1.2000E+02  1.1327E+01  1.2425E+02  2.1557E-01 -1.0766E+00 -5.5831E-01
  1.3827E+01  1.6000E+02  2.0202E+01  1.2714E+02  1.9835E-01 -3.3600E+00 -1.2625E+00
  1.2388E+01  2.0000E+02  3.3717E+01  1.3155E+02  1.7987E-01 -6.3302E+00 -1.9220E+00
  1.1162E+01  2.4000E+02  4.9733E+01  1.3702E+02  1.6071E-01 -8.6018E+00 -2.2254E+00
  1.0086E+01  2.8000E+02  6.6157E+01  1.4265E+02  1.4134E-01 -1.0032E+01 -2.2774E+00
  9.1258E+00  3.2000E+02  8.1776E+01  1.4826E+02  1.2286E-01 -1.0426E+01 -2.1112E+00
  8.2587E+00  3.6000E+02  9.6367E+01  1.5390E+02  1.0587E-01 -1.0323E+01 -1.8887E+00
  7.4667E+00  4.0000E+02  1.0993E+02  1.5959E+02  9.0687E-02 -9.9426E+00 -1.6612E+00
  6.7369E+00  4.4000E+02  1.2245E+02  1.6522E+02  7.7451E-02 -9.4307E+00 -1.4522E+00
  6.0592E+00  4.8000E+02  1.3391E+02  1.7064E+02  6.6038E-02 -8.9103E+00 -1.2739E+00
  5.4264E+00  5.2000E+02  1.4426E+02  1.7567E+02  5.6215E-02 -8.4149E+00 -1.1235E+00
  4.8327E+00  5.6000E+02  1.5343E+02  1.8016E+02  4.7825E-02 -7.8863E+00 -9.8779E-01
  4.2738E+00  6.0000E+02  1.6136E+02  1.8399E+02  4.0726E-02 -7.3374E+00 -8.6522E-01
  3.7462E+00  6.4000E+02  1.6811E+02  1.8711E+02  3.4672E-02 -6.8779E+00 -7.6565E-01
  3.2469E+00  6.8000E+02  1.7393E+02  1.8960E+02  2.9218E-02 -6.6655E+00 -7.0207E-01
  2.7736E+00  7.2000E+02  1.7926E+02  1.9172E+02  2.3751E-02 -6.7951E+00 -6.7863E-01
  2.3236E+00  7.6000E+02  1.8454E+02  1.9385E+02  1.7960E-02 -6.9720E+00 -6.6184E-01
  1.8947E+00  8.0000E+02  1.8969E+02  1.9621E+02  1.2337E-02 -6.5251E+00 -5.9049E-01
  1.4846E+00  8.4000E+02  1.9437E+02  1.9868E+02  7.6885E-03 -5.3998E+00 -4.6720E-01
  1.0916E+00  8.8000E+02  1.9834E+02  2.0104E+02  4.2433E-03 -4.0870E+00 -3.3886E-01
  7.1435E-01  9.2000E+02  2.0172E+02  2.0349E+02  1.9450E-03 -2.4500E+00 -1.9502E-01
  3.5103E-01  9.6000E+02  2.0539E+02  2.0685E+02  7.0964E-04 -8.7825E-01 -6.7321E-02
  7.2256E-04  1.0000E+03  2.1035E+02  2.1093E+02  2.0473E-04 -2.4945E+00 -1.8436E-01
