  26  3.9900000E+00
  3.2004E+01  1.0000E-03  8.9037E+00  1.4372E+01  8.9037E+00  0.0000E+00  0.0000E+00
  2.2758E+01  4.0000E+01  8.4054E+00  1.4375E+01  8.3920E+00  5.4244E-02  1.0582E-01
  1.7734E+01  8.0000E+01  7.8262E+00  1.4406E+01  7.7246E+00  1.2139E-01  1.2867E-01
  1.5134E+01  1.2000E+02  7.7148E+00  1.4468E+01  7.5015E+00  6.6819E-02  3.6653E-02
  1.3293E+01  1.6000E+02  7.6407E+00  1.4630E+01  7.1920E+00  1.2848E-01  4.9894E-02
  1.1843E+01  2.0000E+02  7.6688E+00  1.4947E+01  6.7844E+00  1.9858E-01  6.0758E-02
  1.0633E+01  2.4000E+02  7.8919E+00  1.5401E+01  6.3492E+00  1.9115E-01  4.8776E-02
  9.5906E+00  2.8000E+02  8.3097E+00  1.5990E+01  5.9036E+00  1.6479E-01  3.6250E-02
  8.6708E+00  3.2000E+02  8.9407E+00  1.6721E+01  5.4741E+00  1.0842E-01  2.1040E-02
  7.8452E+00  3.6000E+02  9.8104E+00  1.7609E+01  5.0692E+00  2.1796E-02  3.7966E-03
  7.0941E+00  4.0000E+02  1.0931E+01  1.8661E+01  4.6976E+00 -9.0502E-02 -1.4341E-02
  6.4037E+00  4.4000E+02  1.2274E+01  1.9867E+01  4.3709E+00 -1.9857E-01 -2.8924E-02
  5.7638E+00  4.8000E+02  1.3783E+01  2.1194E+01  4.0905E+00 -2.8465E-01 -3.8432E-02
  5.1667E+00  5.2000E+02  1.5404E+01  2.2597E+01  3.8488E+00 -3.6579E-01 -4.6079E-02
  4.6067E+00  5.6000E+02  1.7102E+01  2.4036E+01  3.6364E+00 -4.6259E-01 -5.4659E-02
  4.0790E+00  6.0000E+02  1.8855E+01  2.5483E+01  3.4450E+00 -5.7941E-01 -6.4499E-02
  3.5801E+00  6.4000E+02  2.0649E+01  2.6922E+01  3.2687E+00 -7.1100E-01 -7.4840E-02
  3.1069E+00  6.8000E+02  2.2468E+01  2.8340E+01  3.1034E+00 -8.4880E-01 -8.4752E-02
  2.6567E+00  7.2000E+02  2.4295E+01  2.9725E+01  2.9463E+00 -9.8274E-01 -9.3338E-02
  2.2274E+00  7.6000E+02  2.6116E+01  3.1071E+01  2.7949E+00 -1.1036E+00 -9.9946E-02
  1.8173E+00  8.0000E+02  2.7927E+01  3.2386E+01  2.6468E+00 -1.2114E+00 -1.0484E-01
  1.4245E+00  8.4000E+02  2.9730E+01  3.3672E+01  2.4993E+00 -1.3153E+00 -1.0899E-01
  1.0478E+00  8.8000E+02  3.1506E+01  3.4925E+01  2.3503E+00 -1.3877E+00 -1.1030E-01
  6.8583E-01  9.2000E+02  3.3282E+01  3.6221E+01  2.1971E+00 -1.3270E+00 -1.0134E-01
  3.3708E-01  9.6000E+02  3.5392E+01  3.7910E+01  2.0416E+00 -1.2070E+00 -8.8809E-02
  6.6830E-04  1.0000E+03  3.8264E+01  4.0624E+01  1.8923E+00 -4.6693E-01 -3.3140E-02
