  26  3.9900000E+00
  3.2010E+01  1.0000E-03  9.1159E+00  1.4756E+01  9.1159E+00  0.0000E+00  0.0000E+00
  2.2780E+01  4.0000E+01  8.6110E+00  1.4758E+01  8.5977E+00  5.4968E-02  1.0705E-01
  1.7776E+01  8.0000E+01  8.0128E+00  1.4793E+01  7.9151E+00  1.2657E-01  1.3362E-01
  1.5192E+01  1.2000E+02  7.8927E+00  1.4866E+01  7.6861E+00  7.4749E-02  4.0753E-02
  1.3358E+01  1.6000E+02  7.8089E+00  1.5048E+01  7.3640E+00  1.4497E-01  5.6089E-02
  1.1908E+01  2.0000E+02  7.8443E+00  1.5403E+01  6.9387E+00  2.2023E-01  6.7363E-02
  1.0696E+01  2.4000E+02  8.1061E+00  1.5913E+01  6.4795E+00  2.0478E-01  5.2375E-02
  9.6490E+00  2.8000E+02  8.5983E+00  1.6577E+01  6.0083E+00  1.6412E-01  3.6257E-02
  8.7240E+00  3.2000E+02  9.3346E+00  1.7394E+01  5.5577E+00  8.7266E-02  1.7030E-02
  7.8931E+00  3.6000E+02  1.0326E+01  1.8374E+01  5.1384E+00 -1.4235E-02 -2.4956E-03
  7.1369E+00  4.0000E+02  1.1571E+01  1.9521E+01  4.7606E+00 -1.2920E-01 -2.0613E-02
  6.4416E+00  4.4000E+02  1.3033E+01  2.0823E+01  4.4329E+00 -2.3058E-01 -3.3824E-02
  5.7971E+00  4.8000E+02  1.4651E+01  2.2242E+01  4.1532E+00 -3.0934E-01 -4.2063E-02
  5.1958E+00  5.2000E+02  1.6369E+01  2.3726E+01  3.9129E+00 -3.8704E-01 -4.9100E-02
  4.6319E+00  5.6000E+02  1.8144E+01  2.5229E+01  3.7026E+00 -4.8370E-01 -5.7548E-02
  4.1007E+00  6.0000E+02  1.9956E+01  2.6719E+01  3.5138E+00 -6.0472E-01 -6.7767E-02
  3.5986E+00  6.4000E+02  2.1793E+01  2.8182E+01  3.3399E+00 -7.4654E-01 -7.9084E-02
  3.1224E+00  6.8000E+02  2.3648E+01  2.9609E+01  3.1759E+00 -8.9976E-01 -9.0388E-02
  2.6697E+00  7.2000E+02  2.5508E+01  3.0993E+01  3.0183E+00 -1.0501E+00 -1.0031E-01
  2.2381E+00  7.6000E+02  2.7363E+01  3.2337E+01  2.8642E+00 -1.1821E+00 -1.0764E-01
  1.8258E+00  8.0000E+02  2.9210E+01  3.3653E+01  2.7110E+00 -1.2881E+00 -1.1205E-01
  1.4311E+00  8.4000E+02  3.1057E+01  3.4956E+01  2.5569E+00 -1.3795E+00 -1.1487E-01
  1.0526E+00  8.8000E+02  3.2887E+01  3.6240E+01  2.4006E+00 -1.4432E+00 -1.1525E-01
  6.8896E-01  9.2000E+02  3.4715E+01  3.7569E+01  2.2400E+00 -1.3740E+00 -1.0542E-01
  3.3861E-01  9.6000E+02  3.6888E+01  3.9309E+01  2.0775E+00 -1.2322E+00 -9.1086E-02
  6.7771E-04  1.0000E+03  3.9866E+01  4.2112E+01  1.9222E+00 -5.1774E-01 -3.6913E-02
