  26  3.9900000E+00
  3.0331E+01  1.0000E-03  2.8132E+00  1.0970E+01  2.8132E+00  0.0000E+00  0.0000E+00
  2.1526E+01  4.0000E+01  2.5829E+00  1.0973E+01  2.5755E+00  2.6449E-02  4.9133E-02
  1.6680E+01  8.0000E+01  2.4253E+00  1.0995E+01  2.3582E+00  3.6994E-02  3.7820E-02
  1.4113E+01  1.2000E+02  2.4086E+00  1.1016E+01  2.2789E+00  1.4863E-02  8.0505E-03
  1.2300E+01  1.6000E+02  2.3996E+00  1.1048E+01  2.2036E+00  2.2444E-02  8.5858E-03
  1.0919E+01  2.0000E+02  2.3844E+00  1.1112E+01  2.0986E+00  5.7799E-02  1.6840E-02
  9.8020E+00  2.4000E+02  2.3759E+00  1.1236E+01  1.9695E+00  1.1848E-01  2.7913E-02
  8.8542E+00  2.8000E+02  2.4017E+00  1.1427E+01  1.8397E+00  1.7427E-01  3.4846E-02
  8.0225E+00  3.2000E+02  2.4890E+00  1.1686E+01  1.7083E+00  2.0695E-01  3.6317E-02
  7.2761E+00  3.6000E+02  2.6748E+00  1.2016E+01  1.5762E+00  1.9296E-01  3.0383E-02
  6.5966E+00  4.0000E+02  2.9869E+00  1.2427E+01  1.4463E+00  1.4574E-01  2.0896E-02
  5.9711E+00  4.4000E+02  3.4403E+00  1.2935E+01  1.3227E+00  8.6141E-02  1.1367E-02
  5.3903E+00  4.8000E+02  4.0532E+00  1.3558E+01  1.2097E+00  1.7876E-02  2.1905E-03
  4.8466E+00  5.2000E+02  4.8595E+00  1.4313E+01  1.1082E+00 -9.5096E-02 -1.0908E-02
  4.3343E+00  5.6000E+02  5.8861E+00  1.5199E+01  1.0164E+00 -2.7307E-01 -2.9516E-02
  3.8490E+00  6.0000E+02  7.1314E+00  1.6211E+01  9.3203E-01 -4.8186E-01 -4.9330E-02
  3.3877E+00  6.4000E+02  8.5695E+00  1.7336E+01  8.5403E-01 -6.7855E-01 -6.6048E-02
  2.9476E+00  6.8000E+02  1.0165E+01  1.8560E+01  7.8213E-01 -8.4538E-01 -7.8482E-02
  2.5269E+00  7.2000E+02  1.1886E+01  1.9866E+01  7.1633E-01 -9.8551E-01 -8.7487E-02
  2.1236E+00  7.6000E+02  1.3704E+01  2.1236E+01  6.5624E-01 -1.1094E+00 -9.4379E-02
  1.7364E+00  8.0000E+02  1.5595E+01  2.2653E+01  6.0100E-01 -1.2263E+00 -1.0017E-01
  1.3640E+00  8.4000E+02  1.7541E+01  2.4097E+01  5.4973E-01 -1.3446E+00 -1.0565E-01
  1.0052E+00  8.8000E+02  1.9522E+01  2.5553E+01  5.0177E-01 -1.4659E+00 -1.1096E-01
  6.5908E-01  9.2000E+02  2.1580E+01  2.7063E+01  4.5591E-01 -1.5834E+00 -1.1563E-01
  3.2436E-01  9.6000E+02  2.3882E+01  2.8760E+01  4.1165E-01 -1.8064E+00 -1.2757E-01
  4.2666E-04  1.0000E+03  2.6591E+01  3.0349E+01  3.7036E-01 -3.4581E+00 -2.3634E-01
