  26  8.5995000E+01
  3.2094E+01  1.0000E-03  2.7888E-01  1.2446E+02  2.7888E-01  0.0000E+00  0.0000E+00
  2.2910E+01  4.0000E+01  2.7254E+00  1.2392E+02  2.6807E-01 -3.2428E-01 -6.2834E-01
  1.8040E+01  8.0000E+01  7.8697E+00  1.2305E+02  2.2970E-01 -1.2354E+00 -1.2693E+00
  1.5569E+01  1.2000E+02  1.1585E+01  1.2395E+02  2.1268E-01 -1.1414E+00 -5.9524E-01
  1.3781E+01  1.6000E+02  2.0399E+01  1.2668E+02  1.9570E-01 -3.4030E+00 -1.2835E+00
  1.2340E+01  2.0000E+02  3.3654E+01  1.3084E+02  1.7759E-01 -6.3136E+00 -1.9192E+00
  1.1115E+01  2.4000E+02  4.9230E+01  1.3600E+02  1.5886E-01 -8.5021E+00 -2.1968E+00
  1.0043E+01  2.8000E+02  6.5109E+01  1.4138E+02  1.4000E-01 -9.7906E+00 -2.2154E+00
  9.0871E+00  3.2000E+02  8.0165E+01  1.4681E+02  1.2209E-01 -1.0068E+01 -2.0302E+00
  8.2239E+00  3.6000E+02  9.4262E+01  1.5235E+02  1.0568E-01 -9.9202E+00 -1.8065E+00
  7.4357E+00  4.0000E+02  1.0745E+02  1.5798E+02  9.1015E-02 -9.5874E+00 -1.5945E+00
  6.7090E+00  4.4000E+02  1.1972E+02  1.6358E+02  7.8176E-02 -9.1753E+00 -1.4066E+00
  6.0343E+00  4.8000E+02  1.3099E+02  1.6897E+02  6.7107E-02 -8.7153E+00 -1.2408E+00
  5.4040E+00  5.2000E+02  1.4116E+02  1.7394E+02  5.7630E-02 -8.2351E+00 -1.0951E+00
  4.8127E+00  5.6000E+02  1.5012E+02  1.7835E+02  4.9599E-02 -7.7046E+00 -9.6121E-01
  4.2560E+00  6.0000E+02  1.5783E+02  1.8208E+02  4.2840E-02 -7.1663E+00 -8.4169E-01
  3.7305E+00  6.4000E+02  1.6438E+02  1.8509E+02  3.7094E-02 -6.7227E+00 -7.4537E-01
  3.2333E+00  6.8000E+02  1.7004E+02  1.8749E+02  3.1915E-02 -6.5460E+00 -6.8666E-01
  2.7619E+00  7.2000E+02  1.7528E+02  1.8953E+02  2.6666E-02 -6.8083E+00 -6.7714E-01
  2.3138E+00  7.6000E+02  1.8057E+02  1.9155E+02  2.0894E-02 -7.3044E+00 -6.9045E-01
  1.8868E+00  8.0000E+02  1.8594E+02  1.9380E+02  1.4905E-02 -7.2935E+00 -6.5715E-01
  1.4785E+00  8.4000E+02  1.9099E+02  1.9624E+02  9.5685E-03 -6.4080E+00 -5.5198E-01
  1.0872E+00  8.8000E+02  1.9536E+02  1.9864E+02  5.4183E-03 -4.9987E+00 -4.1265E-01
  7.1150E-01  9.2000E+02  1.9904E+02  2.0116E+02  2.5915E-03 -3.1017E+00 -2.4586E-01
  3.4964E-01  9.6000E+02  2.0288E+02  2.0454E+02  1.0135E-03 -1.2687E+00 -9.6861E-02
  7.1306E-04  1.0000E+03  2.0791E+02  2.0889E+02  3.2058E-04 -1.9589E+00 -1.4421E-01
