  26  8.5995000E+01
  3.1842E+01  1.0000E-03  1.7751E-01  1.1813E+02  1.7751E-01  0.0000E+00  0.0000E+00
  2.2503E+01  4.0000E+01  2.6272E+00  1.1847E+02  1.6813E-01 -2.2622E-01 -4.4573E-01
  1.7352E+01  8.0000E+01  1.1150E+01  1.1813E+02  1.3869E-01 -1.7208E+00 -1.8702E+00
  1.4639E+01  1.2000E+02  1.4291E+01  1.1721E+02  1.2789E-01 -1.4979E+00 -8.5739E-01
  1.2737E+01  1.6000E+02  1.7774E+01  1.1656E+02  1.2036E-01 -2.1731E+00 -8.7175E-01
  1.1281E+01  2.0000E+02  2.2318E+01  1.1629E+02  1.1367E-01 -3.3063E+00 -1.0158E+00
  1.0100E+01  2.4000E+02  2.7577E+01  1.1659E+02  1.0720E-01 -4.1971E+00 -1.0457E+00
  9.1020E+00  2.8000E+02  3.3421E+01  1.1748E+02  1.0079E-01 -4.9663E+00 -1.0457E+00
  8.2318E+00  3.2000E+02  4.0031E+01  1.1910E+02  9.4189E-02 -5.7298E+00 -1.0519E+00
  7.4551E+00  3.6000E+02  4.7533E+01  1.2129E+02  8.7172E-02 -6.8373E+00 -1.1205E+00
  6.7498E+00  4.0000E+02  5.5741E+01  1.2394E+02  7.9828E-02 -7.8808E+00 -1.1726E+00
  6.1016E+00  4.4000E+02  6.4315E+01  1.2695E+02  7.2378E-02 -8.5897E+00 -1.1748E+00
  5.5002E+00  4.8000E+02  7.3034E+01  1.3023E+02  6.5026E-02 -9.0482E+00 -1.1481E+00
  4.9382E+00  5.2000E+02  8.1767E+01  1.3372E+02  5.7929E-02 -9.3284E+00 -1.1060E+00
  4.4101E+00  5.6000E+02  9.0431E+01  1.3736E+02  5.1183E-02 -9.5124E+00 -1.0600E+00
  3.9112E+00  6.0000E+02  9.8950E+01  1.4107E+02  4.4860E-02 -9.6241E+00 -1.0129E+00
  3.4383E+00  6.4000E+02  1.0725E+02  1.4481E+02  3.8989E-02 -9.6518E+00 -9.6316E-01
  2.9883E+00  6.8000E+02  1.1526E+02  1.4849E+02  3.3552E-02 -9.6157E+00 -9.1291E-01
  2.5589E+00  7.2000E+02  1.2296E+02  1.5209E+02  2.8508E-02 -9.5614E+00 -8.6605E-01
  2.1484E+00  7.6000E+02  1.3034E+02  1.5555E+02  2.3813E-02 -9.5395E+00 -8.2635E-01
  1.7549E+00  8.0000E+02  1.3735E+02  1.5882E+02  1.9455E-02 -9.5119E+00 -7.8956E-01
  1.3773E+00  8.4000E+02  1.4395E+02  1.6190E+02  1.5446E-02 -9.3219E+00 -7.4270E-01
  1.0143E+00  8.8000E+02  1.5017E+02  1.6492E+02  1.1851E-02 -8.7837E+00 -6.7274E-01
  6.6461E-01  9.2000E+02  1.5614E+02  1.6809E+02  8.7636E-03 -8.0521E+00 -5.9403E-01
  3.2690E-01  9.6000E+02  1.6208E+02  1.7141E+02  6.2479E-03 -7.7383E+00 -5.5136E-01
  4.7204E-04  1.0000E+03  1.6809E+02  1.7333E+02  4.3076E-03 -1.2537E+01 -8.6342E-01
