  26  3.9900000E+00
  3.0207E+01  1.0000E-03  2.4451E+00  1.0939E+01  2.4451E+00  0.0000E+00  0.0000E+00
  2.1452E+01  4.0000E+01  2.2369E+00  1.0941E+01  2.2300E+00  2.4045E-02  4.4417E-02
  1.6636E+01  8.0000E+01  2.1024E+00  1.0964E+01  2.0397E+00  3.2759E-02  3.3285E-02
  1.4084E+01  1.2000E+02  2.0899E+00  1.0988E+01  1.9678E+00  1.4284E-02  7.6912E-03
  1.2279E+01  1.6000E+02  2.0840E+00  1.1023E+01  1.8980E+00  2.2338E-02  8.5042E-03
  1.0904E+01  2.0000E+02  2.0731E+00  1.1090E+01  1.7992E+00  5.7223E-02  1.6603E-02
  9.7910E+00  2.4000E+02  2.0732E+00  1.1217E+01  1.6815E+00  1.1377E-01  2.6722E-02
  8.8453E+00  2.8000E+02  2.1082E+00  1.1409E+01  1.5640E+00  1.6625E-01  3.3171E-02
  8.0149E+00  3.2000E+02  2.2050E+00  1.1667E+01  1.4464E+00  1.9371E-01  3.3937E-02
  7.2697E+00  3.6000E+02  2.3990E+00  1.1993E+01  1.3295E+00  1.7748E-01  2.7904E-02
  6.5912E+00  4.0000E+02  2.7160E+00  1.2400E+01  1.2158E+00  1.3142E-01  1.8814E-02
  5.9667E+00  4.4000E+02  3.1704E+00  1.2901E+01  1.1087E+00  7.5812E-02  9.9886E-03
  5.3867E+00  4.8000E+02  3.7816E+00  1.3519E+01  1.0116E+00  1.1734E-02  1.4357E-03
  4.8438E+00  5.2000E+02  4.5862E+00  1.4269E+01  9.2457E-01 -1.0171E-01 -1.1650E-02
  4.3321E+00  5.6000E+02  5.6140E+00  1.5150E+01  8.4553E-01 -2.8633E-01 -3.0914E-02
  3.8473E+00  6.0000E+02  6.8644E+00  1.6156E+01  7.7261E-01 -5.0361E-01 -5.1508E-02
  3.3863E+00  6.4000E+02  8.3109E+00  1.7277E+01  7.0507E-01 -7.0686E-01 -6.8750E-02
  2.9466E+00  6.8000E+02  9.9171E+00  1.8497E+01  6.4291E-01 -8.7703E-01 -8.1366E-02
  2.5261E+00  7.2000E+02  1.1649E+01  1.9801E+01  5.8617E-01 -1.0175E+00 -9.0271E-02
  2.1230E+00  7.6000E+02  1.3477E+01  2.1171E+01  5.3443E-01 -1.1394E+00 -9.6887E-02
  1.7360E+00  8.0000E+02  1.5379E+01  2.2587E+01  4.8685E-01 -1.2536E+00 -1.0237E-01
  1.3637E+00  8.4000E+02  1.7334E+01  2.4032E+01  4.4279E-01 -1.3702E+00 -1.0763E-01
  1.0050E+00  8.8000E+02  1.9324E+01  2.5488E+01  4.0173E-01 -1.4895E+00 -1.1271E-01
  6.5898E-01  9.2000E+02  2.1394E+01  2.7002E+01  3.6261E-01 -1.6047E+00 -1.1716E-01
  3.2432E-01  9.6000E+02  2.3714E+01  2.8712E+01  3.2500E-01 -1.8239E+00 -1.2878E-01
  4.2287E-04  1.0000E+03  2.6441E+01  3.0340E+01  2.9021E-01 -3.3925E+00 -2.3183E-01
