  26  8.5995000E+01
  3.1968E+01  1.0000E-03  2.0116E-01  1.1937E+02  2.0116E-01  0.0000E+00  0.0000E+00
  2.2623E+01  4.0000E+01  2.6301E+00  1.1968E+02  1.9129E-01 -2.2744E-01 -4.4847E-01
  1.7487E+01  8.0000E+01  1.0895E+01  1.1920E+02  1.5916E-01 -1.7022E+00 -1.8443E+00
  1.4798E+01  1.2000E+02  1.4289E+01  1.1835E+02  1.4672E-01 -1.5769E+00 -8.9481E-01
  1.2912E+01  1.6000E+02  1.9336E+01  1.1821E+02  1.3704E-01 -2.7502E+00 -1.0945E+00
  1.1455E+01  2.0000E+02  2.5862E+01  1.1863E+02  1.2810E-01 -4.1925E+00 -1.2881E+00
  1.0263E+01  2.4000E+02  3.2849E+01  1.1955E+02  1.1969E-01 -5.0931E+00 -1.2811E+00
  9.2489E+00  2.8000E+02  3.9844E+01  1.2097E+02  1.1173E-01 -5.4930E+00 -1.1755E+00
  8.3615E+00  3.2000E+02  4.7119E+01  1.2292E+02  1.0385E-01 -5.9999E+00 -1.1233E+00
  7.5685E+00  3.6000E+02  5.4961E+01  1.2536E+02  9.5763E-02 -6.8211E+00 -1.1412E+00
  6.8486E+00  4.0000E+02  6.3316E+01  1.2819E+02  8.7468E-02 -7.6698E+00 -1.1650E+00
  6.1872E+00  4.4000E+02  7.1992E+01  1.3133E+02  7.9118E-02 -8.3642E+00 -1.1672E+00
  5.5741E+00  4.8000E+02  8.0774E+01  1.3471E+02  7.0938E-02 -8.8215E+00 -1.1411E+00
  5.0017E+00  5.2000E+02  8.9507E+01  1.3825E+02  6.3101E-02 -9.0751E+00 -1.0958E+00
  4.4643E+00  5.6000E+02  9.8092E+01  1.4189E+02  5.5720E-02 -9.2005E+00 -1.0432E+00
  3.9573E+00  6.0000E+02  1.0645E+02  1.4557E+02  4.8862E-02 -9.2202E+00 -9.8636E-01
  3.4769E+00  6.4000E+02  1.1450E+02  1.4922E+02  4.2533E-02 -9.1570E+00 -9.2795E-01
  3.0204E+00  6.8000E+02  1.2220E+02  1.5279E+02  3.6698E-02 -9.0496E+00 -8.7165E-01
  2.5853E+00  7.2000E+02  1.2955E+02  1.5624E+02  3.1295E-02 -8.9592E+00 -8.2254E-01
  2.1695E+00  7.6000E+02  1.3653E+02  1.5952E+02  2.6275E-02 -8.9195E+00 -7.8244E-01
  1.7714E+00  8.0000E+02  1.4316E+02  1.6259E+02  2.1583E-02 -8.9383E+00 -7.5071E-01
  1.3896E+00  8.4000E+02  1.4938E+02  1.6543E+02  1.7202E-02 -8.8207E+00 -7.1046E-01
  1.0230E+00  8.8000E+02  1.5517E+02  1.6820E+02  1.3195E-02 -8.2699E+00 -6.3973E-01
  6.7012E-01  9.2000E+02  1.6077E+02  1.7119E+02  9.6871E-03 -7.3932E+00 -5.5038E-01
  3.2955E-01  9.6000E+02  1.6644E+02  1.7453E+02  6.8066E-03 -6.8390E+00 -4.9141E-01
  5.1399E-04  1.0000E+03  1.7230E+02  1.7711E+02  4.6131E-03 -9.9569E+00 -6.9120E-01
