  26  8.5995000E+01
  3.2006E+01  1.0000E-03  2.4161E-01  1.2214E+02  2.4161E-01  0.0000E+00  0.0000E+00
  2.2758E+01  4.0000E+01  2.5652E+00  1.2215E+02  2.3122E-01 -2.4957E-01 -4.8698E-01
  1.7733E+01  8.0000E+01  9.5712E+00  1.2160E+02  1.9534E-01 -1.5052E+00 -1.5955E+00
  1.5134E+01  1.2000E+02  1.3611E+01  1.2140E+02  1.8007E-01 -1.6290E+00 -8.9325E-01
  1.3294E+01  1.6000E+02  2.0924E+01  1.2253E+02  1.6642E-01 -3.3623E+00 -1.3055E+00
  1.1844E+01  2.0000E+02  3.0737E+01  1.2475E+02  1.5316E-01 -5.2303E+00 -1.6003E+00
  1.0634E+01  2.4000E+02  4.1184E+01  1.2738E+02  1.4057E-01 -6.4701E+00 -1.6509E+00
  9.5919E+00  2.8000E+02  5.1422E+01  1.3031E+02  1.2855E-01 -7.0054E+00 -1.5410E+00
  8.6720E+00  3.2000E+02  6.1347E+01  1.3352E+02  1.1705E-01 -7.3003E+00 -1.4168E+00
  7.8462E+00  3.6000E+02  7.1090E+01  1.3701E+02  1.0603E-01 -7.5789E+00 -1.3204E+00
  7.0950E+00  4.0000E+02  8.0737E+01  1.4073E+02  9.5506E-02 -7.8888E+00 -1.2503E+00
  6.4044E+00  4.4000E+02  9.0172E+01  1.4460E+02  8.5638E-02 -8.0500E+00 -1.1729E+00
  5.7643E+00  4.8000E+02  9.9223E+01  1.4852E+02  7.6625E-02 -8.0158E+00 -1.0825E+00
  5.1671E+00  5.2000E+02  1.0778E+02  1.5237E+02  6.8543E-02 -7.8730E+00 -9.9195E-01
  4.6070E+00  5.6000E+02  1.1582E+02  1.5608E+02  6.1301E-02 -7.7481E+00 -9.1562E-01
  4.0793E+00  6.0000E+02  1.2342E+02  1.5961E+02  5.4718E-02 -7.7178E+00 -8.5920E-01
  3.5804E+00  6.4000E+02  1.3065E+02  1.6295E+02  4.8620E-02 -7.7784E+00 -8.1881E-01
  3.1071E+00  6.8000E+02  1.3754E+02  1.6610E+02  4.2860E-02 -7.9161E+00 -7.9046E-01
  2.6569E+00  7.2000E+02  1.4414E+02  1.6906E+02  3.7330E-02 -8.0965E+00 -7.6903E-01
  2.2276E+00  7.6000E+02  1.5047E+02  1.7183E+02  3.1959E-02 -8.2898E+00 -7.5080E-01
  1.8174E+00  8.0000E+02  1.5656E+02  1.7444E+02  2.6695E-02 -8.4784E+00 -7.3379E-01
  1.4246E+00  8.4000E+02  1.6243E+02  1.7691E+02  2.1520E-02 -8.6372E+00 -7.1577E-01
  1.0478E+00  8.8000E+02  1.6802E+02  1.7926E+02  1.6453E-02 -8.6164E+00 -6.8492E-01
  6.8586E-01  9.2000E+02  1.7334E+02  1.8166E+02  1.1558E-02 -8.0567E+00 -6.1531E-01
  3.3709E-01  9.6000E+02  1.7879E+02  1.8478E+02  7.2370E-03 -6.7015E+00 -4.9312E-01
  6.6961E-04  1.0000E+03  1.8485E+02  1.8930E+02  4.0797E-03 -4.5595E+00 -3.2362E-01
