  26  8.5995000E+01
  3.2081E+01  1.0000E-03  2.9455E-01  1.2116E+02  2.9455E-01  0.0000E+00  0.0000E+00
  2.2946E+01  4.0000E+01  2.7208E+00  1.2058E+02  2.8356E-01 -3.2937E-01 -6.3482E-01
  1.8130E+01  8.0000E+01  7.4478E+00  1.1957E+02  2.4404E-01 -1.1918E+00 -1.2109E+00
  1.5706E+01  1.2000E+02  1.0556E+01  1.2060E+02  2.2664E-01 -8.5638E-01 -4.3808E-01
  1.3946E+01  1.6000E+02  1.9246E+01  1.2381E+02  2.0892E-01 -3.1129E+00 -1.1557E+00
  1.2512E+01  2.0000E+02  3.4695E+01  1.2888E+02  1.8795E-01 -7.2353E+00 -2.1889E+00
  1.1282E+01  2.4000E+02  5.4490E+01  1.3536E+02  1.6374E-01 -1.0824E+01 -2.8095E+00
  1.0198E+01  2.8000E+02  7.4696E+01  1.4224E+02  1.3859E-01 -1.2291E+01 -2.8121E+00
  9.2270E+00  3.2000E+02  9.3581E+01  1.4905E+02  1.1508E-01 -1.2447E+01 -2.5487E+00
  8.3483E+00  3.6000E+02  1.1090E+02  1.5557E+02  9.3825E-02 -1.2290E+01 -2.2783E+00
  7.5454E+00  4.0000E+02  1.2653E+02  1.6171E+02  7.4922E-02 -1.1815E+01 -2.0016E+00
  6.8060E+00  4.4000E+02  1.4030E+02  1.6740E+02  5.8369E-02 -1.0928E+01 -1.7047E+00
  6.1208E+00  4.8000E+02  1.5228E+02  1.7265E+02  4.3988E-02 -9.8123E+00 -1.4186E+00
  5.4822E+00  5.2000E+02  1.6254E+02  1.7751E+02  3.1862E-02 -8.4526E+00 -1.1388E+00
  4.8842E+00  5.6000E+02  1.7120E+02  1.8202E+02  2.2138E-02 -6.9426E+00 -8.7588E-01
  4.3219E+00  6.0000E+02  1.7847E+02  1.8623E+02  1.4752E-02 -5.4588E+00 -6.4762E-01
  3.7911E+00  6.4000E+02  1.8460E+02  1.9016E+02  9.4254E-03 -4.1355E+00 -4.6312E-01
  3.2884E+00  6.8000E+02  1.8983E+02  1.9386E+02  5.7666E-03 -3.0408E+00 -3.2252E-01
  2.8108E+00  7.2000E+02  1.9437E+02  1.9735E+02  3.3693E-03 -2.1873E+00 -2.2038E-01
  2.3560E+00  7.6000E+02  1.9837E+02  2.0065E+02  1.8732E-03 -1.5519E+00 -1.4893E-01
  1.9217E+00  8.0000E+02  2.0198E+02  2.0378E+02  9.8816E-04 -1.1054E+00 -1.0129E-01
  1.5060E+00  8.4000E+02  2.0528E+02  2.0674E+02  4.9254E-04 -8.2685E-01 -7.2503E-02
  1.1075E+00  8.8000E+02  2.0835E+02  2.0953E+02  2.2771E-04 -6.8112E-01 -5.7266E-02
  7.2476E-01  9.2000E+02  2.1121E+02  2.1224E+02  9.2133E-05 -4.0572E-01 -3.2765E-02
  3.5611E-01  9.6000E+02  2.1460E+02  2.1562E+02  2.9088E-05 -3.7013E-02 -2.8788E-03
  7.2624E-04  1.0000E+03  2.1945E+02  2.1999E+02  6.0198E-06 -1.3381E+00 -1.0033E-01
