  26  8.5995000E+01
  3.1989E+01  1.0000E-03  2.1572E-01  1.2005E+02  2.1571E-01  0.0000E+00  0.0000E+00
  2.2672E+01  4.0000E+01  2.5895E+00  1.2031E+02  2.0563E-01 -2.2765E-01 -4.4750E-01
  1.7568E+01  8.0000E+01  1.0488E+01  1.1978E+02  1.7203E-01 -1.6507E+00 -1.7775E+00
  1.4905E+01  1.2000E+02  1.4044E+01  1.1908E+02  1.5859E-01 -1.5969E+00 -8.9733E-01
  1.3033E+01  1.6000E+02  2.0036E+01  1.1935E+02  1.4748E-01 -3.0610E+00 -1.2086E+00
  1.1580E+01  2.0000E+02  2.7808E+01  1.2028E+02  1.3696E-01 -4.7051E+00 -1.4427E+00
  1.0383E+01  2.4000E+02  3.6040E+01  1.2177E+02  1.2708E-01 -5.6319E+00 -1.4227E+00
  9.3591E+00  2.8000E+02  4.4069E+01  1.2366E+02  1.1778E-01 -5.9975E+00 -1.2950E+00
  8.4611E+00  3.2000E+02  5.2134E+01  1.2600E+02  1.0873E-01 -6.3725E+00 -1.2072E+00
  7.6574E+00  3.6000E+02  6.0482E+01  1.2878E+02  9.9722E-02 -6.9356E+00 -1.1760E+00
  6.9272E+00  4.0000E+02  6.9155E+01  1.3190E+02  9.0714E-02 -7.6012E+00 -1.1711E+00
  6.2561E+00  4.4000E+02  7.8004E+01  1.3527E+02  8.1848E-02 -8.1599E+00 -1.1553E+00
  5.6341E+00  4.8000E+02  8.6819E+01  1.3881E+02  7.3343E-02 -8.4819E+00 -1.1131E+00
  5.0537E+00  5.2000E+02  9.5458E+01  1.4244E+02  6.5348E-02 -8.6313E+00 -1.0571E+00
  4.5089E+00  5.6000E+02  1.0384E+02  1.4609E+02  5.7926E-02 -8.6836E+00 -9.9810E-01
  3.9952E+00  6.0000E+02  1.1192E+02  1.4972E+02  5.1074E-02 -8.6786E+00 -9.4059E-01
  3.5089E+00  6.4000E+02  1.1967E+02  1.5326E+02  4.4745E-02 -8.6350E+00 -8.8592E-01
  3.0470E+00  6.8000E+02  1.2706E+02  1.5670E+02  3.8882E-02 -8.5721E+00 -8.3529E-01
  2.6071E+00  7.2000E+02  1.3409E+02  1.5998E+02  3.3435E-02 -8.5091E+00 -7.8975E-01
  2.1871E+00  7.6000E+02  1.4077E+02  1.6309E+02  2.8339E-02 -8.5062E+00 -7.5381E-01
  1.7852E+00  8.0000E+02  1.4713E+02  1.6600E+02  2.3525E-02 -8.5914E+00 -7.2848E-01
  1.4000E+00  8.4000E+02  1.5314E+02  1.6868E+02  1.8942E-02 -8.6410E+00 -7.0226E-01
  1.0302E+00  8.8000E+02  1.5875E+02  1.7121E+02  1.4609E-02 -8.3227E+00 -6.4925E-01
  6.7466E-01  9.2000E+02  1.6416E+02  1.7395E+02  1.0649E-02 -7.5107E+00 -5.6340E-01
  3.3172E-01  9.6000E+02  1.6973E+02  1.7724E+02  7.2958E-03 -6.6748E+00 -4.8295E-01
  5.6963E-04  1.0000E+03  1.7568E+02  1.8055E+02  4.7546E-03 -7.9550E+00 -5.5578E-01
