  26  8.5995000E+01
  3.2084E+01  1.0000E-03  2.7536E-01  1.2430E+02  2.7536E-01  0.0000E+00  0.0000E+00
  2.2897E+01  4.0000E+01  2.6983E+00  1.2384E+02  2.6458E-01 -3.1335E-01 -6.0740E-01
  1.8010E+01  8.0000E+01  8.0457E+00  1.2299E+02  2.2641E-01 -1.2685E+00 -1.3077E+00
  1.5524E+01  1.2000E+02  1.1854E+01  1.2380E+02  2.0950E-01 -1.2072E+00 -6.3330E-01
  1.3729E+01  1.6000E+02  2.0578E+01  1.2637E+02  1.9281E-01 -3.4305E+00 -1.2988E+00
  1.2287E+01  2.0000E+02  3.3506E+01  1.3026E+02  1.7517E-01 -6.2602E+00 -1.9054E+00
  1.1064E+01  2.4000E+02  4.8505E+01  1.3509E+02  1.5704E-01 -8.3210E+00 -2.1468E+00
  9.9951E+00  2.8000E+02  6.3722E+01  1.4022E+02  1.3888E-01 -9.4375E+00 -2.1280E+00
  9.0436E+00  3.2000E+02  7.8148E+01  1.4547E+02  1.2173E-01 -9.6365E+00 -1.9346E+00
  8.1845E+00  3.6000E+02  9.1699E+01  1.5086E+02  1.0605E-01 -9.5002E+00 -1.7219E+00
  7.3999E+00  4.0000E+02  1.0444E+02  1.5635E+02  9.2008E-02 -9.2485E+00 -1.5309E+00
  6.6767E+00  4.4000E+02  1.1636E+02  1.6181E+02  7.9658E-02 -8.9322E+00 -1.3629E+00
  6.0052E+00  4.8000E+02  1.2732E+02  1.6703E+02  6.8991E-02 -8.5363E+00 -1.2095E+00
  5.3780E+00  5.2000E+02  1.3718E+02  1.7184E+02  5.9884E-02 -8.0675E+00 -1.0675E+00
  4.7896E+00  5.6000E+02  1.4585E+02  1.7607E+02  5.2196E-02 -7.5323E+00 -9.3497E-01
  4.2359E+00  6.0000E+02  1.5331E+02  1.7966E+02  4.5727E-02 -7.0071E+00 -8.1870E-01
  3.7131E+00  6.4000E+02  1.5971E+02  1.8260E+02  4.0188E-02 -6.6070E+00 -7.2865E-01
  3.2185E+00  6.8000E+02  1.6532E+02  1.8500E+02  3.5141E-02 -6.5066E+00 -6.7894E-01
  2.7495E+00  7.2000E+02  1.7067E+02  1.8709E+02  2.9967E-02 -6.9284E+00 -6.8562E-01
  2.3036E+00  7.6000E+02  1.7616E+02  1.8914E+02  2.4154E-02 -7.7200E+00 -7.2629E-01
  1.8785E+00  8.0000E+02  1.8184E+02  1.9137E+02  1.7846E-02 -8.1099E+00 -7.2737E-01
  1.4720E+00  8.4000E+02  1.8733E+02  1.9381E+02  1.1889E-02 -7.5144E+00 -6.4438E-01
  1.0825E+00  8.8000E+02  1.9209E+02  1.9620E+02  7.0313E-03 -6.0971E+00 -5.0110E-01
  7.0842E-01  9.2000E+02  1.9606E+02  1.9867E+02  3.5638E-03 -3.9787E+00 -3.1399E-01
  3.4815E-01  9.6000E+02  2.0010E+02  2.0206E+02  1.4972E-03 -1.8171E+00 -1.3812E-01
  7.1423E-04  1.0000E+03  2.0531E+02  2.0668E+02  5.2007E-04 -1.6959E+00 -1.2431E-01
