  26  8.5995000E+01
  3.2094E+01  1.0000E-03  2.7888E-01  1.2453E+02  2.7888E-01  0.0000E+00  0.0000E+00
  2.2910E+01  4.0000E+01  2.7282E+00  1.2400E+02  2.6807E-01 -3.2533E-01 -6.3042E-01
  1.8041E+01  8.0000E+01  7.8546E+00  1.2312E+02  2.2971E-01 -1.2320E+00 -1.2656E+00
  1.5570E+01  1.2000E+02  1.1541E+01  1.2402E+02  2.1272E-01 -1.1270E+00 -5.8758E-01
  1.3782E+01  1.6000E+02  2.0338E+01  1.2676E+02  1.9577E-01 -3.3915E+00 -1.2791E+00
  1.2341E+01  2.0000E+02  3.3599E+01  1.3091E+02  1.7766E-01 -6.3246E+00 -1.9226E+00
  1.1117E+01  2.4000E+02  4.9194E+01  1.3607E+02  1.5891E-01 -8.5192E+00 -2.2011E+00
  1.0044E+01  2.8000E+02  6.5100E+01  1.4146E+02  1.4002E-01 -9.8005E+00 -2.2176E+00
  9.0883E+00  3.2000E+02  8.0178E+01  1.4692E+02  1.2210E-01 -1.0064E+01 -2.0295E+00
  8.2250E+00  3.6000E+02  9.4287E+01  1.5248E+02  1.0570E-01 -9.9045E+00 -1.8039E+00
  7.4366E+00  4.0000E+02  1.0748E+02  1.5813E+02  9.1074E-02 -9.5654E+00 -1.5912E+00
  6.7098E+00  4.4000E+02  1.1973E+02  1.6374E+02  7.8287E-02 -9.1463E+00 -1.4025E+00
  6.0348E+00  4.8000E+02  1.3097E+02  1.6911E+02  6.7281E-02 -8.6801E+00 -1.2361E+00
  5.4044E+00  5.2000E+02  1.4109E+02  1.7407E+02  5.7869E-02 -8.1969E+00 -1.0903E+00
  4.8129E+00  5.6000E+02  1.5001E+02  1.7845E+02  4.9903E-02 -7.6627E+00 -9.5617E-01
  4.2561E+00  6.0000E+02  1.5768E+02  1.8216E+02  4.3204E-02 -7.1253E+00 -8.3701E-01
  3.7306E+00  6.4000E+02  1.6419E+02  1.8515E+02  3.7506E-02 -6.6902E+00 -7.4185E-01
  3.2333E+00  6.8000E+02  1.6982E+02  1.8754E+02  3.2359E-02 -6.5325E+00 -6.8531E-01
  2.7619E+00  7.2000E+02  1.7508E+02  1.8956E+02  2.7107E-02 -6.8503E+00 -6.8136E-01
  2.3138E+00  7.6000E+02  1.8041E+02  1.9157E+02  2.1279E-02 -7.4172E+00 -7.0117E-01
  1.8867E+00  8.0000E+02  1.8582E+02  1.9381E+02  1.5195E-02 -7.4363E+00 -6.7005E-01
  1.4785E+00  8.4000E+02  1.9092E+02  1.9624E+02  9.7623E-03 -6.5311E+00 -5.6259E-01
  1.0872E+00  8.8000E+02  1.9531E+02  1.9864E+02  5.5385E-03 -5.0840E+00 -4.1969E-01
  7.1148E-01  9.2000E+02  1.9900E+02  2.0114E+02  2.6571E-03 -3.1624E+00 -2.5067E-01
  3.4963E-01  9.6000E+02  2.0285E+02  2.0452E+02  1.0410E-03 -1.3014E+00 -9.9349E-02
  7.1557E-04  1.0000E+03  2.0790E+02  2.0889E+02  3.2917E-04 -1.9471E+00 -1.4334E-01
