  26  3.9900000E+00
  3.2102E+01  1.0000E-03  1.0591E+01  1.7305E+01  1.0591E+01  0.0000E+00  0.0000E+00
  2.2934E+01  4.0000E+01  1.0047E+01  1.7295E+01  1.0029E+01  5.8212E-02  1.1260E-01
  1.8101E+01  8.0000E+01  9.3212E+00  1.7363E+01  9.2466E+00  1.6435E-01  1.6756E-01
  1.5664E+01  1.2000E+02  9.1349E+00  1.7511E+01  8.9970E+00  1.3721E-01  7.0567E-02
  1.3893E+01  1.6000E+02  8.9726E+00  1.7841E+01  8.6142E+00  2.7778E-01  1.0375E-01
  1.2457E+01  2.0000E+02  9.0535E+00  1.8522E+01  8.0351E+00  4.1780E-01  1.2664E-01
  1.1228E+01  2.4000E+02  9.7724E+00  1.9670E+01  7.3399E+00  3.4954E-01  9.0587E-02
  1.0148E+01  2.8000E+02  1.1285E+01  2.1225E+01  6.6131E+00  3.9307E-02  8.9599E-03
  9.1823E+00  3.2000E+02  1.3469E+01  2.3099E+01  5.9503E+00 -3.2137E-01 -6.5470E-02
  8.3089E+00  3.6000E+02  1.6081E+01  2.5213E+01  5.4005E+00 -5.6959E-01 -1.0496E-01
  7.5110E+00  4.0000E+02  1.8921E+01  2.7517E+01  4.9593E+00 -6.7168E-01 -1.1307E-01
  6.7760E+00  4.4000E+02  2.1891E+01  2.9949E+01  4.5962E+00 -7.3295E-01 -1.1367E-01
  6.0941E+00  4.8000E+02  2.4935E+01  3.2429E+01  4.2867E+00 -8.2588E-01 -1.1882E-01
  5.4579E+00  5.2000E+02  2.7990E+01  3.4888E+01  4.0160E+00 -9.3741E-01 -1.2583E-01
  4.8615E+00  5.6000E+02  3.0991E+01  3.7264E+01  3.7760E+00 -1.0472E+00 -1.3176E-01
  4.3004E+00  6.0000E+02  3.3867E+01  3.9493E+01  3.5598E+00 -1.1548E+00 -1.3672E-01
  3.7706E+00  6.4000E+02  3.6561E+01  4.1520E+01  3.3604E+00 -1.2578E+00 -1.4057E-01
  3.2692E+00  6.8000E+02  3.9046E+01  4.3342E+01  3.1698E+00 -1.3230E+00 -1.3996E-01
  2.7934E+00  7.2000E+02  4.1408E+01  4.5076E+01  2.9811E+00 -1.3200E+00 -1.3251E-01
  2.3407E+00  7.6000E+02  4.3774E+01  4.6866E+01  2.7936E+00 -1.2727E+00 -1.2157E-01
  1.9086E+00  8.0000E+02  4.6147E+01  4.8716E+01  2.6131E+00 -1.2101E+00 -1.1030E-01
  1.4954E+00  8.4000E+02  4.8456E+01  5.0531E+01  2.4445E+00 -1.1945E+00 -1.0415E-01
  1.0994E+00  8.8000E+02  5.0474E+01  5.2098E+01  2.2837E+00 -1.1388E+00 -9.5145E-02
  7.1938E-01  9.2000E+02  5.2425E+01  5.3724E+01  2.1223E+00 -8.5612E-01 -6.8641E-02
  3.5350E-01  9.6000E+02  5.5076E+01  5.6131E+01  1.9600E+00 -6.6666E-01 -5.1462E-02
  7.3219E-04  1.0000E+03  5.8962E+01  5.8853E+01  1.8007E+00 -3.2977E+00 -2.4544E-01
