  26  8.5995000E+01
  3.2100E+01  1.0000E-03  2.8207E-01  1.2486E+02  2.8206E-01  0.0000E+00  0.0000E+00
  2.2920E+01  4.0000E+01  2.7497E+00  1.2426E+02  2.7122E-01 -3.3419E-01 -6.4729E-01
  1.8066E+01  8.0000E+01  7.6998E+00  1.2336E+02  2.3269E-01 -1.2046E+00 -1.2336E+00
  1.5609E+01  1.2000E+02  1.1293E+01  1.2433E+02  2.1560E-01 -1.0653E+00 -5.5230E-01
  1.3828E+01  1.6000E+02  2.0154E+01  1.2723E+02  1.9840E-01 -3.3506E+00 -1.2589E+00
  1.2389E+01  2.0000E+02  3.3667E+01  1.3162E+02  1.7993E-01 -6.3354E+00 -1.9237E+00
  1.1162E+01  2.4000E+02  4.9686E+01  1.3708E+02  1.6076E-01 -8.6108E+00 -2.2278E+00
  1.0087E+01  2.8000E+02  6.6118E+01  1.4272E+02  1.4139E-01 -1.0032E+01 -2.2774E+00
  9.1268E+00  3.2000E+02  8.1741E+01  1.4835E+02  1.2292E-01 -1.0411E+01 -2.1082E+00
  8.2595E+00  3.6000E+02  9.6335E+01  1.5401E+02  1.0596E-01 -1.0303E+01 -1.8851E+00
  7.4675E+00  4.0000E+02  1.0990E+02  1.5972E+02  9.0809E-02 -9.9283E+00 -1.6591E+00
  6.7375E+00  4.4000E+02  1.2242E+02  1.6536E+02  7.7610E-02 -9.4180E+00 -1.4505E+00
  6.0597E+00  4.8000E+02  1.3386E+02  1.7077E+02  6.6244E-02 -8.8928E+00 -1.2717E+00
  5.4267E+00  5.2000E+02  1.4418E+02  1.7578E+02  5.6473E-02 -8.3934E+00 -1.1209E+00
  4.8329E+00  5.6000E+02  1.5331E+02  1.8024E+02  4.8133E-02 -7.8632E+00 -9.8507E-01
  4.2739E+00  6.0000E+02  1.6121E+02  1.8405E+02  4.1074E-02 -7.3189E+00 -8.6314E-01
  3.7462E+00  6.4000E+02  1.6794E+02  1.8715E+02  3.5047E-02 -6.8708E+00 -7.6493E-01
  3.2470E+00  6.8000E+02  1.7375E+02  1.8963E+02  2.9599E-02 -6.6803E+00 -7.0368E-01
  2.7736E+00  7.2000E+02  1.7911E+02  1.9174E+02  2.4102E-02 -6.8556E+00 -6.8470E-01
  2.3236E+00  7.6000E+02  1.8442E+02  1.9387E+02  1.8241E-02 -7.0780E+00 -6.7192E-01
  1.8947E+00  8.0000E+02  1.8962E+02  1.9622E+02  1.2535E-02 -6.6364E+00 -6.0059E-01
  1.4846E+00  8.4000E+02  1.9433E+02  1.9868E+02  7.8151E-03 -5.4848E+00 -4.7456E-01
  1.0916E+00  8.8000E+02  1.9831E+02  2.0103E+02  4.3183E-03 -4.1402E+00 -3.4327E-01
  7.1433E-01  9.2000E+02  2.0169E+02  2.0348E+02  1.9838E-03 -2.4848E+00 -1.9779E-01
  3.5102E-01  9.6000E+02  2.0537E+02  2.0683E+02  7.2491E-04 -8.9563E-01 -6.8652E-02
  7.2421E-04  1.0000E+03  2.1033E+02  2.1093E+02  2.0906E-04 -2.4747E+00 -1.8289E-01
