  26  3.9900000E+00
  3.1900E+01  1.0000E-03  6.8404E+00  1.2024E+01  6.8404E+00  0.0000E+00  0.0000E+00
  2.2551E+01  4.0000E+01  6.4158E+00  1.2031E+01  6.4003E+00  4.6154E-02  9.1033E-02
  1.7400E+01  8.0000E+01  6.0178E+00  1.2033E+01  5.8844E+00  7.7642E-02  8.4380E-02
  1.4692E+01  1.2000E+02  5.9716E+00  1.2031E+01  5.7186E+00  1.6265E-02  9.2942E-03
  1.2793E+01  1.6000E+02  5.9662E+00  1.2054E+01  5.5458E+00  1.5195E-02  6.0854E-03
  1.1336E+01  2.0000E+02  5.9687E+00  1.2118E+01  5.3213E+00  4.2139E-02  1.2956E-02
  1.0151E+01  2.4000E+02  5.9815E+00  1.2242E+01  5.0740E+00  9.4263E-02  2.3573E-02
  9.1471E+00  2.8000E+02  6.0267E+00  1.2444E+01  4.8182E+00  1.5609E-01  3.3053E-02
  8.2712E+00  3.2000E+02  6.1486E+00  1.2747E+01  4.5421E+00  2.0581E-01  3.8031E-02
  7.4892E+00  3.6000E+02  6.4084E+00  1.3162E+01  4.2446E+00  1.9926E-01  3.2874E-02
  6.7794E+00  4.0000E+02  6.8572E+00  1.3706E+01  3.9367E+00  1.3370E-01  2.0024E-02
  6.1271E+00  4.4000E+02  7.5232E+00  1.4385E+01  3.6329E+00  2.0110E-02  2.7676E-03
  5.5221E+00  4.8000E+02  8.4107E+00  1.5200E+01  3.3497E+00 -1.2006E-01 -1.5324E-02
  4.9571E+00  5.2000E+02  9.5010E+00  1.6147E+01  3.0978E+00 -2.5360E-01 -3.0234E-02
  4.4261E+00  5.6000E+02  1.0762E+01  1.7215E+01  2.8763E+00 -3.6238E-01 -4.0593E-02
  3.9248E+00  6.0000E+02  1.2162E+01  1.8389E+01  2.6798E+00 -4.5333E-01 -4.7945E-02
  3.4497E+00  6.4000E+02  1.3675E+01  1.9644E+01  2.5035E+00 -5.4048E-01 -5.4185E-02
  2.9977E+00  6.8000E+02  1.5277E+01  2.0959E+01  2.3439E+00 -6.3617E-01 -6.0659E-02
  2.5667E+00  7.2000E+02  1.6950E+01  2.2309E+01  2.1985E+00 -7.4852E-01 -6.8074E-02
  2.1545E+00  7.6000E+02  1.8673E+01  2.3670E+01  2.0646E+00 -8.7879E-01 -7.6411E-02
  1.7597E+00  8.0000E+02  2.0413E+01  2.5011E+01  1.9393E+00 -1.0098E+00 -8.4114E-02
  1.3809E+00  8.4000E+02  2.2129E+01  2.6317E+01  1.8202E+00 -1.0847E+00 -8.6693E-02
  1.0168E+00  8.8000E+02  2.3840E+01  2.7639E+01  1.7063E+00 -1.0674E+00 -8.1991E-02
  6.6623E-01  9.2000E+02  2.5661E+01  2.9087E+01  1.5978E+00 -1.0617E+00 -7.8533E-02
  3.2768E-01  9.6000E+02  2.7722E+01  3.0710E+01  1.4954E+00 -1.2939E+00 -9.2418E-02
  4.8098E-04  1.0000E+03  3.0103E+01  3.1850E+01  1.3998E+00 -3.7951E+00 -2.6198E-01
