  25  3.7500000E+00
  2.7326E+01  2.0000E+01  1.1278E+03  9.9026E+01  1.1264E+03  0.0000E+00  0.0000E+00
  2.0118E+01  6.0000E+01  1.1189E+03  9.8451E+01  1.1141E+03  1.1477E+00  1.7456E+00
  1.6726E+01  1.0000E+02  1.1145E+03  9.7107E+01  1.1063E+03  9.1933E-01  6.5788E-01
  1.4466E+01  1.4000E+02  1.1103E+03  9.5495E+01  1.0989E+03  1.1136E+00  5.3082E-01
  1.2753E+01  1.8000E+02  1.1048E+03  9.3795E+01  1.0903E+03  2.2191E+00  8.0232E-01
  1.1366E+01  2.2000E+02  1.0979E+03  9.2042E+01  1.0804E+03  3.7432E+00  1.0947E+00
  1.0204E+01  2.6000E+02  1.0902E+03  9.0246E+01  1.0699E+03  5.0603E+00  1.2413E+00
  9.2035E+00  3.0000E+02  1.0824E+03  8.8411E+01  1.0593E+03  6.0130E+00  1.2691E+00
  8.3245E+00  3.4000E+02  1.0745E+03  8.6541E+01  1.0488E+03  6.7881E+00  1.2588E+00
  7.5376E+00  3.8000E+02  1.0665E+03  8.4639E+01  1.0383E+03  7.7481E+00  1.2862E+00
  6.8218E+00  4.2000E+02  1.0581E+03  8.2712E+01  1.0274E+03  9.1302E+00  1.3789E+00
  6.1624E+00  4.6000E+02  1.0490E+03  8.0761E+01  1.0160E+03  1.0831E+01  1.5068E+00
  5.5496E+00  5.0000E+02  1.0393E+03  7.8790E+01  1.0041E+03  1.2583E+01  1.6267E+00
  4.9765E+00  5.4000E+02  1.0292E+03  7.6801E+01  9.9191E+02  1.4190E+01  1.7158E+00
  4.4377E+00  5.8000E+02  1.0188E+03  7.4797E+01  9.7952E+02  1.5567E+01  1.7696E+00
  3.9290E+00  6.2000E+02  1.0083E+03  7.2781E+01  9.6710E+02  1.6696E+01  1.7919E+00
  3.4469E+00  6.6000E+02  9.9775E+02  7.0755E+01  9.5478E+02  1.7598E+01  1.7897E+00
  2.9887E+00  7.0000E+02  9.8732E+02  6.8721E+01  9.4263E+02  1.8324E+01  1.7716E+00
  2.5518E+00  7.4000E+02  9.7701E+02  6.6684E+01  9.3069E+02  1.8935E+01  1.7452E+00
  2.1343E+00  7.8000E+02  9.6682E+02  6.4647E+01  9.1896E+02  1.9519E+01  1.7196E+00
  1.7342E+00  8.2000E+02  9.5669E+02  6.2618E+01  9.0737E+02  2.0249E+01  1.7091E+00
  1.3501E+00  8.6000E+02  9.4642E+02  6.0614E+01  8.9573E+02  2.1522E+01  1.7439E+00
  9.8062E-01  9.0000E+02  9.3565E+02  5.8670E+01  8.8367E+02  2.3893E+01  1.8627E+00
  6.2407E-01  9.4000E+02  9.2428E+02  5.6845E+01  8.7110E+02  2.6775E+01  2.0141E+00
  2.7898E-01  9.8000E+02  9.1285E+02  5.5214E+01  8.5855E+02  2.8387E+01  2.0668E+00
