  25  3.7500000E+00
  2.5638E+01  2.0000E+01  4.4249E+02  6.4717E+01  4.4084E+02  0.0000E+00  0.0000E+00
  1.8831E+01  6.0000E+01  4.3954E+02  6.2602E+01  4.3409E+02  1.2217E-01  1.7548E-01
  1.5646E+01  1.0000E+02  4.3667E+02  6.0510E+01  4.2776E+02  2.4574E-01  1.6512E-01
  1.3533E+01  1.4000E+02  4.3387E+02  5.8443E+01  4.2181E+02  3.4404E-01  1.5337E-01
  1.1941E+01  1.8000E+02  4.3112E+02  5.6401E+01  4.1617E+02  4.4329E-01  1.4886E-01
  1.0658E+01  2.2000E+02  4.2808E+02  5.4385E+01  4.1047E+02  8.0401E-01  2.1762E-01
  9.5797E+00  2.6000E+02  4.2410E+02  5.2396E+01  4.0404E+02  1.8434E+00  4.1946E-01
  8.6467E+00  3.0000E+02  4.1942E+02  5.0435E+01  3.9711E+02  2.9171E+00  5.7423E-01
  7.8231E+00  3.4000E+02  4.1453E+02  4.8499E+01  3.9014E+02  3.5820E+00  6.2236E-01
  7.0846E+00  3.8000E+02  4.0971E+02  4.6587E+01  3.8339E+02  3.9341E+00  6.1301E-01
  6.4133E+00  4.2000E+02  4.0500E+02  4.4697E+01  3.7689E+02  4.2032E+00  5.9532E-01
  5.7964E+00  4.6000E+02  4.0034E+02  4.2828E+01  3.7058E+02  4.5253E+00  5.8890E-01
  5.2249E+00  5.0000E+02  3.9569E+02  4.0980E+01  3.6440E+02  4.8976E+00  5.9052E-01
  4.6920E+00  5.4000E+02  3.9106E+02  3.9152E+01  3.5835E+02  5.2599E+00  5.9142E-01
  4.1919E+00  5.8000E+02  3.8646E+02  3.7343E+01  3.5243E+02  5.5831E+00  5.8909E-01
  3.7192E+00  6.2000E+02  3.8184E+02  3.5552E+01  3.4660E+02  5.9839E+00  5.9676E-01
  3.2696E+00  6.6000E+02  3.7710E+02  3.3779E+01  3.4073E+02  6.5998E+00  6.2604E-01
  2.8402E+00  7.0000E+02  3.7218E+02  3.2024E+01  3.3477E+02  7.3819E+00  6.6879E-01
  2.4289E+00  7.4000E+02  3.6708E+02  3.0289E+01  3.2872E+02  8.1717E+00  7.0904E-01
  2.0343E+00  7.8000E+02  3.6187E+02  2.8572E+01  3.2263E+02  8.8544E+00  7.3730E-01
  1.6548E+00  8.2000E+02  3.5660E+02  2.6874E+01  3.1656E+02  9.4128E+00  7.5355E-01
  1.2894E+00  8.6000E+02  3.5131E+02  2.5197E+01  3.1055E+02  9.8764E+00  7.6135E-01
  9.3715E-01  9.0000E+02  3.4594E+02  2.3542E+01  3.0452E+02  1.0547E+01  7.8385E-01
  5.9682E-01  9.4000E+02  3.4038E+02  2.1919E+01  2.9836E+02  1.1583E+01  8.3170E-01
  2.6699E-01  9.8000E+02  3.3489E+02  2.0329E+01  2.9234E+02  1.1828E+01  8.2306E-01
