  25  3.7500000E+00
  2.7480E+01  2.0000E+01  1.3404E+03  1.0830E+02  1.3390E+03  0.0000E+00  0.0000E+00
  2.0356E+01  6.0000E+01  1.3318E+03  1.0790E+02  1.3269E+03  1.1508E+00  1.7296E+00
  1.7033E+01  1.0000E+02  1.3271E+03  1.0646E+02  1.3187E+03  9.9791E-01  6.9970E-01
  1.4815E+01  1.4000E+02  1.3208E+03  1.0480E+02  1.3090E+03  2.0950E+00  9.8007E-01
  1.3138E+01  1.8000E+02  1.3128E+03  1.0307E+02  1.2978E+03  3.7438E+00  1.3247E+00
  1.1782E+01  2.2000E+02  1.3037E+03  1.0130E+02  1.2856E+03  5.3461E+00  1.5293E+00
  1.0633E+01  2.6000E+02  1.2939E+03  9.9483E+01  1.2728E+03  6.9717E+00  1.6910E+00
  9.6257E+00  3.0000E+02  1.2832E+03  9.7634E+01  1.2592E+03  8.8500E+00  1.8800E+00
  8.7257E+00  3.4000E+02  1.2714E+03  9.5754E+01  1.2447E+03  1.0971E+01  2.0833E+00
  7.9095E+00  3.8000E+02  1.2588E+03  9.3848E+01  1.2294E+03  1.3122E+01  2.2596E+00
  7.1616E+00  4.2000E+02  1.2456E+03  9.1916E+01  1.2138E+03  1.4999E+01  2.3666E+00
  6.4708E+00  4.6000E+02  1.2324E+03  8.9961E+01  1.1981E+03  1.6320E+01  2.3785E+00
  5.8284E+00  5.0000E+02  1.2194E+03  8.7983E+01  1.1828E+03  1.7115E+01  2.3194E+00
  5.2276E+00  5.4000E+02  1.2069E+03  8.5983E+01  1.1680E+03  1.7570E+01  2.2271E+00
  4.6628E+00  5.8000E+02  1.1948E+03  8.3961E+01  1.1538E+03  1.7850E+01  2.1270E+00
  4.1296E+00  6.2000E+02  1.1831E+03  8.1920E+01  1.1401E+03  1.8085E+01  2.0347E+00
  3.6241E+00  6.6000E+02  1.1718E+03  7.9860E+01  1.1268E+03  1.8340E+01  1.9559E+00
  3.1433E+00  7.0000E+02  1.1607E+03  7.7785E+01  1.1139E+03  1.8679E+01  1.8946E+00
  2.6847E+00  7.4000E+02  1.1498E+03  7.5697E+01  1.1013E+03  1.9159E+01  1.8540E+00
  2.2460E+00  7.8000E+02  1.1390E+03  7.3602E+01  1.0887E+03  1.9899E+01  1.8416E+00
  1.8255E+00  8.2000E+02  1.1280E+03  7.1510E+01  1.0762E+03  2.1176E+01  1.8785E+00
  1.4218E+00  8.6000E+02  1.1161E+03  6.9454E+01  1.0627E+03  2.4471E+01  2.0846E+00
  1.0333E+00  9.0000E+02  1.1015E+03  6.7540E+01  1.0467E+03  3.2639E+01  2.6751E+00
  6.5790E-01  9.4000E+02  1.0838E+03  6.5941E+01  1.0277E+03  4.2875E+01  3.3956E+00
  2.9408E-01  9.8000E+02  1.0657E+03  6.4848E+01  1.0083E+03  4.6770E+01  3.5900E+00
