  25  3.7500000E+00
  2.5588E+01  2.0000E+01  3.4578E+02  5.0496E+01  3.4447E+02  0.0000E+00  0.0000E+00
  1.8795E+01  6.0000E+01  3.3913E+02  4.8993E+01  3.3491E+02  7.5809E-01  1.0864E+00
  1.5617E+01  1.0000E+02  3.3479E+02  4.7394E+01  3.2790E+02  8.6394E-01  5.7921E-01
  1.3508E+01  1.4000E+02  3.3138E+02  4.5754E+01  3.2203E+02  8.3811E-01  3.7300E-01
  1.1919E+01  1.8000E+02  3.2844E+02  4.4105E+01  3.1680E+02  8.1060E-01  2.7179E-01
  1.0638E+01  2.2000E+02  3.2548E+02  4.2461E+01  3.1171E+02  1.0262E+00  2.7732E-01
  9.5610E+00  2.6000E+02  3.2184E+02  4.0832E+01  3.0607E+02  1.8749E+00  4.2594E-01
  8.6295E+00  3.0000E+02  3.1771E+02  3.9221E+01  3.0008E+02  2.7037E+00  5.3132E-01
  7.8075E+00  3.4000E+02  3.1349E+02  3.7633E+01  2.9413E+02  3.2032E+00  5.5557E-01
  7.0703E+00  3.8000E+02  3.0938E+02  3.6067E+01  2.8841E+02  3.4519E+00  5.3683E-01
  6.4006E+00  4.2000E+02  3.0540E+02  3.4524E+01  2.8293E+02  3.6298E+00  5.1287E-01
  5.7857E+00  4.6000E+02  3.0152E+02  3.3003E+01  2.7764E+02  3.8438E+00  4.9870E-01
  5.2163E+00  5.0000E+02  2.9769E+02  3.1503E+01  2.7251E+02  4.0889E+00  4.9118E-01
  4.6857E+00  5.4000E+02  2.9392E+02  3.0024E+01  2.6752E+02  4.3148E+00  4.8305E-01
  4.1876E+00  5.8000E+02  2.9020E+02  2.8565E+01  2.6266E+02  4.5451E+00  4.7766E-01
  3.7161E+00  6.2000E+02  2.8642E+02  2.7125E+01  2.5784E+02  4.9526E+00  4.9261E-01
  3.2672E+00  6.6000E+02  2.8249E+02  2.5706E+01  2.5292E+02  5.6047E+00  5.3084E-01
  2.8382E+00  7.0000E+02  2.7837E+02  2.4306E+01  2.4789E+02  6.3374E+00  5.7357E-01
  2.4273E+00  7.4000E+02  2.7412E+02  2.2926E+01  2.4280E+02  6.9912E+00  6.0607E-01
  2.0330E+00  7.8000E+02  2.6979E+02  2.1566E+01  2.3770E+02  7.5218E+00  6.2583E-01
  1.6538E+00  8.2000E+02  2.6544E+02  2.0225E+01  2.3263E+02  7.9474E+00  6.3574E-01
  1.2887E+00  8.6000E+02  2.6109E+02  1.8905E+01  2.2763E+02  8.2976E+00  6.3916E-01
  9.3668E-01  9.0000E+02  2.5667E+02  1.7607E+01  2.2262E+02  8.8521E+00  6.5743E-01
  5.9656E-01  9.4000E+02  2.5211E+02  1.6337E+01  2.1751E+02  9.6689E+00  6.9382E-01
  2.6688E-01  9.8000E+02  2.4765E+02  1.5094E+01  2.1256E+02  9.7520E+00  6.7831E-01
