  25  3.7500000E+00
  2.6233E+01  2.0000E+01  7.8052E+02  8.8673E+01  7.7878E+02  0.0000E+00  0.0000E+00
  1.9304E+01  6.0000E+01  7.7744E+02  8.6773E+01  7.7154E+02  1.7045E-01  2.4916E-01
  1.6037E+01  1.0000E+02  7.7430E+02  8.4821E+01  7.6451E+02  3.6540E-01  2.5190E-01
  1.3854E+01  1.4000E+02  7.7102E+02  8.2826E+01  7.5761E+02  5.8648E-01  2.7002E-01
  1.2207E+01  1.8000E+02  7.6747E+02  8.0797E+01  7.5067E+02  9.2520E-01  3.2157E-01
  1.0879E+01  2.2000E+02  7.6351E+02  7.8738E+01  7.4353E+02  1.4274E+00  3.9997E-01
  9.7642E+00  2.6000E+02  7.5898E+02  7.6656E+01  7.3602E+02  2.1954E+00  5.1623E-01
  8.8029E+00  3.0000E+02  7.5371E+02  7.4555E+01  7.2795E+02  3.3029E+00  6.6990E-01
  7.9568E+00  3.4000E+02  7.4776E+02  7.2438E+01  7.1938E+02  4.5265E+00  8.0799E-01
  7.1998E+00  3.8000E+02  7.4137E+02  7.0307E+01  7.1053E+02  5.6242E+00  8.9818E-01
  6.5129E+00  4.2000E+02  7.3469E+02  6.8164E+01  7.0154E+02  6.6023E+00  9.5692E-01
  5.8820E+00  4.6000E+02  7.2778E+02  6.6010E+01  6.9246E+02  7.5403E+00  1.0037E+00
  5.2973E+00  5.0000E+02  7.2067E+02  6.3848E+01  6.8332E+02  8.4657E+00  1.0444E+00
  4.7514E+00  5.4000E+02  7.1339E+02  6.1679E+01  6.7414E+02  9.3583E+00  1.0777E+00
  4.2391E+00  5.8000E+02  7.0601E+02  5.9504E+01  6.6497E+02  1.0169E+01  1.0991E+00
  3.7560E+00  6.2000E+02  6.9857E+02  5.7325E+01  6.5587E+02  1.0881E+01  1.1091E+00
  3.2982E+00  6.6000E+02  6.9112E+02  5.5142E+01  6.4686E+02  1.1516E+01  1.1122E+00
  2.8626E+00  7.0000E+02  6.8365E+02  5.2959E+01  6.3795E+02  1.2128E+01  1.1147E+00
  2.4465E+00  7.4000E+02  6.7616E+02  5.0776E+01  6.2910E+02  1.2773E+01  1.1213E+00
  2.0479E+00  7.8000E+02  6.6861E+02  4.8597E+01  6.2031E+02  1.3471E+01  1.1329E+00
  1.6651E+00  8.2000E+02  6.6100E+02  4.6426E+01  6.1156E+02  1.4202E+01  1.1468E+00
  1.2969E+00  8.6000E+02  6.5334E+02  4.4268E+01  6.0284E+02  1.4942E+01  1.1608E+00
  9.4211E-01  9.0000E+02  6.4558E+02  4.2132E+01  5.9412E+02  1.5839E+01  1.1857E+00
  5.9963E-01  9.4000E+02  6.3758E+02  4.0040E+01  5.8525E+02  1.7263E+01  1.2474E+00
  2.6810E-01  9.8000E+02  6.2949E+02  3.8021E+01  5.7637E+02  1.8326E+01  1.2818E+00
