  25  3.7500000E+00
  2.6319E+01  2.0000E+01  8.1901E+02  9.1043E+01  8.1726E+02  0.0000E+00  0.0000E+00
  1.9365E+01  6.0000E+01  8.1590E+02  8.9161E+01  8.0997E+02  1.7620E-01  2.5851E-01
  1.6085E+01  1.0000E+02  8.1271E+02  8.7223E+01  8.0287E+02  3.8179E-01  2.6423E-01
  1.3895E+01  1.4000E+02  8.0936E+02  8.5238E+01  7.9586E+02  6.2289E-01  2.8776E-01
  1.2242E+01  1.8000E+02  8.0570E+02  8.3215E+01  7.8876E+02  9.9418E-01  3.4666E-01
  1.0910E+01  2.2000E+02  8.0162E+02  8.1159E+01  7.8146E+02  1.5183E+00  4.2685E-01
  9.7918E+00  2.6000E+02  7.9701E+02  7.9075E+01  7.7382E+02  2.2616E+00  5.3339E-01
  8.8281E+00  3.0000E+02  7.9169E+02  7.6968E+01  7.6567E+02  3.3307E+00  6.7723E-01
  7.9800E+00  3.4000E+02  7.8568E+02  7.4842E+01  7.5699E+02  4.5775E+00  8.1905E-01
  7.2211E+00  3.8000E+02  7.7917E+02  7.2700E+01  7.4797E+02  5.7580E+00  9.2193E-01
  6.5321E+00  4.2000E+02  7.7229E+02  7.0542E+01  7.3874E+02  6.8447E+00  9.9497E-01
  5.8991E+00  4.6000E+02  7.6513E+02  6.8372E+01  7.2937E+02  7.8893E+00  1.0535E+00
  5.3123E+00  5.0000E+02  7.5772E+02  6.6191E+01  7.1989E+02  8.9044E+00  1.1024E+00
  4.7645E+00  5.4000E+02  7.5013E+02  6.4000E+01  7.1035E+02  9.8677E+00  1.1405E+00
  4.2503E+00  5.8000E+02  7.4241E+02  6.1802E+01  7.0081E+02  1.0730E+01  1.1641E+00
  3.7654E+00  6.2000E+02  7.3464E+02  5.9597E+01  6.9133E+02  1.1480E+01  1.1745E+00
  3.3060E+00  6.6000E+02  7.2685E+02  5.7388E+01  6.8195E+02  1.2155E+01  1.1781E+00
  2.8689E+00  7.0000E+02  7.1904E+02  5.5176E+01  6.7266E+02  1.2795E+01  1.1798E+00
  2.4516E+00  7.4000E+02  7.1122E+02  5.2963E+01  6.6346E+02  1.3435E+01  1.1829E+00
  2.0520E+00  7.8000E+02  7.0338E+02  5.0754E+01  6.5433E+02  1.4109E+01  1.1897E+00
  1.6683E+00  8.2000E+02  6.9548E+02  4.8551E+01  6.4526E+02  1.4827E+01  1.2001E+00
  1.2993E+00  8.6000E+02  6.8755E+02  4.6361E+01  6.3624E+02  1.5569E+01  1.2121E+00
  9.4376E-01  9.0000E+02  6.7952E+02  4.4193E+01  6.2722E+02  1.6493E+01  1.2370E+00
  6.0064E-01  9.4000E+02  6.7124E+02  4.2073E+01  6.1805E+02  1.7935E+01  1.2983E+00
  2.6853E-01  9.8000E+02  6.6289E+02  4.0031E+01  6.0888E+02  1.9015E+01  1.3324E+00
