  25  3.7500000E+00
  2.6430E+01  2.0000E+01  8.4527E+02  8.3990E+01  8.4387E+02  0.0000E+00  0.0000E+00
  1.9451E+01  6.0000E+01  8.3636E+02  8.3146E+01  8.3167E+02  1.1557E+00  1.7017E+00
  1.6158E+01  1.0000E+02  8.3124E+02  8.1834E+01  8.2340E+02  1.1583E+00  8.0477E-01
  1.3957E+01  1.4000E+02  8.2713E+02  8.0282E+01  8.1626E+02  1.1634E+00  5.4010E-01
  1.2295E+01  1.8000E+02  8.2302E+02  7.8622E+01  8.0925E+02  1.4708E+00  5.1578E-01
  1.0955E+01  2.2000E+02  8.1864E+02  7.6899E+01  8.0209E+02  1.9865E+00  5.6174E-01
  9.8307E+00  2.6000E+02  8.1389E+02  7.5129E+01  7.9469E+02  2.6486E+00  6.2813E-01
  8.8621E+00  3.0000E+02  8.0863E+02  7.3321E+01  7.8690E+02  3.5604E+00  7.2761E-01
  8.0101E+00  3.4000E+02  8.0279E+02  7.1486E+01  7.7864E+02  4.7016E+00  8.4512E-01
  7.2479E+00  3.8000E+02  7.9644E+02  6.9631E+01  7.6998E+02  5.9041E+00  9.4942E-01
  6.5560E+00  4.2000E+02  7.8966E+02  6.7758E+01  7.6101E+02  7.0875E+00  1.0347E+00
  5.9203E+00  4.6000E+02  7.8253E+02  6.5869E+01  7.5179E+02  8.2431E+00  1.1055E+00
  5.3310E+00  5.0000E+02  7.7511E+02  6.3966E+01  7.4239E+02  9.3553E+00  1.1632E+00
  4.7808E+00  5.4000E+02  7.6748E+02  6.2051E+01  7.3287E+02  1.0398E+01  1.2070E+00
  4.2643E+00  5.8000E+02  7.5970E+02  6.0126E+01  7.2330E+02  1.1327E+01  1.2343E+00
  3.7772E+00  6.2000E+02  7.5186E+02  5.8193E+01  7.1377E+02  1.2132E+01  1.2467E+00
  3.3159E+00  6.6000E+02  7.4399E+02  5.6253E+01  7.0430E+02  1.2846E+01  1.2503E+00
  2.8771E+00  7.0000E+02  7.3613E+02  5.4309E+01  6.9491E+02  1.3504E+01  1.2501E+00
  2.4583E+00  7.4000E+02  7.2826E+02  5.2364E+01  6.8562E+02  1.4134E+01  1.2490E+00
  2.0573E+00  7.8000E+02  7.2039E+02  5.0421E+01  6.7640E+02  1.4779E+01  1.2503E+00
  1.6724E+00  8.2000E+02  7.1250E+02  4.8485E+01  6.6725E+02  1.5472E+01  1.2562E+00
  1.3024E+00  8.6000E+02  7.0458E+02  4.6562E+01  6.5814E+02  1.6210E+01  1.2656E+00
  9.4594E-01  9.0000E+02  6.9657E+02  4.4666E+01  6.4903E+02  1.7159E+01  1.2903E+00
  6.0199E-01  9.4000E+02  6.8832E+02  4.2823E+01  6.3976E+02  1.8608E+01  1.3503E+00
  2.6912E-01  9.8000E+02  6.8001E+02  4.1067E+01  6.3049E+02  1.9699E+01  1.3834E+00
