  25  3.7500000E+00
  2.7480E+01  2.0000E+01  1.3566E+03  1.1752E+02  1.3548E+03  0.0000E+00  0.0000E+00
  2.0356E+01  6.0000E+01  1.3533E+03  1.1580E+02  1.3471E+03  2.1837E-01  3.2821E-01
  1.7032E+01  1.0000E+02  1.3491E+03  1.1400E+02  1.3387E+03  7.2749E-01  5.1010E-01
  1.4815E+01  1.4000E+02  1.3427E+03  1.1213E+02  1.3283E+03  2.0383E+00  9.5351E-01
  1.3138E+01  1.8000E+02  1.3345E+03  1.1019E+02  1.3164E+03  3.7229E+00  1.3173E+00
  1.1782E+01  2.2000E+02  1.3253E+03  1.0820E+02  1.3035E+03  5.3312E+00  1.5251E+00
  1.0632E+01  2.6000E+02  1.3153E+03  1.0615E+02  1.2901E+03  6.9525E+00  1.6864E+00
  9.6255E+00  3.0000E+02  1.3043E+03  1.0406E+02  1.2759E+03  8.8191E+00  1.8735E+00
  8.7255E+00  3.4000E+02  1.2923E+03  1.0192E+02  1.2608E+03  1.0913E+01  2.0723E+00
  7.9093E+00  3.8000E+02  1.2795E+03  9.9740E+01  1.2451E+03  1.3021E+01  2.2422E+00
  7.1614E+00  4.2000E+02  1.2662E+03  9.7529E+01  1.2290E+03  1.4853E+01  2.3435E+00
  6.4706E+00  4.6000E+02  1.2528E+03  9.5285E+01  1.2129E+03  1.6135E+01  2.3517E+00
  5.8282E+00  5.0000E+02  1.2397E+03  9.3010E+01  1.1973E+03  1.6927E+01  2.2942E+00
  5.2274E+00  5.4000E+02  1.2269E+03  9.0706E+01  1.1821E+03  1.7419E+01  2.2081E+00
  4.6626E+00  5.8000E+02  1.2146E+03  8.8374E+01  1.1676E+03  1.7708E+01  2.1099E+00
  4.1294E+00  6.2000E+02  1.2026E+03  8.6016E+01  1.1535E+03  1.7932E+01  2.0174E+00
  3.6240E+00  6.6000E+02  1.1911E+03  8.3634E+01  1.1399E+03  1.8188E+01  1.9396E+00
  3.1432E+00  7.0000E+02  1.1797E+03  8.1230E+01  1.1267E+03  1.8543E+01  1.8809E+00
  2.6846E+00  7.4000E+02  1.1686E+03  7.8808E+01  1.1138E+03  1.9045E+01  1.8428E+00
  2.2459E+00  7.8000E+02  1.1575E+03  7.6372E+01  1.1010E+03  1.9817E+01  1.8339E+00
  1.8255E+00  8.2000E+02  1.1461E+03  7.3934E+01  1.0881E+03  2.1142E+01  1.8755E+00
  1.4217E+00  8.6000E+02  1.1338E+03  7.1526E+01  1.0743E+03  2.4489E+01  2.0861E+00
  1.0333E+00  9.0000E+02  1.1188E+03  6.9254E+01  1.0580E+03  3.2813E+01  2.6892E+00
  6.5789E-01  9.4000E+02  1.1006E+03  6.7292E+01  1.0386E+03  4.3201E+01  3.4213E+00
  2.9408E-01  9.8000E+02  1.0821E+03  6.5831E+01  1.0189E+03  4.7057E+01  3.6120E+00
