  25  3.7500000E+00
  2.7367E+01  2.0000E+01  1.1527E+03  1.0027E+02  1.1513E+03  0.0000E+00  0.0000E+00
  2.0162E+01  6.0000E+01  1.1439E+03  9.9719E+01  1.1391E+03  1.1464E+00  1.7428E+00
  1.6772E+01  1.0000E+02  1.1395E+03  9.8364E+01  1.1313E+03  8.9182E-01  6.3785E-01
  1.4512E+01  1.4000E+02  1.1354E+03  9.6742E+01  1.1240E+03  1.1045E+00  5.2658E-01
  1.2797E+01  1.8000E+02  1.1298E+03  9.5035E+01  1.1152E+03  2.2918E+00  8.2946E-01
  1.1408E+01  2.2000E+02  1.1226E+03  9.3278E+01  1.1050E+03  3.9263E+00  1.1505E+00
  1.0242E+01  2.6000E+02  1.1146E+03  9.1479E+01  1.0941E+03  5.3315E+00  1.3108E+00
  9.2393E+00  3.0000E+02  1.1064E+03  8.9641E+01  1.0832E+03  6.3213E+00  1.3378E+00
  8.3575E+00  3.4000E+02  1.0983E+03  8.7768E+01  1.0724E+03  7.0863E+00  1.3183E+00
  7.5680E+00  3.8000E+02  1.0900E+03  8.5864E+01  1.0616E+03  8.0200E+00  1.3360E+00
  6.8495E+00  4.2000E+02  1.0813E+03  8.3932E+01  1.0505E+03  9.3972E+00  1.4244E+00
  6.1876E+00  4.6000E+02  1.0720E+03  8.1978E+01  1.0389E+03  1.1125E+01  1.5535E+00
  5.5725E+00  5.0000E+02  1.0621E+03  8.0003E+01  1.0267E+03  1.2916E+01  1.6764E+00
  4.9970E+00  5.4000E+02  1.0517E+03  7.8010E+01  1.0143E+03  1.4558E+01  1.7676E+00
  4.4559E+00  5.8000E+02  1.0411E+03  7.6002E+01  1.0016E+03  1.5961E+01  1.8221E+00
  3.9450E+00  6.2000E+02  1.0303E+03  7.3981E+01  9.8893E+02  1.7086E+01  1.8416E+00
  3.4609E+00  6.6000E+02  1.0196E+03  7.1950E+01  9.7639E+02  1.7942E+01  1.8327E+00
  3.0007E+00  7.0000E+02  1.0090E+03  6.9910E+01  9.6405E+02  1.8601E+01  1.8060E+00
  2.5620E+00  7.4000E+02  9.9857E+02  6.7866E+01  9.5196E+02  1.9148E+01  1.7723E+00
  2.1427E+00  7.8000E+02  9.8827E+02  6.5821E+01  9.4010E+02  1.9701E+01  1.7425E+00
  1.7412E+00  8.2000E+02  9.7800E+02  6.3785E+01  9.2836E+02  2.0495E+01  1.7362E+00
  1.3558E+00  8.6000E+02  9.6750E+02  6.1775E+01  9.1647E+02  2.2032E+01  1.7915E+00
  9.8496E-01  9.0000E+02  9.5635E+02  5.9834E+01  9.0401E+02  2.4844E+01  1.9440E+00
  6.2692E-01  9.4000E+02  9.4449E+02  5.8023E+01  8.9093E+02  2.8069E+01  2.1202E+00
  2.8027E-01  9.8000E+02  9.3258E+02  5.6427E+01  8.7789E+02  2.9748E+01  2.1757E+00
