  25  3.7500000E+00
  2.6774E+01  2.0000E+01  9.6254E+02  9.9269E+01  9.6079E+02  0.0000E+00  0.0000E+00
  1.9699E+01  6.0000E+01  9.5940E+02  9.7446E+01  9.5338E+02  1.8609E-01  2.7779E-01
  1.6370E+01  1.0000E+02  9.5612E+02  9.5555E+01  9.4608E+02  4.1759E-01  2.9328E-01
  1.4146E+01  1.4000E+02  9.5240E+02  9.3606E+01  9.3859E+02  7.9383E-01  3.7243E-01
  1.2461E+01  1.8000E+02  9.4784E+02  9.1608E+01  9.3047E+02  1.5221E+00  5.4118E-01
  1.1101E+01  2.2000E+02  9.4247E+02  8.9566E+01  9.2175E+02  2.4449E+00  7.0164E-01
  9.9603E+00  2.6000E+02  9.3659E+02  8.7486E+01  9.1271E+02  3.3377E+00  8.0323E-01
  8.9781E+00  3.0000E+02  9.3036E+02  8.5372E+01  9.0350E+02  4.1839E+00  8.6700E-01
  8.1149E+00  3.4000E+02  9.2382E+02  8.3226E+01  8.9415E+02  5.0979E+00  9.2842E-01
  7.3429E+00  3.8000E+02  9.1686E+02  8.1053E+01  8.8454E+02  6.1999E+00  1.0098E+00
  6.6418E+00  4.2000E+02  9.0939E+02  7.8857E+01  8.7457E+02  7.5234E+00  1.1128E+00
  5.9974E+00  4.6000E+02  9.0139E+02  7.6640E+01  8.6422E+02  8.9660E+00  1.2190E+00
  5.3997E+00  5.0000E+02  8.9295E+02  7.4405E+01  8.5356E+02  1.0380E+01  1.3090E+00
  4.8415E+00  5.4000E+02  8.8419E+02  7.2154E+01  8.4271E+02  1.1669E+01  1.3743E+00
  4.3173E+00  5.8000E+02  8.7522E+02  6.9889E+01  8.3179E+02  1.2785E+01  1.4139E+00
  3.8229E+00  6.2000E+02  8.6615E+02  6.7612E+01  8.2088E+02  1.3736E+01  1.4327E+00
  3.3547E+00  6.6000E+02  8.5706E+02  6.5327E+01  8.1006E+02  1.4551E+01  1.4373E+00
  2.9097E+00  7.0000E+02  8.4797E+02  6.3034E+01  7.9937E+02  1.5255E+01  1.4323E+00
  2.4852E+00  7.4000E+02  8.3894E+02  6.0738E+01  7.8883E+02  1.5886E+01  1.4227E+00
  2.0791E+00  7.8000E+02  8.2994E+02  5.8441E+01  7.7844E+02  1.6502E+01  1.4138E+00
  1.6896E+00  8.2000E+02  8.2096E+02  5.6150E+01  7.6817E+02  1.7173E+01  1.4110E+00
  1.3154E+00  8.6000E+02  8.1196E+02  5.3872E+01  7.5798E+02  1.7953E+01  1.4176E+00
  9.5517E-01  9.0000E+02  8.0285E+02  5.1623E+01  7.4778E+02  1.9053E+01  1.4480E+00
  6.0775E-01  9.4000E+02  7.9350E+02  4.9434E+01  7.3744E+02  2.0609E+01  1.5106E+00
  2.7164E-01  9.8000E+02  7.8410E+02  4.7351E+01  7.2714E+02  2.1781E+01  1.5445E+00
