  25  3.7500000E+00
  2.6007E+01  2.0000E+01  7.0074E+02  8.3589E+01  6.9901E+02  0.0000E+00  0.0000E+00
  1.9112E+01  6.0000E+01  6.9770E+02  8.1647E+01  6.9187E+02  1.5913E-01  2.3148E-01
  1.5872E+01  1.0000E+02  6.9465E+02  7.9664E+01  6.8502E+02  3.2981E-01  2.2545E-01
  1.3718E+01  1.4000E+02  6.9159E+02  7.7648E+01  6.7841E+02  4.8426E-01  2.2007E-01
  1.2095E+01  1.8000E+02  6.8844E+02  7.5607E+01  6.7196E+02  6.8292E-01  2.3388E-01
  1.0787E+01  2.2000E+02  6.8497E+02  7.3546E+01  6.6541E+02  1.0760E+00  2.9702E-01
  9.6880E+00  2.6000E+02  6.8072E+02  7.1470E+01  6.5828E+02  1.9760E+00  4.5797E-01
  8.7393E+00  3.0000E+02  6.7547E+02  6.9385E+01  6.5033E+02  3.3371E+00  6.6796E-01
  7.9030E+00  3.4000E+02  6.6956E+02  6.7291E+01  6.4189E+02  4.5617E+00  8.0479E-01
  7.1539E+00  3.8000E+02  6.6338E+02  6.5191E+01  6.3334E+02  5.4547E+00  8.6211E-01
  6.4734E+00  4.2000E+02  6.5707E+02  6.3084E+01  6.2482E+02  6.1794E+00  8.8728E-01
  5.8479E+00  4.6000E+02  6.5065E+02  6.0973E+01  6.1633E+02  6.8830E+00  9.0824E-01
  5.2680E+00  5.0000E+02  6.4412E+02  5.8858E+01  6.0787E+02  7.6119E+00  9.3129E-01
  4.7267E+00  5.4000E+02  6.3749E+02  5.6742E+01  5.9943E+02  8.3369E+00  9.5225E-01
  4.2185E+00  5.8000E+02  6.3080E+02  5.4624E+01  5.9105E+02  8.9981E+00  9.6467E-01
  3.7392E+00  6.2000E+02  6.2409E+02  5.2506E+01  5.8275E+02  9.5889E+00  9.6976E-01
  3.2847E+00  6.6000E+02  6.1735E+02  5.0389E+01  5.7455E+02  1.0157E+01  9.7401E-01
  2.8518E+00  7.0000E+02  6.1057E+02  4.8274E+01  5.6640E+02  1.0774E+01  9.8403E-01
  2.4379E+00  7.4000E+02  6.0371E+02  4.6163E+01  5.5827E+02  1.1488E+01  1.0031E+00
  2.0412E+00  7.8000E+02  5.9674E+02  4.4059E+01  5.5013E+02  1.2270E+01  1.0271E+00
  1.6600E+00  8.2000E+02  5.8967E+02  4.1965E+01  5.4199E+02  1.3048E+01  1.0493E+00
  1.2931E+00  8.6000E+02  5.8254E+02  3.9886E+01  5.3387E+02  1.3774E+01  1.0661E+00
  9.3952E-01  9.0000E+02  5.7530E+02  3.7827E+01  5.2573E+02  1.4649E+01  1.0929E+00
  5.9809E-01  9.4000E+02  5.6779E+02  3.5810E+01  5.1741E+02  1.6082E+01  1.1585E+00
  2.6746E-01  9.8000E+02  5.6021E+02  3.3855E+01  5.0910E+02  1.7017E+01  1.1870E+00
