  25  3.7500000E+00
  2.7007E+01  2.0000E+01  1.0274E+03  1.0272E+02  1.0257E+03  0.0000E+00  0.0000E+00
  1.9857E+01  6.0000E+01  1.0243E+03  1.0092E+02  1.0182E+03  1.8909E-01  2.8527E-01
  1.6496E+01  1.0000E+02  1.0210E+03  9.9046E+01  1.0109E+03  4.2293E-01  2.9985E-01
  1.4257E+01  1.4000E+02  1.0172E+03  9.7111E+01  1.0033E+03  8.3207E-01  3.9309E-01
  1.2560E+01  1.8000E+02  1.0123E+03  9.5123E+01  9.9478E+02  1.7030E+00  6.0966E-01
  1.1190E+01  2.2000E+02  1.0064E+03  9.3089E+01  9.8547E+02  2.8318E+00  8.1835E-01
  1.0042E+01  2.6000E+02  9.9986E+02  9.1014E+01  9.7572E+02  3.8835E+00  9.4067E-01
  9.0543E+00  3.0000E+02  9.9303E+02  8.8899E+01  9.6585E+02  4.7771E+00  9.9581E-01
  8.1860E+00  3.4000E+02  9.8598E+02  8.6750E+01  9.5594E+02  5.6387E+00  1.0329E+00
  7.4093E+00  3.8000E+02  9.7861E+02  8.4569E+01  9.4586E+02  6.6819E+00  1.0951E+00
  6.7033E+00  4.2000E+02  9.7073E+02  8.2361E+01  9.3543E+02  8.0332E+00  1.1966E+00
  6.0537E+00  4.6000E+02  9.6227E+02  8.0130E+01  9.2455E+02  9.5882E+00  1.3141E+00
  5.4506E+00  5.0000E+02  9.5331E+02  7.7878E+01  9.1331E+02  1.1136E+01  1.4168E+00
  4.8872E+00  5.4000E+02  9.4397E+02  7.5608E+01  9.0184E+02  1.2541E+01  1.4910E+00
  4.3578E+00  5.8000E+02  9.3441E+02  7.3321E+01  8.9026E+02  1.3745E+01  1.5350E+00
  3.8584E+00  6.2000E+02  9.2474E+02  7.1022E+01  8.7870E+02  1.4756E+01  1.5548E+00
  3.3854E+00  6.6000E+02  9.1504E+02  6.8711E+01  8.6723E+02  1.5621E+01  1.5589E+00
  2.9358E+00  7.0000E+02  9.0536E+02  6.6392E+01  8.5589E+02  1.6375E+01  1.5532E+00
  2.5071E+00  7.4000E+02  8.9573E+02  6.4068E+01  8.4471E+02  1.7044E+01  1.5416E+00
  2.0971E+00  7.8000E+02  8.8615E+02  6.1744E+01  8.3369E+02  1.7686E+01  1.5298E+00
  1.7040E+00  8.2000E+02  8.7661E+02  5.9425E+01  8.2281E+02  1.8383E+01  1.5245E+00
  1.3264E+00  8.6000E+02  8.6704E+02  5.7121E+01  8.1200E+02  1.9236E+01  1.5326E+00
  9.6306E-01  9.0000E+02  8.5732E+02  5.4851E+01  8.0115E+02  2.0495E+01  1.5712E+00
  6.1272E-01  9.4000E+02  8.4734E+02  5.2653E+01  7.9014E+02  2.2223E+01  1.6426E+00
  2.7385E-01  9.8000E+02  8.3729E+02  5.0580E+01  7.7916E+02  2.3529E+01  1.6822E+00
