  25  3.7500000E+00
  2.7456E+01  2.0000E+01  1.2875E+03  1.1497E+02  1.2858E+03  0.0000E+00  0.0000E+00
  2.0308E+01  6.0000E+01  1.2843E+03  1.1323E+02  1.2781E+03  2.0933E-01  3.1570E-01
  1.6964E+01  1.0000E+02  1.2807E+03  1.1142E+02  1.2703E+03  5.3355E-01  3.7634E-01
  1.4728E+01  1.4000E+02  1.2758E+03  1.0954E+02  1.2615E+03  1.3556E+00  6.3959E-01
  1.3024E+01  1.8000E+02  1.2687E+03  1.0759E+02  1.2506E+03  3.0168E+00  1.0846E+00
  1.1643E+01  2.2000E+02  1.2598E+03  1.0559E+02  1.2382E+03  4.9796E+00  1.4510E+00
  1.0481E+01  2.6000E+02  1.2498E+03  1.0354E+02  1.2248E+03  6.8108E+00  1.6698E+00
  9.4734E+00  3.0000E+02  1.2393E+03  1.0144E+02  1.2111E+03  8.3571E+00  1.7766E+00
  8.5791E+00  3.4000E+02  1.2285E+03  9.9299E+01  1.1973E+03  9.6860E+00  1.8276E+00
  7.7716E+00  3.8000E+02  1.2175E+03  9.7118E+01  1.1834E+03  1.0901E+01  1.8572E+00
  7.0334E+00  4.2000E+02  1.2064E+03  9.4899E+01  1.1695E+03  1.2050E+01  1.8768E+00
  6.3523E+00  4.6000E+02  1.1952E+03  9.2647E+01  1.1557E+03  1.3108E+01  1.8838E+00
  5.7192E+00  5.0000E+02  1.1840E+03  9.0363E+01  1.1421E+03  1.4075E+01  1.8800E+00
  5.1273E+00  5.4000E+02  1.1729E+03  8.8050E+01  1.1286E+03  1.4960E+01  1.8683E+00
  4.5711E+00  5.8000E+02  1.1618E+03  8.5711E+01  1.1153E+03  1.5777E+01  1.8512E+00
  4.0464E+00  6.2000E+02  1.1507E+03  8.3349E+01  1.1021E+03  1.6560E+01  1.8332E+00
  3.5496E+00  6.6000E+02  1.1397E+03  8.0965E+01  1.0892E+03  1.7327E+01  1.8162E+00
  3.0776E+00  7.0000E+02  1.1288E+03  7.8564E+01  1.0764E+03  1.8072E+01  1.7996E+00
  2.6280E+00  7.4000E+02  1.1179E+03  7.6148E+01  1.0638E+03  1.8835E+01  1.7868E+00
  2.1985E+00  7.8000E+02  1.1070E+03  7.3723E+01  1.0512E+03  1.9861E+01  1.7996E+00
  1.7874E+00  8.2000E+02  1.0955E+03  7.1306E+01  1.0383E+03  2.1888E+01  1.8984E+00
  1.3928E+00  8.6000E+02  1.0830E+03  6.8936E+01  1.0243E+03  2.5861E+01  2.1527E+00
  1.0127E+00  9.0000E+02  1.0687E+03  6.6675E+01  1.0088E+03  3.1470E+01  2.5241E+00
  6.4491E-01  9.4000E+02  1.0531E+03  6.4625E+01  9.9194E+02  3.7019E+01  2.8725E+00
  2.8833E-01  9.8000E+02  1.0373E+03  6.2933E+01  9.7508E+02  3.9500E+01  2.9716E+00
