  25  3.7500000E+00
  2.7460E+01  2.0000E+01  1.2875E+03  1.1495E+02  1.2858E+03  0.0000E+00  0.0000E+00
  2.0311E+01  6.0000E+01  1.2843E+03  1.1322E+02  1.2781E+03  2.0943E-01  3.1587E-01
  1.6967E+01  1.0000E+02  1.2807E+03  1.1141E+02  1.2704E+03  5.2958E-01  3.7370E-01
  1.4730E+01  1.4000E+02  1.2758E+03  1.0952E+02  1.2615E+03  1.3360E+00  6.3061E-01
  1.3025E+01  1.8000E+02  1.2688E+03  1.0758E+02  1.2507E+03  2.9896E+00  1.0750E+00
  1.1644E+01  2.2000E+02  1.2599E+03  1.0558E+02  1.2383E+03  4.9652E+00  1.4474E+00
  1.0481E+01  2.6000E+02  1.2499E+03  1.0353E+02  1.2249E+03  6.8221E+00  1.6730E+00
  9.4736E+00  3.0000E+02  1.2394E+03  1.0143E+02  1.2112E+03  8.3908E+00  1.7837E+00
  8.5794E+00  3.4000E+02  1.2285E+03  9.9288E+01  1.1973E+03  9.7359E+00  1.8368E+00
  7.7720E+00  3.8000E+02  1.2175E+03  9.7107E+01  1.1834E+03  1.0957E+01  1.8665E+00
  7.0338E+00  4.2000E+02  1.2064E+03  9.4888E+01  1.1695E+03  1.2099E+01  1.8843E+00
  6.3526E+00  4.6000E+02  1.1952E+03  9.2636E+01  1.1557E+03  1.3149E+01  1.8898E+00
  5.7194E+00  5.0000E+02  1.1839E+03  9.0352E+01  1.1420E+03  1.4100E+01  1.8837E+00
  5.1274E+00  5.4000E+02  1.1728E+03  8.8040E+01  1.1285E+03  1.4971E+01  1.8700E+00
  4.5712E+00  5.8000E+02  1.1617E+03  8.5701E+01  1.1152E+03  1.5781E+01  1.8519E+00
  4.0464E+00  6.2000E+02  1.1506E+03  8.3338E+01  1.1020E+03  1.6546E+01  1.8318E+00
  3.5495E+00  6.6000E+02  1.1396E+03  8.0955E+01  1.0891E+03  1.7300E+01  1.8135E+00
  3.0776E+00  7.0000E+02  1.1287E+03  7.8553E+01  1.0763E+03  1.8068E+01  1.7992E+00
  2.6279E+00  7.4000E+02  1.1178E+03  7.6137E+01  1.0637E+03  1.8885E+01  1.7915E+00
  2.1985E+00  7.8000E+02  1.1068E+03  7.3714E+01  1.0510E+03  1.9954E+01  1.8079E+00
  1.7874E+00  8.2000E+02  1.0953E+03  7.1298E+01  1.0381E+03  2.1981E+01  1.9063E+00
  1.3929E+00  8.6000E+02  1.0828E+03  6.8928E+01  1.0241E+03  2.5911E+01  2.1569E+00
  1.0127E+00  9.0000E+02  1.0685E+03  6.6669E+01  1.0086E+03  3.1463E+01  2.5235E+00
  6.4491E-01  9.4000E+02  1.0529E+03  6.4618E+01  9.9176E+02  3.6953E+01  2.8674E+00
  2.8833E-01  9.8000E+02  1.0372E+03  6.2925E+01  9.7493E+02  3.9399E+01  2.9640E+00
