  25  3.7500000E+00
  2.5605E+01  2.0000E+01  3.9102E+02  5.4226E+01  3.8969E+02  0.0000E+00  0.0000E+00
  1.8804E+01  6.0000E+01  3.8412E+02  5.2787E+01  3.7982E+02  8.0296E-01  1.1521E+00
  1.5623E+01  1.0000E+02  3.7966E+02  5.1216E+01  3.7263E+02  9.0677E-01  6.0862E-01
  1.3512E+01  1.4000E+02  3.7618E+02  4.9580E+01  3.6661E+02  8.7343E-01  3.8900E-01
  1.1922E+01  1.8000E+02  3.7317E+02  4.7920E+01  3.6121E+02  8.5211E-01  2.8583E-01
  1.0641E+01  2.2000E+02  3.7004E+02  4.6252E+01  3.5585E+02  1.1407E+00  3.0839E-01
  9.5636E+00  2.6000E+02  3.6613E+02  4.4589E+01  3.4985E+02  2.0904E+00  4.7510E-01
  8.6318E+00  3.0000E+02  3.6177E+02  4.2937E+01  3.4354E+02  2.8999E+00  5.7006E-01
  7.8096E+00  3.4000E+02  3.5734E+02  4.1299E+01  3.3728E+02  3.3925E+00  5.8851E-01
  7.0724E+00  3.8000E+02  3.5302E+02  3.9677E+01  3.3125E+02  3.6582E+00  5.6896E-01
  6.4026E+00  4.2000E+02  3.4883E+02  3.8071E+01  3.2544E+02  3.8706E+00  5.4699E-01
  5.7874E+00  4.6000E+02  3.4469E+02  3.6482E+01  3.1981E+02  4.1361E+00  5.3682E-01
  5.2177E+00  5.0000E+02  3.4059E+02  3.4909E+01  3.1431E+02  4.4372E+00  5.3333E-01
  4.6867E+00  5.4000E+02  3.3653E+02  3.3352E+01  3.0894E+02  4.7150E+00  5.2822E-01
  4.1883E+00  5.8000E+02  3.3251E+02  3.1811E+01  3.0369E+02  4.9756E+00  5.2319E-01
  3.7167E+00  6.2000E+02  3.2843E+02  3.0287E+01  2.9847E+02  5.4213E+00  5.3943E-01
  3.2677E+00  6.6000E+02  3.2416E+02  2.8778E+01  2.9314E+02  6.1440E+00  5.8206E-01
  2.8386E+00  7.0000E+02  3.1968E+02  2.7287E+01  2.8767E+02  6.9609E+00  6.3012E-01
  2.4277E+00  7.4000E+02  3.1505E+02  2.5813E+01  2.8212E+02  7.6981E+00  6.6748E-01
  2.0332E+00  7.8000E+02  3.1032E+02  2.4357E+01  2.7654E+02  8.2949E+00  6.9027E-01
  1.6540E+00  8.2000E+02  3.0556E+02  2.2919E+01  2.7099E+02  8.7705E+00  7.0169E-01
  1.2889E+00  8.6000E+02  3.0079E+02  2.1500E+01  2.6551E+02  9.1618E+00  7.0584E-01
  9.3679E-01  9.0000E+02  2.9595E+02  2.0103E+01  2.6001E+02  9.7731E+00  7.2594E-01
  5.9662E-01  9.4000E+02  2.9095E+02  1.8736E+01  2.5440E+02  1.0688E+01  7.6703E-01
  2.6691E-01  9.8000E+02  2.8605E+02  1.7397E+01  2.4895E+02  1.0816E+01  7.5237E-01
