  25  3.7500000E+00
  2.6330E+01  2.0000E+01  8.1901E+02  9.1035E+01  8.1727E+02  0.0000E+00  0.0000E+00
  1.9382E+01  6.0000E+01  8.1592E+02  8.9153E+01  8.0998E+02  1.7502E-01  2.5655E-01
  1.6104E+01  1.0000E+02  8.1273E+02  8.7215E+01  8.0288E+02  3.8053E-01  2.6315E-01
  1.3913E+01  1.4000E+02  8.0935E+02  8.5231E+01  7.9585E+02  6.3493E-01  2.9359E-01
  1.2256E+01  1.8000E+02  8.0560E+02  8.3207E+01  7.8866E+02  1.0460E+00  3.6551E-01
  1.0921E+01  2.2000E+02  8.0139E+02  8.1152E+01  7.8123E+02  1.6116E+00  4.5413E-01
  9.8001E+00  2.6000E+02  7.9667E+02  7.9068E+01  7.7349E+02  2.3534E+00  5.5642E-01
  8.8339E+00  3.0000E+02  7.9132E+02  7.6962E+01  7.6529E+02  3.3595E+00  6.8482E-01
  7.9839E+00  3.4000E+02  7.8533E+02  7.4836E+01  7.5664E+02  4.5372E+00  8.1365E-01
  7.2237E+00  3.8000E+02  7.7886E+02  7.2693E+01  7.4767E+02  5.6925E+00  9.1303E-01
  6.5338E+00  4.2000E+02  7.7203E+02  7.0536E+01  7.3848E+02  6.7795E+00  9.8669E-01
  5.9004E+00  4.6000E+02  7.6490E+02  6.8366E+01  7.2914E+02  7.8329E+00  1.0469E+00
  5.3133E+00  5.0000E+02  7.5752E+02  6.6184E+01  7.1968E+02  8.8600E+00  1.0974E+00
  4.7653E+00  5.4000E+02  7.4994E+02  6.3994E+01  7.1015E+02  9.8344E+00  1.1370E+00
  4.2509E+00  5.8000E+02  7.4223E+02  6.1795E+01  7.0062E+02  1.0711E+01  1.1624E+00
  3.7659E+00  6.2000E+02  7.3446E+02  5.9591E+01  6.9115E+02  1.1477E+01  1.1744E+00
  3.3064E+00  6.6000E+02  7.2666E+02  5.7382E+01  6.8176E+02  1.2152E+01  1.1780E+00
  2.8693E+00  7.0000E+02  7.1887E+02  5.5170E+01  6.7248E+02  1.2780E+01  1.1786E+00
  2.4519E+00  7.4000E+02  7.1105E+02  5.2958E+01  6.6329E+02  1.3414E+01  1.1812E+00
  2.0522E+00  7.8000E+02  7.0322E+02  5.0748E+01  6.5417E+02  1.4085E+01  1.1878E+00
  1.6685E+00  8.2000E+02  6.9534E+02  4.8545E+01  6.4511E+02  1.4796E+01  1.1978E+00
  1.2994E+00  8.6000E+02  6.8741E+02  4.6355E+01  6.3610E+02  1.5539E+01  1.2100E+00
  9.4385E-01  9.0000E+02  6.7939E+02  4.4188E+01  6.2709E+02  1.6459E+01  1.2347E+00
  6.0070E-01  9.4000E+02  6.7113E+02  4.2067E+01  6.1793E+02  1.7893E+01  1.2955E+00
  2.6856E-01  9.8000E+02  6.6278E+02  4.0025E+01  6.0878E+02  1.8986E+01  1.3305E+00
