  25  3.7500000E+00
  2.7448E+01  2.0000E+01  1.2534E+03  1.1355E+02  1.2517E+03  0.0000E+00  0.0000E+00
  2.0279E+01  6.0000E+01  1.2502E+03  1.1181E+02  1.2440E+03  2.0623E-01  3.1188E-01
  1.6918E+01  1.0000E+02  1.2468E+03  1.0999E+02  1.2365E+03  4.7710E-01  3.3839E-01
  1.4670E+01  1.4000E+02  1.2424E+03  1.0810E+02  1.2281E+03  1.1079E+00  5.2533E-01
  1.2958E+01  1.8000E+02  1.2359E+03  1.0615E+02  1.2179E+03  2.6485E+00  9.5659E-01
  1.1569E+01  2.2000E+02  1.2275E+03  1.0415E+02  1.2059E+03  4.6257E+00  1.3556E+00
  1.0402E+01  2.6000E+02  1.2179E+03  1.0209E+02  1.1930E+03  6.4183E+00  1.5809E+00
  9.3933E+00  3.0000E+02  1.2080E+03  9.9991E+01  1.1799E+03  7.7614E+00  1.6517E+00
  8.5020E+00  3.4000E+02  1.1981E+03  9.7845E+01  1.1669E+03  8.7476E+00  1.6449E+00
  7.7004E+00  3.8000E+02  1.1881E+03  9.5659E+01  1.1541E+03  9.6889E+00  1.6385E+00
  6.9693E+00  4.2000E+02  1.1780E+03  9.3437E+01  1.1412E+03  1.0853E+01  1.6742E+00
  6.2950E+00  4.6000E+02  1.1674E+03  9.1182E+01  1.1281E+03  1.2253E+01  1.7431E+00
  5.6681E+00  5.0000E+02  1.1566E+03  8.8898E+01  1.1148E+03  1.3708E+01  1.8130E+00
  5.0818E+00  5.4000E+02  1.1454E+03  8.6587E+01  1.1014E+03  1.5030E+01  1.8593E+00
  4.5306E+00  5.8000E+02  1.1342E+03  8.4254E+01  1.0880E+03  1.6124E+01  1.8748E+00
  4.0105E+00  6.2000E+02  1.1230E+03  8.1899E+01  1.0747E+03  1.7000E+01  1.8654E+00
  3.5180E+00  6.6000E+02  1.1119E+03  7.9524E+01  1.0617E+03  1.7721E+01  1.8415E+00
  3.0501E+00  7.0000E+02  1.1009E+03  7.7133E+01  1.0489E+03  1.8361E+01  1.8126E+00
  2.6044E+00  7.4000E+02  1.0901E+03  7.4729E+01  1.0363E+03  1.9017E+01  1.7883E+00
  2.1787E+00  7.8000E+02  1.0792E+03  7.2317E+01  1.0238E+03  1.9942E+01  1.7910E+00
  1.7713E+00  8.2000E+02  1.0679E+03  6.9915E+01  1.0110E+03  2.1753E+01  1.8698E+00
  1.3802E+00  8.6000E+02  1.0557E+03  6.7553E+01  9.9748E+02  2.5090E+01  2.0701E+00
  1.0034E+00  9.0000E+02  1.0423E+03  6.5287E+01  9.8278E+02  2.9638E+01  2.3562E+00
  6.3896E-01  9.4000E+02  1.0278E+03  6.3199E+01  9.6712E+02  3.4025E+01  2.6164E+00
  2.8567E-01  9.8000E+02  1.0133E+03  6.1410E+01  9.5154E+02  3.6039E+01  2.6862E+00
