  25  3.7500000E+00
  2.6434E+01  2.0000E+01  8.5651E+02  9.3273E+01  8.5475E+02  0.0000E+00  0.0000E+00
  1.9462E+01  6.0000E+01  8.5339E+02  9.1408E+01  8.4743E+02  1.7881E-01  2.6301E-01
  1.6173E+01  1.0000E+02  8.5017E+02  8.9483E+01  8.4027E+02  3.9373E-01  2.7319E-01
  1.3973E+01  1.4000E+02  8.4669E+02  8.7508E+01  8.3310E+02  6.8368E-01  3.1740E-01
  1.2308E+01  1.8000E+02  8.4272E+02  8.5492E+01  8.2565E+02  1.1768E+00  4.1328E-01
  1.0966E+01  2.2000E+02  8.3822E+02  8.3439E+01  8.1790E+02  1.8222E+00  5.1627E-01
  9.8389E+00  2.6000E+02  8.3325E+02  8.1356E+01  8.0986E+02  2.5645E+00  6.0954E-01
  8.8680E+00  3.0000E+02  8.2776E+02  7.9245E+01  8.0149E+02  3.4822E+00  7.1332E-01
  8.0142E+00  3.4000E+02  8.2171E+02  7.7113E+01  7.9274E+02  4.5865E+00  8.2622E-01
  7.2507E+00  3.8000E+02  8.1515E+02  7.4960E+01  7.8364E+02  5.7630E+00  9.2833E-01
  6.5579E+00  4.2000E+02  8.0818E+02  7.2790E+01  7.7426E+02  6.9419E+00  1.0147E+00
  5.9216E+00  4.6000E+02  8.0083E+02  7.0606E+01  7.6467E+02  8.1098E+00  1.0886E+00
  5.3320E+00  5.0000E+02  7.9318E+02  6.8408E+01  7.5491E+02  9.2417E+00  1.1497E+00
  4.7815E+00  5.4000E+02  7.8531E+02  6.6199E+01  7.4504E+02  1.0299E+01  1.1960E+00
  4.2649E+00  5.8000E+02  7.7728E+02  6.3980E+01  7.3516E+02  1.1238E+01  1.2250E+00
  3.7777E+00  6.2000E+02  7.6918E+02  6.1754E+01  7.2532E+02  1.2052E+01  1.2388E+00
  3.3163E+00  6.6000E+02  7.6106E+02  5.9521E+01  7.1557E+02  1.2766E+01  1.2428E+00
  2.8775E+00  7.0000E+02  7.5294E+02  5.7285E+01  7.0593E+02  1.3416E+01  1.2421E+00
  2.4586E+00  7.4000E+02  7.4482E+02  5.5047E+01  6.9640E+02  1.4041E+01  1.2410E+00
  2.0575E+00  7.8000E+02  7.3669E+02  5.2810E+01  6.8696E+02  1.4684E+01  1.2425E+00
  1.6726E+00  8.2000E+02  7.2854E+02  5.0580E+01  6.7760E+02  1.5375E+01  1.2485E+00
  1.3025E+00  8.6000E+02  7.2036E+02  4.8363E+01  6.6831E+02  1.6120E+01  1.2588E+00
  9.4603E-01  9.0000E+02  7.1208E+02  4.6169E+01  6.5901E+02  1.7074E+01  1.2841E+00
  6.0204E-01  9.4000E+02  7.0356E+02  4.4024E+01  6.4956E+02  1.8529E+01  1.3448E+00
  2.6914E-01  9.8000E+02  6.9496E+02  4.1964E+01  6.4013E+02  1.9651E+01  1.3802E+00
