  25  3.7500000E+00
  2.7456E+01  2.0000E+01  1.2720E+03  1.0574E+02  1.2706E+03  0.0000E+00  0.0000E+00
  2.0308E+01  6.0000E+01  1.2634E+03  1.0529E+02  1.2585E+03  1.1400E+00  1.7193E+00
  1.6964E+01  1.0000E+02  1.2591E+03  1.0387E+02  1.2508E+03  8.5489E-01  6.0300E-01
  1.4728E+01  1.4000E+02  1.2542E+03  1.0222E+02  1.2425E+03  1.4506E+00  6.8440E-01
  1.3024E+01  1.8000E+02  1.2472E+03  1.0049E+02  1.2324E+03  3.0670E+00  1.1027E+00
  1.1643E+01  2.2000E+02  1.2386E+03  9.8721E+01  1.2206E+03  5.0169E+00  1.4618E+00
  1.0481E+01  2.6000E+02  1.2288E+03  9.6912E+01  1.2079E+03  6.8451E+00  1.6782E+00
  9.4734E+00  3.0000E+02  1.2185E+03  9.5068E+01  1.1948E+03  8.3916E+00  1.7839E+00
  8.5791E+00  3.4000E+02  1.2079E+03  9.3191E+01  1.1815E+03  9.7227E+00  1.8345E+00
  7.7716E+00  3.8000E+02  1.1972E+03  9.1284E+01  1.1681E+03  1.0943E+01  1.8643E+00
  7.0334E+00  4.2000E+02  1.1863E+03  8.9348E+01  1.1548E+03  1.2097E+01  1.8841E+00
  6.3523E+00  4.6000E+02  1.1754E+03  8.7387E+01  1.1415E+03  1.3161E+01  1.8913E+00
  5.7192E+00  5.0000E+02  1.1644E+03  8.5401E+01  1.1282E+03  1.4133E+01  1.8878E+00
  5.1273E+00  5.4000E+02  1.1535E+03  8.3393E+01  1.1152E+03  1.5023E+01  1.8761E+00
  4.5711E+00  5.8000E+02  1.1427E+03  8.1364E+01  1.1022E+03  1.5841E+01  1.8587E+00
  4.0464E+00  6.2000E+02  1.1319E+03  7.9317E+01  1.0895E+03  1.6625E+01  1.8404E+00
  3.5496E+00  6.6000E+02  1.1212E+03  7.7254E+01  1.0768E+03  1.7393E+01  1.8232E+00
  3.0776E+00  7.0000E+02  1.1106E+03  7.5179E+01  1.0644E+03  1.8136E+01  1.8060E+00
  2.6280E+00  7.4000E+02  1.1000E+03  7.3094E+01  1.0521E+03  1.8893E+01  1.7923E+00
  2.1985E+00  7.8000E+02  1.0894E+03  7.1004E+01  1.0398E+03  1.9912E+01  1.8043E+00
  1.7874E+00  8.2000E+02  1.0783E+03  6.8928E+01  1.0272E+03  2.1931E+01  1.9021E+00
  1.3928E+00  8.6000E+02  1.0660E+03  6.6903E+01  1.0135E+03  2.5893E+01  2.1554E+00
  1.0127E+00  9.0000E+02  1.0522E+03  6.4996E+01  9.9823E+02  3.1490E+01  2.5257E+00
  6.4491E-01  9.4000E+02  1.0369E+03  6.3306E+01  9.8164E+02  3.7028E+01  2.8732E+00
  2.8833E-01  9.8000E+02  1.0214E+03  6.1982E+01  9.6502E+02  3.9500E+01  2.9716E+00
