  25  3.7500000E+00
  2.7439E+01  2.0000E+01  1.2341E+03  1.1268E+02  1.2323E+03  0.0000E+00  0.0000E+00
  2.0262E+01  6.0000E+01  1.2309E+03  1.1094E+02  1.2247E+03  2.0450E-01  3.0967E-01
  1.6892E+01  1.0000E+02  1.2275E+03  1.0912E+02  1.2172E+03  4.6129E-01  3.2791E-01
  1.4641E+01  1.4000E+02  1.2232E+03  1.0722E+02  1.2090E+03  1.0391E+00  4.9357E-01
  1.2927E+01  1.8000E+02  1.2170E+03  1.0527E+02  1.1990E+03  2.5249E+00  9.1306E-01
  1.1536E+01  2.2000E+02  1.2088E+03  1.0326E+02  1.1873E+03  4.4603E+00  1.3087E+00
  1.0368E+01  2.6000E+02  1.1995E+03  1.0120E+02  1.1746E+03  6.1792E+00  1.5233E+00
  9.3593E+00  3.0000E+02  1.1899E+03  9.9101E+01  1.1619E+03  7.4197E+00  1.5786E+00
  8.4696E+00  3.4000E+02  1.1804E+03  9.6954E+01  1.1493E+03  8.2996E+00  1.5579E+00
  7.6707E+00  3.8000E+02  1.1708E+03  9.4766E+01  1.1369E+03  9.1896E+00  1.5490E+00
  6.9425E+00  4.2000E+02  1.1610E+03  9.2543E+01  1.1244E+03  1.0413E+01  1.5997E+00
  6.2712E+00  4.6000E+02  1.1507E+03  9.0288E+01  1.1116E+03  1.1968E+01  1.6951E+00
  5.6471E+00  5.0000E+02  1.1400E+03  8.8005E+01  1.0983E+03  1.3611E+01  1.7923E+00
  5.0632E+00  5.4000E+02  1.1288E+03  8.5697E+01  1.0849E+03  1.5100E+01  1.8602E+00
  4.5143E+00  5.8000E+02  1.1175E+03  8.3368E+01  1.0715E+03  1.6308E+01  1.8887E+00
  3.9962E+00  6.2000E+02  1.1063E+03  8.1018E+01  1.0582E+03  1.7231E+01  1.8835E+00
  3.5054E+00  6.6000E+02  1.0951E+03  7.8650E+01  1.0451E+03  1.7939E+01  1.8574E+00
  3.0391E+00  7.0000E+02  1.0841E+03  7.6266E+01  1.0322E+03  1.8521E+01  1.8220E+00
  2.5949E+00  7.4000E+02  1.0732E+03  7.3870E+01  1.0197E+03  1.9084E+01  1.7886E+00
  2.1707E+00  7.8000E+02  1.0624E+03  7.1467E+01  1.0072E+03  1.9851E+01  1.7768E+00
  1.7646E+00  8.2000E+02  1.0513E+03  6.9071E+01  9.9470E+02  2.1358E+01  1.8298E+00
  1.3748E+00  8.6000E+02  1.0395E+03  6.6711E+01  9.8152E+02  2.4256E+01  1.9945E+00
  9.9939E-01  9.0000E+02  1.0266E+03  6.4440E+01  9.6732E+02  2.8411E+01  2.2505E+00
  6.3635E-01  9.4000E+02  1.0126E+03  6.2332E+01  9.5225E+02  3.2533E+01  2.4918E+00
  2.8451E-01  9.8000E+02  9.9868E+02  6.0501E+01  9.3723E+02  3.4492E+01  2.5604E+00
