  25  3.7500000E+00
  2.5924E+01  2.0000E+01  6.5037E+02  7.2365E+01  6.4898E+02  0.0000E+00  0.0000E+00
  1.9045E+01  6.0000E+01  6.4212E+02  7.1295E+01  6.3755E+02  1.0440E+00  1.5151E+00
  1.5817E+01  1.0000E+02  6.3719E+02  6.9896E+01  6.2961E+02  1.0942E+00  7.4520E-01
  1.3674E+01  1.4000E+02  6.3345E+02  6.8314E+01  6.2300E+02  1.0064E+00  4.5517E-01
  1.2058E+01  1.8000E+02  6.3011E+02  6.6646E+01  6.1693E+02  1.0347E+00  3.5264E-01
  1.0756E+01  2.2000E+02  6.2668E+02  6.4930E+01  6.1090E+02  1.3182E+00  3.6206E-01
  9.6630E+00  2.6000E+02  6.2254E+02  6.3179E+01  6.0429E+02  2.1852E+00  5.0412E-01
  8.7182E+00  3.0000E+02  6.1747E+02  6.1405E+01  5.9688E+02  3.4860E+00  6.9486E-01
  7.8851E+00  3.4000E+02  6.1187E+02  5.9618E+01  5.8905E+02  4.5785E+00  8.0473E-01
  7.1386E+00  3.8000E+02  6.0608E+02  5.7820E+01  5.8115E+02  5.3415E+00  8.4134E-01
  6.4602E+00  4.2000E+02  6.0024E+02  5.6014E+01  5.7331E+02  5.9532E+00  8.5210E-01
  5.8366E+00  4.6000E+02  5.9434E+02  5.4203E+01  5.6551E+02  6.5596E+00  8.6296E-01
  5.2584E+00  5.0000E+02  5.8835E+02  5.2386E+01  5.5774E+02  7.2052E+00  8.7891E-01
  4.7187E+00  5.4000E+02  5.8229E+02  5.0565E+01  5.4998E+02  7.8591E+00  8.9493E-01
  4.2121E+00  5.8000E+02  5.7618E+02  4.8742E+01  5.4228E+02  8.4612E+00  9.0428E-01
  3.7342E+00  6.2000E+02  5.7005E+02  4.6918E+01  5.3464E+02  9.0079E+00  9.0830E-01
  3.2809E+00  6.6000E+02  5.6389E+02  4.5094E+01  5.2706E+02  9.5627E+00  9.1464E-01
  2.8488E+00  7.0000E+02  5.5766E+02  4.3272E+01  5.1950E+02  1.0201E+01  9.2982E-01
  2.4357E+00  7.4000E+02  5.5132E+02  4.1453E+01  5.1190E+02  1.0953E+01  9.5478E-01
  2.0395E+00  7.8000E+02  5.4485E+02  3.9642E+01  5.0426E+02  1.1757E+01  9.8277E-01
  1.6587E+00  8.2000E+02  5.3828E+02  3.7840E+01  4.9659E+02  1.2523E+01  1.0059E+00
  1.2922E+00  8.6000E+02  5.3165E+02  3.6052E+01  4.8894E+02  1.3215E+01  1.0218E+00
  9.3894E-01  9.0000E+02  5.2491E+02  3.4286E+01  4.8126E+02  1.4071E+01  1.0488E+00
  5.9777E-01  9.4000E+02  5.1791E+02  3.2560E+01  4.7338E+02  1.5475E+01  1.1139E+00
  2.6735E-01  9.8000E+02  5.1085E+02  3.0892E+01  4.6553E+02  1.6296E+01  1.1361E+00
