  25  3.7500000E+00
  2.6552E+01  2.0000E+01  8.9295E+02  9.5376E+01  8.9120E+02  0.0000E+00  0.0000E+00
  1.9548E+01  6.0000E+01  8.8983E+02  9.3526E+01  8.8385E+02  1.8181E-01  2.6865E-01
  1.6247E+01  1.0000E+02  8.8658E+02  9.1613E+01  8.7663E+02  4.0433E-01  2.8165E-01
  1.4038E+01  1.4000E+02  8.8300E+02  8.9648E+01  8.6933E+02  7.3041E-01  3.4043E-01
  1.2365E+01  1.8000E+02  8.7880E+02  8.7637E+01  8.6162E+02  1.3139E+00  4.6368E-01
  1.1015E+01  2.2000E+02  8.7397E+02  8.5588E+01  8.5350E+02  2.0547E+00  5.8517E-01
  9.8826E+00  2.6000E+02  8.6869E+02  8.3506E+01  8.4512E+02  2.8260E+00  6.7510E-01
  8.9071E+00  3.0000E+02  8.6299E+02  8.1393E+01  8.3650E+02  3.6822E+00  7.5784E-01
  8.0495E+00  3.4000E+02  8.5681E+02  7.9255E+01  8.2759E+02  4.7037E+00  8.5105E-01
  7.2827E+00  3.8000E+02  8.5015E+02  7.7094E+01  8.1834E+02  5.8684E+00  9.4942E-01
  6.5868E+00  4.2000E+02  8.4302E+02  7.4914E+01  8.0878E+02  7.1193E+00  1.0453E+00
  5.9475E+00  4.6000E+02  8.3545E+02  7.2717E+01  7.9892E+02  8.3988E+00  1.1327E+00
  5.3549E+00  5.0000E+02  8.2753E+02  7.0505E+01  7.8885E+02  9.6396E+00  1.2052E+00
  4.8017E+00  5.4000E+02  8.1934E+02  6.8279E+01  7.7864E+02  1.0782E+01  1.2585E+00
  4.2824E+00  5.8000E+02  8.1098E+02  6.6043E+01  7.6839E+02  1.1783E+01  1.2911E+00
  3.7927E+00  6.2000E+02  8.0255E+02  6.3798E+01  7.5817E+02  1.2642E+01  1.3062E+00
  3.3289E+00  6.6000E+02  7.9408E+02  6.1546E+01  7.4805E+02  1.3389E+01  1.3101E+00
  2.8879E+00  7.0000E+02  7.8563E+02  5.9288E+01  7.3805E+02  1.4057E+01  1.3079E+00
  2.4671E+00  7.4000E+02  7.7719E+02  5.7028E+01  7.2817E+02  1.4678E+01  1.3031E+00
  2.0644E+00  7.8000E+02  7.6877E+02  5.4769E+01  7.1841E+02  1.5296E+01  1.2997E+00
  1.6780E+00  8.2000E+02  7.6035E+02  5.2515E+01  7.0875E+02  1.5961E+01  1.3011E+00
  1.3066E+00  8.6000E+02  7.5191E+02  5.0274E+01  6.9916E+02  1.6701E+01  1.3088E+00
  9.4891E-01  9.0000E+02  7.4336E+02  4.8058E+01  6.8957E+02  1.7694E+01  1.3352E+00
  6.0383E-01  9.4000E+02  7.3458E+02  4.5895E+01  6.7985E+02  1.9176E+01  1.3961E+00
  2.6992E-01  9.8000E+02  7.2573E+02  4.3822E+01  6.7014E+02  2.0309E+01  1.4307E+00
