  25  3.7500000E+00
  2.5537E+01  2.0000E+01  2.0778E+02  3.7091E+01  2.0654E+02  0.0000E+00  0.0000E+00
  1.8758E+01  6.0000E+01  2.0198E+02  3.5405E+01  1.9809E+02  6.0690E-01  8.6804E-01
  1.5586E+01  1.0000E+02  1.9812E+02  3.3756E+01  1.9189E+02  6.9530E-01  4.6539E-01
  1.3478E+01  1.4000E+02  1.9510E+02  3.2157E+01  1.8677E+02  6.7599E-01  3.0061E-01
  1.1890E+01  1.8000E+02  1.9253E+02  3.0614E+01  1.8230E+02  6.4653E-01  2.1661E-01
  1.0610E+01  2.2000E+02  1.8995E+02  2.9126E+01  1.7800E+02  8.5170E-01  2.2991E-01
  9.5350E+00  2.6000E+02  1.8686E+02  2.7694E+01  1.7334E+02  1.5414E+00  3.4969E-01
  8.6053E+00  3.0000E+02  1.8362E+02  2.6314E+01  1.6866E+02  2.0085E+00  3.9395E-01
  7.7852E+00  3.4000E+02  1.8042E+02  2.4985E+01  1.6415E+02  2.2815E+00  3.9476E-01
  7.0503E+00  3.8000E+02  1.7735E+02  2.3701E+01  1.5988E+02  2.4233E+00  3.7572E-01
  6.3833E+00  4.2000E+02  1.7444E+02  2.2461E+01  1.5587E+02  2.5059E+00  3.5268E-01
  5.7714E+00  4.6000E+02  1.7165E+02  2.1260E+01  1.5208E+02  2.5946E+00  3.3493E-01
  5.2056E+00  5.0000E+02  1.6897E+02  2.0096E+01  1.4847E+02  2.6884E+00  3.2093E-01
  4.6787E+00  5.4000E+02  1.6639E+02  1.8965E+01  1.4504E+02  2.7448E+00  3.0514E-01
  4.1831E+00  5.8000E+02  1.6384E+02  1.7866E+01  1.4171E+02  2.9265E+00  3.0597E-01
  3.7128E+00  6.2000E+02  1.6118E+02  1.6797E+01  1.3834E+02  3.3824E+00  3.3566E-01
  3.2644E+00  6.6000E+02  1.5837E+02  1.5756E+01  1.3488E+02  3.9355E+00  3.7228E-01
  2.8359E+00  7.0000E+02  1.5547E+02  1.4743E+01  1.3137E+02  4.4158E+00  3.9924E-01
  2.4254E+00  7.4000E+02  1.5251E+02  1.3754E+01  1.2787E+02  4.7986E+00  4.1558E-01
  2.0314E+00  7.8000E+02  1.4954E+02  1.2791E+01  1.2440E+02  5.1029E+00  4.2416E-01
  1.6526E+00  8.2000E+02  1.4657E+02  1.1850E+01  1.2098E+02  5.3437E+00  4.2705E-01
  1.2878E+00  8.6000E+02  1.4363E+02  1.0931E+01  1.1763E+02  5.5430E+00  4.2657E-01
  9.3615E-01  9.0000E+02  1.4064E+02  1.0035E+01  1.1428E+02  5.9461E+00  4.4120E-01
  5.9626E-01  9.4000E+02  1.3758E+02  9.1627E+00  1.1089E+02  6.4454E+00  4.6220E-01
  2.6675E-01  9.8000E+02  1.3463E+02  8.3106E+00  1.0765E+02  6.3568E+00  4.4193E-01
