  25  3.7500000E+00
  2.7187E+01  2.0000E+01  1.0873E+03  1.0580E+02  1.0856E+03  0.0000E+00  0.0000E+00
  1.9992E+01  6.0000E+01  1.0841E+03  1.0402E+02  1.0781E+03  1.9278E-01  2.9265E-01
  1.6609E+01  1.0000E+02  1.0808E+03  1.0216E+02  1.0707E+03  4.2633E-01  3.0427E-01
  1.4357E+01  1.4000E+02  1.0770E+03  1.0024E+02  1.0630E+03  8.6020E-01  4.0866E-01
  1.2651E+01  1.8000E+02  1.0718E+03  9.8262E+01  1.0541E+03  1.8765E+00  6.7552E-01
  1.1273E+01  2.2000E+02  1.0654E+03  9.6236E+01  1.0443E+03  3.2010E+00  9.3070E-01
  1.0118E+01  2.6000E+02  1.0582E+03  9.4164E+01  1.0339E+03  4.3887E+00  1.0695E+00
  9.1240E+00  3.0000E+02  1.0508E+03  9.2051E+01  1.0234E+03  5.3234E+00  1.1160E+00
  8.2510E+00  3.4000E+02  1.0433E+03  8.9900E+01  1.0129E+03  6.1521E+00  1.1331E+00
  7.4697E+00  3.8000E+02  1.0355E+03  8.7715E+01  1.0024E+03  7.1564E+00  1.1796E+00
  6.7593E+00  4.2000E+02  1.0273E+03  8.5499E+01  9.9153E+02  8.5202E+00  1.2771E+00
  6.1051E+00  4.6000E+02  1.0184E+03  8.3257E+01  9.8019E+02  1.0147E+01  1.4005E+00
  5.4975E+00  5.0000E+02  1.0089E+03  8.0992E+01  9.6844E+02  1.1795E+01  1.5121E+00
  4.9294E+00  5.4000E+02  9.9910E+02  7.8707E+01  9.5641E+02  1.3296E+01  1.5935E+00
  4.3956E+00  5.8000E+02  9.8902E+02  7.6404E+01  9.4426E+02  1.4582E+01  1.6422E+00
  3.8918E+00  6.2000E+02  9.7881E+02  7.4086E+01  9.3211E+02  1.5660E+01  1.6645E+00
  3.4145E+00  6.6000E+02  9.6856E+02  7.1756E+01  9.2005E+02  1.6581E+01  1.6696E+00
  2.9608E+00  7.0000E+02  9.5834E+02  6.9416E+01  9.0812E+02  1.7382E+01  1.6638E+00
  2.5283E+00  7.4000E+02  9.4817E+02  6.7071E+01  8.9635E+02  1.8094E+01  1.6514E+00
  2.1146E+00  7.8000E+02  9.3806E+02  6.4724E+01  8.8476E+02  1.8767E+01  1.6378E+00
  1.7182E+00  8.2000E+02  9.2799E+02  6.2384E+01  8.7331E+02  1.9498E+01  1.6309E+00
  1.3374E+00  8.6000E+02  9.1786E+02  6.0060E+01  8.6191E+02  2.0481E+01  1.6453E+00
  9.7109E-01  9.0000E+02  9.0750E+02  5.7779E+01  8.5037E+02  2.2077E+01  1.7063E+00
  6.1786E-01  9.4000E+02  8.9676E+02  5.5585E+01  8.3857E+02  2.4189E+01  1.8026E+00
  2.7617E-01  9.8000E+02  8.8595E+02  5.3543E+01  8.2679E+02  2.5637E+01  1.8482E+00
