  25  3.7500000E+00
  2.6791E+01  2.0000E+01  9.6254E+02  9.9260E+01  9.6079E+02  0.0000E+00  0.0000E+00
  1.9707E+01  6.0000E+01  9.5939E+02  9.7437E+01  9.5338E+02  1.8665E-01  2.7896E-01
  1.6372E+01  1.0000E+02  9.5611E+02  9.5546E+01  9.4607E+02  4.1871E-01  2.9464E-01
  1.4144E+01  1.4000E+02  9.5241E+02  9.3597E+01  9.3860E+02  7.8528E-01  3.6909E-01
  1.2457E+01  1.8000E+02  9.4791E+02  9.1598E+01  9.3054E+02  1.4803E+00  5.2681E-01
  1.1097E+01  2.2000E+02  9.4264E+02  8.9556E+01  9.2192E+02  2.3707E+00  6.8047E-01
  9.9564E+00  2.6000E+02  9.3685E+02  8.7476E+01  9.1297E+02  3.2566E+00  7.8339E-01
  8.9750E+00  3.0000E+02  9.3069E+02  8.5361E+01  9.0382E+02  4.1270E+00  8.5446E-01
  8.1127E+00  3.4000E+02  9.2416E+02  8.3215E+01  8.9449E+02  5.0780E+00  9.2388E-01
  7.3415E+00  3.8000E+02  9.1719E+02  8.1042E+01  8.8487E+02  6.2149E+00  1.0112E+00
  6.6411E+00  4.2000E+02  9.0970E+02  7.8846E+01  8.7487E+02  7.5714E+00  1.1188E+00
  5.9972E+00  4.6000E+02  9.0165E+02  7.6628E+01  8.6448E+02  9.0455E+00  1.2288E+00
  5.3998E+00  5.0000E+02  8.9316E+02  7.4393E+01  8.5377E+02  1.0480E+01  1.3209E+00
  4.8417E+00  5.4000E+02  8.8434E+02  7.2142E+01  8.4286E+02  1.1773E+01  1.3862E+00
  4.3176E+00  5.8000E+02  8.7532E+02  6.9878E+01  8.3188E+02  1.2886E+01  1.4249E+00
  3.8232E+00  6.2000E+02  8.6621E+02  6.7601E+01  8.2094E+02  1.3824E+01  1.4420E+00
  3.3549E+00  6.6000E+02  8.5707E+02  6.5316E+01  8.1008E+02  1.4626E+01  1.4449E+00
  2.9099E+00  7.0000E+02  8.4796E+02  6.3024E+01  7.9936E+02  1.5332E+01  1.4397E+00
  2.4853E+00  7.4000E+02  8.3888E+02  6.0728E+01  7.8878E+02  1.5968E+01  1.4302E+00
  2.0792E+00  7.8000E+02  8.2985E+02  5.8431E+01  7.7836E+02  1.6579E+01  1.4205E+00
  1.6897E+00  8.2000E+02  8.2085E+02  5.6141E+01  7.6806E+02  1.7238E+01  1.4165E+00
  1.3155E+00  8.6000E+02  8.1183E+02  5.3863E+01  7.5786E+02  1.8007E+01  1.4219E+00
  9.5521E-01  9.0000E+02  8.0271E+02  5.1615E+01  7.4764E+02  1.9083E+01  1.4504E+00
  6.0777E-01  9.4000E+02  7.9336E+02  4.9427E+01  7.3730E+02  2.0612E+01  1.5109E+00
  2.7165E-01  9.8000E+02  7.8396E+02  4.7343E+01  7.2700E+02  2.1763E+01  1.5433E+00
