  25  3.7500000E+00
  2.6889E+01  2.0000E+01  9.9559E+02  1.0105E+02  9.9385E+02  0.0000E+00  0.0000E+00
  1.9775E+01  6.0000E+01  9.9245E+02  9.9243E+01  9.8641E+02  1.8764E-01  2.8161E-01
  1.6431E+01  1.0000E+02  9.8916E+02  9.7362E+01  9.7909E+02  4.2120E-01  2.9719E-01
  1.4200E+01  1.4000E+02  9.8540E+02  9.5420E+01  9.7153E+02  8.1571E-01  3.8398E-01
  1.2509E+01  1.8000E+02  9.8068E+02  9.3427E+01  9.6322E+02  1.6132E+00  5.7548E-01
  1.1144E+01  2.2000E+02  9.7504E+02  9.1390E+01  9.5421E+02  2.6349E+00  7.5876E-01
  9.9998E+00  2.6000E+02  9.6884E+02  8.9312E+01  9.4482E+02  3.6045E+00  8.7021E-01
  9.0147E+00  3.0000E+02  9.6232E+02  8.7197E+01  9.3529E+02  4.4714E+00  9.2926E-01
  8.1491E+00  3.4000E+02  9.5554E+02  8.5049E+01  9.2567E+02  5.3558E+00  9.7815E-01
  7.3747E+00  3.8000E+02  9.4838E+02  8.2872E+01  9.1583E+02  6.4282E+00  1.0502E+00
  6.6713E+00  4.2000E+02  9.4071E+02  8.0669E+01  9.0564E+02  7.7689E+00  1.1531E+00
  6.0243E+00  4.6000E+02  9.3249E+02  7.8445E+01  8.9503E+02  9.2704E+00  1.2653E+00
  5.4240E+00  5.0000E+02  9.2379E+02  7.6200E+01  8.8409E+02  1.0752E+01  1.3618E+00
  4.8632E+00  5.4000E+02  9.1475E+02  7.3939E+01  8.7293E+02  1.2097E+01  1.4313E+00
  4.3365E+00  5.8000E+02  9.0549E+02  7.1663E+01  8.6168E+02  1.3255E+01  1.4729E+00
  3.8397E+00  6.2000E+02  8.9613E+02  6.9374E+01  8.5046E+02  1.4237E+01  1.4923E+00
  3.3692E+00  6.6000E+02  8.8673E+02  6.7074E+01  8.3931E+02  1.5077E+01  1.4967E+00
  2.9219E+00  7.0000E+02  8.7736E+02  6.4768E+01  8.2830E+02  1.5803E+01  1.4911E+00
  2.4954E+00  7.4000E+02  8.6803E+02  6.2456E+01  8.1745E+02  1.6448E+01  1.4800E+00
  2.0875E+00  7.8000E+02  8.5876E+02  6.0145E+01  8.0676E+02  1.7076E+01  1.4696E+00
  1.6963E+00  8.2000E+02  8.4950E+02  5.7838E+01  7.9619E+02  1.7766E+01  1.4661E+00
  1.3205E+00  8.6000E+02  8.4022E+02  5.5546E+01  7.8569E+02  1.8587E+01  1.4739E+00
  9.5882E-01  9.0000E+02  8.3081E+02  5.3285E+01  7.7517E+02  1.9762E+01  1.5080E+00
  6.1005E-01  9.4000E+02  8.2116E+02  5.1090E+01  7.6451E+02  2.1390E+01  1.5740E+00
  2.7266E-01  9.8000E+02  8.1145E+02  4.9009E+01  7.5388E+02  2.2614E+01  1.6097E+00
