  25  3.7500000E+00
  2.7122E+01  2.0000E+01  1.0580E+03  1.0428E+02  1.0563E+03  0.0000E+00  0.0000E+00
  1.9942E+01  6.0000E+01  1.0549E+03  1.0250E+02  1.0488E+03  1.9073E-01  2.8893E-01
  1.6566E+01  1.0000E+02  1.0516E+03  1.0063E+02  1.0414E+03  4.2361E-01  3.0171E-01
  1.4316E+01  1.4000E+02  1.0477E+03  9.8702E+01  1.0338E+03  8.4063E-01  3.9901E-01
  1.2611E+01  1.8000E+02  1.0427E+03  9.6719E+01  1.0251E+03  1.7695E+00  6.3664E-01
  1.1234E+01  2.2000E+02  1.0366E+03  9.4689E+01  1.0156E+03  2.9764E+00  8.6431E-01
  1.0081E+01  2.6000E+02  1.0298E+03  9.2615E+01  1.0056E+03  4.0844E+00  9.9366E-01
  9.0896E+00  3.0000E+02  1.0228E+03  9.0501E+01  9.9544E+02  4.9968E+00  1.0455E+00
  8.2185E+00  3.4000E+02  1.0155E+03  8.8350E+01  9.8531E+02  5.8413E+00  1.0735E+00
  7.4394E+00  3.8000E+02  1.0080E+03  8.6166E+01  9.7504E+02  6.8727E+00  1.1298E+00
  6.7312E+00  4.2000E+02  9.9993E+02  8.3953E+01  9.6440E+02  8.2525E+00  1.2330E+00
  6.0795E+00  4.6000E+02  9.9125E+02  8.1716E+01  9.5329E+02  9.8827E+00  1.3588E+00
  5.4744E+00  5.0000E+02  9.8201E+02  7.9456E+01  9.4175E+02  1.1533E+01  1.4724E+00
  4.9088E+00  5.4000E+02  9.7236E+02  7.7178E+01  9.2994E+02  1.3031E+01  1.5549E+00
  4.3774E+00  5.8000E+02  9.6246E+02  7.4883E+01  9.1800E+02  1.4304E+01  1.6038E+00
  3.8758E+00  6.2000E+02  9.5245E+02  7.2573E+01  9.0607E+02  1.5369E+01  1.6263E+00
  3.4007E+00  6.6000E+02  9.4239E+02  7.0252E+01  8.9422E+02  1.6276E+01  1.6315E+00
  2.9491E+00  7.0000E+02  9.3236E+02  6.7923E+01  8.8250E+02  1.7058E+01  1.6255E+00
  2.5183E+00  7.4000E+02  9.2238E+02  6.5589E+01  8.7095E+02  1.7745E+01  1.6125E+00
  2.1064E+00  7.8000E+02  9.1247E+02  6.3254E+01  8.5958E+02  1.8389E+01  1.5981E+00
  1.7115E+00  8.2000E+02  9.0261E+02  6.0924E+01  8.4835E+02  1.9084E+01  1.5899E+00
  1.3322E+00  8.6000E+02  8.9272E+02  5.8611E+01  8.3721E+02  1.9969E+01  1.5981E+00
  9.6728E-01  9.0000E+02  8.8266E+02  5.6336E+01  8.2600E+02  2.1335E+01  1.6427E+00
  6.1541E-01  9.4000E+02  8.7231E+02  5.4139E+01  8.1459E+02  2.3174E+01  1.7204E+00
  2.7505E-01  9.8000E+02  8.6191E+02  5.2079E+01  8.0324E+02  2.4500E+01  1.7593E+00
