  25  3.7500000E+00
  2.6007E+01  2.0000E+01  6.9111E+02  7.4900E+01  6.8972E+02  0.0000E+00  0.0000E+00
  1.9112E+01  6.0000E+01  6.8268E+02  7.3884E+01  6.7808E+02  1.0760E+00  1.5653E+00
  1.5872E+01  1.0000E+02  6.7769E+02  7.2509E+01  6.7005E+02  1.1161E+00  7.6292E-01
  1.3718E+01  1.4000E+02  6.7390E+02  7.0935E+01  6.6335E+02  1.0290E+00  4.6760E-01
  1.2095E+01  1.8000E+02  6.7047E+02  6.9270E+01  6.5716E+02  1.0835E+00  3.7107E-01
  1.0787E+01  2.2000E+02  6.6695E+02  6.7551E+01  6.5099E+02  1.3804E+00  3.8103E-01
  9.6880E+00  2.6000E+02  6.6279E+02  6.5794E+01  6.4432E+02  2.1859E+00  5.0662E-01
  8.7393E+00  3.0000E+02  6.5771E+02  6.4011E+01  6.3686E+02  3.4719E+00  6.9494E-01
  7.9030E+00  3.4000E+02  6.5202E+02  6.2211E+01  6.2889E+02  4.6583E+00  8.2182E-01
  7.1539E+00  3.8000E+02  6.4606E+02  6.0399E+01  6.2077E+02  5.5354E+00  8.7486E-01
  6.4734E+00  4.2000E+02  6.3998E+02  5.8576E+01  6.1265E+02  6.2510E+00  8.9755E-01
  5.8479E+00  4.6000E+02  6.3380E+02  5.6744E+01  6.0454E+02  6.9465E+00  9.1662E-01
  5.2680E+00  5.0000E+02  6.2752E+02  5.4905E+01  5.9641E+02  7.6681E+00  9.3816E-01
  4.7267E+00  5.4000E+02  6.2113E+02  5.3060E+01  5.8829E+02  8.3891E+00  9.5820E-01
  4.2185E+00  5.8000E+02  6.1468E+02  5.1211E+01  5.8020E+02  9.0495E+00  9.7017E-01
  3.7392E+00  6.2000E+02  6.0821E+02  4.9359E+01  5.7217E+02  9.6399E+00  9.7491E-01
  3.2847E+00  6.6000E+02  6.0172E+02  4.7504E+01  5.6422E+02  1.0208E+01  9.7884E-01
  2.8518E+00  7.0000E+02  5.9518E+02  4.5650E+01  5.5630E+02  1.0823E+01  9.8848E-01
  2.4379E+00  7.4000E+02  5.8855E+02  4.3799E+01  5.4838E+02  1.1534E+01  1.0071E+00
  2.0412E+00  7.8000E+02  5.8182E+02  4.1952E+01  5.4044E+02  1.2313E+01  1.0306E+00
  1.6600E+00  8.2000E+02  5.7500E+02  4.0115E+01  5.3248E+02  1.3086E+01  1.0524E+00
  1.2931E+00  8.6000E+02  5.6811E+02  3.8291E+01  5.2454E+02  1.3808E+01  1.0688E+00
  9.3952E-01  9.0000E+02  5.6112E+02  3.6490E+01  5.1656E+02  1.4678E+01  1.0951E+00
  5.9809E-01  9.4000E+02  5.5386E+02  3.4730E+01  5.0840E+02  1.6105E+01  1.1601E+00
  2.6746E-01  9.8000E+02  5.4653E+02  3.3035E+01  5.0023E+02  1.7035E+01  1.1883E+00
