  25  3.7500000E+00
  2.5605E+01  2.0000E+01  3.9724E+02  6.0894E+01  3.9561E+02  0.0000E+00  0.0000E+00
  1.8804E+01  6.0000E+01  3.9430E+02  5.8744E+01  3.8895E+02  1.1488E-01  1.6485E-01
  1.5623E+01  1.0000E+02  3.9146E+02  5.6635E+01  3.8274E+02  2.2979E-01  1.5423E-01
  1.3512E+01  1.4000E+02  3.8872E+02  5.4566E+01  3.7694E+02  3.2037E-01  1.4268E-01
  1.1922E+01  1.8000E+02  3.8603E+02  5.2536E+01  3.7146E+02  4.1396E-01  1.3886E-01
  1.0641E+01  2.2000E+02  3.8300E+02  5.0544E+01  3.6588E+02  8.1411E-01  2.2009E-01
  9.5636E+00  2.6000E+02  3.7904E+02  4.8590E+01  3.5958E+02  1.8600E+00  4.2274E-01
  8.6318E+00  3.0000E+02  3.7456E+02  4.6672E+01  3.5296E+02  2.7438E+00  5.3938E-01
  7.8096E+00  3.4000E+02  3.6998E+02  4.4787E+01  3.4640E+02  3.2785E+00  5.6873E-01
  7.0724E+00  3.8000E+02  3.6550E+02  4.2932E+01  3.4009E+02  3.5672E+00  5.5481E-01
  6.4026E+00  4.2000E+02  3.6113E+02  4.1106E+01  3.3404E+02  3.7949E+00  5.3629E-01
  5.7874E+00  4.6000E+02  3.5683E+02  3.9307E+01  3.2817E+02  4.0729E+00  5.2862E-01
  5.2177E+00  5.0000E+02  3.5255E+02  3.7533E+01  3.2246E+02  4.3847E+00  5.2702E-01
  4.6867E+00  5.4000E+02  3.4833E+02  3.5784E+01  3.1690E+02  4.6689E+00  5.2306E-01
  4.1883E+00  5.8000E+02  3.4414E+02  3.4057E+01  3.1148E+02  4.9317E+00  5.1858E-01
  3.7167E+00  6.2000E+02  3.3990E+02  3.2352E+01  3.0611E+02  5.3795E+00  5.3527E-01
  3.2677E+00  6.6000E+02  3.3547E+02  3.0669E+01  3.0063E+02  6.1051E+00  5.7837E-01
  2.8386E+00  7.0000E+02  3.3084E+02  2.9008E+01  2.9503E+02  6.9260E+00  6.2696E-01
  2.4277E+00  7.4000E+02  3.2605E+02  2.7368E+01  2.8935E+02  7.6683E+00  6.6489E-01
  2.0332E+00  7.8000E+02  3.2117E+02  2.5749E+01  2.8366E+02  8.2707E+00  6.8825E-01
  1.6540E+00  8.2000E+02  3.1625E+02  2.4150E+01  2.7800E+02  8.7519E+00  7.0021E-01
  1.2889E+00  8.6000E+02  3.1133E+02  2.2573E+01  2.7241E+02  9.1492E+00  7.0487E-01
  9.3679E-01  9.0000E+02  3.0634E+02  2.1019E+01  2.6681E+02  9.7671E+00  7.2550E-01
  5.9662E-01  9.4000E+02  3.0118E+02  1.9496E+01  2.6110E+02  1.0690E+01  7.6716E-01
  2.6691E-01  9.8000E+02  2.9612E+02  1.8002E+01  2.5555E+02  1.0823E+01  7.5286E-01
