  25  3.7500000E+00
  2.5544E+01  2.0000E+01  1.6483E+02  3.5935E+01  1.6338E+02  0.0000E+00  0.0000E+00
  1.8764E+01  6.0000E+01  1.6206E+02  3.3628E+01  1.5752E+02  6.8400E-02  9.7839E-02
  1.5590E+01  1.0000E+02  1.5957E+02  3.1565E+01  1.5245E+02  1.3194E-01  8.8347E-02
  1.3482E+01  1.4000E+02  1.5731E+02  2.9690E+01  1.4798E+02  1.8216E-01  8.1047E-02
  1.1893E+01  1.8000E+02  1.5522E+02  2.7965E+01  1.4398E+02  2.3105E-01  7.7449E-02
  1.0613E+01  2.2000E+02  1.5305E+02  2.6364E+01  1.4013E+02  4.4857E-01  1.2114E-01
  9.5373E+00  2.6000E+02  1.5040E+02  2.4868E+01  1.3600E+02  1.0731E+00  2.4350E-01
  8.6073E+00  3.0000E+02  1.4750E+02  2.3460E+01  1.3179E+02  1.6045E+00  3.1481E-01
  7.7868E+00  3.4000E+02  1.4460E+02  2.2128E+01  1.2772E+02  1.9076E+00  3.3023E-01
  7.0515E+00  3.8000E+02  1.4183E+02  2.0862E+01  1.2389E+02  2.0469E+00  3.1754E-01
  6.3841E+00  4.2000E+02  1.3921E+02  1.9655E+01  1.2032E+02  2.1159E+00  2.9795E-01
  5.7719E+00  4.6000E+02  1.3672E+02  1.8499E+01  1.1697E+02  2.1811E+00  2.8172E-01
  5.2057E+00  5.0000E+02  1.3433E+02  1.7389E+01  1.1380E+02  2.2495E+00  2.6870E-01
  4.6785E+00  5.4000E+02  1.3206E+02  1.6321E+01  1.1082E+02  2.2851E+00  2.5417E-01
  4.1829E+00  5.8000E+02  1.2983E+02  1.5290E+01  1.0795E+02  2.4107E+00  2.5208E-01
  3.7126E+00  6.2000E+02  1.2754E+02  1.4293E+01  1.0507E+02  2.7564E+00  2.7350E-01
  3.2642E+00  6.6000E+02  1.2514E+02  1.3328E+01  1.0213E+02  3.1962E+00  3.0231E-01
  2.8357E+00  7.0000E+02  1.2267E+02  1.2393E+01  9.9177E+01  3.5902E+00  3.2457E-01
  2.4253E+00  7.4000E+02  1.2016E+02  1.1486E+01  9.6229E+01  3.9067E+00  3.3832E-01
  2.0313E+00  7.8000E+02  1.1764E+02  1.0605E+01  9.3315E+01  4.1602E+00  3.4579E-01
  1.6525E+00  8.2000E+02  1.1513E+02  9.7480E+00  9.0453E+01  4.3602E+00  3.4845E-01
  1.2878E+00  8.6000E+02  1.1265E+02  8.9138E+00  8.7654E+01  4.5194E+00  3.4780E-01
  9.3610E-01  9.0000E+02  1.1014E+02  8.1017E+00  8.4870E+01  4.8142E+00  3.5720E-01
  5.9623E-01  9.4000E+02  1.0759E+02  7.3117E+00  8.2072E+01  5.1891E+00  3.7209E-01
  2.6673E-01  9.8000E+02  1.0514E+02  6.5405E+00  7.9403E+01  5.1100E+00  3.5523E-01
