  50  3.7500000E+00
  1.2000E+02  2.2700E-05  1.3633E+03  1.2365E+02  1.3633E+03  0.0000E+00  0.0000E+00
  1.1500E+02  3.5600E-05  1.3633E+03  1.2365E+02  1.3633E+03 -1.2030E-03 -3.9351E+03
  1.1000E+02  6.1100E-05  1.3633E+03  1.2365E+02  1.3633E+03  1.0332E-03  1.7097E+03
  1.0500E+02  1.1700E-04  1.3633E+03  1.2365E+02  1.3633E+03 -5.9188E-06 -4.4678E+00
  1.0000E+02  2.5800E-04  1.3633E+03  1.2365E+02  1.3633E+03  9.8345E-06  2.9431E+00
  9.5000E+01  6.2500E-04  1.3633E+03  1.2365E+02  1.3633E+03  5.0308E-05  5.7842E+00
  9.0000E+01  1.6400E-03  1.3633E+03  1.2365E+02  1.3633E+03  1.6522E-04  6.8686E+00
  8.5000E+01  4.4800E-03  1.3633E+03  1.2365E+02  1.3633E+03  3.8481E-04  5.7174E+00
  8.0000E+01  1.2000E-02  1.3632E+03  1.2365E+02  1.3633E+03  5.0634E-04  2.8412E+00
  7.5000E+01  3.0000E-02  1.3632E+03  1.2365E+02  1.3632E+03  7.7961E-04  1.8276E+00
  7.0000E+01  6.7000E-02  1.3632E+03  1.2365E+02  1.3632E+03  2.7040E-03  3.0837E+00
  6.5000E+01  1.3900E-01  1.3632E+03  1.2364E+02  1.3632E+03  1.0132E-02  5.9379E+00
  6.0000E+01  2.7200E-01  1.3630E+03  1.2364E+02  1.3630E+03  3.1041E-02  9.8480E+00
  5.5000E+01  5.1500E-01  1.3626E+03  1.2363E+02  1.3626E+03  7.7933E-02  1.3533E+01
  5.0000E+01  9.5100E-01  1.3617E+03  1.2361E+02  1.3616E+03  1.9021E-01  1.8409E+01
  4.7500E+01  1.2900E+00  1.3608E+03  1.2361E+02  1.3607E+03  3.2578E-01  2.0275E+01
  4.5000E+01  1.7600E+00  1.3596E+03  1.2360E+02  1.3595E+03  4.7235E-01  2.1204E+01
  4.2500E+01  2.4100E+00  1.3580E+03  1.2360E+02  1.3578E+03  6.3768E-01  2.0698E+01
  4.0000E+01  3.3300E+00  1.3561E+03  1.2360E+02  1.3558E+03  7.7030E-01  1.7665E+01
  3.7500E+01  4.6400E+00  1.3540E+03  1.2363E+02  1.3536E+03  8.5794E-01  1.3817E+01
  3.5000E+01  6.5200E+00  1.3517E+03  1.2368E+02  1.3511E+03  9.4332E-01  1.0586E+01
  3.2500E+01  9.3000E+00  1.3493E+03  1.2374E+02  1.3484E+03  1.0017E+00  7.6024E+00
  3.0000E+01  1.3200E+01  1.3467E+03  1.2381E+02  1.3455E+03  1.0309E+00  5.5769E+00
  2.7500E+01  1.9070E+01  1.3441E+03  1.2386E+02  1.3423E+03  1.0947E+00  3.9347E+00
  2.5000E+01  2.7700E+01  1.3411E+03  1.2389E+02  1.3386E+03  1.1896E+00  2.9082E+00
  2.4000E+01  3.2200E+01  1.3399E+03  1.2387E+02  1.3370E+03  1.2180E+00  2.2842E+00
  2.3000E+01  3.7600E+01  1.3386E+03  1.2382E+02  1.3353E+03  1.1961E+00  1.8692E+00
  2.2000E+01  4.3700E+01  1.3374E+03  1.2374E+02  1.3334E+03  1.1970E+00  1.6560E+00
  2.1000E+01  5.1000E+01  1.3360E+03  1.2362E+02  1.3315E+03  1.1944E+00  1.3808E+00
  2.0000E+01  5.9500E+01  1.3347E+03  1.2344E+02  1.3294E+03  1.1931E+00  1.1846E+00
  1.9000E+01  6.9500E+01  1.3333E+03  1.2319E+02  1.3271E+03  1.1617E+00  9.8042E-01
  1.8000E+01  8.1200E+01  1.3318E+03  1.2284E+02  1.3247E+03  1.0661E+00  7.6896E-01
  1.7000E+01  9.5000E+01  1.3304E+03  1.2238E+02  1.3221E+03  9.7977E-01  5.9916E-01
  1.6000E+01  1.1100E+02  1.3288E+03  1.2180E+02  1.3192E+03  9.8703E-01  5.2061E-01
  1.5000E+01  1.3000E+02  1.3271E+03  1.2110E+02  1.3159E+03  1.0503E+00  4.6649E-01
  1.4000E+01  1.5300E+02  1.3251E+03  1.2025E+02  1.3121E+03  1.1336E+00  4.1595E-01
  1.3000E+01  1.7900E+02  1.3229E+03  1.1921E+02  1.3078E+03  1.1805E+00  3.8317E-01
  1.2000E+01  2.0900E+02  1.3204E+03  1.1796E+02  1.3031E+03  1.1898E+00  3.3469E-01
  1.1000E+01  2.4300E+02  1.3177E+03  1.1650E+02  1.2979E+03  1.2356E+00  3.0669E-01
  1.0000E+01  2.8100E+02  1.3148E+03  1.1481E+02  1.2921E+03  1.2841E+00  2.8519E-01
  9.0000E+00  3.2400E+02  1.3115E+03  1.1285E+02  1.2858E+03  1.3433E+00  2.6365E-01
  8.0000E+00  3.7200E+02  1.3078E+03  1.1060E+02  1.2789E+03  1.4232E+00  2.5021E-01
  7.0000E+00  4.2600E+02  1.3037E+03  1.0801E+02  1.2714E+03  1.5070E+00  2.3552E-01
  6.0000E+00  4.8700E+02  1.2991E+03  1.0505E+02  1.2632E+03  1.6011E+00  2.2151E-01
  5.0000E+00  5.5400E+02  1.2940E+03  1.0167E+02  1.2544E+03  1.7049E+00  2.1475E-01
  4.0000E+00  6.2800E+02  1.2884E+03  9.7807E+01  1.2448E+03  1.8218E+00  2.0776E-01
  3.0000E+00  7.1000E+02  1.2820E+03  9.3408E+01  1.2345E+03  1.9509E+00  2.0079E-01
  2.0000E+00  8.0200E+02  1.2749E+03  8.8400E+01  1.2234E+03  2.0963E+00  1.9229E-01
  1.0000E+00  9.0200E+02  1.2669E+03  8.2693E+01  1.2115E+03  2.2648E+00  1.9113E-01
  0.0000E+00  1.0130E+03  1.2580E+03  7.6188E+01  1.1988E+03  2.4676E+00  1.8761E-01
