  50  3.7500000E+00
  1.2000E+02  3.6000E-05  1.3633E+03  1.1090E+02  1.3633E+03  0.0000E+00  0.0000E+00
  1.1500E+02  5.9800E-05  1.3633E+03  1.1090E+02  1.3633E+03 -1.9732E-04 -3.4984E+02
  1.1000E+02  1.0570E-04  1.3633E+03  1.1090E+02  1.3633E+03  1.0044E-04  9.2338E+01
  1.0500E+02  2.0000E-04  1.3633E+03  1.1090E+02  1.3633E+03 -8.2683E-07 -3.6998E-01
  1.0000E+02  4.0740E-04  1.3633E+03  1.1090E+02  1.3633E+03  7.6416E-05  1.5547E+01
  9.5000E+01  8.7700E-04  1.3633E+03  1.1090E+02  1.3633E+03  3.4130E-04  3.0668E+01
  9.0000E+01  1.9800E-03  1.3633E+03  1.1090E+02  1.3633E+03  9.3537E-04  3.5783E+01
  8.5000E+01  4.5600E-03  1.3632E+03  1.1090E+02  1.3632E+03  1.6957E-03  2.7733E+01
  8.0000E+01  1.0300E-02  1.3632E+03  1.1090E+02  1.3632E+03  1.9837E-03  1.4583E+01
  7.5000E+01  2.2200E-02  1.3632E+03  1.1089E+02  1.3632E+03  3.0553E-03  1.0834E+01
  7.0000E+01  4.7000E-02  1.3632E+03  1.1089E+02  1.3632E+03  7.5627E-03  1.2868E+01
  6.5000E+01  9.5000E-02  1.3631E+03  1.1089E+02  1.3631E+03  2.3267E-02  2.0454E+01
  6.0000E+01  1.8800E-01  1.3627E+03  1.1089E+02  1.3627E+03  7.6590E-02  3.4750E+01
  5.5000E+01  3.6200E-01  1.3616E+03  1.1088E+02  1.3615E+03  2.1858E-01  5.3007E+01
  5.0000E+01  6.8300E-01  1.3592E+03  1.1088E+02  1.3591E+03  4.7607E-01  6.2580E+01
  4.7500E+01  9.4000E-01  1.3576E+03  1.1088E+02  1.3575E+03  6.5750E-01  5.3976E+01
  4.5000E+01  1.2900E+00  1.3556E+03  1.1089E+02  1.3555E+03  7.6601E-01  4.6175E+01
  4.2500E+01  1.8000E+00  1.3534E+03  1.1091E+02  1.3532E+03  9.0907E-01  3.7607E+01
  4.0000E+01  2.5300E+00  1.3507E+03  1.1096E+02  1.3504E+03  1.1057E+00  3.1956E+01
  3.7500E+01  3.6000E+00  1.3476E+03  1.1103E+02  1.3473E+03  1.2561E+00  2.4767E+01
  3.5000E+01  5.1800E+00  1.3442E+03  1.1115E+02  1.3438E+03  1.4020E+00  1.8721E+01
  3.2500E+01  7.5600E+00  1.3403E+03  1.1132E+02  1.3396E+03  1.6500E+00  1.4627E+01
  3.0000E+01  1.1100E+01  1.3356E+03  1.1156E+02  1.3346E+03  1.9728E+00  1.1758E+01
  2.7500E+01  1.6460E+01  1.3298E+03  1.1186E+02  1.3285E+03  2.4137E+00  9.5009E+00
  2.5000E+01  2.4400E+01  1.3227E+03  1.1228E+02  1.3207E+03  3.0293E+00  8.0495E+00
  2.4000E+01  2.8600E+01  1.3194E+03  1.1248E+02  1.3171E+03  3.4643E+00  6.9609E+00
  2.3000E+01  3.3400E+01  1.3160E+03  1.1268E+02  1.3132E+03  3.6454E+00  6.4092E+00
  2.2000E+01  3.9100E+01  1.3124E+03  1.1288E+02  1.3092E+03  3.8164E+00  5.6504E+00
  2.1000E+01  4.5800E+01  1.3086E+03  1.1308E+02  1.3049E+03  3.9762E+00  5.0084E+00
  2.0000E+01  5.3700E+01  1.3048E+03  1.1326E+02  1.3005E+03  3.9853E+00  4.2573E+00
  1.9000E+01  6.2800E+01  1.3011E+03  1.1337E+02  1.2961E+03  3.7868E+00  3.5118E+00
  1.8000E+01  7.3600E+01  1.2976E+03  1.1338E+02  1.2918E+03  3.5204E+00  2.7509E+00
  1.7000E+01  8.6100E+01  1.2943E+03  1.1330E+02  1.2875E+03  3.2631E+00  2.2030E+00
  1.6000E+01  1.0070E+02  1.2910E+03  1.1310E+02  1.2832E+03  3.0473E+00  1.7614E+00
  1.5000E+01  1.1780E+02  1.2878E+03  1.1278E+02  1.2787E+03  2.9263E+00  1.4442E+00
  1.4000E+01  1.3780E+02  1.2844E+03  1.1235E+02  1.2738E+03  2.9714E+00  1.2538E+00
  1.3000E+01  1.6110E+02  1.2807E+03  1.1179E+02  1.2685E+03  3.1110E+00  1.1268E+00
  1.2000E+01  1.8820E+02  1.2769E+03  1.1106E+02  1.2628E+03  3.0513E+00  9.5020E-01
  1.1000E+01  2.1990E+02  1.2731E+03  1.1007E+02  1.2569E+03  2.7681E+00  7.3692E-01
  1.0000E+01  2.5680E+02  1.2694E+03  1.0877E+02  1.2507E+03  2.4586E+00  5.6230E-01
  9.0000E+00  2.9930E+02  1.2656E+03  1.0716E+02  1.2442E+03  2.1996E+00  4.3677E-01
  8.0000E+00  3.4730E+02  1.2616E+03  1.0522E+02  1.2372E+03  2.0241E+00  3.5588E-01
  7.0000E+00  4.0160E+02  1.2574E+03  1.0294E+02  1.2297E+03  1.9627E+00  3.0504E-01
  6.0000E+00  4.6270E+02  1.2527E+03  1.0027E+02  1.2216E+03  1.9769E+00  2.7305E-01
  5.0000E+00  5.3130E+02  1.2476E+03  9.7178E+01  1.2129E+03  2.0277E+00  2.4945E-01
  4.0000E+00  6.0810E+02  1.2419E+03  9.3603E+01  1.2034E+03  2.1060E+00  2.3142E-01
  3.0000E+00  6.9380E+02  1.2356E+03  8.9487E+01  1.1931E+03  2.2220E+00  2.1881E-01
  2.0000E+00  7.8970E+02  1.2284E+03  8.4740E+01  1.1819E+03  2.3977E+00  2.1100E-01
  1.0000E+00  8.9730E+02  1.2203E+03  7.9247E+01  1.1698E+03  2.6257E+00  2.0593E-01
  0.0000E+00  1.0180E+03  1.2111E+03  7.2903E+01  1.1567E+03  2.9186E+00  2.0407E-01
