  50  3.7500000E+00
  1.2000E+02  3.6000E-05  1.3633E+03  1.2283E+02  1.3633E+03  0.0000E+00  0.0000E+00
  1.1500E+02  5.9800E-05  1.3633E+03  1.2283E+02  1.3633E+03 -3.3728E-04 -5.9798E+02
  1.1000E+02  1.0570E-04  1.3633E+03  1.2283E+02  1.3633E+03  1.4911E-04  1.3708E+02
  1.0500E+02  2.0000E-04  1.3633E+03  1.2283E+02  1.3633E+03 -9.0926E-06 -4.0686E+00
  1.0000E+02  4.0740E-04  1.3633E+03  1.2283E+02  1.3633E+03  1.5839E-05  3.2226E+00
  9.5000E+01  8.7700E-04  1.3633E+03  1.2283E+02  1.3633E+03  6.9444E-05  6.2399E+00
  9.0000E+01  1.9800E-03  1.3633E+03  1.2283E+02  1.3633E+03  1.9016E-04  7.2748E+00
  8.5000E+01  4.5600E-03  1.3633E+03  1.2283E+02  1.3633E+03  3.4793E-04  5.6903E+00
  8.0000E+01  1.0300E-02  1.3633E+03  1.2283E+02  1.3633E+03  4.1701E-04  3.0655E+00
  7.5000E+01  2.2200E-02  1.3633E+03  1.2283E+02  1.3632E+03  6.5772E-04  2.3322E+00
  7.0000E+01  4.7000E-02  1.3632E+03  1.2283E+02  1.3632E+03  1.6331E-03  2.7786E+00
  6.5000E+01  9.5000E-02  1.3632E+03  1.2283E+02  1.3632E+03  4.9680E-03  4.3673E+00
  6.0000E+01  1.8800E-01  1.3631E+03  1.2282E+02  1.3631E+03  1.6576E-02  7.5207E+00
  5.5000E+01  3.6200E-01  1.3629E+03  1.2282E+02  1.3628E+03  5.1531E-02  1.2497E+01
  5.0000E+01  6.8300E-01  1.3621E+03  1.2281E+02  1.3621E+03  1.4417E-01  1.8952E+01
  4.7500E+01  9.4000E-01  1.3614E+03  1.2280E+02  1.3613E+03  2.7470E-01  2.2551E+01
  4.5000E+01  1.2900E+00  1.3604E+03  1.2280E+02  1.3603E+03  4.1898E-01  2.5256E+01
  4.2500E+01  1.8000E+00  1.3589E+03  1.2279E+02  1.3587E+03  5.8657E-01  2.4266E+01
  4.0000E+01  2.5300E+00  1.3571E+03  1.2279E+02  1.3569E+03  7.0787E-01  2.0458E+01
  3.7500E+01  3.6000E+00  1.3553E+03  1.2280E+02  1.3549E+03  7.4239E-01  1.4638E+01
  3.5000E+01  5.1800E+00  1.3534E+03  1.2281E+02  1.3529E+03  7.7827E-01  1.0392E+01
  3.2500E+01  7.5600E+00  1.3512E+03  1.2283E+02  1.3505E+03  8.6162E-01  7.6380E+00
  3.0000E+01  1.1100E+01  1.3489E+03  1.2284E+02  1.3478E+03  9.4196E-01  5.6139E+00
  2.7500E+01  1.6460E+01  1.3463E+03  1.2284E+02  1.3448E+03  1.0412E+00  4.0982E+00
  2.5000E+01  2.4400E+01  1.3433E+03  1.2282E+02  1.3410E+03  1.1978E+00  3.1827E+00
  2.4000E+01  2.8600E+01  1.3419E+03  1.2280E+02  1.3393E+03  1.3135E+00  2.6392E+00
  2.3000E+01  3.3400E+01  1.3405E+03  1.2277E+02  1.3375E+03  1.3628E+00  2.3961E+00
  2.2000E+01  3.9100E+01  1.3391E+03  1.2272E+02  1.3356E+03  1.4152E+00  2.0952E+00
  2.1000E+01  4.5800E+01  1.3375E+03  1.2263E+02  1.3334E+03  1.4707E+00  1.8524E+00
  2.0000E+01  5.3700E+01  1.3359E+03  1.2251E+02  1.3312E+03  1.4835E+00  1.5847E+00
  1.9000E+01  6.2800E+01  1.3343E+03  1.2233E+02  1.3288E+03  1.4361E+00  1.3318E+00
  1.8000E+01  7.3600E+01  1.3327E+03  1.2207E+02  1.3262E+03  1.3746E+00  1.0742E+00
  1.7000E+01  8.6100E+01  1.3310E+03  1.2172E+02  1.3235E+03  1.3233E+00  8.9340E-01
  1.6000E+01  1.0070E+02  1.3292E+03  1.2126E+02  1.3205E+03  1.2910E+00  7.4626E-01
  1.5000E+01  1.1780E+02  1.3274E+03  1.2069E+02  1.3173E+03  1.2951E+00  6.3914E-01
  1.4000E+01  1.3780E+02  1.3253E+03  1.1999E+02  1.3136E+03  1.3582E+00  5.7311E-01
  1.3000E+01  1.6110E+02  1.3230E+03  1.1915E+02  1.3095E+03  1.4572E+00  5.2779E-01
  1.2000E+01  1.8820E+02  1.3205E+03  1.1812E+02  1.3049E+03  1.4977E+00  4.6640E-01
  1.1000E+01  2.1990E+02  1.3177E+03  1.1685E+02  1.2997E+03  1.4726E+00  3.9203E-01
  1.0000E+01  2.5680E+02  1.3147E+03  1.1530E+02  1.2940E+03  1.4457E+00  3.3065E-01
  9.0000E+00  2.9930E+02  1.3114E+03  1.1343E+02  1.2877E+03  1.4388E+00  2.8570E-01
  8.0000E+00  3.4730E+02  1.3078E+03  1.1125E+02  1.2808E+03  1.4590E+00  2.5651E-01
  7.0000E+00  4.0160E+02  1.3037E+03  1.0870E+02  1.2732E+03  1.5183E+00  2.3598E-01
  6.0000E+00  4.6270E+02  1.2992E+03  1.0574E+02  1.2649E+03  1.6065E+00  2.2189E-01
  5.0000E+00  5.3130E+02  1.2940E+03  1.0233E+02  1.2558E+03  1.7125E+00  2.1068E-01
  4.0000E+00  6.0810E+02  1.2883E+03  9.8393E+01  1.2460E+03  1.8354E+00  2.0169E-01
  3.0000E+00  6.9380E+02  1.2818E+03  9.3867E+01  1.2353E+03  1.9803E+00  1.9500E-01
  2.0000E+00  7.8970E+02  1.2744E+03  8.8647E+01  1.2236E+03  2.1614E+00  1.9021E-01
  1.0000E+00  8.9730E+02  1.2660E+03  8.2605E+01  1.2110E+03  2.3830E+00  1.8690E-01
  0.0000E+00  1.0180E+03  1.2563E+03  7.5619E+01  1.1973E+03  2.6556E+00  1.8568E-01
