  50  3.7500000E+00
  1.2000E+02  2.5400E-05  1.3633E+03  1.1188E+02  1.3633E+03  0.0000E+00  0.0000E+00
  1.1500E+02  4.0100E-05  1.3633E+03  1.1188E+02  1.3633E+03 -1.4260E-03 -4.0932E+03
  1.1000E+02  7.1000E-05  1.3633E+03  1.1188E+02  1.3633E+03  4.1529E-04  5.6710E+02
  1.0500E+02  1.4500E-04  1.3633E+03  1.1188E+02  1.3633E+03  2.4714E-05  1.4092E+01
  1.0000E+02  3.2000E-04  1.3633E+03  1.1188E+02  1.3633E+03  6.5495E-05  1.5792E+01
  9.5000E+01  7.6000E-04  1.3633E+03  1.1188E+02  1.3633E+03  2.8750E-04  2.7571E+01
  9.0000E+01  1.8400E-03  1.3633E+03  1.1188E+02  1.3633E+03  8.0109E-04  3.1299E+01
  8.5000E+01  4.4600E-03  1.3632E+03  1.1188E+02  1.3632E+03  1.5440E-03  2.4867E+01
  8.0000E+01  1.0500E-02  1.3632E+03  1.1188E+02  1.3632E+03  2.2949E-03  1.6032E+01
  7.5000E+01  2.4000E-02  1.3632E+03  1.1188E+02  1.3632E+03  3.7237E-03  1.1639E+01
  7.0000E+01  5.2200E-02  1.3632E+03  1.1188E+02  1.3632E+03  8.3488E-03  1.2492E+01
  6.5000E+01  1.0900E-01  1.3630E+03  1.1188E+02  1.3630E+03  3.2565E-02  2.4192E+01
  6.0000E+01  2.1900E-01  1.3625E+03  1.1187E+02  1.3625E+03  1.0112E-01  3.8789E+01
  5.5000E+01  4.2500E-01  1.3612E+03  1.1187E+02  1.3611E+03  2.6124E-01  5.3510E+01
  5.0000E+01  7.9780E-01  1.3585E+03  1.1187E+02  1.3584E+03  5.4114E-01  6.1249E+01
  4.7500E+01  1.0900E+00  1.3567E+03  1.1187E+02  1.3566E+03  6.9813E-01  5.0407E+01
  4.5000E+01  1.4910E+00  1.3547E+03  1.1188E+02  1.3546E+03  8.1583E-01  4.2923E+01
  4.2500E+01  2.0600E+00  1.3524E+03  1.1192E+02  1.3522E+03  9.5492E-01  3.5408E+01
  4.0000E+01  2.8710E+00  1.3496E+03  1.1198E+02  1.3493E+03  1.1445E+00  2.9773E+01
  3.7500E+01  4.1500E+00  1.3463E+03  1.1208E+02  1.3459E+03  1.3425E+00  2.2145E+01
  3.5000E+01  5.7460E+00  1.3426E+03  1.1224E+02  1.3421E+03  1.5318E+00  2.0249E+01
  3.2500E+01  8.0100E+00  1.3385E+03  1.1247E+02  1.3377E+03  1.7612E+00  1.6412E+01
  3.0000E+01  1.1970E+01  1.3335E+03  1.1276E+02  1.3325E+03  2.0973E+00  1.1174E+01
  2.7500E+01  1.7430E+01  1.3276E+03  1.1314E+02  1.3261E+03  2.5331E+00  9.7881E+00
  2.5000E+01  2.5490E+01  1.3204E+03  1.1364E+02  1.3183E+03  3.0777E+00  8.0562E+00
  2.4000E+01  2.9720E+01  1.3171E+03  1.1386E+02  1.3147E+03  3.4525E+00  6.8880E+00
  2.3000E+01  3.4670E+01  1.3138E+03  1.1409E+02  1.3109E+03  3.5901E+00  6.1207E+00
  2.2000E+01  4.0470E+01  1.3103E+03  1.1431E+02  1.3070E+03  3.6882E+00  5.3665E+00
  2.1000E+01  4.7290E+01  1.3068E+03  1.1451E+02  1.3030E+03  3.6623E+00  4.5318E+00
  2.0000E+01  5.5290E+01  1.3034E+03  1.1466E+02  1.2990E+03  3.6070E+00  3.8050E+00
  1.9000E+01  6.4670E+01  1.3000E+03  1.1476E+02  1.2949E+03  3.4783E+00  3.1294E+00
  1.8000E+01  7.5650E+01  1.2968E+03  1.1476E+02  1.2908E+03  3.2365E+00  2.4876E+00
  1.7000E+01  8.8500E+01  1.2937E+03  1.1465E+02  1.2868E+03  2.9689E+00  1.9498E+00
  1.6000E+01  1.0350E+02  1.2908E+03  1.1441E+02  1.2827E+03  2.6730E+00  1.5039E+00
  1.5000E+01  1.2110E+02  1.2879E+03  1.1402E+02  1.2786E+03  2.4325E+00  1.1664E+00
  1.4000E+01  1.4170E+02  1.2851E+03  1.1347E+02  1.2742E+03  2.2881E+00  9.3735E-01
  1.3000E+01  1.6580E+02  1.2822E+03  1.1275E+02  1.2696E+03  2.1963E+00  7.6908E-01
  1.2000E+01  1.9400E+02  1.2791E+03  1.1183E+02  1.2645E+03  2.1570E+00  6.4551E-01
  1.1000E+01  2.2700E+02  1.2759E+03  1.1067E+02  1.2590E+03  2.0863E+00  5.3354E-01
  1.0000E+01  2.6500E+02  1.2725E+03  1.0923E+02  1.2531E+03  1.8967E+00  4.2122E-01
  9.0000E+00  3.0800E+02  1.2691E+03  1.0750E+02  1.2469E+03  1.7543E+00  3.4430E-01
  8.0000E+00  3.5650E+02  1.2653E+03  1.0547E+02  1.2401E+03  1.7013E+00  2.9603E-01
  7.0000E+00  4.1110E+02  1.2612E+03  1.0310E+02  1.2328E+03  1.7185E+00  2.6562E-01
  6.0000E+00  4.7220E+02  1.2567E+03  1.0037E+02  1.2248E+03  1.8036E+00  2.4912E-01
  5.0000E+00  5.4050E+02  1.2517E+03  9.7240E+01  1.2161E+03  1.9128E+00  2.3634E-01
  4.0000E+00  6.1660E+02  1.2460E+03  9.3650E+01  1.2067E+03  2.0485E+00  2.2717E-01
  3.0000E+00  7.0120E+02  1.2397E+03  8.9547E+01  1.1965E+03  2.2083E+00  2.2029E-01
  2.0000E+00  7.9500E+02  1.2326E+03  8.4869E+01  1.1856E+03  2.3980E+00  2.1575E-01
  1.0000E+00  8.9880E+02  1.2247E+03  7.9542E+01  1.1738E+03  2.5878E+00  2.1039E-01
  0.0000E+00  1.0130E+03  1.2159E+03  7.3489E+01  1.1613E+03  2.7880E+00  2.0603E-01
