  25  3.7500000E+00
  2.6703E+01  2.0000E+01  1.3329E+03  1.1299E+02  1.3316E+03  0.0000E+00  0.0000E+00
  1.9498E+01  6.0000E+01  1.3095E+03  1.1415E+02  1.3050E+03  3.4072E+00  5.1793E+00
  1.6233E+01  1.0000E+02  1.2989E+03  1.1389E+02  1.2914E+03  3.1446E+00  2.1659E+00
  1.4083E+01  1.4000E+02  1.2926E+03  1.1293E+02  1.2821E+03  2.4945E+00  1.1319E+00
  1.2496E+01  1.8000E+02  1.2878E+03  1.1170E+02  1.2744E+03  2.2606E+00  7.5646E-01
  1.1212E+01  2.2000E+02  1.2836E+03  1.1029E+02  1.2675E+03  2.1496E+00  5.8248E-01
  1.0132E+01  2.6000E+02  1.2800E+03  1.0876E+02  1.2611E+03  1.9653E+00  4.4803E-01
  9.1860E+00  3.0000E+02  1.2767E+03  1.0714E+02  1.2552E+03  1.8027E+00  3.5961E-01
  8.3402E+00  3.4000E+02  1.2735E+03  1.0546E+02  1.2495E+03  1.7388E+00  3.1029E-01
  7.5696E+00  3.8000E+02  1.2704E+03  1.0373E+02  1.2440E+03  1.7237E+00  2.8024E-01
  6.8543E+00  4.2000E+02  1.2674E+03  1.0193E+02  1.2385E+03  1.7620E+00  2.6590E-01
  6.1997E+00  4.6000E+02  1.2644E+03  1.0011E+02  1.2333E+03  1.8191E+00  2.5125E-01
  5.5930E+00  5.0000E+02  1.2614E+03  9.8278E+01  1.2281E+03  1.8832E+00  2.4105E-01
  5.0073E+00  5.4000E+02  1.2583E+03  9.6355E+01  1.2229E+03  1.9576E+00  2.4188E-01
  4.4809E+00  5.8000E+02  1.2554E+03  9.4491E+01  1.2180E+03  2.0336E+00  2.2584E-01
  3.9598E+00  6.2000E+02  1.2523E+03  9.2510E+01  1.2129E+03  2.1071E+00  2.3167E-01
  3.4870E+00  6.6000E+02  1.2494E+03  9.0590E+01  1.2082E+03  2.1878E+00  2.1824E-01
  3.0142E+00  7.0000E+02  1.2462E+03  8.8546E+01  1.2032E+03  2.2751E+00  2.2695E-01
  2.5864E+00  7.4000E+02  1.2433E+03  8.6584E+01  1.1986E+03  2.3614E+00  2.1315E-01
  2.1599E+00  7.8000E+02  1.2402E+03  8.4516E+01  1.1938E+03  2.4475E+00  2.2020E-01
  1.7592E+00  8.2000E+02  1.2371E+03  8.2464E+01  1.1892E+03  2.5280E+00  2.1375E-01
  1.3738E+00  8.6000E+02  1.2340E+03  8.0388E+01  1.1846E+03  2.6032E+00  2.1164E-01
  9.8949E-01  9.0000E+02  1.2308E+03  7.8214E+01  1.1800E+03  2.6750E+00  2.1689E-01
  6.3923E-01  9.4000E+02  1.2278E+03  7.6137E+01  1.1756E+03  2.7510E+00  2.0330E-01
  2.8897E-01  9.8000E+02  1.2246E+03  7.3966E+01  1.1712E+03  2.8338E+00  2.0941E-01
