  25  3.7500000E+00
  2.7231E+01  2.0000E+01  1.3322E+03  1.1373E+02  1.3310E+03  0.0000E+00  0.0000E+00
  1.9950E+01  6.0000E+01  1.3101E+03  1.1483E+02  1.3056E+03  3.1972E+00  4.9110E+00
  1.6688E+01  1.0000E+02  1.3010E+03  1.1432E+02  1.2935E+03  2.6102E+00  1.7966E+00
  1.4565E+01  1.4000E+02  1.2954E+03  1.1324E+02  1.2849E+03  2.1391E+00  9.5778E-01
  1.2967E+01  1.8000E+02  1.2907E+03  1.1194E+02  1.2773E+03  2.1222E+00  7.1573E-01
  1.1676E+01  2.2000E+02  1.2867E+03  1.1051E+02  1.2705E+03  1.9866E+00  5.4077E-01
  1.0553E+01  2.6000E+02  1.2830E+03  1.0896E+02  1.2641E+03  1.9113E+00  4.5319E-01
  9.5581E+00  3.0000E+02  1.2795E+03  1.0733E+02  1.2580E+03  1.8776E+00  3.9396E-01
  8.6667E+00  3.4000E+02  1.2762E+03  1.0565E+02  1.2521E+03  1.8873E+00  3.5497E-01
  7.8519E+00  3.8000E+02  1.2729E+03  1.0391E+02  1.2463E+03  1.9235E+00  3.3066E-01
  7.1111E+00  4.2000E+02  1.2697E+03  1.0215E+02  1.2407E+03  1.9625E+00  3.0670E-01
  6.4426E+00  4.6000E+02  1.2666E+03  1.0039E+02  1.2354E+03  2.0076E+00  2.8315E-01
  5.8060E+00  5.0000E+02  1.2634E+03  9.8561E+01  1.2301E+03  2.0496E+00  2.7531E-01
  5.2090E+00  5.4000E+02  1.2603E+03  9.6693E+01  1.2249E+03  2.0976E+00  2.6421E-01
  4.6486E+00  5.8000E+02  1.2572E+03  9.4798E+01  1.2198E+03  2.1534E+00  2.5456E-01
  4.1081E+00  6.2000E+02  1.2540E+03  9.2832E+01  1.2146E+03  2.2105E+00  2.5209E-01
  3.6098E+00  6.6000E+02  1.2510E+03  9.0891E+01  1.2097E+03  2.2690E+00  2.3857E-01
  3.1220E+00  7.0000E+02  1.2478E+03  8.8865E+01  1.2047E+03  2.3277E+00  2.3956E-01
  2.6739E+00  7.4000E+02  1.2448E+03  8.6887E+01  1.2000E+03  2.3871E+00  2.2564E-01
  2.2391E+00  7.8000E+02  1.2417E+03  8.4853E+01  1.1953E+03  2.4481E+00  2.2457E-01
  1.8200E+00  8.2000E+02  1.2385E+03  8.2781E+01  1.1906E+03  2.5106E+00  2.2201E-01
  1.4200E+00  8.6000E+02  1.2354E+03  8.0694E+01  1.1860E+03  2.5795E+00  2.1769E-01
  1.0200E+00  9.0000E+02  1.2322E+03  7.8495E+01  1.1812E+03  2.6513E+00  2.2375E-01
  6.5766E-01  9.4000E+02  1.2291E+03  7.6402E+01  1.1768E+03  2.7274E+00  2.0850E-01
  2.9730E-01  9.8000E+02  1.2259E+03  7.4220E+01  1.1723E+03  2.8108E+00  2.1370E-01
