  50  3.7500000E+00
  1.2000E+02  2.2600E-05  1.3633E+03  1.1169E+02  1.3633E+03  0.0000E+00  0.0000E+00
  1.1500E+02  3.5400E-05  1.3633E+03  1.1169E+02  1.3633E+03  2.2210E-03  7.3216E+03
  1.1000E+02  6.0000E-05  1.3633E+03  1.1169E+02  1.3633E+03 -4.0839E-04 -7.0051E+02
  1.0500E+02  1.1300E-04  1.3633E+03  1.1169E+02  1.3633E+03 -1.3045E-04 -1.0386E+02
  1.0000E+02  2.4800E-04  1.3633E+03  1.1169E+02  1.3633E+03  4.9560E-05  1.5491E+01
  9.5000E+01  6.0600E-04  1.3633E+03  1.1169E+02  1.3633E+03  2.6889E-04  3.1693E+01
  9.0000E+01  1.6100E-03  1.3633E+03  1.1169E+02  1.3633E+03  9.6080E-04  4.0380E+01
  8.5000E+01  4.5100E-03  1.3632E+03  1.1169E+02  1.3632E+03  2.2213E-03  3.2320E+01
  8.0000E+01  1.2500E-02  1.3632E+03  1.1169E+02  1.3632E+03  2.5822E-03  1.3637E+01
  7.5000E+01  3.2000E-02  1.3632E+03  1.1169E+02  1.3632E+03  3.8560E-03  8.3439E+00
  7.0000E+01  7.1000E-02  1.3631E+03  1.1169E+02  1.3631E+03  1.3592E-02  1.4706E+01
  6.5000E+01  1.4700E-01  1.3629E+03  1.1168E+02  1.3629E+03  5.0219E-02  2.7882E+01
  6.0000E+01  2.8800E-01  1.3622E+03  1.1168E+02  1.3622E+03  1.3610E-01  4.0729E+01
  5.5000E+01  5.3700E-01  1.3607E+03  1.1167E+02  1.3607E+03  2.9240E-01  4.9550E+01
  5.0000E+01  9.8700E-01  1.3582E+03  1.1167E+02  1.3581E+03  5.1101E-01  4.7916E+01
  4.7500E+01  1.3400E+00  1.3566E+03  1.1167E+02  1.3565E+03  6.3775E-01  3.8117E+01
  4.5000E+01  1.8200E+00  1.3547E+03  1.1168E+02  1.3545E+03  7.6603E-01  3.3670E+01
  4.2500E+01  2.4800E+00  1.3523E+03  1.1170E+02  1.3521E+03  9.4927E-01  3.0345E+01
  4.0000E+01  3.4000E+00  1.3494E+03  1.1176E+02  1.3490E+03  1.2136E+00  2.7830E+01
  3.7500E+01  4.7200E+00  1.3459E+03  1.1188E+02  1.3454E+03  1.4399E+00  2.3014E+01
  3.5000E+01  6.6100E+00  1.3420E+03  1.1205E+02  1.3414E+03  1.6286E+00  1.8180E+01
  3.2500E+01  9.4000E+00  1.3376E+03  1.1229E+02  1.3368E+03  1.8461E+00  1.3960E+01
  3.0000E+01  1.3400E+01  1.3327E+03  1.1257E+02  1.3316E+03  2.0520E+00  1.0824E+01
  2.7500E+01  1.9230E+01  1.3270E+03  1.1291E+02  1.3254E+03  2.4271E+00  8.7834E+00
  2.5000E+01  2.7800E+01  1.3201E+03  1.1334E+02  1.3178E+03  2.9367E+00  7.2297E+00
  2.4000E+01  3.2280E+01  1.3170E+03  1.1353E+02  1.3144E+03  3.2850E+00  6.1882E+00
  2.3000E+01  3.7500E+01  1.3138E+03  1.1373E+02  1.3107E+03  3.4255E+00  5.5380E+00
  2.2000E+01  4.3600E+01  1.3105E+03  1.1391E+02  1.3069E+03  3.5014E+00  4.8440E+00
  2.1000E+01  5.0700E+01  1.3071E+03  1.1406E+02  1.3031E+03  3.4611E+00  4.1139E+00
  2.0000E+01  5.9000E+01  1.3040E+03  1.1414E+02  1.2993E+03  3.2295E+00  3.2836E+00
  1.9000E+01  6.8600E+01  1.3010E+03  1.1414E+02  1.2955E+03  3.0120E+00  2.6478E+00
  1.8000E+01  7.9800E+01  1.2981E+03  1.1406E+02  1.2918E+03  2.8103E+00  2.1176E+00
  1.7000E+01  9.2800E+01  1.2953E+03  1.1386E+02  1.2880E+03  2.5809E+00  1.6755E+00
  1.6000E+01  1.0800E+02  1.2925E+03  1.1357E+02  1.2841E+03  2.4938E+00  1.3846E+00
  1.5000E+01  1.2600E+02  1.2896E+03  1.1316E+02  1.2799E+03  2.4972E+00  1.1708E+00
  1.4000E+01  1.4600E+02  1.2866E+03  1.1263E+02  1.2754E+03  2.5107E+00  1.0594E+00
  1.3000E+01  1.7000E+02  1.2834E+03  1.1196E+02  1.2705E+03  2.5423E+00  8.9395E-01
  1.2000E+01  1.9770E+02  1.2800E+03  1.1111E+02  1.2652E+03  2.5485E+00  7.7645E-01
  1.1000E+01  2.3000E+02  1.2764E+03  1.1003E+02  1.2594E+03  2.4752E+00  6.4671E-01
  1.0000E+01  2.6770E+02  1.2728E+03  1.0865E+02  1.2533E+03  2.2478E+00  5.0317E-01
  9.0000E+00  3.1080E+02  1.2690E+03  1.0697E+02  1.2468E+03  2.0615E+00  4.0365E-01
  8.0000E+00  3.5900E+02  1.2651E+03  1.0498E+02  1.2399E+03  1.9551E+00  3.4231E-01
  7.0000E+00  4.1300E+02  1.2609E+03  1.0266E+02  1.2324E+03  1.9168E+00  2.9956E-01
  6.0000E+00  4.7400E+02  1.2562E+03  9.9997E+01  1.2244E+03  1.9955E+00  2.7607E-01
  5.0000E+00  5.4100E+02  1.2511E+03  9.6935E+01  1.2157E+03  2.0670E+00  2.6036E-01
  4.0000E+00  6.1600E+02  1.2454E+03  9.3421E+01  1.2063E+03  2.1487E+00  2.4177E-01
  3.0000E+00  7.0000E+02  1.2391E+03  8.9385E+01  1.1962E+03  2.2685E+00  2.2791E-01
  2.0000E+00  7.9290E+02  1.2321E+03  8.4760E+01  1.1853E+03  2.4122E+00  2.1913E-01
  1.0000E+00  8.9600E+02  1.2242E+03  7.9471E+01  1.1736E+03  2.5742E+00  2.1071E-01
  0.0000E+00  1.0100E+03  1.2154E+03  7.3436E+01  1.1611E+03  2.7548E+00  2.0393E-01
