  25  6.0000000E+00
  2.7254E+01  2.0000E+01  1.5182E+00  1.2079E+02  1.2743E+00  0.0000E+00  0.0000E+00
  1.9414E+01  6.0000E+01  2.0914E+00  1.2084E+02  1.2700E+00 -6.7324E-02 -1.1137E-01
  1.6292E+01  1.0000E+02  2.4076E+00  1.2098E+02  1.2661E+00 -5.6722E-02 -3.7353E-02
  1.4235E+01  1.4000E+02  2.6670E+00  1.2131E+02  1.2622E+00  3.6984E-02  1.6053E-02
  1.2656E+01  1.8000E+02  3.0447E+00  1.2177E+02  1.2580E+00  4.9344E-02  1.6434E-02
  1.1351E+01  2.2000E+02  3.5669E+00  1.2229E+02  1.2536E+00 -4.9335E-03 -1.3585E-03
  1.0231E+01  2.6000E+02  4.2123E+00  1.2284E+02  1.2488E+00 -8.2996E-02 -1.9614E-02
  9.2461E+00  3.0000E+02  4.9578E+00  1.2341E+02  1.2437E+00 -1.7307E-01 -3.5959E-02
  8.3658E+00  3.4000E+02  5.7866E+00  1.2401E+02  1.2383E+00 -2.6336E-01 -4.8913E-02
  7.5684E+00  3.8000E+02  6.6963E+00  1.2463E+02  1.2325E+00 -3.6277E-01 -6.1029E-02
  6.8382E+00  4.2000E+02  7.6952E+00  1.2527E+02  1.2263E+00 -4.8828E-01 -7.5217E-02
  6.1637E+00  4.6000E+02  8.7936E+00  1.2593E+02  1.2196E+00 -6.5453E-01 -9.3150E-02
  5.5361E+00  5.0000E+02  9.9953E+00  1.2659E+02  1.2123E+00 -8.6295E-01 -1.1426E-01
  4.9490E+00  5.4000E+02  1.1293E+01  1.2724E+02  1.2046E+00 -1.1043E+00 -1.3679E-01
  4.3972E+00  5.8000E+02  1.2671E+01  1.2786E+02  1.1964E+00 -1.3633E+00 -1.5871E-01
  3.8767E+00  6.2000E+02  1.4125E+01  1.2846E+02  1.1878E+00 -1.6473E+00 -1.8091E-01
  3.3841E+00  6.6000E+02  1.5691E+01  1.2904E+02  1.1785E+00 -2.0074E+00 -2.0864E-01
  2.9164E+00  7.0000E+02  1.7464E+01  1.2961E+02  1.1678E+00 -2.5619E+00 -2.5276E-01
  2.4713E+00  7.4000E+02  1.9630E+01  1.3021E+02  1.1546E+00 -3.5196E+00 -3.3052E-01
  2.0466E+00  7.8000E+02  2.2467E+01  1.3086E+02  1.1374E+00 -5.1596E+00 -4.6235E-01
  1.6403E+00  8.2000E+02  2.6265E+01  1.3155E+02  1.1148E+00 -7.6557E+00 -6.5630E-01
  1.2507E+00  8.6000E+02  3.1212E+01  1.3222E+02  1.0858E+00 -1.0958E+01 -9.0080E-01
  8.7651E-01  9.0000E+02  3.7509E+01  1.3285E+02  1.0491E+00 -1.5167E+01 -1.1972E+00
  5.1673E-01  9.4000E+02  4.5564E+01  1.3337E+02  1.0016E+00 -2.0929E+01 -1.5886E+00
  1.6943E-01  9.8000E+02  5.5354E+01  1.3335E+02  9.4334E-01 -2.8245E+01 -2.0696E+00
