  25  6.0000000E+00
  2.7349E+01  2.0000E+01  1.5354E+00  1.3001E+02  1.2733E+00  0.0000E+00  0.0000E+00
  1.9539E+01  6.0000E+01  2.0672E+00  1.3005E+02  1.2691E+00 -6.3819E-02 -1.0516E-01
  1.6504E+01  1.0000E+02  2.3068E+00  1.3026E+02  1.2653E+00 -8.5543E-03 -5.4777E-03
  1.4482E+01  1.4000E+02  2.5493E+00  1.3067E+02  1.2614E+00  8.5100E-02  3.6308E-02
  1.2915E+01  1.8000E+02  2.9393E+00  1.3122E+02  1.2571E+00  1.0092E-01  3.3359E-02
  1.1609E+01  2.2000E+02  3.5207E+00  1.3186E+02  1.2525E+00  4.3405E-02  1.1962E-02
  1.0477E+01  2.6000E+02  4.2885E+00  1.3254E+02  1.2473E+00 -7.5112E-02 -1.7941E-02
  9.4752E+00  3.0000E+02  5.2123E+00  1.3326E+02  1.2415E+00 -2.0860E-01 -4.4082E-02
  8.5763E+00  3.4000E+02  6.2816E+00  1.3402E+02  1.2349E+00 -3.4707E-01 -6.5823E-02
  7.7599E+00  3.8000E+02  7.5142E+00  1.3483E+02  1.2273E+00 -5.1550E-01 -8.8797E-02
  7.0107E+00  4.2000E+02  8.9451E+00  1.3569E+02  1.2186E+00 -7.5403E-01 -1.1918E-01
  6.3175E+00  4.6000E+02  1.0608E+01  1.3660E+02  1.2085E+00 -1.0968E+00 -1.6041E-01
  5.6717E+00  5.0000E+02  1.2499E+01  1.3750E+02  1.1972E+00 -1.5334E+00 -2.0892E-01
  5.0670E+00  5.4000E+02  1.4584E+01  1.3836E+02  1.1849E+00 -2.0276E+00 -2.5866E-01
  4.4987E+00  5.8000E+02  1.6796E+01  1.3914E+02  1.1721E+00 -2.5145E+00 -3.0151E-01
  3.9629E+00  6.2000E+02  1.9087E+01  1.3984E+02  1.1589E+00 -2.9726E+00 -3.3605E-01
  3.4565E+00  6.6000E+02  2.1528E+01  1.4048E+02  1.1448E+00 -3.5427E+00 -3.7850E-01
  2.9768E+00  7.0000E+02  2.4414E+01  1.4116E+02  1.1279E+00 -4.6116E+00 -4.6670E-01
  2.5211E+00  7.4000E+02  2.8222E+01  1.4194E+02  1.1058E+00 -6.6496E+00 -6.3927E-01
  2.0869E+00  7.8000E+02  3.3306E+01  1.4282E+02  1.0768E+00 -9.6612E+00 -8.8519E-01
  1.6718E+00  8.2000E+02  3.9674E+01  1.4376E+02  1.0407E+00 -1.3094E+01 -1.1466E+00
  1.2743E+00  8.6000E+02  4.7291E+01  1.4467E+02  9.9718E-01 -1.6862E+01 -1.4143E+00
  8.9283E-01  9.0000E+02  5.6619E+01  1.4557E+02  9.4252E-01 -2.2101E+01 -1.7785E+00
  5.2622E-01  9.4000E+02  6.7833E+01  1.4638E+02  8.7391E-01 -2.8370E+01 -2.1943E+00
  1.7249E-01  9.8000E+02  8.0540E+01  1.4643E+02  7.9340E-01 -3.5783E+01 -2.6705E+00
