  25  6.0000000E+00
  2.5390E+01  2.0000E+01  7.9673E-01  9.0463E+01  6.4384E-01  0.0000E+00  0.0000E+00
  1.8042E+01  6.0000E+01  1.1891E+00  9.0527E+01  6.4072E-01 -4.4701E-02 -6.9302E-02
  1.4991E+01  1.0000E+02  1.5365E+00  9.0593E+01  6.3791E-01 -9.2063E-02 -5.9258E-02
  1.2930E+01  1.4000E+02  1.8373E+00  9.0648E+01  6.3503E-01 -1.1929E-01 -5.1879E-02
  1.1416E+01  1.8000E+02  2.0363E+00  9.0775E+01  6.3224E-01 -4.7651E-02 -1.5216E-02
  1.0221E+01  2.2000E+02  2.2079E+00  9.1001E+01  6.2950E-01  4.5272E-02  1.1413E-02
  9.2205E+00  2.6000E+02  2.4145E+00  9.1298E+01  6.2673E-01  9.1311E-02  1.9282E-02
  8.3498E+00  3.0000E+02  2.6779E+00  9.1648E+01  6.2393E-01  9.9187E-02  1.8220E-02
  7.5737E+00  3.4000E+02  3.0016E+00  9.2035E+01  6.2108E-01  8.0829E-02  1.3235E-02
  6.8708E+00  3.8000E+02  3.3792E+00  9.2450E+01  6.1818E-01  5.4216E-02  8.0400E-03
  6.2270E+00  4.2000E+02  3.8045E+00  9.2896E+01  6.1525E-01  3.1348E-02  4.2581E-03
  5.6317E+00  4.6000E+02  4.2788E+00  9.3375E+01  6.1226E-01  8.3409E-03  1.0476E-03
  5.0764E+00  5.0000E+02  4.8135E+00  9.3888E+01  6.0921E-01 -3.8653E-02 -4.5285E-03
  4.5544E+00  5.4000E+02  5.4199E+00  9.4427E+01  6.0606E-01 -1.3059E-01 -1.4384E-02
  4.0607E+00  5.8000E+02  6.1028E+00  9.4979E+01  6.0276E-01 -2.6432E-01 -2.7531E-02
  3.5918E+00  6.2000E+02  6.8633E+00  9.5537E+01  5.9924E-01 -4.3169E-01 -4.2707E-02
  3.1449E+00  6.6000E+02  7.7043E+00  9.6095E+01  5.9542E-01 -6.3263E-01 -5.9641E-02
  2.7179E+00  7.0000E+02  8.6322E+00  9.6649E+01  5.9121E-01 -8.7676E-01 -7.8982E-02
  2.3090E+00  7.4000E+02  9.6594E+00  9.7193E+01  5.8649E-01 -1.1816E+00 -1.0194E-01
  1.9166E+00  7.8000E+02  1.0804E+01  9.7721E+01  5.8114E-01 -1.5719E+00 -1.3014E-01
  1.5393E+00  8.2000E+02  1.2092E+01  9.8224E+01  5.7502E-01 -2.0809E+00 -1.6563E-01
  1.1761E+00  8.6000E+02  1.3554E+01  9.8688E+01  5.6798E-01 -2.7464E+00 -2.1047E-01
  8.2587E-01  9.0000E+02  1.5239E+01  9.9098E+01  5.5977E-01 -3.6420E+00 -2.6911E-01
  4.8767E-01  9.4000E+02  1.7338E+01  9.9428E+01  5.4940E-01 -5.2291E+00 -3.7311E-01
  1.6011E-01  9.8000E+02  1.9999E+01  9.9528E+01  5.3651E-01 -7.8212E+00 -5.4052E-01
