  25  6.0000000E+00
  2.7099E+01  2.0000E+01  1.4300E+00  1.0075E+02  1.1864E+00  0.0000E+00  0.0000E+00
  1.9128E+01  6.0000E+01  2.1074E+00  1.0079E+02  1.1820E+00 -8.0316E-02 -1.3506E-01
  1.5831E+01  1.0000E+02  2.6131E+00  1.0076E+02  1.1780E+00 -1.6105E-01 -1.1202E-01
  1.3670E+01  1.4000E+02  2.9504E+00  1.0085E+02  1.1741E+00 -1.1684E-01 -5.3267E-02
  1.2068E+01  1.8000E+02  3.2440E+00  1.0104E+02  1.1702E+00 -6.1520E-02 -2.0799E-02
  1.0784E+01  2.2000E+02  3.5565E+00  1.0132E+02  1.1663E+00 -3.1072E-02 -8.4159E-03
  9.7065E+00  2.6000E+02  3.9037E+00  1.0165E+02  1.1623E+00 -1.1361E-02 -2.5832E-03
  8.7725E+00  3.0000E+02  4.2977E+00  1.0205E+02  1.1582E+00 -5.9435E-04 -1.1711E-04
  7.9433E+00  3.4000E+02  4.7554E+00  1.0249E+02  1.1539E+00 -1.6899E-02 -2.9565E-03
  7.1936E+00  3.8000E+02  5.2884E+00  1.0297E+02  1.1495E+00 -6.9215E-02 -1.0947E-02
  6.5071E+00  4.2000E+02  5.8989E+00  1.0348E+02  1.1449E+00 -1.4978E-01 -2.1694E-02
  5.8724E+00  4.6000E+02  6.5868E+00  1.0401E+02  1.1400E+00 -2.5051E-01 -3.3544E-02
  5.2814E+00  5.0000E+02  7.3542E+00  1.0455E+02  1.1348E+00 -3.7251E-01 -4.6454E-02
  4.7276E+00  5.4000E+02  8.2076E+00  1.0512E+02  1.1290E+00 -5.2418E-01 -6.1246E-02
  4.2060E+00  5.8000E+02  9.1565E+00  1.0569E+02  1.1227E+00 -7.1741E-01 -7.8935E-02
  3.7129E+00  6.2000E+02  1.0212E+01  1.0627E+02  1.1158E+00 -9.6377E-01 -1.0028E-01
  3.2448E+00  6.6000E+02  1.1388E+01  1.0685E+02  1.1081E+00 -1.2763E+00 -1.2604E-01
  2.7992E+00  7.0000E+02  1.2699E+01  1.0742E+02  1.0997E+00 -1.6712E+00 -1.5712E-01
  2.3738E+00  7.4000E+02  1.4166E+01  1.0796E+02  1.0902E+00 -2.1641E+00 -1.9419E-01
  1.9670E+00  7.8000E+02  1.5818E+01  1.0848E+02  1.0797E+00 -2.7968E+00 -2.4005E-01
  1.5772E+00  8.2000E+02  1.7718E+01  1.0895E+02  1.0675E+00 -3.6518E+00 -3.0035E-01
  1.2031E+00  8.6000E+02  1.9962E+01  1.0939E+02  1.0532E+00 -4.8277E+00 -3.8099E-01
  8.4371E-01  9.0000E+02  2.2678E+01  1.0979E+02  1.0359E+00 -6.4435E+00 -4.8859E-01
  4.9761E-01  9.4000E+02  2.6010E+01  1.1011E+02  1.0151E+00 -8.7197E+00 -6.3672E-01
  1.6317E-01  9.8000E+02  3.0008E+01  1.1014E+02  9.9090E-01 -1.1851E+01 -8.3623E-01
