  25  6.0000000E+00
  2.7418E+01  2.0000E+01  1.3954E+00  1.3171E+02  1.1242E+00  0.0000E+00  0.0000E+00
  1.9641E+01  6.0000E+01  1.9010E+00  1.3173E+02  1.1200E+00 -6.2000E-02 -1.0173E-01
  1.6675E+01  1.0000E+02  2.0850E+00  1.3199E+02  1.1165E+00  2.4562E-02  1.5370E-02
  1.4685E+01  1.4000E+02  2.3133E+00  1.3246E+02  1.1127E+00  1.2426E-01  5.2160E-02
  1.3124E+01  1.8000E+02  2.7296E+00  1.3308E+02  1.1086E+00  1.2650E-01  4.1680E-02
  1.1812E+01  2.2000E+02  3.3800E+00  1.3380E+02  1.1040E+00  5.3791E-02  1.4886E-02
  1.0667E+01  2.6000E+02  4.2810E+00  1.3458E+02  1.0985E+00 -1.0764E-01 -2.6005E-02
  9.6488E+00  3.0000E+02  5.4352E+00  1.3541E+02  1.0917E+00 -3.1034E-01 -6.6656E-02
  8.7320E+00  3.4000E+02  6.9068E+00  1.3635E+02  1.0829E+00 -5.8570E-01 -1.1329E-01
  7.8977E+00  3.8000E+02  8.8276E+00  1.3742E+02  1.0710E+00 -1.0178E+00 -1.7914E-01
  7.1321E+00  4.2000E+02  1.1359E+01  1.3865E+02  1.0552E+00 -1.6977E+00 -2.7423E-01
  6.4246E+00  4.6000E+02  1.4627E+01  1.4004E+02  1.0350E+00 -2.6611E+00 -3.9723E-01
  5.7669E+00  5.0000E+02  1.8759E+01  1.4157E+02  1.0099E+00 -3.9445E+00 -5.4732E-01
  5.1524E+00  5.4000E+02  2.3824E+01  1.4325E+02  9.7971E-01 -5.5102E+00 -7.1433E-01
  4.5758E+00  5.8000E+02  2.9801E+01  1.4505E+02  9.4473E-01 -7.2551E+00 -8.8269E-01
  4.0324E+00  6.2000E+02  3.6596E+01  1.4692E+02  9.0539E-01 -9.0522E+00 -1.0377E+00
  3.5187E+00  6.6000E+02  4.4065E+01  1.4885E+02  8.6225E-01 -1.0790E+01 -1.1696E+00
  3.0313E+00  7.0000E+02  5.2039E+01  1.5079E+02  8.1602E-01 -1.2386E+01 -1.2735E+00
  2.5677E+00  7.4000E+02  6.0345E+01  1.5270E+02  7.6744E-01 -1.3798E+01 -1.3496E+00
  2.1255E+00  7.8000E+02  6.8819E+01  1.5453E+02  7.1737E-01 -1.5025E+01 -1.4017E+00
  1.7028E+00  8.2000E+02  7.7326E+01  1.5622E+02  6.6663E-01 -1.6118E+01 -1.4375E+00
  1.2978E+00  8.6000E+02  8.5821E+01  1.5772E+02  6.1551E-01 -1.7269E+01 -1.4756E+00
  9.0912E-01  9.0000E+02  9.4552E+01  1.5901E+02  5.6242E-01 -1.9141E+01 -1.5696E+00
  5.3557E-01  9.4000E+02  1.0433E+02  1.6013E+02  5.0194E-01 -2.3195E+01 -1.8281E+00
  1.7544E-01  9.8000E+02  1.1607E+02  1.6044E+02  4.2943E-01 -3.1723E+01 -2.4103E+00
