  25  6.0000000E+00
  2.7117E+01  2.0000E+01  7.9367E-01  1.0428E+02  5.5312E-01  0.0000E+00  0.0000E+00
  1.9182E+01  6.0000E+01  1.4467E+00  1.0432E+02  5.4984E-01 -7.7292E-02 -1.2940E-01
  1.5923E+01  1.0000E+02  1.9091E+00  1.0433E+02  5.4700E-01 -1.3907E-01 -9.5632E-02
  1.3786E+01  1.4000E+02  2.2257E+00  1.0448E+02  5.4420E-01 -8.0780E-02 -3.6410E-02
  1.2190E+01  1.8000E+02  2.5400E+00  1.0473E+02  5.4137E-01 -3.7837E-02 -1.2742E-02
  1.0901E+01  2.2000E+02  2.9025E+00  1.0505E+02  5.3847E-01 -3.3007E-02 -8.9758E-03
  9.8136E+00  2.6000E+02  3.3138E+00  1.0542E+02  5.3553E-01 -3.7060E-02 -8.5041E-03
  8.8685E+00  3.0000E+02  3.7746E+00  1.0584E+02  5.3253E-01 -4.3292E-02 -8.6326E-03
  8.0287E+00  3.4000E+02  4.2961E+00  1.0631E+02  5.2946E-01 -6.6163E-02 -1.1723E-02
  7.2694E+00  3.8000E+02  4.8907E+00  1.0681E+02  5.2627E-01 -1.2097E-01 -1.9377E-02
  6.5742E+00  4.2000E+02  5.5641E+00  1.0734E+02  5.2291E-01 -2.0728E-01 -3.0404E-02
  5.9315E+00  4.6000E+02  6.3182E+00  1.0789E+02  5.1931E-01 -3.1830E-01 -4.3159E-02
  5.3331E+00  5.0000E+02  7.1560E+00  1.0846E+02  5.1540E-01 -4.5399E-01 -5.7318E-02
  4.7726E+00  5.4000E+02  8.0830E+00  1.0903E+02  5.1111E-01 -6.2112E-01 -7.3451E-02
  4.2450E+00  5.8000E+02  9.1073E+00  1.0962E+02  5.0639E-01 -8.2948E-01 -9.2336E-02
  3.7462E+00  6.2000E+02  1.0239E+01  1.1021E+02  5.0121E-01 -1.0902E+00 -1.1472E-01
  3.2731E+00  6.6000E+02  1.1490E+01  1.1079E+02  4.9551E-01 -1.4154E+00 -1.4128E-01
  2.8229E+00  7.0000E+02  1.2871E+01  1.1135E+02  4.8924E-01 -1.8139E+00 -1.7228E-01
  2.3934E+00  7.4000E+02  1.4400E+01  1.1189E+02  4.8233E-01 -2.3047E+00 -2.0883E-01
  1.9828E+00  7.8000E+02  1.6115E+01  1.1240E+02  4.7458E-01 -2.9411E+00 -2.5478E-01
  1.5895E+00  8.2000E+02  1.8083E+01  1.1287E+02  4.6563E-01 -3.8173E+00 -3.1676E-01
  1.2122E+00  8.6000E+02  2.0424E+01  1.1329E+02  4.5485E-01 -5.0854E+00 -4.0482E-01
  8.4982E-01  9.0000E+02  2.3333E+01  1.1367E+02  4.4129E-01 -6.9810E+00 -5.3378E-01
  5.0108E-01  9.4000E+02  2.7092E+01  1.1397E+02  4.2376E-01 -9.9068E+00 -7.2891E-01
  1.6429E-01  9.8000E+02  3.1835E+01  1.1398E+02  4.0221E-01 -1.4051E+01 -9.9839E-01
