  25  6.0000000E+00
  2.7327E+01  2.0000E+01  1.1697E+00  1.2792E+02  9.1356E-01  0.0000E+00  0.0000E+00
  1.9514E+01  6.0000E+01  1.7101E+00  1.2796E+02  9.0968E-01 -6.4149E-02 -1.0574E-01
  1.6456E+01  1.0000E+02  1.9718E+00  1.2816E+02  9.0635E-01 -2.1098E-02 -1.3613E-02
  1.4424E+01  1.4000E+02  2.2210E+00  1.2855E+02  9.0295E-01  7.1211E-02  3.0540E-02
  1.2854E+01  1.8000E+02  2.6083E+00  1.2908E+02  8.9928E-01  8.7943E-02  2.9125E-02
  1.1548E+01  2.2000E+02  3.1738E+00  1.2968E+02  8.9525E-01  3.2150E-02  8.8576E-03
  1.0419E+01  2.6000E+02  3.9080E+00  1.3034E+02  8.9082E-01 -7.2864E-02 -1.7351E-02
  9.4223E+00  3.0000E+02  4.7825E+00  1.3102E+02  8.8591E-01 -1.9263E-01 -4.0519E-02
  8.5282E+00  3.4000E+02  5.7851E+00  1.3174E+02  8.8042E-01 -3.1618E-01 -5.9641E-02
  7.7164E+00  3.8000E+02  6.9286E+00  1.3250E+02  8.7419E-01 -4.6690E-01 -7.9967E-02
  6.9716E+00  4.2000E+02  8.2406E+00  1.3331E+02  8.6708E-01 -6.7880E-01 -1.0667E-01
  6.2823E+00  4.6000E+02  9.7445E+00  1.3414E+02  8.5901E-01 -9.7608E-01 -1.4194E-01
  5.6404E+00  5.0000E+02  1.1432E+01  1.3496E+02  8.5008E-01 -1.3456E+00 -1.8225E-01
  5.0394E+00  5.4000E+02  1.3266E+01  1.3575E+02  8.4055E-01 -1.7509E+00 -2.2199E-01
  4.4746E+00  5.8000E+02  1.5193E+01  1.3646E+02  8.3072E-01 -2.1431E+00 -2.5535E-01
  3.9423E+00  6.2000E+02  1.7178E+01  1.3711E+02  8.2070E-01 -2.5157E+00 -2.8257E-01
  3.4391E+00  6.6000E+02  1.9289E+01  1.3771E+02  8.1000E-01 -2.9914E+00 -3.1757E-01
  2.9623E+00  7.0000E+02  2.1768E+01  1.3834E+02  7.9723E-01 -3.8832E+00 -3.9064E-01
  2.5091E+00  7.4000E+02  2.5031E+01  1.3905E+02  7.8033E-01 -5.6269E+00 -5.3794E-01
  2.0772E+00  7.8000E+02  2.9494E+01  1.3988E+02  7.5746E-01 -8.4295E+00 -7.6821E-01
  1.6642E+00  8.2000E+02  3.5314E+01  1.4076E+02  7.2797E-01 -1.1957E+01 -1.0417E+00
  1.2686E+00  8.6000E+02  4.2476E+01  1.4163E+02  6.9172E-01 -1.5907E+01 -1.3279E+00
  8.8891E-01  9.0000E+02  5.1217E+01  1.4246E+02  6.4678E-01 -2.0832E+01 -1.6687E+00
  5.2395E-01  9.4000E+02  6.1725E+01  1.4319E+02  5.9136E-01 -2.6776E+01 -2.0617E+00
  1.7176E-01  9.8000E+02  7.3794E+01  1.4322E+02  5.2718E-01 -3.4206E+01 -2.5416E+00
