  25  6.0000000E+00
  2.7417E+01  2.0000E+01  1.4152E+00  1.3144E+02  1.1446E+00  0.0000E+00  0.0000E+00
  1.9643E+01  6.0000E+01  1.9201E+00  1.3147E+02  1.1405E+00 -6.1873E-02 -1.0148E-01
  1.6678E+01  1.0000E+02  2.1038E+00  1.3173E+02  1.1369E+00  2.4641E-02  1.5415E-02
  1.4689E+01  1.4000E+02  2.3309E+00  1.3220E+02  1.1331E+00  1.2531E-01  5.2572E-02
  1.3128E+01  1.8000E+02  2.7480E+00  1.3282E+02  1.1290E+00  1.2724E-01  4.1913E-02
  1.1816E+01  2.2000E+02  3.4022E+00  1.3354E+02  1.1243E+00  5.1905E-02  1.4369E-02
  1.0670E+01  2.6000E+02  4.3102E+00  1.3432E+02  1.1187E+00 -1.1202E-01 -2.7079E-02
  9.6513E+00  3.0000E+02  5.4789E+00  1.3516E+02  1.1118E+00 -3.1865E-01 -6.8484E-02
  8.7339E+00  3.4000E+02  6.9832E+00  1.3611E+02  1.1026E+00 -6.0472E-01 -1.1704E-01
  7.8992E+00  3.8000E+02  8.9696E+00  1.3721E+02  1.0901E+00 -1.0627E+00 -1.8715E-01
  7.1332E+00  4.2000E+02  1.1611E+01  1.3849E+02  1.0735E+00 -1.7854E+00 -2.8852E-01
  6.4255E+00  4.6000E+02  1.5029E+01  1.3992E+02  1.0521E+00 -2.7982E+00 -4.1783E-01
  5.7677E+00  5.0000E+02  1.9331E+01  1.4152E+02  1.0258E+00 -4.1151E+00 -5.7112E-01
  5.1531E+00  5.4000E+02  2.4550E+01  1.4325E+02  9.9443E-01 -5.6761E+00 -7.3595E-01
  4.5764E+00  5.8000E+02  3.0643E+01  1.4509E+02  9.5844E-01 -7.3805E+00 -8.9808E-01
  4.0329E+00  6.2000E+02  3.7511E+01  1.4700E+02  9.1825E-01 -9.1250E+00 -1.0462E+00
  3.5191E+00  6.6000E+02  4.5022E+01  1.4895E+02  8.7438E-01 -1.0821E+01 -1.1731E+00
  3.0317E+00  7.0000E+02  5.3025E+01  1.5090E+02  8.2742E-01 -1.2401E+01 -1.2753E+00
  2.5680E+00  7.4000E+02  6.1369E+01  1.5284E+02  7.7798E-01 -1.3828E+01 -1.3528E+00
  2.1258E+00  7.8000E+02  6.9905E+01  1.5470E+02  7.2679E-01 -1.5082E+01 -1.4071E+00
  1.7031E+00  8.2000E+02  7.8499E+01  1.5646E+02  6.7463E-01 -1.6180E+01 -1.4430E+00
  1.2982E+00  8.6000E+02  8.7107E+01  1.5805E+02  6.2181E-01 -1.7315E+01 -1.4792E+00
  9.0954E-01  9.0000E+02  9.5964E+01  1.5948E+02  5.6688E-01 -1.9129E+01 -1.5684E+00
  5.3596E-01  9.4000E+02  1.0575E+02  1.6074E+02  5.0537E-01 -2.2804E+01 -1.7974E+00
  1.7563E-01  9.8000E+02  1.1732E+02  1.6116E+02  4.3343E-01 -3.0962E+01 -2.3538E+00
