  25  6.0000000E+00
  2.7417E+01  2.0000E+01  1.4974E+00  1.3224E+02  1.2255E+00  0.0000E+00  0.0000E+00
  1.9636E+01  6.0000E+01  2.0041E+00  1.3227E+02  1.2213E+00 -6.2115E-02 -1.0196E-01
  1.6669E+01  1.0000E+02  2.1886E+00  1.3252E+02  1.2176E+00  2.4363E-02  1.5253E-02
  1.4678E+01  1.4000E+02  2.4182E+00  1.3300E+02  1.2138E+00  1.2329E-01  5.1791E-02
  1.3115E+01  1.8000E+02  2.8341E+00  1.3361E+02  1.2095E+00  1.2486E-01  4.1161E-02
  1.1804E+01  2.2000E+02  3.4781E+00  1.3433E+02  1.2047E+00  5.6063E-02  1.5509E-02
  1.0660E+01  2.6000E+02  4.3642E+00  1.3510E+02  1.1992E+00 -9.9960E-02 -2.4126E-02
  9.6434E+00  3.0000E+02  5.4864E+00  1.3592E+02  1.1925E+00 -2.9531E-01 -6.3356E-02
  8.7275E+00  3.4000E+02  6.8900E+00  1.3682E+02  1.1840E+00 -5.5069E-01 -1.0641E-01
  7.8940E+00  3.8000E+02  8.6820E+00  1.3783E+02  1.1729E+00 -9.3668E-01 -1.6472E-01
  7.1290E+00  4.2000E+02  1.1002E+01  1.3897E+02  1.1583E+00 -1.5367E+00 -2.4803E-01
  6.4219E+00  4.6000E+02  1.3975E+01  1.4025E+02  1.1397E+00 -2.4013E+00 -3.5823E-01
  5.7645E+00  5.0000E+02  1.7768E+01  1.4167E+02  1.1162E+00 -3.6078E+00 -5.0036E-01
  5.1503E+00  5.4000E+02  2.2507E+01  1.4324E+02  1.0874E+00 -5.1591E+00 -6.6854E-01
  4.5739E+00  5.8000E+02  2.8223E+01  1.4494E+02  1.0531E+00 -6.9635E+00 -8.4689E-01
  4.0307E+00  6.2000E+02  3.4830E+01  1.4674E+02  1.0140E+00 -8.8541E+00 -1.0147E+00
  3.5171E+00  6.6000E+02  4.2169E+01  1.4859E+02  9.7060E-01 -1.0684E+01 -1.1577E+00
  3.0299E+00  7.0000E+02  5.0062E+01  1.5046E+02  9.2366E-01 -1.2369E+01 -1.2714E+00
  2.5664E+00  7.4000E+02  5.8331E+01  1.5230E+02  8.7390E-01 -1.3873E+01 -1.3565E+00
  2.1244E+00  7.8000E+02  6.6812E+01  1.5407E+02  8.2210E-01 -1.5190E+01 -1.4166E+00
  1.7018E+00  8.2000E+02  7.5365E+01  1.5571E+02  7.6902E-01 -1.6361E+01 -1.4587E+00
  1.2970E+00  8.6000E+02  8.3922E+01  1.5716E+02  7.1510E-01 -1.7553E+01 -1.4991E+00
  9.0851E-01  9.0000E+02  9.2620E+01  1.5836E+02  6.5943E-01 -1.9277E+01 -1.5802E+00
  5.3507E-01  9.4000E+02  1.0222E+02  1.5932E+02  5.9650E-01 -2.3145E+01 -1.8235E+00
  1.7521E-01  9.8000E+02  1.1400E+02  1.5950E+02  5.1778E-01 -3.2236E+01 -2.4474E+00
