  25  6.0000000E+00
  2.6738E+01  2.0000E+01  1.2424E+00  9.2629E+01  1.0101E+00  0.0000E+00  0.0000E+00
  1.8806E+01  6.0000E+01  1.9085E+00  9.2670E+01  1.0060E+00 -7.8815E-02 -1.3189E-01
  1.5479E+01  1.0000E+02  2.4761E+00  9.2605E+01  1.0023E+00 -1.9021E-01 -1.3349E-01
  1.3280E+01  1.4000E+02  2.8728E+00  9.2555E+01  9.9857E-01 -2.0309E-01 -9.4250E-02
  1.1673E+01  1.8000E+02  3.1180E+00  9.2595E+01  9.9502E-01 -1.2797E-01 -4.3380E-02
  1.0415E+01  2.2000E+02  3.2943E+00  9.2752E+01  9.9155E-01 -1.4661E-02 -3.8902E-03
  9.3755E+00  2.6000E+02  3.4764E+00  9.3011E+01  9.8810E-01  7.3926E-02  1.6219E-02
  8.4798E+00  3.0000E+02  3.7076E+00  9.3348E+01  9.8461E-01  1.1803E-01  2.2305E-02
  7.6856E+00  3.4000E+02  4.0090E+00  9.3741E+01  9.8104E-01  1.1555E-01  1.9361E-02
  6.9674E+00  3.8000E+02  4.3857E+00  9.4174E+01  9.7736E-01  7.7546E-02  1.1749E-02
  6.3094E+00  4.2000E+02  4.8344E+00  9.4635E+01  9.7357E-01  1.9229E-02  2.6697E-03
  5.7005E+00  4.6000E+02  5.3513E+00  9.5121E+01  9.6964E-01 -5.1179E-02 -6.5742E-03
  5.1328E+00  5.0000E+02  5.9359E+00  9.5628E+01  9.6551E-01 -1.3604E-01 -1.6293E-02
  4.6001E+00  5.4000E+02  6.5913E+00  9.6154E+01  9.6115E-01 -2.4301E-01 -2.7313E-02
  4.0975E+00  5.8000E+02  7.3223E+00  9.6694E+01  9.5649E-01 -3.8004E-01 -4.0298E-02
  3.6213E+00  6.2000E+02  8.1364E+00  9.7244E+01  9.5142E-01 -5.5534E-01 -5.5800E-02
  3.1683E+00  6.6000E+02  9.0433E+00  9.7798E+01  9.4586E-01 -7.7979E-01 -7.4515E-02
  2.7363E+00  7.0000E+02  1.0057E+01  9.8350E+01  9.3968E-01 -1.0681E+00 -9.7365E-02
  2.3231E+00  7.4000E+02  1.1196E+01  9.8893E+01  9.3273E-01 -1.4412E+00 -1.2563E-01
  1.9271E+00  7.8000E+02  1.2486E+01  9.9420E+01  9.2485E-01 -1.9284E+00 -1.6112E-01
  1.5469E+00  8.2000E+02  1.3968E+01  9.9922E+01  9.1576E-01 -2.5769E+00 -2.0671E-01
  1.1813E+00  8.6000E+02  1.5687E+01  1.0039E+02  9.0521E-01 -3.4253E+00 -2.6422E-01
  8.2912E-01  9.0000E+02  1.7713E+01  1.0080E+02  8.9284E-01 -4.5777E+00 -3.4010E-01
  4.8931E-01  9.4000E+02  2.0128E+01  1.0112E+02  8.7836E-01 -6.1825E+00 -4.4324E-01
  1.6053E-01  9.8000E+02  2.3030E+01  1.0119E+02  8.6152E-01 -8.6135E+00 -5.9749E-01
