  25  6.0000000E+00
  2.7381E+01  2.0000E+01  1.5331E+00  1.3347E+02  1.2635E+00  0.0000E+00  0.0000E+00
  1.9583E+01  6.0000E+01  2.0498E+00  1.3350E+02  1.2593E+00 -6.2686E-02 -1.0313E-01
  1.6585E+01  1.0000E+02  2.2582E+00  1.3374E+02  1.2555E+00  1.0841E-02  6.8576E-03
  1.4579E+01  1.4000E+02  2.4931E+00  1.3419E+02  1.2516E+00  1.0608E-01  4.4904E-02
  1.3016E+01  1.8000E+02  2.8926E+00  1.3477E+02  1.2474E+00  1.1898E-01  3.9239E-02
  1.1708E+01  2.2000E+02  3.5047E+00  1.3546E+02  1.2427E+00  5.5711E-02  1.5377E-02
  1.0569E+01  2.6000E+02  4.3278E+00  1.3619E+02  1.2374E+00 -8.2154E-02 -1.9728E-02
  9.5601E+00  3.0000E+02  5.3311E+00  1.3695E+02  1.2314E+00 -2.3794E-01 -5.0663E-02
  8.6529E+00  3.4000E+02  6.5127E+00  1.3776E+02  1.2243E+00 -4.0952E-01 -7.8381E-02
  7.8283E+00  3.8000E+02  7.9017E+00  1.3864E+02  1.2159E+00 -6.2354E-01 -1.0847E-01
  7.0718E+00  4.2000E+02  9.5421E+00  1.3958E+02  1.2059E+00 -9.2091E-01 -1.4699E-01
  6.3720E+00  4.6000E+02  1.1468E+01  1.4057E+02  1.1943E+00 -1.3340E+00 -1.9695E-01
  5.7204E+00  5.0000E+02  1.3704E+01  1.4158E+02  1.1809E+00 -1.8812E+00 -2.5862E-01
  5.1105E+00  5.4000E+02  1.6248E+01  1.4258E+02  1.1659E+00 -2.5439E+00 -3.2733E-01
  4.5373E+00  5.8000E+02  1.9056E+01  1.4351E+02  1.1496E+00 -3.2627E+00 -3.9454E-01
  3.9970E+00  6.2000E+02  2.2100E+01  1.4438E+02  1.1322E+00 -4.0253E+00 -4.5891E-01
  3.4862E+00  6.6000E+02  2.5496E+01  1.4522E+02  1.1128E+00 -5.0158E+00 -5.4048E-01
  3.0024E+00  7.0000E+02  2.9611E+01  1.4611E+02  1.0894E+00 -6.6701E+00 -6.8093E-01
  2.5426E+00  7.4000E+02  3.4889E+01  1.4711E+02  1.0596E+00 -9.2910E+00 -9.0125E-01
  2.1043E+00  7.8000E+02  4.1439E+01  1.4820E+02  1.0229E+00 -1.2457E+01 -1.1518E+00
  1.6855E+00  8.2000E+02  4.8945E+01  1.4928E+02  9.8049E-01 -1.5355E+01 -1.3568E+00
  1.2844E+00  8.6000E+02  5.7142E+01  1.5025E+02  9.3331E-01 -1.8003E+01 -1.5236E+00
  8.9978E-01  9.0000E+02  6.6978E+01  1.5122E+02  8.7457E-01 -2.3064E+01 -1.8716E+00
  5.3029E-01  9.4000E+02  7.9116E+01  1.5220E+02  7.9837E-01 -3.0189E+01 -2.3534E+00
  1.7381E-01  9.8000E+02  9.2766E+01  1.5234E+02  7.0951E-01 -3.7889E+01 -2.8497E+00
