  25  6.0000000E+00
  2.7110E+01  2.0000E+01  7.5485E-01  1.0245E+02  5.1260E-01  0.0000E+00  0.0000E+00
  1.9156E+01  6.0000E+01  1.4214E+00  1.0249E+02  5.0940E-01 -7.9002E-02 -1.3258E-01
  1.5877E+01  1.0000E+02  1.9066E+00  1.0248E+02  5.0663E-01 -1.5065E-01 -1.0422E-01
  1.3728E+01  1.4000E+02  2.2338E+00  1.0259E+02  5.0391E-01 -9.9272E-02 -4.5007E-02
  1.2129E+01  1.8000E+02  2.5376E+00  1.0281E+02  5.0118E-01 -4.9928E-02 -1.6846E-02
  1.0843E+01  2.2000E+02  2.8744E+00  1.0311E+02  4.9841E-01 -3.1672E-02 -8.5939E-03
  9.7605E+00  2.6000E+02  3.2528E+00  1.0346E+02  4.9561E-01 -2.3003E-02 -5.2530E-03
  8.8211E+00  3.0000E+02  3.6800E+00  1.0387E+02  4.9277E-01 -2.0808E-02 -4.1239E-03
  7.9867E+00  3.4000E+02  4.1705E+00  1.0433E+02  4.8986E-01 -4.1580E-02 -7.3203E-03
  7.2322E+00  3.8000E+02  4.7356E+00  1.0482E+02  4.8685E-01 -9.6281E-02 -1.5326E-02
  6.5412E+00  4.2000E+02  5.3794E+00  1.0534E+02  4.8368E-01 -1.8062E-01 -2.6331E-02
  5.9025E+00  4.6000E+02  6.1024E+00  1.0588E+02  4.8029E-01 -2.8728E-01 -3.8715E-02
  5.3076E+00  5.0000E+02  6.9074E+00  1.0644E+02  4.7659E-01 -4.1701E-01 -5.2334E-02
  4.7504E+00  5.4000E+02  7.8009E+00  1.0701E+02  4.7254E-01 -5.7789E-01 -6.7942E-02
  4.2257E+00  5.8000E+02  8.7914E+00  1.0759E+02  4.6806E-01 -7.8023E-01 -8.6364E-02
  3.7297E+00  6.2000E+02  9.8896E+00  1.0817E+02  4.6312E-01 -1.0357E+00 -1.0839E-01
  3.2590E+00  6.6000E+02  1.1108E+01  1.0875E+02  4.5766E-01 -1.3564E+00 -1.3470E-01
  2.8111E+00  7.0000E+02  1.2461E+01  1.0932E+02  4.5162E-01 -1.7573E+00 -1.6609E-01
  2.3836E+00  7.4000E+02  1.3963E+01  1.0986E+02  4.4494E-01 -2.2469E+00 -2.0262E-01
  1.9749E+00  7.8000E+02  1.5649E+01  1.1037E+02  4.3744E-01 -2.8806E+00 -2.4842E-01
  1.5833E+00  8.2000E+02  1.7585E+01  1.1084E+02  4.2877E-01 -3.7455E+00 -3.0945E-01
  1.2076E+00  8.6000E+02  1.9879E+01  1.1126E+02  4.1835E-01 -4.9685E+00 -3.9383E-01
  8.4669E-01  9.0000E+02  2.2691E+01  1.1165E+02  4.0541E-01 -6.7217E+00 -5.1180E-01
  4.9930E-01  9.4000E+02  2.6229E+01  1.1196E+02  3.8921E-01 -9.2958E+00 -6.8131E-01
  1.6371E-01  9.8000E+02  3.0572E+01  1.1198E+02  3.6992E-01 -1.2873E+01 -9.1139E-01
