  25  6.0000000E+00
  2.7104E+01  2.0000E+01  7.1542E-01  1.0076E+02  4.7144E-01  0.0000E+00  0.0000E+00
  1.9131E+01  6.0000E+01  1.3950E+00  1.0079E+02  4.6835E-01 -8.0593E-02 -1.3556E-01
  1.5834E+01  1.0000E+02  1.9028E+00  1.0077E+02  4.6566E-01 -1.6179E-01 -1.1256E-01
  1.3672E+01  1.4000E+02  2.2419E+00  1.0085E+02  4.6302E-01 -1.1785E-01 -5.3740E-02
  1.2069E+01  1.8000E+02  2.5365E+00  1.0105E+02  4.6039E-01 -6.2706E-02 -2.1204E-02
  1.0786E+01  2.2000E+02  2.8488E+00  1.0132E+02  4.5776E-01 -3.0902E-02 -8.3687E-03
  9.7084E+00  2.6000E+02  3.1958E+00  1.0166E+02  4.5510E-01 -9.7595E-03 -2.2184E-03
  8.7745E+00  3.0000E+02  3.5914E+00  1.0205E+02  4.5242E-01 -1.6917E-04 -3.3331E-05
  7.9452E+00  3.4000E+02  4.0523E+00  1.0250E+02  4.4968E-01 -1.8896E-02 -3.3062E-03
  7.1954E+00  3.8000E+02  4.5885E+00  1.0298E+02  4.4685E-01 -7.2428E-02 -1.1458E-02
  6.5087E+00  4.2000E+02  5.2026E+00  1.0349E+02  4.4387E-01 -1.5362E-01 -2.2256E-02
  5.8738E+00  4.6000E+02  5.8943E+00  1.0402E+02  4.4069E-01 -2.5533E-01 -3.4200E-02
  5.2825E+00  5.0000E+02  6.6665E+00  1.0456E+02  4.3723E-01 -3.7904E-01 -4.7283E-02
  4.7285E+00  5.4000E+02  7.5257E+00  1.0513E+02  4.3343E-01 -5.3322E-01 -6.2324E-02
  4.2069E+00  5.8000E+02  8.4809E+00  1.0570E+02  4.2922E-01 -7.2868E-01 -8.0203E-02
  3.7135E+00  6.2000E+02  9.5435E+00  1.0628E+02  4.2454E-01 -9.7734E-01 -1.0173E-01
  3.2453E+00  6.6000E+02  1.0726E+01  1.0686E+02  4.1936E-01 -1.2920E+00 -1.2763E-01
  2.7995E+00  7.0000E+02  1.2045E+01  1.0743E+02  4.1359E-01 -1.6887E+00 -1.5881E-01
  2.3741E+00  7.4000E+02  1.3518E+01  1.0797E+02  4.0717E-01 -2.1828E+00 -1.9592E-01
  1.9672E+00  7.8000E+02  1.5178E+01  1.0849E+02  3.9992E-01 -2.8166E+00 -2.4180E-01
  1.5773E+00  8.2000E+02  1.7086E+01  1.0896E+02  3.9152E-01 -3.6736E+00 -3.0219E-01
  1.2032E+00  8.6000E+02  1.9339E+01  1.0940E+02  3.8144E-01 -4.8542E+00 -3.8313E-01
  8.4377E-01  9.0000E+02  2.2065E+01  1.0980E+02  3.6913E-01 -6.4761E+00 -4.9111E-01
  4.9764E-01  9.4000E+02  2.5409E+01  1.1011E+02  3.5417E-01 -8.7541E+00 -6.3928E-01
  1.6318E-01  9.8000E+02  2.9415E+01  1.1014E+02  3.3686E-01 -1.1882E+01 -8.3843E-01
