  25  6.0000000E+00
  2.6353E+01  2.0000E+01  1.1323E+00  9.1704E+01  9.2292E-01  0.0000E+00  0.0000E+00
  1.8570E+01  6.0000E+01  1.7184E+00  9.1748E+01  9.1908E-01 -6.9566E-02 -1.1423E-01
  1.5314E+01  1.0000E+02  2.2224E+00  9.1718E+01  9.1553E-01 -1.6393E-01 -1.1262E-01
  1.3150E+01  1.4000E+02  2.5907E+00  9.1691E+01  9.1204E-01 -1.8302E-01 -8.3543E-02
  1.1570E+01  1.8000E+02  2.8140E+00  9.1747E+01  9.0868E-01 -1.0569E-01 -3.5231E-02
  1.0334E+01  2.2000E+02  2.9744E+00  9.1922E+01  9.0541E-01  1.1565E-02  3.0161E-03
  9.3098E+00  2.6000E+02  3.1501E+00  9.2194E+01  9.0214E-01  9.3887E-02  2.0290E-02
  8.4250E+00  3.0000E+02  3.3811E+00  9.2537E+01  8.9882E-01  1.2689E-01  2.3688E-02
  7.6387E+00  3.4000E+02  3.6832E+00  9.2930E+01  8.9543E-01  1.1559E-01  1.9176E-02
  6.9269E+00  3.8000E+02  4.0562E+00  9.3357E+01  8.9195E-01  7.6270E-02  1.1454E-02
  6.2745E+00  4.2000E+02  4.4937E+00  9.3812E+01  8.8838E-01  2.6585E-02  3.6591E-03
  5.6709E+00  4.6000E+02  4.9920E+00  9.4293E+01  8.8469E-01 -2.8674E-02 -3.6514E-03
  5.1081E+00  5.0000E+02  5.5533E+00  9.4799E+01  8.8086E-01 -9.7999E-02 -1.1637E-02
  4.5797E+00  5.4000E+02  6.1830E+00  9.5327E+01  8.7686E-01 -1.9355E-01 -2.1576E-02
  4.0809E+00  5.8000E+02  6.8865E+00  9.5869E+01  8.7261E-01 -3.2275E-01 -3.3967E-02
  3.6079E+00  6.2000E+02  7.6696E+00  9.6421E+01  8.6804E-01 -4.8940E-01 -4.8844E-02
  3.1576E+00  6.6000E+02  8.5398E+00  9.6976E+01  8.6305E-01 -6.9990E-01 -6.6479E-02
  2.7279E+00  7.0000E+02  9.5080E+00  9.7529E+01  8.5753E-01 -9.6603E-01 -8.7587E-02
  2.3167E+00  7.4000E+02  1.0590E+01  9.8074E+01  8.5135E-01 -1.3067E+00 -1.1337E-01
  1.9223E+00  7.8000E+02  1.1810E+01  9.8604E+01  8.4434E-01 -1.7491E+00 -1.4552E-01
  1.5435E+00  8.2000E+02  1.3200E+01  9.9109E+01  8.3630E-01 -2.3344E+00 -1.8658E-01
  1.1790E+00  8.6000E+02  1.4802E+01  9.9578E+01  8.2701E-01 -3.1097E+00 -2.3917E-01
  8.2766E-01  9.0000E+02  1.6676E+01  9.9989E+01  8.1616E-01 -4.1609E+00 -3.0841E-01
  4.8853E-01  9.4000E+02  1.8947E+01  1.0031E+02  8.0311E-01 -5.7658E+00 -4.1253E-01
  1.6031E-01  9.8000E+02  2.1776E+01  1.0039E+02  7.8729E-01 -8.3766E+00 -5.8006E-01
