  25  6.0000000E+00
  2.5666E+01  2.0000E+01  9.2389E-01  9.0764E+01  7.5562E-01  0.0000E+00  0.0000E+00
  1.8187E+01  6.0000E+01  1.3686E+00  9.0822E+01  7.5224E-01 -5.1759E-02 -8.1668E-02
  1.5075E+01  1.0000E+02  1.7571E+00  9.0862E+01  7.4915E-01 -1.1192E-01 -7.3475E-02
  1.2985E+01  1.4000E+02  2.0749E+00  9.0894E+01  7.4605E-01 -1.3653E-01 -6.0215E-02
  1.1453E+01  1.8000E+02  2.2785E+00  9.1001E+01  7.4304E-01 -6.3013E-02 -2.0366E-02
  1.0248E+01  2.2000E+02  2.4443E+00  9.1214E+01  7.4008E-01  3.8684E-02  9.8383E-03
  9.2414E+00  2.6000E+02  2.6403E+00  9.1506E+01  7.3711E-01  9.5293E-02  2.0233E-02
  8.3675E+00  3.0000E+02  2.8940E+00  9.1855E+01  7.3409E-01  1.0909E-01  2.0113E-02
  7.5890E+00  3.4000E+02  3.2117E+00  9.2243E+01  7.3101E-01  9.0945E-02  1.4938E-02
  6.8839E+00  3.8000E+02  3.5880E+00  9.2662E+01  7.2787E-01  5.9754E-02  8.8888E-03
  6.2379E+00  4.2000E+02  4.0162E+00  9.3109E+01  7.2468E-01  2.9430E-02  4.0108E-03
  5.6406E+00  4.6000E+02  4.4959E+00  9.3588E+01  7.2141E-01 -1.7319E-03 -2.1828E-04
  5.0834E+00  5.0000E+02  5.0356E+00  9.4098E+01  7.1806E-01 -5.2736E-02 -6.1986E-03
  4.5599E+00  5.4000E+02  5.6453E+00  9.4633E+01  7.1459E-01 -1.4305E-01 -1.5800E-02
  4.0651E+00  5.8000E+02  6.3304E+00  9.5182E+01  7.1095E-01 -2.7366E-01 -2.8570E-02
  3.5953E+00  6.2000E+02  7.0936E+00  9.5739E+01  7.0707E-01 -4.3963E-01 -4.3576E-02
  3.1477E+00  6.6000E+02  7.9388E+00  9.6297E+01  7.0285E-01 -6.4216E-01 -6.0638E-02
  2.7202E+00  7.0000E+02  8.8736E+00  9.6851E+01  6.9820E-01 -8.9087E-01 -8.0363E-02
  2.3107E+00  7.4000E+02  9.9112E+00  9.7396E+01  6.9299E-01 -1.2034E+00 -1.0394E-01
  1.9179E+00  7.8000E+02  1.1071E+01  9.7925E+01  6.8710E-01 -1.6053E+00 -1.3305E-01
  1.5403E+00  8.2000E+02  1.2381E+01  9.8430E+01  6.8035E-01 -2.1326E+00 -1.6990E-01
  1.1768E+00  8.6000E+02  1.3875E+01  9.8896E+01  6.7259E-01 -2.8272E+00 -2.1684E-01
  8.2629E-01  9.0000E+02  1.5603E+01  9.9306E+01  6.6354E-01 -3.7614E+00 -2.7814E-01
  4.8787E-01  9.4000E+02  1.7742E+01  9.9632E+01  6.5226E-01 -5.3566E+00 -3.8246E-01
  1.6015E-01  9.8000E+02  2.0451E+01  9.9727E+01  6.3830E-01 -7.9756E+00 -5.5144E-01
