  25  6.0000000E+00
  2.7127E+01  2.0000E+01  8.3200E-01  1.0628E+02  5.9297E-01  0.0000E+00  0.0000E+00
  1.9211E+01  6.0000E+01  1.4718E+00  1.0632E+02  5.8961E-01 -7.5549E-02 -1.2618E-01
  1.5971E+01  1.0000E+02  1.9119E+00  1.0635E+02  5.8670E-01 -1.2735E-01 -8.7047E-02
  1.3847E+01  1.4000E+02  2.2188E+00  1.0652E+02  5.8383E-01 -6.2595E-02 -2.8051E-02
  1.2253E+01  1.8000E+02  2.5443E+00  1.0681E+02  5.8090E-01 -2.6178E-02 -8.8014E-03
  1.0961E+01  2.2000E+02  2.9331E+00  1.0715E+02  5.7789E-01 -3.4264E-02 -9.3399E-03
  9.8680E+00  2.6000E+02  3.3786E+00  1.0754E+02  5.7480E-01 -5.1005E-02 -1.1762E-02
  8.9169E+00  3.0000E+02  3.8753E+00  1.0797E+02  5.7164E-01 -6.6982E-02 -1.3442E-02
  8.0715E+00  3.4000E+02  4.4301E+00  1.0845E+02  5.6840E-01 -9.3120E-02 -1.6609E-02
  7.3073E+00  3.8000E+02  5.0556E+00  1.0896E+02  5.6504E-01 -1.4774E-01 -2.3820E-02
  6.6076E+00  4.2000E+02  5.7594E+00  1.0950E+02  5.6150E-01 -2.3494E-01 -3.4680E-02
  5.9610E+00  4.6000E+02  6.5449E+00  1.1006E+02  5.5770E-01 -3.4950E-01 -4.7682E-02
  5.3590E+00  5.0000E+02  7.4152E+00  1.1063E+02  5.5357E-01 -4.9065E-01 -6.2320E-02
  4.7951E+00  5.4000E+02  8.3753E+00  1.1122E+02  5.4907E-01 -6.6374E-01 -7.8954E-02
  4.2645E+00  5.8000E+02  9.4321E+00  1.1181E+02  5.4414E-01 -8.7741E-01 -9.8227E-02
  3.7630E+00  6.2000E+02  1.0595E+01  1.1240E+02  5.3874E-01 -1.1422E+00 -1.2084E-01
  3.2874E+00  6.6000E+02  1.1877E+01  1.1298E+02  5.3282E-01 -1.4711E+00 -1.4762E-01
  2.8350E+00  7.0000E+02  1.3287E+01  1.1355E+02  5.2633E-01 -1.8687E+00 -1.7838E-01
  2.4035E+00  7.4000E+02  1.4848E+01  1.1409E+02  5.1916E-01 -2.3674E+00 -2.1552E-01
  1.9911E+00  7.8000E+02  1.6602E+01  1.1460E+02  5.1109E-01 -3.0198E+00 -2.6278E-01
  1.5961E+00  8.2000E+02  1.8624E+01  1.1507E+02  5.0175E-01 -3.9272E+00 -3.2729E-01
  1.2171E+00  8.6000E+02  2.1044E+01  1.1549E+02  4.9047E-01 -5.2608E+00 -4.2058E-01
  8.5316E-01  9.0000E+02  2.4085E+01  1.1587E+02  4.7612E-01 -7.3140E+00 -5.6164E-01
  5.0300E-01  9.4000E+02  2.8111E+01  1.1618E+02  4.5708E-01 -1.0632E+01 -7.8544E-01
  1.6491E-01  9.8000E+02  3.3332E+01  1.1618E+02  4.3296E-01 -1.5442E+01 -1.1015E+00
