  25  6.0000000E+00
  2.7392E+01  2.0000E+01  1.3004E+00  1.3445E+02  1.0289E+00  0.0000E+00  0.0000E+00
  1.9601E+01  6.0000E+01  1.8119E+00  1.3447E+02  1.0249E+00 -6.2192E-02 -1.0223E-01
  1.6616E+01  1.0000E+02  2.0106E+00  1.3472E+02  1.0214E+00  1.7348E-02  1.0926E-02
  1.4615E+01  1.4000E+02  2.2443E+00  1.3518E+02  1.0179E+00  1.1297E-01  4.7694E-02
  1.3052E+01  1.8000E+02  2.6503E+00  1.3578E+02  1.0139E+00  1.2299E-01  4.0552E-02
  1.1742E+01  2.2000E+02  3.2744E+00  1.3648E+02  1.0096E+00  5.7703E-02  1.5942E-02
  1.0602E+01  2.6000E+02  4.1166E+00  1.3723E+02  1.0046E+00 -8.4653E-02 -2.0366E-02
  9.5902E+00  3.0000E+02  5.1480E+00  1.3801E+02  9.9898E-01 -2.5017E-01 -5.3408E-02
  8.6800E+00  3.4000E+02  6.3685E+00  1.3883E+02  9.9231E-01 -4.3715E-01 -8.3947E-02
  7.8524E+00  3.8000E+02  7.8134E+00  1.3972E+02  9.8424E-01 -6.7483E-01 -1.1783E-01
  7.0929E+00  4.2000E+02  9.5378E+00  1.4067E+02  9.7448E-01 -1.0092E+00 -1.6172E-01
  6.3905E+00  4.6000E+02  1.1571E+01  1.4168E+02  9.6297E-01 -1.4630E+00 -2.1680E-01
  5.7367E+00  5.0000E+02  1.3954E+01  1.4271E+02  9.4960E-01 -2.0651E+00 -2.8482E-01
  5.1252E+00  5.4000E+02  1.6728E+01  1.4375E+02  9.3424E-01 -2.8320E+00 -3.6539E-01
  4.5507E+00  5.8000E+02  1.9915E+01  1.4479E+02  9.1689E-01 -3.7515E+00 -4.5467E-01
  4.0093E+00  6.2000E+02  2.3555E+01  1.4580E+02  8.9738E-01 -4.8472E+00 -5.5372E-01
  3.4975E+00  6.6000E+02  2.7807E+01  1.4683E+02  8.7484E-01 -6.2918E+00 -6.7939E-01
  3.0124E+00  7.0000E+02  3.2978E+01  1.4794E+02  8.4768E-01 -8.3755E+00 -8.5723E-01
  2.5512E+00  7.4000E+02  3.9326E+01  1.4915E+02  8.1455E-01 -1.1143E+01 -1.0843E+00
  2.1115E+00  7.8000E+02  4.6778E+01  1.5040E+02  7.7560E-01 -1.4093E+01 -1.3074E+00
  1.6912E+00  8.2000E+02  5.4951E+01  1.5161E+02  7.3242E-01 -1.6586E+01 -1.4707E+00
  1.2887E+00  8.6000E+02  6.3589E+01  1.5267E+02  6.8595E-01 -1.8809E+01 -1.5973E+00
  9.0279E-01  9.0000E+02  7.3715E+01  1.5375E+02  6.2956E-01 -2.3461E+01 -1.9101E+00
  5.3211E-01  9.4000E+02  8.5866E+01  1.5487E+02  5.5942E-01 -2.9739E+01 -2.3257E+00
  1.7441E-01  9.8000E+02  9.9322E+01  1.5510E+02  4.8126E-01 -3.6988E+01 -2.7914E+00
