  25  6.0000000E+00
  2.5312E+01  2.0000E+01  1.4818E-01  9.0348E+01  0.0000E+00  0.0000E+00  0.0000E+00
  1.7999E+01  6.0000E+01  5.3129E-01  9.0414E+01  0.0000E+00 -4.3422E-02 -6.6997E-02
  1.4964E+01  1.0000E+02  8.7038E-01  9.0485E+01  0.0000E+00 -8.8443E-02 -5.6634E-02
  1.2913E+01  1.4000E+02  1.1665E+00  9.0546E+01  0.0000E+00 -1.1423E-01 -4.9446E-02
  1.1405E+01  1.8000E+02  1.3657E+00  9.0679E+01  0.0000E+00 -4.3922E-02 -1.3970E-02
  1.0214E+01  2.2000E+02  1.5410E+00  9.0910E+01  0.0000E+00  4.6123E-02  1.1594E-02
  9.2144E+00  2.6000E+02  1.7538E+00  9.1210E+01  0.0000E+00  8.7685E-02  1.8485E-02
  8.3446E+00  3.0000E+02  2.0238E+00  9.1560E+01  0.0000E+00  9.1930E-02  1.6871E-02
  7.5690E+00  3.4000E+02  2.3528E+00  9.1945E+01  0.0000E+00  7.2747E-02  1.1903E-02
  6.8667E+00  3.8000E+02  2.7339E+00  9.2360E+01  0.0000E+00  4.7018E-02  6.9672E-03
  6.2234E+00  4.2000E+02  3.1608E+00  9.2804E+01  0.0000E+00  2.6999E-02  3.6640E-03
  5.6288E+00  4.6000E+02  3.6360E+00  9.3283E+01  0.0000E+00  6.5037E-03  8.1600E-04
  5.0740E+00  5.0000E+02  4.1716E+00  9.3797E+01  0.0000E+00 -3.9620E-02 -4.6371E-03
  4.5525E+00  5.4000E+02  4.7791E+00  9.4336E+01  0.0000E+00 -1.3097E-01 -1.4412E-02
  4.0592E+00  5.8000E+02  5.4639E+00  9.4889E+01  0.0000E+00 -2.6586E-01 -2.7670E-02
  3.5905E+00  6.2000E+02  6.2271E+00  9.5448E+01  0.0000E+00 -4.3593E-01 -4.3099E-02
  3.1439E+00  6.6000E+02  7.0707E+00  9.6007E+01  0.0000E+00 -6.3857E-01 -6.0171E-02
  2.7171E+00  7.0000E+02  8.0008E+00  9.6560E+01  0.0000E+00 -8.8294E-01 -7.9503E-02
  2.3084E+00  7.4000E+02  9.0294E+00  9.7103E+01  0.0000E+00 -1.1866E+00 -1.0234E-01
  1.9161E+00  7.8000E+02  1.0175E+01  9.7631E+01  0.0000E+00 -1.5748E+00 -1.3033E-01
  1.5390E+00  8.2000E+02  1.1462E+01  9.8133E+01  0.0000E+00 -2.0800E+00 -1.6550E-01
  1.1758E+00  8.6000E+02  1.2920E+01  9.8597E+01  0.0000E+00 -2.7399E+00 -2.0991E-01
  8.2573E-01  9.0000E+02  1.4602E+01  9.9008E+01  0.0000E+00 -3.6310E+00 -2.6822E-01
  4.8761E-01  9.4000E+02  1.6702E+01  9.9341E+01  0.0000E+00 -5.2262E+00 -3.7281E-01
  1.6009E-01  9.8000E+02  1.9357E+01  9.9441E+01  0.0000E+00 -7.7978E+00 -5.3882E-01
