  25  6.0000000E+00
  2.7124E+01  2.0000E+01  1.4685E+00  1.0629E+02  1.2293E+00  0.0000E+00  0.0000E+00
  1.9206E+01  6.0000E+01  2.1078E+00  1.0633E+02  1.2249E+00 -7.5604E-02 -1.2629E-01
  1.5967E+01  1.0000E+02  2.5456E+00  1.0636E+02  1.2209E+00 -1.2692E-01 -8.6736E-02
  1.3844E+01  1.4000E+02  2.8497E+00  1.0653E+02  1.2171E+00 -6.1119E-02 -2.7377E-02
  1.2251E+01  1.8000E+02  3.1734E+00  1.0682E+02  1.2131E+00 -2.4735E-02 -8.3131E-03
  1.0959E+01  2.2000E+02  3.5615E+00  1.0716E+02  1.2090E+00 -3.3690E-02 -9.1820E-03
  9.8662E+00  2.6000E+02  4.0059E+00  1.0755E+02  1.2047E+00 -5.1029E-02 -1.1767E-02
  8.9153E+00  3.0000E+02  4.5000E+00  1.0798E+02  1.2003E+00 -6.5188E-02 -1.3078E-02
  8.0702E+00  3.4000E+02  5.0516E+00  1.0846E+02  1.1958E+00 -8.9263E-02 -1.5916E-02
  7.3062E+00  3.8000E+02  5.6744E+00  1.0897E+02  1.1911E+00 -1.4342E-01 -2.3116E-02
  6.6068E+00  4.2000E+02  6.3766E+00  1.0951E+02  1.1861E+00 -2.3138E-01 -3.4146E-02
  5.9602E+00  4.6000E+02  7.1609E+00  1.1007E+02  1.1808E+00 -3.4679E-01 -4.7302E-02
  5.3583E+00  5.0000E+02  8.0300E+00  1.1065E+02  1.1751E+00 -4.8751E-01 -6.1910E-02
  4.7946E+00  5.4000E+02  8.9882E+00  1.1124E+02  1.1689E+00 -6.5904E-01 -7.8378E-02
  4.2641E+00  5.8000E+02  1.0042E+01  1.1183E+02  1.1622E+00 -8.7093E-01 -9.7481E-02
  3.7628E+00  6.2000E+02  1.1202E+01  1.1242E+02  1.1548E+00 -1.1335E+00 -1.1990E-01
  3.2873E+00  6.6000E+02  1.2480E+01  1.1300E+02  1.1467E+00 -1.4606E+00 -1.4653E-01
  2.8349E+00  7.0000E+02  1.3887E+01  1.1357E+02  1.1379E+00 -1.8577E+00 -1.7729E-01
  2.4035E+00  7.4000E+02  1.5446E+01  1.1411E+02  1.1282E+00 -2.3575E+00 -2.1459E-01
  1.9911E+00  7.8000E+02  1.7198E+01  1.1462E+02  1.1172E+00 -3.0107E+00 -2.6197E-01
  1.5961E+00  8.2000E+02  1.9218E+01  1.1509E+02  1.1047E+00 -3.9176E+00 -3.2648E-01
  1.2171E+00  8.6000E+02  2.1635E+01  1.1552E+02  1.0896E+00 -5.2510E+00 -4.1979E-01
  8.5316E-01  9.0000E+02  2.4673E+01  1.1590E+02  1.0708E+00 -7.3041E+00 -5.6088E-01
  5.0300E-01  9.4000E+02  2.8694E+01  1.1621E+02  1.0462E+00 -1.0614E+01 -7.8416E-01
  1.6491E-01  9.8000E+02  3.3902E+01  1.1621E+02  1.0152E+00 -1.5398E+01 -1.0984E+00
