  25  6.0000000E+00
  2.7417E+01  2.0000E+01  1.3744E+00  1.3223E+02  1.1023E+00  0.0000E+00  0.0000E+00
  1.9636E+01  6.0000E+01  1.8808E+00  1.3225E+02  1.0982E+00 -6.2102E-02 -1.0194E-01
  1.6669E+01  1.0000E+02  2.0655E+00  1.3251E+02  1.0947E+00  2.4405E-02  1.5279E-02
  1.4678E+01  1.4000E+02  2.2955E+00  1.3298E+02  1.0910E+00  1.2296E-01  5.1656E-02
  1.3115E+01  1.8000E+02  2.7114E+00  1.3359E+02  1.0869E+00  1.2496E-01  4.1191E-02
  1.1804E+01  2.2000E+02  3.3556E+00  1.3431E+02  1.0823E+00  5.5951E-02  1.5478E-02
  1.0660E+01  2.6000E+02  4.2420E+00  1.3508E+02  1.0770E+00 -9.9772E-02 -2.4080E-02
  9.6435E+00  3.0000E+02  5.3655E+00  1.3591E+02  1.0706E+00 -2.9561E-01 -6.3421E-02
  8.7276E+00  3.4000E+02  6.7705E+00  1.3681E+02  1.0623E+00 -5.5207E-01 -1.0668E-01
  7.8940E+00  3.8000E+02  8.5614E+00  1.3782E+02  1.0516E+00 -9.3732E-01 -1.6484E-01
  7.1290E+00  4.2000E+02  1.0881E+01  1.3896E+02  1.0374E+00 -1.5378E+00 -2.4821E-01
  6.4219E+00  4.6000E+02  1.3860E+01  1.4023E+02  1.0193E+00 -2.4073E+00 -3.5913E-01
  5.7645E+00  5.0000E+02  1.7661E+01  1.4166E+02  9.9644E-01 -3.6174E+00 -5.0170E-01
  5.1503E+00  5.4000E+02  2.2412E+01  1.4323E+02  9.6845E-01 -5.1725E+00 -6.7027E-01
  4.5739E+00  5.8000E+02  2.8138E+01  1.4494E+02  9.3534E-01 -6.9761E+00 -8.4842E-01
  4.0307E+00  6.2000E+02  3.4751E+01  1.4674E+02  8.9758E-01 -8.8626E+00 -1.0156E+00
  3.5171E+00  6.6000E+02  4.2094E+01  1.4859E+02  8.5584E-01 -1.0688E+01 -1.1582E+00
  3.0299E+00  7.0000E+02  4.9988E+01  1.5046E+02  8.1084E-01 -1.2370E+01 -1.2716E+00
  2.5664E+00  7.4000E+02  5.8258E+01  1.5230E+02  7.6332E-01 -1.3874E+01 -1.3566E+00
  2.1244E+00  7.8000E+02  6.6740E+01  1.5406E+02  7.1406E-01 -1.5192E+01 -1.4168E+00
  1.7018E+00  8.2000E+02  7.5294E+01  1.5570E+02  6.6386E-01 -1.6363E+01 -1.4588E+00
  1.2970E+00  8.6000E+02  8.3851E+01  1.5715E+02  6.1317E-01 -1.7552E+01 -1.4991E+00
  9.0851E-01  9.0000E+02  9.2545E+01  1.5836E+02  5.6122E-01 -1.9270E+01 -1.5796E+00
  5.3507E-01  9.4000E+02  1.0214E+02  1.5932E+02  5.0297E-01 -2.3142E+01 -1.8233E+00
  1.7521E-01  9.8000E+02  1.1393E+02  1.5950E+02  4.3083E-01 -3.2252E+01 -2.4486E+00
