  25  6.0000000E+00
  2.6915E+01  2.0000E+01  1.3038E+00  9.3650E+01  1.0622E+00  0.0000E+00  0.0000E+00
  1.8928E+01  6.0000E+01  2.0009E+00  9.3689E+01  1.0580E+00 -8.2292E-02 -1.3867E-01
  1.5580E+01  1.0000E+02  2.5861E+00  9.3615E+01  1.0541E+00 -1.9694E-01 -1.3913E-01
  1.3371E+01  1.4000E+02  2.9868E+00  9.3572E+01  1.0503E+00 -2.0090E-01 -9.3608E-02
  1.1755E+01  1.8000E+02  3.2464E+00  9.3624E+01  1.0466E+00 -1.2880E-01 -4.3913E-02
  1.0487E+01  2.2000E+02  3.4456E+00  9.3787E+01  1.0430E+00 -2.7988E-02 -7.4917E-03
  9.4362E+00  2.6000E+02  3.6500E+00  9.4048E+01  1.0394E+00  5.3356E-02  1.1825E-02
  8.5316E+00  3.0000E+02  3.9001E+00  9.4386E+01  1.0358E+00  9.7093E-02  1.8531E-02
  7.7301E+00  3.4000E+02  4.2179E+00  9.4781E+01  1.0321E+00  9.6766E-02  1.6362E-02
  7.0059E+00  3.8000E+02  4.6110E+00  9.5217E+01  1.0283E+00  5.9828E-02  9.1410E-03
  6.3426E+00  4.2000E+02  5.0784E+00  9.5684E+01  1.0243E+00 -1.5751E-03 -2.2043E-04
  5.7290E+00  4.6000E+02  5.6175E+00  9.6174E+01  1.0202E+00 -7.9361E-02 -1.0274E-02
  5.1570E+00  5.0000E+02  6.2276E+00  9.6685E+01  1.0159E+00 -1.7356E-01 -2.0946E-02
  4.6204E+00  5.4000E+02  6.9114E+00  9.7213E+01  1.0112E+00 -2.8977E-01 -3.2805E-02
  4.1144E+00  5.8000E+02  7.6744E+00  9.7755E+01  1.0062E+00 -4.3672E-01 -4.6623E-02
  3.6352E+00  6.2000E+02  8.5252E+00  9.8307E+01  1.0007E+00 -6.2450E-01 -6.3142E-02
  3.1797E+00  6.6000E+02  9.4753E+00  9.8863E+01  9.9471E-01 -8.6596E-01 -8.3225E-02
  2.7454E+00  7.0000E+02  1.0540E+01  9.9416E+01  9.8797E-01 -1.1776E+00 -1.0791E-01
  2.3302E+00  7.4000E+02  1.1740E+01  9.9959E+01  9.8040E-01 -1.5823E+00 -1.3859E-01
  1.9325E+00  7.8000E+02  1.3106E+01  1.0048E+02  9.7178E-01 -2.1133E+00 -1.7732E-01
  1.5508E+00  8.2000E+02  1.4678E+01  1.0098E+02  9.6184E-01 -2.8118E+00 -2.2641E-01
  1.1840E+00  8.6000E+02  1.6509E+01  1.0145E+02  9.5026E-01 -3.7251E+00 -2.8827E-01
  8.3095E-01  9.0000E+02  1.8672E+01  1.0186E+02  9.3670E-01 -4.9463E+00 -3.6848E-01
  4.9032E-01  9.4000E+02  2.1220E+01  1.0218E+02  9.2107E-01 -6.5638E+00 -4.7171E-01
  1.6083E-01  9.8000E+02  2.4203E+01  1.0224E+02  9.0341E-01 -8.8620E+00 -6.1604E-01
