  25  3.7500000E+00
  2.7155E+01  2.0000E+01  1.1153E+03  1.0753E+02  1.1136E+03  0.0000E+00  0.0000E+00
  1.9270E+01  6.0000E+01  1.1120E+03  1.0561E+02  1.1056E+03  1.7565E-01  2.9223E-01
  1.6070E+01  1.0000E+02  1.1087E+03  1.0382E+02  1.0984E+03  4.6014E-01  3.1066E-01
  1.3970E+01  1.4000E+02  1.1045E+03  1.0193E+02  1.0904E+03  1.1152E+00  4.9395E-01
  1.2382E+01  1.8000E+02  1.0991E+03  9.9978E+01  1.0813E+03  2.1881E+00  7.3336E-01
  1.1084E+01  2.2000E+02  1.0927E+03  9.7964E+01  1.0715E+03  3.3278E+00  9.1132E-01
  9.9803E+00  2.6000E+02  1.0859E+03  9.5901E+01  1.0614E+03  4.3524E+00  1.0135E+00
  9.0170E+00  3.0000E+02  1.0787E+03  9.3794E+01  1.0511E+03  5.2948E+00  1.0761E+00
  8.1600E+00  3.4000E+02  1.0711E+03  9.1647E+01  1.0406E+03  6.3072E+00  1.1404E+00
  7.3855E+00  3.8000E+02  1.0631E+03  8.9465E+01  1.0298E+03  7.5530E+00  1.2342E+00
  6.6767E+00  4.2000E+02  1.0545E+03  8.7253E+01  1.0186E+03  9.0382E+00  1.3516E+00
  6.0218E+00  4.6000E+02  1.0453E+03  8.5013E+01  1.0069E+03  1.0551E+01  1.4579E+00
  5.4123E+00  5.0000E+02  1.0358E+03  8.2747E+01  9.9512E+02  1.1819E+01  1.5199E+00
  4.8416E+00  5.4000E+02  1.0263E+03  8.0457E+01  9.8336E+02  1.2724E+01  1.5319E+00
  4.3048E+00  5.8000E+02  1.0168E+03  7.8145E+01  9.7179E+02  1.3367E+01  1.5140E+00
  3.7977E+00  6.2000E+02  1.0074E+03  7.5811E+01  9.6042E+02  1.3943E+01  1.4917E+00
  3.3170E+00  6.6000E+02  9.9803E+02  7.3460E+01  9.4921E+02  1.4595E+01  1.4801E+00
  2.8600E+00  7.0000E+02  9.8862E+02  7.1093E+01  9.3807E+02  1.5410E+01  1.4858E+00
  2.4244E+00  7.4000E+02  9.7908E+02  6.8717E+01  9.2691E+02  1.6452E+01  1.5121E+00
  2.0082E+00  7.8000E+02  9.6930E+02  6.6339E+01  9.1562E+02  1.7781E+01  1.5614E+00
  1.6097E+00  8.2000E+02  9.5918E+02  6.3968E+01  9.0410E+02  1.9446E+01  1.6348E+00
  1.2275E+00  8.6000E+02  9.4862E+02  6.1620E+01  8.9224E+02  2.1500E+01  1.7337E+00
  8.6038E-01  9.0000E+02  9.3746E+02  5.9327E+01  8.7990E+02  2.4127E+01  1.8688E+00
  5.0722E-01  9.4000E+02  9.2553E+02  5.7149E+01  8.6689E+02  2.7620E+01  2.0580E+00
  1.6629E-01  9.8000E+02  9.1311E+02  5.5207E+01  8.5349E+02  3.0752E+01  2.2119E+00
