  25  3.7500000E+00
  2.5291E+01  2.0000E+01  7.0119E+01  1.9953E+01  6.8844E+01  0.0000E+00  0.0000E+00
  1.7990E+01  6.0000E+01  6.7600E+01  1.7668E+01  6.3731E+01  3.2025E-02  4.9326E-02
  1.4962E+01  1.0000E+02  6.5823E+01  1.6088E+01  6.0262E+01  6.4854E-02  4.1438E-02
  1.2911E+01  1.4000E+02  6.4233E+01  1.4733E+01  5.7298E+01  1.1489E-01  4.9713E-02
  1.1404E+01  1.8000E+02  6.2723E+01  1.3568E+01  5.4666E+01  2.2846E-01  7.2641E-02
  1.0212E+01  2.2000E+02  6.1254E+01  1.2543E+01  5.2258E+01  3.7350E-01  9.3897E-02
  9.2131E+00  2.6000E+02  5.9842E+01  1.1625E+01  5.0049E+01  4.9364E-01  1.0407E-01
  8.3435E+00  3.0000E+02  5.8485E+01  1.0792E+01  4.8004E+01  6.0275E-01  1.1059E-01
  7.5683E+00  3.4000E+02  5.7149E+01  1.0030E+01  4.6068E+01  7.4001E-01  1.2104E-01
  6.8662E+00  3.8000E+02  5.5813E+01  9.3255E+00  4.4207E+01  9.0038E-01  1.3337E-01
  6.2232E+00  4.2000E+02  5.4477E+01  8.6716E+00  4.2409E+01  1.0605E+00  1.4388E-01
  5.6286E+00  4.6000E+02  5.3151E+01  8.0608E+00  4.0675E+01  1.2022E+00  1.5080E-01
  5.0740E+00  5.0000E+02  5.1846E+01  7.4876E+00  3.9007E+01  1.3206E+00  1.5454E-01
  4.5524E+00  5.4000E+02  5.0555E+01  6.9476E+00  3.7394E+01  1.4405E+00  1.5850E-01
  4.0591E+00  5.8000E+02  4.9267E+01  6.4370E+00  3.5822E+01  1.5746E+00  1.6388E-01
  3.5905E+00  6.2000E+02  4.7979E+01  5.9529E+00  3.4282E+01  1.7151E+00  1.6956E-01
  3.1439E+00  6.6000E+02  4.6695E+01  5.4930E+00  3.2775E+01  1.8466E+00  1.7399E-01
  2.7172E+00  7.0000E+02  4.5421E+01  5.0551E+00  3.1306E+01  1.9593E+00  1.7642E-01
  2.3084E+00  7.4000E+02  4.4164E+01  4.6373E+00  2.9879E+01  2.0524E+00  1.7700E-01
  1.9161E+00  7.8000E+02  4.2932E+01  4.2380E+00  2.8499E+01  2.1235E+00  1.7575E-01
  1.5390E+00  8.2000E+02  4.1730E+01  3.8559E+00  2.7171E+01  2.1730E+00  1.7290E-01
  1.1758E+00  8.6000E+02  4.0563E+01  3.4895E+00  2.5898E+01  2.2049E+00  1.6893E-01
  8.2572E-01  9.0000E+02  3.9419E+01  3.1378E+00  2.4665E+01  2.2641E+00  1.6725E-01
  4.8760E-01  9.4000E+02  3.8254E+01  2.8005E+00  2.3432E+01  2.4451E+00  1.7443E-01
  1.6009E-01  9.8000E+02  3.7095E+01  2.4771E+00  2.2220E+01  2.5526E+00  1.7638E-01
