  25  3.7500000E+00
  2.7403E+01  2.0000E+01  1.3368E+03  1.1541E+02  1.3351E+03  0.0000E+00  0.0000E+00
  1.9615E+01  6.0000E+01  1.3334E+03  1.1351E+02  1.3269E+03  1.8850E-01  3.0972E-01
  1.6638E+01  1.0000E+02  1.3302E+03  1.1177E+02  1.3197E+03  4.8972E-01  3.0756E-01
  1.4642E+01  1.4000E+02  1.3258E+03  1.0993E+02  1.3114E+03  1.2881E+00  5.4251E-01
  1.3079E+01  1.8000E+02  1.3191E+03  1.0800E+02  1.3009E+03  3.0841E+00  1.0168E+00
  1.1769E+01  2.2000E+02  1.3097E+03  1.0600E+02  1.2880E+03  5.6017E+00  1.5486E+00
  1.0627E+01  2.6000E+02  1.2980E+03  1.0396E+02  1.2729E+03  8.4866E+00  2.0444E+00
  9.6130E+00  3.0000E+02  1.2843E+03  1.0187E+02  1.2560E+03  1.1407E+01  2.4399E+00
  8.7006E+00  3.4000E+02  1.2695E+03  9.9738E+01  1.2381E+03  1.3928E+01  2.6811E+00
  7.8705E+00  3.8000E+02  1.2542E+03  9.7571E+01  1.2199E+03  1.5828E+01  2.7718E+00
  7.1087E+00  4.2000E+02  1.2390E+03  9.5370E+01  1.2019E+03  1.7023E+01  2.7362E+00
  6.4042E+00  4.6000E+02  1.2242E+03  9.3138E+01  1.1845E+03  1.7832E+01  2.6503E+00
  5.7489E+00  5.0000E+02  1.2098E+03  9.0877E+01  1.1675E+03  1.8645E+01  2.5779E+00
  5.1362E+00  5.4000E+02  1.1955E+03  8.8593E+01  1.1510E+03  1.9497E+01  2.5202E+00
  4.5609E+00  5.8000E+02  1.1816E+03  8.6288E+01  1.1348E+03  2.0283E+01  2.4617E+00
  4.0188E+00  6.2000E+02  1.1678E+03  8.3967E+01  1.1189E+03  2.0992E+01  2.4009E+00
  3.5063E+00  6.6000E+02  1.1544E+03  8.1633E+01  1.1035E+03  2.1735E+01  2.3504E+00
  3.0202E+00  7.0000E+02  1.1411E+03  7.9292E+01  1.0883E+03  2.2567E+01  2.3142E+00
  2.5579E+00  7.4000E+02  1.1279E+03  7.6951E+01  1.0734E+03  2.3384E+01  2.2806E+00
  2.1171E+00  7.8000E+02  1.1150E+03  7.4615E+01  1.0588E+03  2.4029E+01  2.2347E+00
  1.6958E+00  8.2000E+02  1.1024E+03  7.2291E+01  1.0447E+03  2.4448E+01  2.1731E+00
  1.2924E+00  8.6000E+02  1.0900E+03  6.9990E+01  1.0309E+03  2.4969E+01  2.1255E+00
  9.0539E-01  9.0000E+02  1.0774E+03  6.7757E+01  1.0169E+03  2.6821E+01  2.1898E+00
  5.3349E-01  9.4000E+02  1.0643E+03  6.5665E+01  1.0027E+03  2.9461E+01  2.3116E+00
  1.7478E-01  9.8000E+02  1.0507E+03  6.3885E+01  9.8797E+02  3.3003E+01  2.4977E+00
