  25  3.7500000E+00
  2.7104E+01  2.0000E+01  9.6257E+02  9.9179E+01  9.6089E+02  0.0000E+00  0.0000E+00
  1.9131E+01  6.0000E+01  9.5930E+02  9.7211E+01  9.5301E+02  1.6403E-01  2.7590E-01
  1.5834E+01  1.0000E+02  9.5614E+02  9.5379E+01  9.4599E+02  4.0189E-01  2.7961E-01
  1.3672E+01  1.4000E+02  9.5234E+02  9.3454E+01  9.3847E+02  8.6509E-01  3.9449E-01
  1.2069E+01  1.8000E+02  9.4779E+02  9.1471E+01  9.3039E+02  1.6055E+00  5.4289E-01
  1.0786E+01  2.2000E+02  9.4272E+02  8.9439E+01  9.2199E+02  2.3665E+00  6.4089E-01
  9.7084E+00  2.6000E+02  9.3735E+02  8.7365E+01  9.1348E+02  3.0540E+00  6.9420E-01
  8.7745E+00  3.0000E+02  9.3167E+02  8.5255E+01  9.0482E+02  3.8291E+00  7.5443E-01
  7.9452E+00  3.4000E+02  9.2545E+02  8.3112E+01  8.9580E+02  4.9160E+00  8.6014E-01
  7.1954E+00  3.8000E+02  9.1849E+02  8.0943E+01  8.8619E+02  6.3921E+00  1.0112E+00
  6.5087E+00  4.2000E+02  9.1073E+02  7.8750E+01  8.7594E+02  8.1031E+00  1.1740E+00
  5.8738E+00  4.6000E+02  9.0230E+02  7.6537E+01  8.6516E+02  9.7981E+00  1.3124E+00
  5.2825E+00  5.0000E+02  8.9339E+02  7.4307E+01  8.5404E+02  1.1288E+01  1.4081E+00
  4.7285E+00  5.4000E+02  8.8423E+02  7.2061E+01  8.4279E+02  1.2489E+01  1.4597E+00
  4.2069E+00  5.8000E+02  8.7497E+02  6.9800E+01  8.3159E+02  1.3400E+01  1.4749E+00
  3.7135E+00  6.2000E+02  8.6576E+02  6.7527E+01  8.2054E+02  1.4062E+01  1.4637E+00
  3.2453E+00  6.6000E+02  8.5667E+02  6.5243E+01  8.0972E+02  1.4550E+01  1.4373E+00
  2.7995E+00  7.0000E+02  8.4770E+02  6.2950E+01  7.9915E+02  1.4966E+01  1.4074E+00
  2.3741E+00  7.4000E+02  8.3884E+02  6.0651E+01  7.8878E+02  1.5438E+01  1.3857E+00
  1.9672E+00  7.8000E+02  8.2998E+02  5.8351E+01  7.7853E+02  1.6105E+01  1.3826E+00
  1.5773E+00  8.2000E+02  8.2102E+02  5.6056E+01  7.6828E+02  1.7096E+01  1.4064E+00
  1.2032E+00  8.6000E+02  8.1184E+02  5.3780E+01  7.5791E+02  1.8452E+01  1.4564E+00
  8.4377E-01  9.0000E+02  8.0241E+02  5.1539E+01  7.4739E+02  2.0007E+01  1.5172E+00
  4.9764E-01  9.4000E+02  7.9278E+02  4.9363E+01  7.3678E+02  2.1528E+01  1.5721E+00
  1.6318E-01  9.8000E+02  7.8314E+02  4.7298E+01  7.2624E+02  2.2654E+01  1.5986E+00
