  25  3.7500000E+00
  2.7095E+01  2.0000E+01  9.2835E+02  9.7213E+01  9.2667E+02  0.0000E+00  0.0000E+00
  1.9106E+01  6.0000E+01  9.2508E+02  9.5231E+01  9.1883E+02  1.6131E-01  2.7187E-01
  1.5792E+01  1.0000E+02  9.2195E+02  9.3389E+01  9.1185E+02  3.8875E-01  2.7188E-01
  1.3618E+01  1.4000E+02  9.1826E+02  9.1456E+01  9.0446E+02  8.0592E-01  3.6959E-01
  1.2011E+01  1.8000E+02  9.1392E+02  8.9466E+01  8.9662E+02  1.4654E+00  4.9668E-01
  1.0730E+01  2.2000E+02  9.0912E+02  8.7430E+01  8.8852E+02  2.1562E+00  5.8294E-01
  9.6572E+00  2.6000E+02  9.0403E+02  8.5355E+01  8.8032E+02  2.8043E+00  6.3468E-01
  8.7286E+00  3.0000E+02  8.9861E+02  8.3245E+01  8.7195E+02  3.5717E+00  6.9977E-01
  7.9042E+00  3.4000E+02  8.9262E+02  8.1105E+01  8.6319E+02  4.6704E+00  8.1225E-01
  7.1590E+00  3.8000E+02  8.8587E+02  7.8941E+01  8.5383E+02  6.1504E+00  9.6699E-01
  6.4766E+00  4.2000E+02  8.7833E+02  7.6755E+01  8.4383E+02  7.8440E+00  1.1294E+00
  5.8456E+00  4.6000E+02  8.7012E+02  7.4550E+01  8.3330E+02  9.5220E+00  1.2676E+00
  5.2579E+00  5.0000E+02  8.6142E+02  7.2330E+01  8.2242E+02  1.1018E+01  1.3662E+00
  4.7072E+00  5.4000E+02  8.5244E+02  7.0095E+01  8.1139E+02  1.2250E+01  1.4234E+00
  4.1884E+00  5.8000E+02  8.4335E+02  6.7848E+01  8.0036E+02  1.3203E+01  1.4450E+00
  3.6977E+00  6.2000E+02  8.3427E+02  6.5591E+01  7.8948E+02  1.3900E+01  1.4390E+00
  3.2319E+00  6.6000E+02  8.2529E+02  6.3323E+01  7.7881E+02  1.4411E+01  1.4163E+00
  2.7884E+00  7.0000E+02  8.1643E+02  6.1049E+01  7.6838E+02  1.4837E+01  1.3884E+00
  2.3650E+00  7.4000E+02  8.0767E+02  5.8770E+01  7.5814E+02  1.5306E+01  1.3674E+00
  1.9599E+00  7.8000E+02  7.9893E+02  5.6491E+01  7.4803E+02  1.5956E+01  1.3637E+00
  1.5717E+00  8.2000E+02  7.9010E+02  5.4218E+01  7.3794E+02  1.6897E+01  1.3840E+00
  1.1991E+00  8.6000E+02  7.8110E+02  5.1964E+01  7.2777E+02  1.8114E+01  1.4238E+00
  8.4105E-01  9.0000E+02  7.7193E+02  4.9743E+01  7.1754E+02  1.9385E+01  1.4644E+00
  4.9610E-01  9.4000E+02  7.6269E+02  4.7577E+01  7.0733E+02  2.0520E+01  1.4934E+00
  1.6268E-01  9.8000E+02  7.5350E+02  4.5505E+01  6.9727E+02  2.1352E+01  1.5020E+00
