  25  3.7500000E+00
  2.6915E+01  2.0000E+01  7.4112E+02  8.5962E+01  7.3948E+02  0.0000E+00  0.0000E+00
  1.8928E+01  6.0000E+01  7.3790E+02  8.3893E+01  7.3182E+02  1.4427E-01  2.4311E-01
  1.5580E+01  1.0000E+02  7.3492E+02  8.1989E+01  7.2514E+02  3.1987E-01  2.2598E-01
  1.3371E+01  1.4000E+02  7.3173E+02  8.0005E+01  7.1841E+02  5.4680E-01  2.5477E-01
  1.1755E+01  1.8000E+02  7.2828E+02  7.7983E+01  7.1163E+02  8.8739E-01  3.0255E-01
  1.0487E+01  2.2000E+02  7.2451E+02  7.5934E+01  7.0475E+02  1.3536E+00  3.6232E-01
  9.4362E+00  2.6000E+02  7.2039E+02  7.3863E+01  6.9771E+02  1.9477E+00  4.3166E-01
  8.5316E+00  3.0000E+02  7.1585E+02  7.1773E+01  6.9043E+02  2.7099E+00  5.1719E-01
  7.7301E+00  3.4000E+02  7.1079E+02  6.9667E+01  6.8280E+02  3.6844E+00  6.2300E-01
  7.0059E+00  3.8000E+02  7.0516E+02  6.7550E+01  6.7475E+02  4.8567E+00  7.4204E-01
  6.3426E+00  4.2000E+02  6.9895E+02  6.5423E+01  6.6628E+02  6.1517E+00  8.6090E-01
  5.7290E+00  4.6000E+02  6.9223E+02  6.3289E+01  6.5744E+02  7.4731E+00  9.6745E-01
  5.1570E+00  5.0000E+02  6.8510E+02  6.1149E+01  6.4832E+02  8.7332E+00  1.0539E+00
  4.6204E+00  5.4000E+02  6.7765E+02  5.9006E+01  6.3902E+02  9.8818E+00  1.1187E+00
  4.1144E+00  5.8000E+02  6.7000E+02  5.6860E+01  6.2963E+02  1.0888E+01  1.1623E+00
  3.6352E+00  6.2000E+02  6.6222E+02  5.4712E+01  6.2023E+02  1.1738E+01  1.1868E+00
  3.1797E+00  6.6000E+02  6.5441E+02  5.2565E+01  6.1091E+02  1.2438E+01  1.1954E+00
  2.7454E+00  7.0000E+02  6.4661E+02  5.0419E+01  6.0170E+02  1.3017E+01  1.1928E+00
  2.3302E+00  7.4000E+02  6.3885E+02  4.8277E+01  5.9264E+02  1.3531E+01  1.1852E+00
  1.9325E+00  7.8000E+02  6.3112E+02  4.6140E+01  5.8370E+02  1.4065E+01  1.1802E+00
  1.5508E+00  8.2000E+02  6.2337E+02  4.4013E+01  5.7485E+02  1.4719E+01  1.1852E+00
  1.1840E+00  8.6000E+02  6.1557E+02  4.1903E+01  5.6602E+02  1.5529E+01  1.2018E+00
  8.3095E-01  9.0000E+02  6.0771E+02  3.9818E+01  5.5724E+02  1.6345E+01  1.2176E+00
  4.9032E-01  9.4000E+02  5.9988E+02  3.7770E+01  5.4857E+02  1.6983E+01  1.2205E+00
  1.6083E-01  9.8000E+02  5.9212E+02  3.5782E+01  5.4006E+02  1.7500E+01  1.2165E+00
