  25  3.7500000E+00
  2.7099E+01  2.0000E+01  9.6257E+02  9.9187E+01  9.6089E+02  0.0000E+00  0.0000E+00
  1.9128E+01  6.0000E+01  9.5929E+02  9.7219E+01  9.5301E+02  1.6414E-01  2.7602E-01
  1.5831E+01  1.0000E+02  9.5614E+02  9.5387E+01  9.4599E+02  4.0235E-01  2.7985E-01
  1.3670E+01  1.4000E+02  9.5234E+02  9.3462E+01  9.3847E+02  8.6681E-01  3.9518E-01
  1.2068E+01  1.8000E+02  9.4778E+02  9.1479E+01  9.3038E+02  1.6076E+00  5.4350E-01
  1.0784E+01  2.2000E+02  9.4271E+02  8.9447E+01  9.2198E+02  2.3664E+00  6.4093E-01
  9.7065E+00  2.6000E+02  9.3735E+02  8.7373E+01  9.1348E+02  3.0493E+00  6.9333E-01
  8.7725E+00  3.0000E+02  9.3168E+02  8.5262E+01  9.0483E+02  3.8147E+00  7.5168E-01
  7.9433E+00  3.4000E+02  9.2548E+02  8.3120E+01  8.9583E+02  4.8925E+00  8.5592E-01
  7.1936E+00  3.8000E+02  9.1853E+02  8.0951E+01  8.8624E+02  6.3704E+00  1.0075E+00
  6.5071E+00  4.2000E+02  9.1079E+02  7.8758E+01  8.7600E+02  8.0871E+00  1.1714E+00
  5.8724E+00  4.6000E+02  9.0237E+02  7.6545E+01  8.6523E+02  9.7749E+00  1.3089E+00
  5.2814E+00  5.0000E+02  8.9349E+02  7.4314E+01  8.5414E+02  1.1246E+01  1.4024E+00
  4.7276E+00  5.4000E+02  8.8436E+02  7.2068E+01  8.4292E+02  1.2437E+01  1.4532E+00
  4.2060E+00  5.8000E+02  8.7513E+02  6.9807E+01  8.3174E+02  1.3356E+01  1.4696E+00
  3.7129E+00  6.2000E+02  8.6594E+02  6.7534E+01  8.2071E+02  1.4037E+01  1.4606E+00
  3.2448E+00  6.6000E+02  8.5684E+02  6.5250E+01  8.0990E+02  1.4544E+01  1.4364E+00
  2.7992E+00  7.0000E+02  8.4788E+02  6.2957E+01  7.9932E+02  1.4978E+01  1.4082E+00
  2.3738E+00  7.4000E+02  8.3900E+02  6.0657E+01  7.8895E+02  1.5460E+01  1.3872E+00
  1.9670E+00  7.8000E+02  8.3014E+02  5.8356E+01  7.7869E+02  1.6129E+01  1.3844E+00
  1.5772E+00  8.2000E+02  8.2117E+02  5.6062E+01  7.6843E+02  1.7123E+01  1.4083E+00
  1.2031E+00  8.6000E+02  8.1198E+02  5.3785E+01  7.5805E+02  1.8479E+01  1.4583E+00
  8.4371E-01  9.0000E+02  8.0254E+02  5.1545E+01  7.4752E+02  2.0029E+01  1.5187E+00
  4.9761E-01  9.4000E+02  7.9290E+02  4.9369E+01  7.3690E+02  2.1556E+01  1.5740E+00
  1.6317E-01  9.8000E+02  7.8325E+02  4.7305E+01  7.2635E+02  2.2696E+01  1.6015E+00
