  25  3.7500000E+00
  2.7305E+01  2.0000E+01  1.2535E+03  1.1324E+02  1.2518E+03  0.0000E+00  0.0000E+00
  1.9481E+01  6.0000E+01  1.2501E+03  1.1134E+02  1.2436E+03  1.8450E-01  3.0457E-01
  1.6402E+01  1.0000E+02  1.2468E+03  1.0958E+02  1.2364E+03  4.9911E-01  3.2419E-01
  1.4363E+01  1.4000E+02  1.2423E+03  1.0772E+02  1.2280E+03  1.2982E+00  5.5859E-01
  1.2790E+01  1.8000E+02  1.2360E+03  1.0579E+02  1.2180E+03  2.7806E+00  9.2258E-01
  1.1485E+01  2.2000E+02  1.2279E+03  1.0379E+02  1.2063E+03  4.7071E+00  1.2966E+00
  1.0359E+01  2.6000E+02  1.2182E+03  1.0174E+02  1.1933E+03  6.7831E+00  1.6112E+00
  9.3656E+00  3.0000E+02  1.2075E+03  9.9645E+01  1.1794E+03  8.6794E+00  1.8186E+00
  8.4758E+00  3.4000E+02  1.1962E+03  9.7509E+01  1.1651E+03  1.0287E+01  1.9312E+00
  7.6684E+00  3.8000E+02  1.1846E+03  9.5335E+01  1.1506E+03  1.1650E+01  1.9845E+00
  6.9280E+00  4.2000E+02  1.1729E+03  9.3126E+01  1.1362E+03  1.2758E+01  1.9927E+00
  6.2433E+00  4.6000E+02  1.1614E+03  9.0884E+01  1.1222E+03  1.3537E+01  1.9555E+00
  5.6059E+00  5.0000E+02  1.1503E+03  8.8609E+01  1.1086E+03  1.3939E+01  1.8747E+00
  5.0093E+00  5.4000E+02  1.1396E+03  8.6301E+01  1.0956E+03  1.3949E+01  1.7555E+00
  4.4488E+00  5.8000E+02  1.1296E+03  8.3961E+01  1.0834E+03  1.3677E+01  1.6174E+00
  3.9204E+00  6.2000E+02  1.1201E+03  8.1590E+01  1.0718E+03  1.3528E+01  1.5082E+00
  3.4208E+00  6.6000E+02  1.1106E+03  7.9194E+01  1.0604E+03  1.4212E+01  1.4981E+00
  2.9471E+00  7.0000E+02  1.1005E+03  7.6785E+01  1.0484E+03  1.6328E+01  1.6318E+00
  2.4967E+00  7.4000E+02  1.0892E+03  7.4380E+01  1.0354E+03  1.9713E+01  1.8732E+00
  2.0672E+00  7.8000E+02  1.0768E+03  7.1993E+01  1.0215E+03  2.3294E+01  2.1109E+00
  1.6564E+00  8.2000E+02  1.0638E+03  6.9632E+01  1.0069E+03  2.6015E+01  2.2544E+00
  1.2627E+00  8.6000E+02  1.0505E+03  6.7313E+01  9.9226E+02  2.7888E+01  2.3164E+00
  8.8484E-01  9.0000E+02  1.0369E+03  6.5067E+01  9.7745E+02  2.9917E+01  2.3852E+00
  5.2159E-01  9.4000E+02  1.0230E+03  6.2968E+01  9.6240E+02  3.2466E+01  2.4881E+00
  1.7100E-01  9.8000E+02  1.0090E+03  6.1166E+01  9.4732E+02  3.4872E+01  2.5794E+00
