  25  3.7500000E+00
  2.7418E+01  2.0000E+01  1.3566E+03  1.1569E+02  1.3550E+03  0.0000E+00  0.0000E+00
  1.9641E+01  6.0000E+01  1.3533E+03  1.1379E+02  1.3467E+03  1.8943E-01  3.1081E-01
  1.6675E+01  1.0000E+02  1.3501E+03  1.1206E+02  1.3395E+03  4.8885E-01  3.0591E-01
  1.4685E+01  1.4000E+02  1.3458E+03  1.1021E+02  1.3313E+03  1.2416E+00  5.2116E-01
  1.3124E+01  1.8000E+02  1.3389E+03  1.0828E+02  1.3207E+03  3.1563E+00  1.0400E+00
  1.1812E+01  2.2000E+02  1.3285E+03  1.0629E+02  1.3067E+03  6.4472E+00  1.7842E+00
  1.0667E+01  2.6000E+02  1.3145E+03  1.0425E+02  1.2893E+03  1.0418E+01  2.5168E+00
  9.6487E+00  3.0000E+02  1.2981E+03  1.0217E+02  1.2697E+03  1.4047E+01  3.0170E+00
  8.7319E+00  3.4000E+02  1.2807E+03  1.0005E+02  1.2492E+03  1.6700E+01  3.2303E+00
  7.8977E+00  3.8000E+02  1.2632E+03  9.7899E+01  1.2287E+03  1.8445E+01  3.2465E+00
  7.1321E+00  4.2000E+02  1.2461E+03  9.5715E+01  1.2089E+03  1.9484E+01  3.1471E+00
  6.4246E+00  4.6000E+02  1.2296E+03  9.3503E+01  1.1898E+03  2.0151E+01  3.0080E+00
  5.7669E+00  5.0000E+02  1.2138E+03  9.1266E+01  1.1715E+03  2.0655E+01  2.8659E+00
  5.1524E+00  5.4000E+02  1.1986E+03  8.9008E+01  1.1539E+03  2.1041E+01  2.7277E+00
  4.5758E+00  5.8000E+02  1.1840E+03  8.6731E+01  1.1371E+03  2.1361E+01  2.5989E+00
  4.0324E+00  6.2000E+02  1.1699E+03  8.4439E+01  1.1209E+03  2.1640E+01  2.4807E+00
  3.5187E+00  6.6000E+02  1.1564E+03  8.2133E+01  1.1054E+03  2.1898E+01  2.3737E+00
  3.0313E+00  7.0000E+02  1.1433E+03  7.9820E+01  1.0904E+03  2.2139E+01  2.2764E+00
  2.5677E+00  7.4000E+02  1.1306E+03  7.7501E+01  1.0759E+03  2.2358E+01  2.1869E+00
  2.1255E+00  7.8000E+02  1.1183E+03  7.5183E+01  1.0620E+03  2.2551E+01  2.1038E+00
  1.7028E+00  8.2000E+02  1.1064E+03  7.2872E+01  1.0485E+03  2.2740E+01  2.0282E+00
  1.2978E+00  8.6000E+02  1.0947E+03  7.0579E+01  1.0354E+03  2.3055E+01  1.9699E+00
  9.0911E-01  9.0000E+02  1.0832E+03  6.8330E+01  1.0225E+03  2.3994E+01  1.9675E+00
  5.3557E-01  9.4000E+02  1.0711E+03  6.6205E+01  1.0093E+03  2.6575E+01  2.0944E+00
  1.7544E-01  9.8000E+02  1.0581E+03  6.4396E+01  9.9515E+02  3.1063E+01  2.3601E+00
