  25  3.7500000E+00
  2.7055E+01  2.0000E+01  8.5654E+02  9.3033E+01  8.5488E+02  0.0000E+00  0.0000E+00
  1.9050E+01  6.0000E+01  8.5329E+02  9.1022E+01  8.4710E+02  1.5542E-01  2.6249E-01
  1.5710E+01  1.0000E+02  8.5021E+02  8.9157E+01  8.4023E+02  3.6234E-01  2.5534E-01
  1.3515E+01  1.4000E+02  8.4674E+02  8.7204E+01  8.3311E+02  6.9237E-01  3.2059E-01
  1.1901E+01  1.8000E+02  8.4281E+02  8.5201E+01  8.2574E+02  1.1971E+00  4.0760E-01
  1.0623E+01  2.2000E+02  8.3851E+02  8.3159E+01  8.1821E+02  1.7609E+00  4.7483E-01
  9.5586E+00  2.6000E+02  8.3394E+02  8.1082E+01  8.1058E+02  2.3498E+00  5.2775E-01
  8.6395E+00  3.0000E+02  8.2898E+02  7.8976E+01  8.0275E+02  3.1016E+00  6.0140E-01
  7.8247E+00  3.4000E+02  8.2345E+02  7.6846E+01  7.9452E+02  4.1766E+00  7.1800E-01
  7.0885E+00  3.8000E+02  8.1719E+02  7.4694E+01  7.8572E+02  5.5768E+00  8.6618E-01
  6.4145E+00  4.2000E+02  8.1020E+02  7.2526E+01  7.7634E+02  7.1485E+00  1.0165E+00
  5.7913E+00  4.6000E+02  8.0258E+02  7.0342E+01  7.6647E+02  8.7249E+00  1.1471E+00
  5.2107E+00  5.0000E+02  7.9447E+02  6.8147E+01  7.5625E+02  1.0184E+01  1.2475E+00
  4.6664E+00  5.4000E+02  7.8603E+02  6.5941E+01  7.4583E+02  1.1450E+01  1.3149E+00
  4.1535E+00  5.8000E+02  7.7742E+02  6.3726E+01  7.3535E+02  1.2480E+01  1.3505E+00
  3.6681E+00  6.2000E+02  7.6875E+02  6.1503E+01  7.2495E+02  1.3275E+01  1.3596E+00
  3.2070E+00  6.6000E+02  7.6013E+02  5.9275E+01  7.1470E+02  1.3877E+01  1.3499E+00
  2.7678E+00  7.0000E+02  7.5158E+02  5.7043E+01  7.0464E+02  1.4366E+01  1.3313E+00
  2.3482E+00  7.4000E+02  7.4312E+02  5.4810E+01  6.9476E+02  1.4855E+01  1.3150E+00
  1.9466E+00  7.8000E+02  7.3467E+02  5.2579E+01  6.8501E+02  1.5472E+01  1.3109E+00
  1.5615E+00  8.2000E+02  7.2617E+02  5.0356E+01  6.7530E+02  1.6298E+01  1.3241E+00
  1.1918E+00  8.6000E+02  7.1758E+02  4.8151E+01  6.6560E+02  1.7278E+01  1.3478E+00
  8.3617E-01  9.0000E+02  7.0893E+02  4.5974E+01  6.5594E+02  1.8190E+01  1.3648E+00
  4.9330E-01  9.4000E+02  7.0032E+02  4.3840E+01  6.4640E+02  1.8905E+01  1.3675E+00
  1.6178E-01  9.8000E+02  6.9181E+02  4.1781E+01  6.3706E+02  1.9452E+01  1.3605E+00
