  25  3.7500000E+00
  2.7117E+01  2.0000E+01  1.0275E+03  1.0285E+02  1.0258E+03  0.0000E+00  0.0000E+00
  1.9182E+01  6.0000E+01  1.0242E+03  1.0090E+02  1.0178E+03  1.6898E-01  2.8290E-01
  1.5923E+01  1.0000E+02  1.0210E+03  9.9089E+01  1.0107E+03  4.2663E-01  2.9338E-01
  1.3786E+01  1.4000E+02  1.0170E+03  9.7181E+01  1.0030E+03  9.7628E-01  4.4003E-01
  1.2190E+01  1.8000E+02  1.0120E+03  9.5211E+01  9.9445E+02  1.8662E+00  6.2848E-01
  1.0901E+01  2.2000E+02  1.0064E+03  9.3186E+01  9.8547E+02  2.7729E+00  7.5405E-01
  9.8136E+00  2.6000E+02  1.0005E+03  9.1116E+01  9.7633E+02  3.5655E+00  8.1815E-01
  8.8685E+00  3.0000E+02  9.9423E+02  8.9006E+01  9.6705E+02  4.3769E+00  8.7278E-01
  8.0287E+00  3.4000E+02  9.8753E+02  8.6860E+01  9.5749E+02  5.4284E+00  9.6182E-01
  7.2694E+00  3.8000E+02  9.8015E+02  8.4684E+01  9.4742E+02  6.8432E+00  1.0962E+00
  6.5742E+00  4.2000E+02  9.7203E+02  8.2481E+01  9.3674E+02  8.5160E+00  1.2492E+00
  5.9315E+00  4.6000E+02  9.6326E+02  8.0255E+01  9.2556E+02  1.0185E+01  1.3811E+00
  5.3331E+00  5.0000E+02  9.5406E+02  7.8008E+01  9.1409E+02  1.1624E+01  1.4676E+00
  4.7726E+00  5.4000E+02  9.4465E+02  7.5742E+01  9.0254E+02  1.2741E+01  1.5067E+00
  4.2450E+00  5.8000E+02  9.3521E+02  7.3459E+01  8.9109E+02  1.3565E+01  1.5101E+00
  3.7462E+00  6.2000E+02  9.2584E+02  7.1160E+01  8.7983E+02  1.4177E+01  1.4918E+00
  3.2731E+00  6.6000E+02  9.1659E+02  6.8846E+01  8.6880E+02  1.4664E+01  1.4638E+00
  2.8229E+00  7.0000E+02  9.0745E+02  6.6521E+01  8.5801E+02  1.5122E+01  1.4363E+00
  2.3934E+00  7.4000E+02  8.9839E+02  6.4187E+01  8.4740E+02  1.5662E+01  1.4191E+00
  1.9828E+00  7.8000E+02  8.8932E+02  6.1849E+01  8.3687E+02  1.6412E+01  1.4217E+00
  1.5895E+00  8.2000E+02  8.8009E+02  5.9515E+01  8.2631E+02  1.7521E+01  1.4539E+00
  1.2122E+00  8.6000E+02  8.7056E+02  5.7199E+01  8.1554E+02  1.9125E+01  1.5224E+00
  8.4982E-01  9.0000E+02  8.6058E+02  5.4927E+01  8.0443E+02  2.1260E+01  1.6255E+00
  5.0108E-01  9.4000E+02  8.5011E+02  5.2739E+01  7.9293E+02  2.3761E+01  1.7483E+00
  1.6429E-01  9.8000E+02  8.3940E+02  5.0710E+01  7.8129E+02  2.5781E+01  1.8319E+00
