  25  3.7500000E+00
  2.6977E+01  2.0000E+01  7.8056E+02  8.8432E+01  7.7892E+02  0.0000E+00  0.0000E+00
  1.8976E+01  6.0000E+01  7.7733E+02  8.6384E+01  7.7121E+02  1.4830E-01  2.5032E-01
  1.5626E+01  1.0000E+02  7.7432E+02  8.4494E+01  7.6446E+02  3.3415E-01  2.3622E-01
  1.3418E+01  1.4000E+02  7.7104E+02  8.2521E+01  7.5761E+02  5.9001E-01  2.7474E-01
  1.1801E+01  1.8000E+02  7.6745E+02  8.0505E+01  7.5065E+02  9.7294E-01  3.3195E-01
  1.0529E+01  2.2000E+02  7.6355E+02  7.8457E+01  7.4359E+02  1.4590E+00  3.9176E-01
  9.4732E+00  2.6000E+02  7.5932E+02  7.6383E+01  7.3639E+02  2.0447E+00  4.5531E-01
  8.5638E+00  3.0000E+02  7.5467E+02  7.4286E+01  7.2895E+02  2.8098E+00  5.3908E-01
  7.7581E+00  3.4000E+02  7.4946E+02  7.2171E+01  7.2113E+02  3.8335E+00  6.5164E-01
  7.0302E+00  3.8000E+02  7.4362E+02  7.0040E+01  7.1283E+02  5.0948E+00  7.8238E-01
  6.3637E+00  4.2000E+02  7.3715E+02  6.7896E+01  7.0405E+02  6.4909E+00  9.1279E-01
  5.7472E+00  4.6000E+02  7.3012E+02  6.5743E+01  6.9486E+02  7.9067E+00  1.0284E+00
  5.1726E+00  5.0000E+02  7.2265E+02  6.3582E+01  6.8535E+02  9.2456E+00  1.1208E+00
  4.6337E+00  5.4000E+02  7.1485E+02  6.1415E+01  6.7565E+02  1.0445E+01  1.1876E+00
  4.1257E+00  5.8000E+02  7.0686E+02  5.9242E+01  6.6587E+02  1.1469E+01  1.2293E+00
  3.6446E+00  6.2000E+02  6.9876E+02  5.7066E+01  6.5611E+02  1.2311E+01  1.2495E+00
  3.1874E+00  6.6000E+02  6.9064E+02  5.4889E+01  6.4645E+02  1.2983E+01  1.2522E+00
  2.7517E+00  7.0000E+02  6.8257E+02  5.2710E+01  6.3693E+02  1.3535E+01  1.2444E+00
  2.3352E+00  7.4000E+02  6.7455E+02  5.0534E+01  6.2756E+02  1.4039E+01  1.2335E+00
  1.9364E+00  7.8000E+02  6.6655E+02  4.8362E+01  6.1833E+02  1.4597E+01  1.2282E+00
  1.5538E+00  8.2000E+02  6.5853E+02  4.6199E+01  6.0916E+02  1.5302E+01  1.2353E+00
  1.1862E+00  8.6000E+02  6.5045E+02  4.4053E+01  6.0003E+02  1.6157E+01  1.2531E+00
  8.3238E-01  9.0000E+02  6.4232E+02  4.1933E+01  5.9094E+02  1.6980E+01  1.2674E+00
  4.9113E-01  9.4000E+02  6.3423E+02  3.9852E+01  5.8199E+02  1.7597E+01  1.2669E+00
  1.6109E-01  9.8000E+02  6.2625E+02  3.7833E+01  5.7322E+02  1.8075E+01  1.2586E+00
