  25  3.7500000E+00
  2.6494E+01  2.0000E+01  5.7480E+02  7.4764E+01  5.7319E+02  0.0000E+00  0.0000E+00
  1.8654E+01  6.0000E+01  5.7164E+02  7.2589E+01  5.6576E+02  1.2539E-01  2.0741E-01
  1.5370E+01  1.0000E+02  5.6881E+02  7.0622E+01  5.5940E+02  2.6429E-01  1.8312E-01
  1.3192E+01  1.4000E+02  5.6586E+02  6.8597E+01  5.5311E+02  4.2459E-01  1.9511E-01
  1.1602E+01  1.8000E+02  5.6271E+02  6.6560E+01  5.4685E+02  7.0091E-01  2.3514E-01
  1.0358E+01  2.2000E+02  5.5922E+02  6.4520E+01  5.4048E+02  1.1600E+00  3.0434E-01
  9.3288E+00  2.6000E+02  5.5540E+02  6.2479E+01  5.3397E+02  1.7339E+00  3.7651E-01
  8.4408E+00  3.0000E+02  5.5127E+02  6.0440E+01  5.2734E+02  2.3473E+00  4.3978E-01
  7.6522E+00  3.4000E+02  5.4684E+02  5.8403E+01  5.2057E+02  3.0451E+00  5.0661E-01
  6.9386E+00  3.8000E+02  5.4204E+02  5.6370E+01  5.1360E+02  3.8745E+00  5.8333E-01
  6.2846E+00  4.2000E+02  5.3687E+02  5.4344E+01  5.0640E+02  4.8035E+00  6.6283E-01
  5.6794E+00  4.6000E+02  5.3136E+02  5.2325E+01  4.9900E+02  5.7663E+00  7.3620E-01
  5.1152E+00  5.0000E+02  5.2557E+02  5.0314E+01  4.9145E+02  6.7084E+00  7.9864E-01
  4.5855E+00  5.4000E+02  5.1953E+02  4.8311E+01  4.8377E+02  7.6085E+00  8.5025E-01
  4.0855E+00  5.8000E+02  5.1330E+02  4.6317E+01  4.7602E+02  8.4718E+00  8.9356E-01
  3.6116E+00  6.2000E+02  5.0692E+02  4.4332E+01  4.6822E+02  9.2805E+00  9.2803E-01
  3.1606E+00  6.6000E+02  5.0043E+02  4.2357E+01  4.6042E+02  1.0009E+01  9.5231E-01
  2.7302E+00  7.0000E+02  4.9389E+02  4.0392E+01  4.5266E+02  1.0627E+01  9.6502E-01
  2.3184E+00  7.4000E+02  4.8735E+02  3.8439E+01  4.4499E+02  1.1148E+01  9.6845E-01
  1.9236E+00  7.8000E+02  4.8083E+02  3.6498E+01  4.3743E+02  1.1610E+01  9.6702E-01
  1.5444E+00  8.2000E+02  4.7431E+02  3.4572E+01  4.2997E+02  1.2091E+01  9.6738E-01
  1.1796E+00  8.6000E+02  4.6778E+02  3.2663E+01  4.2257E+02  1.2666E+01  9.7489E-01
  8.2805E-01  9.0000E+02  4.6122E+02  3.0776E+01  4.1522E+02  1.3313E+01  9.8737E-01
  4.8874E-01  9.4000E+02  4.5456E+02  2.8922E+01  4.0785E+02  1.4153E+01  1.0132E+00
  1.6037E-01  9.8000E+02  4.4782E+02  2.7120E+01  4.0047E+02  1.5053E+01  1.0429E+00
