  25  3.7500000E+00
  2.7023E+01  2.0000E+01  8.1905E+02  9.0787E+01  8.1740E+02  0.0000E+00  0.0000E+00
  1.9016E+01  6.0000E+01  8.1581E+02  8.8758E+01  8.0966E+02  1.5201E-01  2.5678E-01
  1.5669E+01  1.0000E+02  8.1276E+02  8.6881E+01  8.0284E+02  3.4836E-01  2.4604E-01
  1.3466E+01  1.4000E+02  8.0939E+02  8.4918E+01  7.9586E+02  6.3888E-01  2.9685E-01
  1.1850E+01  1.8000E+02  8.0564E+02  8.2909E+01  7.8870E+02  1.0771E+00  3.6729E-01
  1.0574E+01  2.2000E+02  8.0156E+02  8.0863E+01  7.8142E+02  1.5957E+00  4.2949E-01
  9.5141E+00  2.6000E+02  7.9718E+02  7.8787E+01  7.7402E+02  2.1781E+00  4.8715E-01
  8.5999E+00  3.0000E+02  7.9239E+02  7.6685E+01  7.6641E+02  2.9372E+00  5.6653E-01
  7.7898E+00  3.4000E+02  7.8703E+02  7.4561E+01  7.5839E+02  3.9937E+00  6.8265E-01
  7.0579E+00  3.8000E+02  7.8099E+02  7.2419E+01  7.4984E+02  5.3321E+00  8.2335E-01
  6.3877E+00  4.2000E+02  7.7426E+02  7.0262E+01  7.4076E+02  6.8221E+00  9.6454E-01
  5.7681E+00  4.6000E+02  7.6693E+02  6.8093E+01  7.3122E+02  8.3241E+00  1.0883E+00
  5.1906E+00  5.0000E+02  7.5913E+02  6.5913E+01  7.2135E+02  9.7323E+00  1.1857E+00
  4.6491E+00  5.4000E+02  7.5100E+02  6.3725E+01  7.1127E+02  1.0974E+01  1.2537E+00
  4.1387E+00  5.8000E+02  7.4268E+02  6.1529E+01  7.0113E+02  1.2007E+01  1.2929E+00
  3.6556E+00  6.2000E+02  7.3428E+02  5.9329E+01  6.9103E+02  1.2830E+01  1.3078E+00
  3.1966E+00  6.6000E+02  7.2589E+02  5.7124E+01  6.8105E+02  1.3470E+01  1.3044E+00
  2.7592E+00  7.0000E+02  7.1756E+02  5.4917E+01  6.7124E+02  1.3990E+01  1.2911E+00
  2.3413E+00  7.4000E+02  7.0930E+02  5.2711E+01  6.6161E+02  1.4486E+01  1.2773E+00
  1.9411E+00  7.8000E+02  7.0107E+02  5.0508E+01  6.5210E+02  1.5073E+01  1.2724E+00
  1.5574E+00  8.2000E+02  6.9280E+02  4.8313E+01  6.4265E+02  1.5835E+01  1.2821E+00
  1.1888E+00  8.6000E+02  6.8445E+02  4.6136E+01  6.3322E+02  1.6741E+01  1.3019E+00
  8.3413E-01  9.0000E+02  6.7606E+02  4.3985E+01  6.2385E+02  1.7586E+01  1.3158E+00
  4.9214E-01  9.4000E+02  6.6772E+02  4.1875E+01  6.1461E+02  1.8224E+01  1.3149E+00
  1.6141E-01  9.8000E+02  6.5949E+02  3.9833E+01  6.0557E+02  1.8712E+01  1.3057E+00
