  25  3.7500000E+00
  2.5469E+01  2.0000E+01  2.1195E+02  4.2072E+01  2.1048E+02  0.0000E+00  0.0000E+00
  1.8083E+01  6.0000E+01  2.0895E+02  3.9601E+01  2.0395E+02  7.1833E-02  1.1193E-01
  1.5015E+01  1.0000E+02  2.0649E+02  3.7575E+01  1.9880E+02  1.4333E-01  9.2784E-02
  1.2945E+01  1.4000E+02  2.0404E+02  3.5630E+01  1.9393E+02  2.4002E-01  1.0480E-01
  1.1426E+01  1.8000E+02  2.0153E+02  3.3797E+01  1.8927E+02  4.5180E-01  1.4476E-01
  1.0229E+01  2.2000E+02  1.9891E+02  3.2066E+01  1.8475E+02  7.3931E-01  1.8684E-01
  9.2263E+00  2.6000E+02  1.9627E+02  3.0420E+01  1.8041E+02  9.9247E-01  2.0989E-01
  8.3547E+00  3.0000E+02  1.9363E+02  2.8849E+01  1.7623E+02  1.2290E+00  2.2599E-01
  7.5779E+00  3.4000E+02  1.9093E+02  2.7344E+01  1.7215E+02  1.5293E+00  2.5063E-01
  6.8744E+00  3.8000E+02  1.8815E+02  2.5899E+01  1.6812E+02  1.8951E+00  2.8128E-01
  6.2300E+00  4.2000E+02  1.8529E+02  2.4507E+01  1.6412E+02  2.2835E+00  3.1046E-01
  5.6341E+00  4.6000E+02  1.8237E+02  2.3165E+01  1.6015E+02  2.6556E+00  3.3386E-01
  5.0783E+00  5.0000E+02  1.7940E+02  2.1867E+01  1.5624E+02  2.9992E+00  3.5170E-01
  4.5559E+00  5.4000E+02  1.7639E+02  2.0608E+01  1.5236E+02  3.3561E+00  3.6993E-01
  4.0619E+00  5.8000E+02  1.7331E+02  1.9387E+01  1.4849E+02  3.7579E+00  3.9166E-01
  3.5927E+00  6.2000E+02  1.7017E+02  1.8200E+01  1.4463E+02  4.1745E+00  4.1320E-01
  3.1457E+00  6.6000E+02  1.6698E+02  1.7045E+01  1.4078E+02  4.5476E+00  4.2892E-01
  2.7185E+00  7.0000E+02  1.6378E+02  1.5920E+01  1.3698E+02  4.8556E+00  4.3757E-01
  2.3095E+00  7.4000E+02  1.6059E+02  1.4822E+01  1.3325E+02  5.1032E+00  4.4043E-01
  1.9170E+00  7.8000E+02  1.5744E+02  1.3751E+01  1.2960E+02  5.3134E+00  4.4004E-01
  1.5396E+00  8.2000E+02  1.5432E+02  1.2705E+01  1.2603E+02  5.5010E+00  4.3794E-01
  1.1763E+00  8.6000E+02  1.5123E+02  1.1682E+01  1.2254E+02  5.6741E+00  4.3494E-01
  8.2598E-01  9.0000E+02  1.4816E+02  1.0682E+01  1.1911E+02  5.9200E+00  4.3753E-01
  4.8772E-01  9.4000E+02  1.4499E+02  9.7078E+00  1.1563E+02  6.4766E+00  4.6221E-01
  1.6012E-01  9.8000E+02  1.4179E+02  8.7589E+00  1.1215E+02  6.8743E+00  4.7514E-01
