  25  3.7500000E+00
  2.5446E+01  2.0000E+01  2.1194E+02  4.2073E+01  2.1047E+02  0.0000E+00  0.0000E+00
  1.8069E+01  6.0000E+01  2.0893E+02  3.9603E+01  2.0393E+02  7.3473E-02  1.1435E-01
  1.5004E+01  1.0000E+02  2.0646E+02  3.7577E+01  1.9877E+02  1.4620E-01  9.4550E-02
  1.2938E+01  1.4000E+02  2.0402E+02  3.5631E+01  1.9391E+02  2.3792E-01  1.0371E-01
  1.1422E+01  1.8000E+02  2.0152E+02  3.3799E+01  1.8927E+02  4.4092E-01  1.4106E-01
  1.0225E+01  2.2000E+02  1.9891E+02  3.2068E+01  1.8476E+02  7.3230E-01  1.8483E-01
  9.2236E+00  2.6000E+02  1.9628E+02  3.0422E+01  1.8042E+02  9.8707E-01  2.0858E-01
  8.3525E+00  3.0000E+02  1.9364E+02  2.8851E+01  1.7625E+02  1.2266E+00  2.2544E-01
  7.5759E+00  3.4000E+02  1.9095E+02  2.7346E+01  1.7217E+02  1.5298E+00  2.5063E-01
  6.8727E+00  3.8000E+02  1.8817E+02  2.5901E+01  1.6813E+02  1.8948E+00  2.8113E-01
  6.2285E+00  4.2000E+02  1.8531E+02  2.4509E+01  1.6413E+02  2.2784E+00  3.0964E-01
  5.6329E+00  4.6000E+02  1.8239E+02  2.3167E+01  1.6018E+02  2.6472E+00  3.3265E-01
  5.0773E+00  5.0000E+02  1.7943E+02  2.1869E+01  1.5627E+02  2.9945E+00  3.5102E-01
  4.5550E+00  5.4000E+02  1.7642E+02  2.0611E+01  1.5239E+02  3.3525E+00  3.6941E-01
  4.0612E+00  5.8000E+02  1.7335E+02  1.9389E+01  1.4853E+02  3.7512E+00  3.9085E-01
  3.5922E+00  6.2000E+02  1.7020E+02  1.8202E+01  1.4466E+02  4.1700E+00  4.1264E-01
  3.1452E+00  6.6000E+02  1.6702E+02  1.7047E+01  1.4082E+02  4.5472E+00  4.2878E-01
  2.7182E+00  7.0000E+02  1.6382E+02  1.5922E+01  1.3702E+02  4.8579E+00  4.3769E-01
  2.3092E+00  7.4000E+02  1.6063E+02  1.4824E+01  1.3328E+02  5.1059E+00  4.4058E-01
  1.9167E+00  7.8000E+02  1.5747E+02  1.3753E+01  1.2963E+02  5.3147E+00  4.4007E-01
  1.5394E+00  8.2000E+02  1.5435E+02  1.2707E+01  1.2607E+02  5.5010E+00  4.3787E-01
  1.1762E+00  8.6000E+02  1.5127E+02  1.1684E+01  1.2258E+02  5.6751E+00  4.3495E-01
  8.2592E-01  9.0000E+02  1.4819E+02  1.0684E+01  1.1914E+02  5.9269E+00  4.3797E-01
  4.8770E-01  9.4000E+02  1.4502E+02  9.7097E+00  1.1566E+02  6.4892E+00  4.6306E-01
  1.6012E-01  9.8000E+02  1.4182E+02  8.7608E+00  1.1218E+02  6.8699E+00  4.7480E-01
