  25  3.7500000E+00
  2.6623E+01  2.0000E+01  6.1756E+02  7.7780E+01  6.1594E+02  0.0000E+00  0.0000E+00
  1.8733E+01  6.0000E+01  6.1439E+02  7.5634E+01  6.0845E+02  1.3045E-01  2.1717E-01
  1.5425E+01  1.0000E+02  6.1152E+02  7.3684E+01  6.0201E+02  2.7781E-01  1.9387E-01
  1.3235E+01  1.4000E+02  6.0852E+02  7.1669E+01  5.9561E+02  4.4945E-01  2.0769E-01
  1.1636E+01  1.8000E+02  6.0531E+02  6.9633E+01  5.8923E+02  7.3154E-01  2.4682E-01
  1.0385E+01  2.2000E+02  6.0178E+02  6.7588E+01  5.8274E+02  1.1893E+00  3.1385E-01
  9.3506E+00  2.6000E+02  5.9789E+02  6.5536E+01  5.7609E+02  1.7827E+00  3.8909E-01
  8.4589E+00  3.0000E+02  5.9364E+02  6.3479E+01  5.6928E+02  2.4496E+00  4.6083E-01
  7.6677E+00  3.4000E+02  5.8904E+02  6.1420E+01  5.6227E+02  3.2171E+00  5.3702E-01
  6.9520E+00  3.8000E+02  5.8403E+02  5.9361E+01  5.5502E+02  4.1215E+00  6.2235E-01
  6.2961E+00  4.2000E+02  5.7861E+02  5.7303E+01  5.4750E+02  5.1304E+00  7.0995E-01
  5.6892E+00  4.6000E+02  5.7280E+02  5.5248E+01  5.3975E+02  6.1758E+00  7.9074E-01
  5.1233E+00  5.0000E+02  5.6668E+02  5.3197E+01  5.3180E+02  7.1965E+00  8.5920E-01
  4.5922E+00  5.4000E+02  5.6030E+02  5.1151E+01  5.2372E+02  8.1631E+00  9.1472E-01
  4.0910E+00  5.8000E+02  5.5371E+02  4.9110E+01  5.1555E+02  9.0695E+00  9.5900E-01
  3.6160E+00  6.2000E+02  5.4698E+02  4.7076E+01  5.0734E+02  9.8995E+00  9.9215E-01
  3.1641E+00  6.6000E+02  5.4014E+02  4.5049E+01  4.9913E+02  1.0634E+01  1.0139E+00
  2.7330E+00  7.0000E+02  5.3327E+02  4.3030E+01  4.9099E+02  1.1258E+01  1.0241E+00
  2.3205E+00  7.4000E+02  5.2640E+02  4.1020E+01  4.8295E+02  1.1786E+01  1.0255E+00
  1.9252E+00  7.8000E+02  5.1955E+02  3.9020E+01  4.7501E+02  1.2267E+01  1.0232E+00
  1.5455E+00  8.2000E+02  5.1271E+02  3.7034E+01  4.6718E+02  1.2789E+01  1.0244E+00
  1.1804E+00  8.6000E+02  5.0584E+02  3.5064E+01  4.5939E+02  1.3426E+01  1.0345E+00
  8.2854E-01  9.0000E+02  4.9892E+02  3.3118E+01  4.5165E+02  1.4128E+01  1.0487E+00
  4.8900E-01  9.4000E+02  4.9194E+02  3.1205E+01  4.4393E+02  1.4917E+01  1.0686E+00
  1.6044E-01  9.8000E+02  4.8491E+02  2.9346E+01  4.3623E+02  1.5746E+01  1.0915E+00
