  25  3.7500000E+00
  2.5666E+01  2.0000E+01  3.0535E+02  5.2320E+01  3.0381E+02  0.0000E+00  0.0000E+00
  1.8187E+01  6.0000E+01  3.0229E+02  4.9920E+01  2.9694E+02  8.9057E-02  1.4052E-01
  1.5075E+01  1.0000E+02  2.9968E+02  4.7871E+01  2.9132E+02  1.7998E-01  1.1816E-01
  1.2985E+01  1.4000E+02  2.9703E+02  4.5843E+01  2.8590E+02  2.9526E-01  1.3022E-01
  1.1453E+01  1.8000E+02  2.9424E+02  4.3881E+01  2.8060E+02  5.4056E-01  1.7471E-01
  1.0248E+01  2.2000E+02  2.9126E+02  4.1985E+01  2.7536E+02  8.9747E-01  2.2825E-01
  9.2414E+00  2.6000E+02  2.8818E+02  4.0145E+01  2.7021E+02  1.2302E+00  2.6121E-01
  8.3675E+00  3.0000E+02  2.8505E+02  3.8357E+01  2.6520E+02  1.5411E+00  2.8414E-01
  7.5890E+00  3.4000E+02  2.8181E+02  3.6616E+01  2.6023E+02  1.9280E+00  3.1667E-01
  6.8839E+00  3.8000E+02  2.7842E+02  3.4921E+01  2.5526E+02  2.4060E+00  3.5791E-01
  6.2379E+00  4.2000E+02  2.7487E+02  3.3267E+01  2.5027E+02  2.9251E+00  3.9865E-01
  5.6406E+00  4.6000E+02  2.7120E+02  3.1652E+01  2.4527E+02  3.4388E+00  4.3339E-01
  5.0834E+00  5.0000E+02  2.6744E+02  3.0074E+01  2.4029E+02  3.9272E+00  4.6161E-01
  4.5599E+00  5.4000E+02  2.6358E+02  2.8528E+01  2.3530E+02  4.4258E+00  4.8883E-01
  4.0651E+00  5.8000E+02  2.5960E+02  2.7014E+01  2.3029E+02  4.9703E+00  5.1890E-01
  3.5953E+00  6.2000E+02  2.5552E+02  2.5529E+01  2.2526E+02  5.5375E+00  5.4887E-01
  3.1477E+00  6.6000E+02  2.5135E+02  2.4072E+01  2.2022E+02  6.0521E+00  5.7148E-01
  2.7202E+00  7.0000E+02  2.4715E+02  2.2642E+01  2.1522E+02  6.4814E+00  5.8467E-01
  2.3107E+00  7.4000E+02  2.4295E+02  2.1238E+01  2.1029E+02  6.8256E+00  5.8958E-01
  1.9179E+00  7.8000E+02  2.3878E+02  1.9857E+01  2.0545E+02  7.1123E+00  5.8947E-01
  1.5403E+00  8.2000E+02  2.3463E+02  1.8501E+01  2.0070E+02  7.3767E+00  5.8766E-01
  1.1768E+00  8.6000E+02  2.3052E+02  1.7167E+01  1.9604E+02  7.6398E+00  5.8596E-01
  8.2629E-01  9.0000E+02  2.2641E+02  1.5857E+01  1.9143E+02  7.9903E+00  5.9085E-01
  4.8787E-01  9.4000E+02  2.2217E+02  1.4574E+01  1.8675E+02  8.7294E+00  6.2328E-01
  1.6015E-01  9.8000E+02  2.1787E+02  1.3324E+01  1.8206E+02  9.3248E+00  6.4472E-01
