  25  3.7500000E+00
  2.6836E+01  2.0000E+01  7.0077E+02  8.3369E+01  6.9914E+02  0.0000E+00  0.0000E+00
  1.8871E+01  6.0000E+01  6.9757E+02  8.1277E+01  6.9153E+02  1.3993E-01  2.3511E-01
  1.5531E+01  1.0000E+02  6.9463E+02  7.9358E+01  6.8493E+02  3.0567E-01  2.1542E-01
  1.3325E+01  1.4000E+02  6.9151E+02  7.7364E+01  6.7831E+02  5.0969E-01  2.3721E-01
  1.1713E+01  1.8000E+02  6.8816E+02  7.5336E+01  6.7168E+02  8.2127E-01  2.7940E-01
  1.0449E+01  2.2000E+02  6.8449E+02  7.3287E+01  6.6495E+02  1.2786E+00  3.4090E-01
  9.4037E+00  2.6000E+02  6.8046E+02  7.1220E+01  6.5804E+02  1.8798E+00  4.1456E-01
  8.5037E+00  3.0000E+02  6.7602E+02  6.9139E+01  6.5091E+02  2.6244E+00  4.9834E-01
  7.7061E+00  3.4000E+02  6.7110E+02  6.7046E+01  6.4348E+02  3.5357E+00  5.9499E-01
  6.9852E+00  3.8000E+02  6.6567E+02  6.4944E+01  6.3569E+02  4.6148E+00  7.0192E-01
  6.3247E+00  4.2000E+02  6.5973E+02  6.2837E+01  6.2753E+02  5.8084E+00  8.0940E-01
  5.7136E+00  4.6000E+02  6.5332E+02  6.0725E+01  6.1906E+02  7.0334E+00  9.0677E-01
  5.1439E+00  5.0000E+02  6.4653E+02  5.8611E+01  6.1033E+02  8.2130E+00  9.8719E-01
  4.6093E+00  5.4000E+02  6.3944E+02  5.6495E+01  6.0143E+02  9.3028E+00  1.0491E+00
  4.1052E+00  5.8000E+02  6.3214E+02  5.4379E+01  5.9244E+02  1.0283E+01  1.0939E+00
  3.6275E+00  6.2000E+02  6.2471E+02  5.2265E+01  5.8343E+02  1.1134E+01  1.1220E+00
  3.1734E+00  6.6000E+02  6.1721E+02  5.0152E+01  5.7447E+02  1.1855E+01  1.1358E+00
  2.7403E+00  7.0000E+02  6.0971E+02  4.8043E+01  5.6560E+02  1.2456E+01  1.1382E+00
  2.3262E+00  7.4000E+02  6.0223E+02  4.5939E+01  5.5686E+02  1.2978E+01  1.1338E+00
  1.9294E+00  7.8000E+02  5.9478E+02  4.3842E+01  5.4824E+02  1.3493E+01  1.1295E+00
  1.5486E+00  8.2000E+02  5.8732E+02  4.1756E+01  5.3971E+02  1.4102E+01  1.1332E+00
  1.1824E+00  8.6000E+02  5.7981E+02  3.9687E+01  5.3121E+02  1.4864E+01  1.1482E+00
  8.2988E-01  9.0000E+02  5.7224E+02  3.7642E+01  5.2275E+02  1.5661E+01  1.1649E+00
  4.8973E-01  9.4000E+02  5.6467E+02  3.5633E+01  5.1437E+02  1.6343E+01  1.1729E+00
  1.6065E-01  9.8000E+02  5.5715E+02  3.3682E+01  5.0612E+02  1.6947E+01  1.1766E+00
