  25  3.7500000E+00
  2.7380E+01  2.0000E+01  1.3154E+03  1.1510E+02  1.3137E+03  0.0000E+00  0.0000E+00
  1.9585E+01  6.0000E+01  1.3120E+03  1.1320E+02  1.3055E+03  1.8742E-01  3.0825E-01
  1.6586E+01  1.0000E+02  1.3088E+03  1.1146E+02  1.2983E+03  4.8970E-01  3.0978E-01
  1.4579E+01  1.4000E+02  1.3044E+03  1.0961E+02  1.2900E+03  1.2940E+00  5.4802E-01
  1.3016E+01  1.8000E+02  1.2977E+03  1.0768E+02  1.2795E+03  3.0370E+00  1.0017E+00
  1.1707E+01  2.2000E+02  1.2886E+03  1.0569E+02  1.2669E+03  5.4272E+00  1.4981E+00
  1.0569E+01  2.6000E+02  1.2773E+03  1.0364E+02  1.2522E+03  8.1438E+00  1.9556E+00
  9.5599E+00  3.0000E+02  1.2642E+03  1.0155E+02  1.2359E+03  1.0861E+01  2.3125E+00
  8.6528E+00  3.4000E+02  1.2502E+03  9.9426E+01  1.2188E+03  1.3165E+01  2.5195E+00
  7.8284E+00  3.8000E+02  1.2358E+03  9.7260E+01  1.2015E+03  1.4846E+01  2.5822E+00
  7.0719E+00  4.2000E+02  1.2216E+03  9.5060E+01  1.1845E+03  1.5864E+01  2.5320E+00
  6.3721E+00  4.6000E+02  1.2079E+03  9.2827E+01  1.1682E+03  1.6386E+01  2.4193E+00
  5.7204E+00  5.0000E+02  1.1947E+03  9.0563E+01  1.1526E+03  1.6694E+01  2.2952E+00
  5.1105E+00  5.4000E+02  1.1822E+03  8.8268E+01  1.1377E+03  1.6822E+01  2.1646E+00
  4.5373E+00  5.8000E+02  1.1702E+03  8.5944E+01  1.1236E+03  1.6737E+01  2.0240E+00
  3.9969E+00  6.2000E+02  1.1589E+03  8.3591E+01  1.1101E+03  1.6699E+01  1.9039E+00
  3.4862E+00  6.6000E+02  1.1476E+03  8.1216E+01  1.0969E+03  1.7370E+01  1.8717E+00
  3.0023E+00  7.0000E+02  1.1359E+03  7.8834E+01  1.0833E+03  1.9298E+01  1.9700E+00
  2.5425E+00  7.4000E+02  1.1234E+03  7.6457E+01  1.0691E+03  2.1960E+01  2.1301E+00
  2.1043E+00  7.8000E+02  1.1105E+03  7.4096E+01  1.0545E+03  2.4112E+01  2.2293E+00
  1.6855E+00  8.2000E+02  1.0976E+03  7.1750E+01  1.0401E+03  2.5204E+01  2.2270E+00
  1.2844E+00  8.6000E+02  1.0849E+03  6.9427E+01  1.0260E+03  2.5874E+01  2.1896E+00
  8.9978E-01  9.0000E+02  1.0717E+03  6.7184E+01  1.0115E+03  2.8506E+01  2.3132E+00
  5.3030E-01  9.4000E+02  1.0576E+03  6.5115E+01  9.9625E+02  3.2397E+01  2.5255E+00
  1.7381E-01  9.8000E+02  1.0433E+03  6.3374E+01  9.8078E+02  3.5451E+01  2.6663E+00
