  25  3.7500000E+00
  2.5312E+01  2.0000E+01  1.1753E+02  2.8770E+01  1.1616E+02  0.0000E+00  0.0000E+00
  1.7999E+01  6.0000E+01  1.1472E+02  2.6320E+01  1.1031E+02  4.9363E-02  7.6162E-02
  1.4964E+01  1.0000E+02  1.1257E+02  2.4467E+01  1.0600E+02  9.7990E-02  6.2747E-02
  1.2913E+01  1.4000E+02  1.1055E+02  2.2787E+01  1.0214E+02  1.6403E-01  7.1002E-02
  1.1405E+01  1.8000E+02  1.0857E+02  2.1279E+01  9.8592E+01  3.1411E-01  9.9904E-02
  1.0214E+01  2.2000E+02  1.0658E+02  1.9908E+01  9.5255E+01  5.1969E-01  1.3063E-01
  9.2144E+00  2.6000E+02  1.0463E+02  1.8647E+01  9.2129E+01  6.9148E-01  1.4577E-01
  8.3446E+00  3.0000E+02  1.0272E+02  1.7477E+01  8.9185E+01  8.5166E-01  1.5630E-01
  7.5690E+00  3.4000E+02  1.0081E+02  1.6384E+01  8.6359E+01  1.0544E+00  1.7252E-01
  6.8667E+00  3.8000E+02  9.8875E+01  1.5358E+01  8.3610E+01  1.2917E+00  1.9140E-01
  6.2234E+00  4.2000E+02  9.6920E+01  1.4388E+01  8.0925E+01  1.5323E+00  2.0795E-01
  5.6288E+00  4.6000E+02  9.4958E+01  1.3470E+01  7.8308E+01  1.7552E+00  2.2022E-01
  5.0740E+00  5.0000E+02  9.3000E+01  1.2596E+01  7.5760E+01  1.9547E+00  2.2878E-01
  4.5525E+00  5.4000E+02  9.1042E+01  1.1762E+01  7.3271E+01  2.1561E+00  2.3725E-01
  4.0592E+00  5.8000E+02  8.9070E+01  1.0964E+01  7.0820E+01  2.3794E+00  2.4763E-01
  3.5905E+00  6.2000E+02  8.7079E+01  1.0199E+01  6.8398E+01  2.6153E+00  2.5856E-01
  3.1439E+00  6.6000E+02  8.5080E+01  9.4642E+00  6.6010E+01  2.8314E+00  2.6679E-01
  2.7171E+00  7.0000E+02  8.3087E+01  8.7567E+00  6.3669E+01  3.0120E+00  2.7121E-01
  2.3084E+00  7.4000E+02  8.1112E+01  8.0748E+00  6.1383E+01  3.1623E+00  2.7272E-01
  1.9161E+00  7.8000E+02  7.9165E+01  7.4166E+00  5.9158E+01  3.2866E+00  2.7201E-01
  1.5390E+00  8.2000E+02  7.7251E+01  6.7804E+00  5.6999E+01  3.3878E+00  2.6955E-01
  1.1758E+00  8.6000E+02  7.5376E+01  6.1649E+00  5.4907E+01  3.4692E+00  2.6579E-01
  8.2573E-01  9.0000E+02  7.3520E+01  5.5688E+00  5.2864E+01  3.5964E+00  2.6566E-01
  4.8761E-01  9.4000E+02  7.1621E+01  4.9921E+00  5.0804E+01  3.9129E+00  2.7913E-01
  1.6009E-01  9.8000E+02  6.9721E+01  4.4347E+00  4.8769E+01  4.0994E+00  2.8326E-01
