  25  3.7500000E+00
  2.7348E+01  2.0000E+01  1.2876E+03  1.1431E+02  1.2859E+03  0.0000E+00  0.0000E+00
  1.9542E+01  6.0000E+01  1.2842E+03  1.1242E+02  1.2777E+03  1.8608E-01  3.0647E-01
  1.6505E+01  1.0000E+02  1.2810E+03  1.1067E+02  1.2705E+03  4.9537E-01  3.1731E-01
  1.4482E+01  1.4000E+02  1.2765E+03  1.0881E+02  1.2621E+03  1.3035E+00  5.5661E-01
  1.2915E+01  1.8000E+02  1.2699E+03  1.0688E+02  1.2518E+03  2.9378E+00  9.7123E-01
  1.1608E+01  2.2000E+02  1.2612E+03  1.0489E+02  1.2395E+03  5.1768E+00  1.4268E+00
  1.0476E+01  2.6000E+02  1.2504E+03  1.0284E+02  1.2254E+03  7.6985E+00  1.8387E+00
  9.4748E+00  3.0000E+02  1.2382E+03  1.0075E+02  1.2100E+03  1.0098E+01  2.1334E+00
  8.5762E+00  3.4000E+02  1.2252E+03  9.8620E+01  1.1940E+03  1.2095E+01  2.2932E+00
  7.7599E+00  3.8000E+02  1.2119E+03  9.6452E+01  1.1778E+03  1.3601E+01  2.3424E+00
  7.0108E+00  4.2000E+02  1.1988E+03  9.4250E+01  1.1619E+03  1.4626E+01  2.3115E+00
  6.3176E+00  4.6000E+02  1.1860E+03  9.2015E+01  1.1465E+03  1.5228E+01  2.2273E+00
  5.6718E+00  5.0000E+02  1.1737E+03  8.9748E+01  1.1318E+03  1.5464E+01  2.1071E+00
  5.0671E+00  5.4000E+02  1.1622E+03  8.7449E+01  1.1179E+03  1.5328E+01  1.9555E+00
  4.4987E+00  5.8000E+02  1.1514E+03  8.5116E+01  1.1049E+03  1.4885E+01  1.7849E+00
  3.9628E+00  6.2000E+02  1.1413E+03  8.2750E+01  1.0927E+03  1.4479E+01  1.6369E+00
  3.4564E+00  6.6000E+02  1.1313E+03  8.0358E+01  1.0808E+03  1.4890E+01  1.5908E+00
  2.9768E+00  7.0000E+02  1.1208E+03  7.7954E+01  1.0685E+03  1.6899E+01  1.7102E+00
  2.5211E+00  7.4000E+02  1.1092E+03  7.5556E+01  1.0551E+03  2.0224E+01  1.9443E+00
  2.0868E+00  7.8000E+02  1.0966E+03  7.3176E+01  1.0409E+03  2.3461E+01  2.1496E+00
  1.6718E+00  8.2000E+02  1.0836E+03  7.0820E+01  1.0264E+03  2.5659E+01  2.2468E+00
  1.2742E+00  8.6000E+02  1.0704E+03  6.8502E+01  1.0118E+03  2.7330E+01  2.2923E+00
  8.9282E-01  9.0000E+02  1.0568E+03  6.6265E+01  9.9695E+02  2.9819E+01  2.3995E+00
  5.2622E-01  9.4000E+02  1.0428E+03  6.4185E+01  9.8172E+02  3.2668E+01  2.5267E+00
  1.7249E-01  9.8000E+02  1.0285E+03  6.2416E+01  9.6642E+02  3.5241E+01  2.6301E+00
