  25  3.7500000E+00
  2.5560E+01  2.0000E+01  2.5881E+02  4.7467E+01  2.5730E+02  0.0000E+00  0.0000E+00
  1.8131E+01  6.0000E+01  2.5577E+02  4.5028E+01  2.5057E+02  8.1008E-02  1.2697E-01
  1.5042E+01  1.0000E+02  2.5322E+02  4.2982E+01  2.4516E+02  1.6265E-01  1.0598E-01
  1.2963E+01  1.4000E+02  2.5066E+02  4.0983E+01  2.3999E+02  2.6939E-01  1.1817E-01
  1.1439E+01  1.8000E+02  2.4799E+02  3.9072E+01  2.3497E+02  5.0001E-01  1.6085E-01
  1.0237E+01  2.2000E+02  2.4517E+02  3.7244E+01  2.3005E+02  8.2361E-01  2.0874E-01
  9.2331E+00  2.6000E+02  2.4229E+02  3.5485E+01  2.2527E+02  1.1161E+00  2.3645E-01
  8.3605E+00  3.0000E+02  2.3938E+02  3.3790E+01  2.2064E+02  1.3893E+00  2.5578E-01
  7.5829E+00  3.4000E+02  2.3640E+02  3.2153E+01  2.1609E+02  1.7337E+00  2.8442E-01
  6.8787E+00  3.8000E+02  2.3329E+02  3.0567E+01  2.1156E+02  2.1568E+00  3.2045E-01
  6.2336E+00  4.2000E+02  2.3007E+02  2.9031E+01  2.0703E+02  2.6115E+00  3.5545E-01
  5.6370E+00  4.6000E+02  2.2676E+02  2.7538E+01  2.0252E+02  3.0546E+00  3.8445E-01
  5.0806E+00  5.0000E+02  2.2337E+02  2.6086E+01  1.9805E+02  3.4705E+00  4.0740E-01
  4.5577E+00  5.4000E+02  2.1992E+02  2.4671E+01  1.9359E+02  3.8995E+00  4.3022E-01
  4.0633E+00  5.8000E+02  2.1638E+02  2.3291E+01  1.8913E+02  4.3768E+00  4.5652E-01
  3.5939E+00  6.2000E+02  2.1274E+02  2.1943E+01  1.8465E+02  4.8724E+00  4.8257E-01
  3.1466E+00  6.6000E+02  2.0904E+02  2.0625E+01  1.8018E+02  5.3194E+00  5.0197E-01
  2.7193E+00  7.0000E+02  2.0532E+02  1.9336E+01  1.7576E+02  5.6918E+00  5.1316E-01
  2.3101E+00  7.4000E+02  2.0161E+02  1.8074E+01  1.7140E+02  5.9879E+00  5.1697E-01
  1.9174E+00  7.8000E+02  1.9792E+02  1.6837E+01  1.6713E+02  6.2373E+00  5.1673E-01
  1.5399E+00  8.2000E+02  1.9427E+02  1.5625E+01  1.6295E+02  6.4636E+00  5.1474E-01
  1.1765E+00  8.6000E+02  1.9066E+02  1.4437E+01  1.5885E+02  6.6806E+00  5.1223E-01
  8.2612E-01  9.0000E+02  1.8705E+02  1.3272E+01  1.5481E+02  6.9807E+00  5.1605E-01
  4.8779E-01  9.4000E+02  1.8332E+02  1.2134E+01  1.5071E+02  7.6370E+00  5.4514E-01
  1.6014E-01  9.8000E+02  1.7955E+02  1.1024E+01  1.4660E+02  8.1345E+00  5.6233E-01
