  26  6.0000000E+00
  3.1842E+01  1.0000E-03  7.6928E-01  9.4808E+01  7.6928E-01  0.0000E+00  0.0000E+00
  2.2503E+01  4.0000E+01  1.0691E+00  9.4851E+01  7.6773E-01 -2.7467E-02 -5.4121E-02
  1.7352E+01  8.0000E+01  3.0545E+00  9.4800E+01  7.5741E-01 -3.9544E-01 -4.2976E-01
  1.4639E+01  1.2000E+02  3.9909E+00  9.4667E+01  7.5104E-01 -3.9393E-01 -2.2549E-01
  1.2737E+01  1.6000E+02  4.5733E+00  9.4652E+01  7.4559E-01 -3.1451E-01 -1.2617E-01
  1.1281E+01  2.0000E+02  4.9831E+00  9.4768E+01  7.4071E-01 -2.0110E-01 -6.1787E-02
  1.0100E+01  2.4000E+02  5.3410E+00  9.5028E+01  7.3617E-01 -8.3368E-02 -2.0771E-02
  9.1020E+00  2.8000E+02  5.7104E+00  9.5415E+01  7.3184E-01  1.7558E-02  3.6969E-03
  8.2318E+00  3.2000E+02  6.1574E+00  9.5930E+01  7.2761E-01  7.8444E-02  1.4401E-02
  7.4551E+00  3.6000E+02  6.7115E+00  9.6533E+01  7.2341E-01  6.3110E-02  1.0342E-02
  6.7498E+00  4.0000E+02  7.3735E+00  9.7200E+01  7.1916E-01  6.2750E-03  9.3366E-04
  6.1016E+00  4.4000E+02  8.1365E+00  9.7911E+01  7.1480E-01 -7.9330E-02 -1.0850E-02
  5.5002E+00  4.8000E+02  8.9925E+00  9.8657E+01  7.1026E-01 -1.8387E-01 -2.3330E-02
  4.9382E+00  5.2000E+02  9.9381E+00  9.9429E+01  7.0546E-01 -3.0849E-01 -3.6574E-02
  4.4101E+00  5.6000E+02  1.0974E+01  1.0022E+02  7.0033E-01 -4.6218E-01 -5.1503E-02
  3.9112E+00  6.0000E+02  1.2104E+01  1.0102E+02  6.9478E-01 -6.5368E-01 -6.8795E-02
  3.4383E+00  6.4000E+02  1.3333E+01  1.0183E+02  6.8874E-01 -8.9161E-01 -8.8975E-02
  2.9883E+00  6.8000E+02  1.4669E+01  1.0263E+02  6.8211E-01 -1.1875E+00 -1.1274E-01
  2.5589E+00  7.2000E+02  1.6124E+01  1.0342E+02  6.7481E-01 -1.5593E+00 -1.4123E-01
  2.1484E+00  7.6000E+02  1.7721E+01  1.0418E+02  6.6668E-01 -2.0350E+00 -1.7628E-01
  1.7549E+00  8.0000E+02  1.9484E+01  1.0491E+02  6.5755E-01 -2.6366E+00 -2.1886E-01
  1.3773E+00  8.4000E+02  2.1454E+01  1.0559E+02  6.4711E-01 -3.4004E+00 -2.7092E-01
  1.0143E+00  8.8000E+02  2.3698E+01  1.0625E+02  6.3507E-01 -4.3822E+00 -3.3564E-01
  6.6461E-01  9.2000E+02  2.6293E+01  1.0685E+02  6.2124E-01 -5.6848E+00 -4.1938E-01
  3.2690E-01  9.6000E+02  2.9303E+01  1.0734E+02  6.0564E-01 -7.4853E+00 -5.3333E-01
  4.7204E-04  1.0000E+03  3.2756E+01  1.0738E+02  5.8851E-01 -1.0445E+01 -7.1934E-01
