  26  6.0000000E+00
  3.1423E+01  1.0000E-03  6.1972E-01  9.2933E+01  6.1972E-01  0.0000E+00  0.0000E+00
  2.2207E+01  4.0000E+01  9.0045E-01  9.2969E+01  6.1825E-01 -2.6482E-02 -5.1490E-02
  1.7117E+01  8.0000E+01  2.7682E+00  9.2946E+01  6.0908E-01 -3.7145E-01 -3.9891E-01
  1.4425E+01  1.2000E+02  3.7120E+00  9.2812E+01  6.0346E-01 -4.0059E-01 -2.2756E-01
  1.2536E+01  1.6000E+02  4.2790E+00  9.2710E+01  5.9869E-01 -3.5395E-01 -1.4106E-01
  1.1099E+01  2.0000E+02  4.5923E+00  9.2742E+01  5.9449E-01 -1.9580E-01 -5.9367E-02
  9.9419E+00  2.4000E+02  4.8274E+00  9.2965E+01  5.9064E-01 -9.9867E-03 -2.4375E-03
  8.9673E+00  2.8000E+02  5.0969E+00  9.3350E+01  5.8698E-01  1.1766E-01  2.4191E-02
  8.1172E+00  3.2000E+02  5.4709E+00  9.3870E+01  5.8340E-01  1.7201E-01  3.0850E-02
  7.3571E+00  3.6000E+02  5.9711E+00  9.4478E+01  5.7984E-01  1.4159E-01  2.2707E-02
  6.6657E+00  4.0000E+02  6.5865E+00  9.5143E+01  5.7624E-01  7.1513E-02  1.0432E-02
  6.0293E+00  4.4000E+02  7.3006E+00  9.5848E+01  5.7256E-01 -1.3017E-02 -1.7477E-03
  5.4383E+00  4.8000E+02  8.1021E+00  9.6588E+01  5.6876E-01 -1.0412E-01 -1.2982E-02
  4.8857E+00  5.2000E+02  8.9883E+00  9.7358E+01  5.6480E-01 -2.1020E-01 -2.4509E-02
  4.3657E+00  5.6000E+02  9.9607E+00  9.8152E+01  5.6060E-01 -3.4441E-01 -3.7781E-02
  3.8742E+00  6.0000E+02  1.1021E+01  9.8959E+01  5.5612E-01 -5.1363E-01 -5.3268E-02
  3.4076E+00  6.4000E+02  1.2171E+01  9.9772E+01  5.5127E-01 -7.2261E-01 -7.1136E-02
  2.9632E+00  6.8000E+02  1.3417E+01  1.0058E+02  5.4598E-01 -9.7988E-01 -9.1866E-02
  2.5388E+00  7.2000E+02  1.4768E+01  1.0138E+02  5.4014E-01 -1.3000E+00 -1.1639E-01
  2.1326E+00  7.6000E+02  1.6241E+01  1.0216E+02  5.3366E-01 -1.7042E+00 -1.4606E-01
  1.7429E+00  8.0000E+02  1.7859E+01  1.0291E+02  5.2637E-01 -2.2230E+00 -1.8276E-01
  1.3685E+00  8.4000E+02  1.9650E+01  1.0363E+02  5.1811E-01 -2.8750E+00 -2.2711E-01
  1.0082E+00  8.8000E+02  2.1665E+01  1.0430E+02  5.0864E-01 -3.7302E+00 -2.8359E-01
  6.6076E-01  9.2000E+02  2.3987E+01  1.0491E+02  4.9764E-01 -4.9144E+00 -3.6019E-01
  3.2507E-01  9.6000E+02  2.6737E+01  1.0542E+02  4.8476E-01 -6.6962E+00 -4.7426E-01
  4.5077E-04  1.0000E+03  3.0034E+01  1.0551E+02  4.6980E-01 -9.8584E+00 -6.7518E-01
