  26  6.0000000E+00
  3.2092E+01  1.0000E-03  1.2687E+00  1.3266E+02  1.2687E+00  0.0000E+00  0.0000E+00
  2.2946E+01  4.0000E+01  1.5782E+00  1.3259E+02  1.2672E+00 -4.0629E-02 -7.8399E-02
  1.8127E+01  8.0000E+01  2.6667E+00  1.3271E+02  1.2553E+00 -2.0130E-01 -2.0464E-01
  1.5701E+01  1.2000E+02  3.0889E+00  1.3328E+02  1.2478E+00  5.9100E-02  3.0253E-02
  1.3939E+01  1.6000E+02  3.7272E+00  1.3421E+02  1.2406E+00  1.6447E-01  6.1150E-02
  1.2504E+01  2.0000E+02  4.7303E+00  1.3534E+02  1.2331E+00  9.1389E-02  2.7663E-02
  1.1275E+01  2.4000E+02  6.0974E+00  1.3659E+02  1.2253E+00 -9.3929E-02 -2.4362E-02
  1.0192E+01  2.8000E+02  7.7582E+00  1.3788E+02  1.2167E+00 -3.4840E-01 -7.9611E-02
  9.2224E+00  3.2000E+02  9.6648E+00  1.3919E+02  1.2069E+00 -6.1188E-01 -1.2513E-01
  8.3447E+00  3.6000E+02  1.1851E+01  1.4056E+02  1.1952E+00 -9.3152E-01 -1.7249E-01
  7.5425E+00  4.0000E+02  1.4411E+01  1.4201E+02  1.1807E+00 -1.3844E+00 -2.3431E-01
  6.8036E+00  4.4000E+02  1.7442E+01  1.4354E+02  1.1629E+00 -2.0265E+00 -3.1590E-01
  6.1187E+00  4.8000E+02  2.1081E+01  1.4517E+02  1.1411E+00 -2.9289E+00 -4.2324E-01
  5.4803E+00  5.2000E+02  2.5471E+01  1.4692E+02  1.1147E+00 -4.1380E+00 -5.5732E-01
  4.8825E+00  5.6000E+02  3.0702E+01  1.4879E+02  1.0834E+00 -5.6324E+00 -7.1041E-01
  4.3203E+00  6.0000E+02  3.6773E+01  1.5075E+02  1.0473E+00 -7.3124E+00 -8.6734E-01
  3.7897E+00  6.4000E+02  4.3599E+01  1.5278E+02  1.0069E+00 -9.0386E+00 -1.0120E+00
  3.2871E+00  6.8000E+02  5.1033E+01  1.5484E+02  9.6292E-01 -1.0688E+01 -1.1334E+00
  2.8096E+00  7.2000E+02  5.8913E+01  1.5690E+02  9.1593E-01 -1.2187E+01 -1.2276E+00
  2.3549E+00  7.6000E+02  6.7075E+01  1.5892E+02  8.6671E-01 -1.3510E+01 -1.2963E+00
  1.9206E+00  8.0000E+02  7.5379E+01  1.6085E+02  8.1596E-01 -1.4672E+01 -1.3442E+00
  1.5050E+00  8.4000E+02  8.3730E+01  1.6265E+02  7.6421E-01 -1.5761E+01 -1.3819E+00
  1.1066E+00  8.8000E+02  9.2146E+01  1.6428E+02  7.1129E-01 -1.7039E+01 -1.4325E+00
  7.2384E-01  9.2000E+02  1.0100E+02  1.6577E+02  6.5437E-01 -1.9253E+01 -1.5546E+00
  3.5547E-01  9.6000E+02  1.1136E+02  1.6720E+02  5.8616E-01 -2.4226E+01 -1.8828E+00
  7.3801E-04  1.0000E+03  1.2482E+02  1.6798E+02  4.9624E-01 -3.5727E+01 -2.6739E+00
