  26  6.0000000E+00
  3.1968E+01  1.0000E-03  8.7177E-01  9.8410E+01  8.7177E-01  0.0000E+00  0.0000E+00
  2.2623E+01  4.0000E+01  1.1690E+00  9.8449E+01  8.7020E-01 -2.7565E-02 -5.4352E-02
  1.7487E+01  8.0000E+01  3.0811E+00  9.8400E+01  8.5932E-01 -3.8204E-01 -4.1393E-01
  1.4798E+01  1.2000E+02  3.9297E+00  9.8334E+01  8.5257E-01 -3.3991E-01 -1.9288E-01
  1.2912E+01  1.6000E+02  4.4971E+00  9.8464E+01  8.4674E-01 -2.3181E-01 -9.2250E-02
  1.1455E+01  2.0000E+02  4.9969E+00  9.8728E+01  8.4141E-01 -1.6179E-01 -4.9708E-02
  1.0263E+01  2.4000E+02  5.4929E+00  9.9097E+01  8.3637E-01 -1.0699E-01 -2.6914E-02
  9.2489E+00  2.8000E+02  6.0196E+00  9.9564E+01  8.3150E-01 -5.8664E-02 -1.2554E-02
  8.3615E+00  3.2000E+02  6.6107E+00  1.0012E+02  8.2672E-01 -3.5603E-02 -6.6654E-03
  7.5685E+00  3.6000E+02  7.2889E+00  1.0076E+02  8.2195E-01 -5.5218E-02 -9.2380E-03
  6.8486E+00  4.0000E+02  8.0605E+00  1.0145E+02  8.1712E-01 -1.1400E-01 -1.7317E-02
  6.1872E+00  4.4000E+02  8.9232E+00  1.0218E+02  8.1213E-01 -2.0110E-01 -2.8063E-02
  5.5741E+00  4.8000E+02  9.8730E+00  1.0294E+02  8.0691E-01 -3.0993E-01 -4.0089E-02
  5.0017E+00  5.2000E+02  1.0910E+01  1.0372E+02  8.0136E-01 -4.4260E-01 -5.3445E-02
  4.4643E+00  5.6000E+02  1.2037E+01  1.0452E+02  7.9540E-01 -6.0795E-01 -6.8932E-02
  3.9573E+00  6.0000E+02  1.3261E+01  1.0533E+02  7.8895E-01 -8.1605E-01 -8.7299E-02
  3.4769E+00  6.4000E+02  1.4588E+01  1.0614E+02  7.8194E-01 -1.0761E+00 -1.0905E-01
  3.0204E+00  6.8000E+02  1.6026E+01  1.0694E+02  7.7430E-01 -1.3980E+00 -1.3466E-01
  2.5853E+00  7.2000E+02  1.7589E+01  1.0772E+02  7.6593E-01 -1.7990E+00 -1.6517E-01
  2.1695E+00  7.6000E+02  1.9294E+01  1.0847E+02  7.5671E-01 -2.2966E+00 -2.0147E-01
  1.7714E+00  8.0000E+02  2.1177E+01  1.0918E+02  7.4638E-01 -2.9433E+00 -2.4720E-01
  1.3896E+00  8.4000E+02  2.3301E+01  1.0986E+02  7.3449E-01 -3.7970E+00 -3.0583E-01
  1.0230E+00  8.8000E+02  2.5755E+01  1.1051E+02  7.2055E-01 -4.9153E+00 -3.8023E-01
  6.7012E-01  9.2000E+02  2.8653E+01  1.1114E+02  7.0418E-01 -6.4252E+00 -4.7831E-01
  3.2955E-01  9.6000E+02  3.2086E+01  1.1167E+02  6.8537E-01 -8.5111E+00 -6.1155E-01
  5.1399E-04  1.0000E+03  3.6046E+01  1.1181E+02  6.6466E-01 -1.1626E+01 -8.0709E-01
