  26  6.0000000E+00
  3.2019E+01  1.0000E-03  1.0957E+00  1.1554E+02  1.0957E+00  0.0000E+00  0.0000E+00
  2.2802E+01  4.0000E+01  1.3782E+00  1.1555E+02  1.0941E+00 -3.0324E-02 -5.8969E-02
  1.7818E+01  8.0000E+01  2.8548E+00  1.1560E+02  1.0825E+00 -2.8651E-01 -3.0127E-01
  1.5250E+01  1.2000E+02  3.4836E+00  1.1586E+02  1.0753E+00 -1.4124E-01 -7.6532E-02
  1.3423E+01  1.6000E+02  4.0780E+00  1.1641E+02  1.0687E+00 -2.8349E-02 -1.0929E-02
  1.1974E+01  2.0000E+02  4.8410E+00  1.1711E+02  1.0623E+00 -4.1542E-02 -1.2702E-02
  1.0759E+01  2.4000E+02  5.7523E+00  1.1786E+02  1.0560E+00 -1.2760E-01 -3.2700E-02
  9.7078E+00  2.8000E+02  6.7666E+00  1.1866E+02  1.0496E+00 -2.0379E-01 -4.5197E-02
  8.7779E+00  3.2000E+02  7.8648E+00  1.1950E+02  1.0432E+00 -2.8366E-01 -5.5653E-02
  7.9417E+00  3.6000E+02  9.0409E+00  1.2036E+02  1.0367E+00 -3.7058E-01 -6.5375E-02
  7.1804E+00  4.0000E+02  1.0299E+01  1.2126E+02  1.0298E+00 -4.7784E-01 -7.6756E-02
  6.4802E+00  4.4000E+02  1.1642E+01  1.2217E+02  1.0227E+00 -6.1619E-01 -9.1031E-02
  5.8310E+00  4.8000E+02  1.3070E+01  1.2309E+02  1.0152E+00 -7.9037E-01 -1.0824E-01
  5.2254E+00  5.2000E+02  1.4572E+01  1.2399E+02  1.0073E+00 -9.9566E-01 -1.2721E-01
  4.6575E+00  5.6000E+02  1.6131E+01  1.2485E+02  9.9925E-01 -1.2193E+00 -1.4609E-01
  4.1228E+00  6.0000E+02  1.7732E+01  1.2568E+02  9.9097E-01 -1.4533E+00 -1.6397E-01
  3.6174E+00  6.4000E+02  1.9377E+01  1.2646E+02  9.8240E-01 -1.7099E+00 -1.8232E-01
  3.1383E+00  6.8000E+02  2.1084E+01  1.2720E+02  9.7337E-01 -2.0167E+00 -2.0384E-01
  2.6829E+00  7.2000E+02  2.2895E+01  1.2791E+02  9.6355E-01 -2.4212E+00 -2.3263E-01
  2.2489E+00  7.6000E+02  2.4889E+01  1.2859E+02  9.5244E-01 -3.0060E+00 -2.7521E-01
  1.8345E+00  8.0000E+02  2.7199E+01  1.2928E+02  9.3926E-01 -3.9153E+00 -3.4233E-01
  1.4379E+00  8.4000E+02  3.0032E+01  1.2998E+02  9.2289E-01 -5.3779E+00 -4.5002E-01
  1.0576E+00  8.8000E+02  3.3682E+01  1.3070E+02  9.0179E-01 -7.6981E+00 -6.1773E-01
  6.9218E-01  9.2000E+02  3.8635E+01  1.3148E+02  8.7321E-01 -1.1431E+01 -8.8118E-01
  3.4018E-01  9.6000E+02  4.5410E+01  1.3231E+02  8.3451E-01 -1.6902E+01 -1.2552E+00
  6.8619E-04  1.0000E+03  5.3840E+01  1.3279E+02  7.8741E-01 -2.3398E+01 -1.6759E+00
