  26  6.0000000E+00
  3.0156E+01  1.0000E-03  2.4390E-01  9.1541E+01  2.4390E-01  0.0000E+00  0.0000E+00
  2.1412E+01  4.0000E+01  4.5064E-01  9.1550E+01  2.4282E-01 -2.2680E-02 -4.1845E-02
  1.6604E+01  8.0000E+01  1.7374E+00  9.1628E+01  2.3746E-01 -2.5127E-01 -2.5486E-01
  1.4057E+01  1.2000E+02  2.4772E+00  9.1646E+01  2.3435E-01 -2.8333E-01 -1.5228E-01
  1.2255E+01  1.6000E+02  2.9487E+00  9.1645E+01  2.3172E-01 -2.6256E-01 -9.9785E-02
  1.0884E+01  2.0000E+02  3.2156E+00  9.1786E+01  2.2940E-01 -9.2073E-02 -2.6641E-02
  9.7744E+00  2.4000E+02  3.4588E+00  9.2107E+01  2.2726E-01  7.0320E-02  1.6461E-02
  8.8316E+00  2.8000E+02  3.7775E+00  9.2558E+01  2.2521E-01  1.4012E-01  2.7871E-02
  8.0035E+00  3.2000E+02  4.2028E+00  9.3099E+01  2.2318E-01  1.3965E-01  2.4398E-02
  7.2602E+00  3.6000E+02  4.7256E+00  9.3695E+01  2.2116E-01  9.9299E-02  1.5571E-02
  6.5835E+00  4.0000E+02  5.3256E+00  9.4337E+01  2.1912E-01  6.1434E-02  8.7716E-03
  5.9607E+00  4.4000E+02  5.9927E+00  9.5028E+01  2.1706E-01  3.8237E-02  5.0246E-03
  5.3821E+00  4.8000E+02  6.7376E+00  9.5777E+01  2.1494E-01  7.0503E-03  8.6053E-04
  4.8403E+00  5.2000E+02  7.5796E+00  9.6577E+01  2.1276E-01 -7.6590E-02 -8.7557E-03
  4.3293E+00  5.6000E+02  8.5225E+00  9.7408E+01  2.1047E-01 -2.1983E-01 -2.3698E-02
  3.8451E+00  6.0000E+02  9.5583E+00  9.8251E+01  2.0803E-01 -3.9701E-01 -4.0556E-02
  3.3846E+00  6.4000E+02  1.0680E+01  9.9097E+01  2.0539E-01 -5.9825E-01 -5.8129E-02
  2.9452E+00  6.8000E+02  1.1886E+01  9.9939E+01  2.0252E-01 -8.3011E-01 -7.6948E-02
  2.5250E+00  7.2000E+02  1.3181E+01  1.0077E+02  1.9932E-01 -1.1064E+00 -9.8090E-02
  2.1222E+00  7.6000E+02  1.4577E+01  1.0158E+02  1.9574E-01 -1.4466E+00 -1.2293E-01
  1.7354E+00  8.0000E+02  1.6092E+01  1.0237E+02  1.9168E-01 -1.8768E+00 -1.5317E-01
  1.3633E+00  8.4000E+02  1.7750E+01  1.0313E+02  1.8702E-01 -2.4273E+00 -1.9057E-01
  1.0048E+00  8.8000E+02  1.9581E+01  1.0384E+02  1.8165E-01 -3.1251E+00 -2.3638E-01
  6.5885E-01  9.2000E+02  2.1692E+01  1.0450E+02  1.7514E-01 -4.1700E+00 -3.0434E-01
  3.2428E-01  9.6000E+02  2.4266E+01  1.0510E+02  1.6700E-01 -5.9309E+00 -4.1864E-01
  4.1655E-04  1.0000E+03  2.7367E+01  1.0535E+02  1.5756E-01 -8.7759E+00 -5.9964E-01
