  26  6.0000000E+00
  3.0783E+01  1.0000E-03  4.5809E-01  9.2206E+01  4.5809E-01  0.0000E+00  0.0000E+00
  2.1802E+01  4.0000E+01  7.0005E-01  9.2228E+01  4.5677E-01 -2.4469E-02 -4.6368E-02
  1.6849E+01  8.0000E+01  2.2672E+00  9.2256E+01  4.4912E-01 -3.1077E-01 -3.2470E-01
  1.4227E+01  1.2000E+02  3.1117E+00  9.2199E+01  4.4450E-01 -3.4392E-01 -1.9029E-01
  1.2381E+01  1.6000E+02  3.6277E+00  9.2135E+01  4.4059E-01 -3.1425E-01 -1.2237E-01
  1.0978E+01  2.0000E+02  3.9005E+00  9.2215E+01  4.3716E-01 -1.3706E-01 -4.0576E-02
  9.8470E+00  2.4000E+02  4.1297E+00  9.2493E+01  4.3400E-01  4.3007E-02  1.0262E-02
  8.8906E+00  2.8000E+02  4.4139E+00  9.2914E+01  4.3099E-01  1.4226E-01  2.8706E-02
  8.0532E+00  3.2000E+02  4.8120E+00  9.3455E+01  4.2803E-01  1.7089E-01  3.0195E-02
  7.3024E+00  3.6000E+02  5.3286E+00  9.4062E+01  4.2508E-01  1.2131E-01  1.9215E-02
  6.6188E+00  4.0000E+02  5.9422E+00  9.4717E+01  4.2210E-01  5.9462E-02  8.5757E-03
  5.9895E+00  4.4000E+02  6.6361E+00  9.5411E+01  4.1908E-01  9.7994E-04  1.3010E-04
  5.4052E+00  4.8000E+02  7.4063E+00  9.6148E+01  4.1597E-01 -5.7001E-02 -7.0276E-03
  4.8584E+00  5.2000E+02  8.2605E+00  9.6926E+01  4.1276E-01 -1.3938E-01 -1.6077E-02
  4.3436E+00  5.6000E+02  9.2052E+00  9.7734E+01  4.0939E-01 -2.6486E-01 -2.8767E-02
  3.8564E+00  6.0000E+02  1.0240E+01  9.8559E+01  4.0580E-01 -4.3061E-01 -4.4264E-02
  3.3934E+00  6.4000E+02  1.1363E+01  9.9390E+01  4.0195E-01 -6.3134E-01 -6.1665E-02
  2.9521E+00  6.8000E+02  1.2576E+01  1.0022E+02  3.9775E-01 -8.7123E-01 -8.1118E-02
  2.5303E+00  7.2000E+02  1.3885E+01  1.0104E+02  3.9313E-01 -1.1629E+00 -1.0349E-01
  2.1262E+00  7.6000E+02  1.5302E+01  1.0184E+02  3.8799E-01 -1.5257E+00 -1.3007E-01
  1.7383E+00  8.0000E+02  1.6849E+01  1.0261E+02  3.8222E-01 -1.9868E+00 -1.6260E-01
  1.3653E+00  8.4000E+02  1.8549E+01  1.0335E+02  3.7569E-01 -2.5749E+00 -2.0264E-01
  1.0061E+00  8.8000E+02  2.0442E+01  1.0405E+02  3.6823E-01 -3.3360E+00 -2.5285E-01
  6.5954E-01  9.2000E+02  2.2619E+01  1.0469E+02  3.5941E-01 -4.4376E+00 -3.2443E-01
  3.2454E-01  9.6000E+02  2.5258E+01  1.0523E+02  3.4860E-01 -6.2445E+00 -4.4135E-01
  4.3841E-04  1.0000E+03  2.8497E+01  1.0542E+02  3.3567E-01 -9.4169E+00 -6.4392E-01
