  26  6.0000000E+00
  3.0261E+01  1.0000E-03  2.8755E-01  9.1646E+01  2.8755E-01  0.0000E+00  0.0000E+00
  2.1475E+01  4.0000E+01  4.9961E-01  9.1657E+01  2.8640E-01 -2.2896E-02 -4.2444E-02
  1.6642E+01  8.0000E+01  1.8331E+00  9.1728E+01  2.8053E-01 -2.6118E-01 -2.6630E-01
  1.4081E+01  1.2000E+02  2.5912E+00  9.1731E+01  2.7709E-01 -2.9478E-01 -1.5924E-01
  1.2273E+01  1.6000E+02  3.0685E+00  9.1716E+01  2.7417E-01 -2.7209E-01 -1.0384E-01
  1.0896E+01  2.0000E+02  3.3324E+00  9.1845E+01  2.7161E-01 -9.8078E-02 -2.8479E-02
  9.7838E+00  2.4000E+02  3.5697E+00  9.2160E+01  2.6925E-01  6.9434E-02  1.6297E-02
  8.8393E+00  2.8000E+02  3.8811E+00  9.2607E+01  2.6698E-01  1.4362E-01  2.8621E-02
  8.0100E+00  3.2000E+02  4.3011E+00  9.3148E+01  2.6475E-01  1.4657E-01  2.5645E-02
  7.2658E+00  3.6000E+02  4.8226E+00  9.3747E+01  2.6252E-01  1.0381E-01  1.6299E-02
  6.5881E+00  4.0000E+02  5.4243E+00  9.4391E+01  2.6027E-01  6.1700E-02  8.8214E-03
  5.9644E+00  4.4000E+02  6.0949E+00  9.5082E+01  2.5800E-01  3.3307E-02  4.3829E-03
  5.3851E+00  4.8000E+02  6.8426E+00  9.5829E+01  2.5567E-01 -1.1299E-03 -1.3809E-04
  4.8426E+00  5.2000E+02  7.6857E+00  9.6627E+01  2.5326E-01 -8.3923E-02 -9.6054E-03
  4.3312E+00  5.6000E+02  8.6284E+00  9.7454E+01  2.5074E-01 -2.2462E-01 -2.4237E-02
  3.8466E+00  6.0000E+02  9.6637E+00  9.8296E+01  2.4805E-01 -4.0042E-01 -4.0938E-02
  3.3857E+00  6.4000E+02  1.0785E+01  9.9140E+01  2.4516E-01 -6.0172E-01 -5.8506E-02
  2.9461E+00  6.8000E+02  1.1992E+01  9.9979E+01  2.4200E-01 -8.3470E-01 -7.7418E-02
  2.5257E+00  7.2000E+02  1.3288E+01  1.0081E+02  2.3850E-01 -1.1129E+00 -9.8714E-02
  2.1227E+00  7.6000E+02  1.4687E+01  1.0162E+02  2.3459E-01 -1.4558E+00 -1.2376E-01
  1.7358E+00  8.0000E+02  1.6205E+01  1.0241E+02  2.3017E-01 -1.8896E+00 -1.5427E-01
  1.3636E+00  8.4000E+02  1.7868E+01  1.0316E+02  2.2513E-01 -2.4450E+00 -1.9201E-01
  1.0049E+00  8.8000E+02  1.9706E+01  1.0387E+02  2.1933E-01 -3.1513E+00 -2.3843E-01
  6.5894E-01  9.2000E+02  2.1825E+01  1.0453E+02  2.1234E-01 -4.2040E+00 -3.0689E-01
  3.2431E-01  9.6000E+02  2.4408E+01  1.0512E+02  2.0361E-01 -5.9739E+00 -4.2175E-01
  4.2014E-04  1.0000E+03  2.7530E+01  1.0536E+02  1.9341E-01 -8.8751E+00 -6.0648E-01
