  26  6.0000000E+00
  3.1275E+01  1.0000E-03  5.8032E-01  9.2758E+01  5.8032E-01  0.0000E+00  0.0000E+00
  2.2111E+01  4.0000E+01  8.5237E-01  9.2792E+01  5.7889E-01 -2.6044E-02 -5.0355E-02
  1.7050E+01  8.0000E+01  2.6546E+00  9.2780E+01  5.7007E-01 -3.5843E-01 -3.8269E-01
  1.4372E+01  1.2000E+02  3.5794E+00  9.2659E+01  5.6468E-01 -3.9047E-01 -2.2063E-01
  1.2492E+01  1.6000E+02  4.1343E+00  9.2558E+01  5.6011E-01 -3.4886E-01 -1.3837E-01
  1.1063E+01  2.0000E+02  4.4312E+00  9.2594E+01  5.5610E-01 -1.8262E-01 -5.5063E-02
  9.9131E+00  2.4000E+02  4.6562E+00  9.2828E+01  5.5242E-01  7.3667E-03  1.7873E-03
  8.9439E+00  2.8000E+02  4.9213E+00  9.3220E+01  5.4892E-01  1.3140E-01  2.6869E-02
  8.0977E+00  3.2000E+02  5.2962E+00  9.3747E+01  5.4549E-01  1.8011E-01  3.2154E-02
  7.3405E+00  3.6000E+02  5.7981E+00  9.4357E+01  5.4208E-01  1.4228E-01  2.2731E-02
  6.6515E+00  4.0000E+02  6.4123E+00  9.5021E+01  5.3863E-01  7.1575E-02  1.0405E-02
  6.0171E+00  4.4000E+02  7.1210E+00  9.5724E+01  5.3511E-01 -8.4819E-03 -1.1351E-03
  5.4281E+00  4.8000E+02  7.9138E+00  9.6463E+01  5.3149E-01 -9.1939E-02 -1.1426E-02
  4.8772E+00  5.2000E+02  8.7900E+00  9.7234E+01  5.2771E-01 -1.9095E-01 -2.2195E-02
  4.3587E+00  5.6000E+02  9.7525E+00  9.8030E+01  5.2373E-01 -3.2071E-01 -3.5079E-02
  3.8685E+00  6.0000E+02  1.0803E+01  9.8841E+01  5.1948E-01 -4.8676E-01 -5.0347E-02
  3.4030E+00  6.4000E+02  1.1942E+01  9.9659E+01  5.1490E-01 -6.9166E-01 -6.7925E-02
  2.9596E+00  6.8000E+02  1.3176E+01  1.0047E+02  5.0990E-01 -9.4263E-01 -8.8183E-02
  2.5360E+00  7.2000E+02  1.4512E+01  1.0128E+02  5.0439E-01 -1.2534E+00 -1.1200E-01
  2.1305E+00  7.6000E+02  1.5966E+01  1.0207E+02  4.9827E-01 -1.6441E+00 -1.4068E-01
  1.7414E+00  8.0000E+02  1.7560E+01  1.0283E+02  4.9139E-01 -2.1439E+00 -1.7599E-01
  1.3674E+00  8.4000E+02  1.9321E+01  1.0355E+02  4.8361E-01 -2.7755E+00 -2.1898E-01
  1.0075E+00  8.8000E+02  2.1297E+01  1.0423E+02  4.7471E-01 -3.6024E+00 -2.7360E-01
  6.6035E-01  9.2000E+02  2.3572E+01  1.0485E+02  4.6432E-01 -4.7630E+00 -3.4881E-01
  3.2488E-01  9.6000E+02  2.6287E+01  1.0536E+02  4.5199E-01 -6.5613E+00 -4.6439E-01
  4.4719E-04  1.0000E+03  2.9581E+01  1.0549E+02  4.3744E-01 -9.7790E+00 -6.6937E-01
