  26  6.0000000E+00
  3.2103E+01  1.0000E-03  1.2347E+00  1.3386E+02  1.2347E+00  0.0000E+00  0.0000E+00
  2.2928E+01  4.0000E+01  1.5491E+00  1.3380E+02  1.2332E+00 -4.1351E-02 -8.0046E-02
  1.8086E+01  8.0000E+01  2.6635E+00  1.3392E+02  1.2214E+00 -2.0476E-01 -2.0916E-01
  1.5640E+01  1.2000E+02  3.1197E+00  1.3446E+02  1.2140E+00  3.5375E-02  1.8257E-02
  1.3865E+01  1.6000E+02  3.7625E+00  1.3534E+02  1.2069E+00  1.3159E-01  4.9278E-02
  1.2427E+01  2.0000E+02  4.7248E+00  1.3641E+02  1.1997E+00  7.6321E-02  2.3150E-02
  1.1200E+01  2.4000E+02  6.0139E+00  1.3759E+02  1.1922E+00 -8.6731E-02 -2.2462E-02
  1.0121E+01  2.8000E+02  7.5447E+00  1.3879E+02  1.1844E+00 -3.1056E-01 -7.0679E-02
  9.1580E+00  3.2000E+02  9.2355E+00  1.3999E+02  1.1759E+00 -5.0664E-01 -1.0296E-01
  8.2873E+00  3.6000E+02  1.1073E+01  1.4122E+02  1.1666E+00 -6.9519E-01 -1.2771E-01
  7.4920E+00  4.0000E+02  1.3089E+01  1.4250E+02  1.1561E+00 -9.2642E-01 -1.5543E-01
  6.7593E+00  4.4000E+02  1.5308E+01  1.4381E+02  1.1443E+00 -1.2437E+00 -1.9226E-01
  6.0793E+00  4.8000E+02  1.7735E+01  1.4511E+02  1.1314E+00 -1.6572E+00 -2.3776E-01
  5.4445E+00  5.2000E+02  2.0362E+01  1.4637E+02  1.1173E+00 -2.1604E+00 -2.8935E-01
  4.8492E+00  5.6000E+02  2.3159E+01  1.4754E+02  1.1024E+00 -2.7215E+00 -3.4184E-01
  4.2888E+00  6.0000E+02  2.6074E+01  1.4861E+02  1.0868E+00 -3.2988E+00 -3.9001E-01
  3.7597E+00  6.4000E+02  2.9089E+01  1.4956E+02  1.0706E+00 -3.9010E+00 -4.3541E-01
  3.2591E+00  6.8000E+02  3.2318E+01  1.5044E+02  1.0529E+00 -4.6976E+00 -4.9618E-01
  2.7843E+00  7.2000E+02  3.6136E+01  1.5134E+02  1.0317E+00 -6.1428E+00 -6.1538E-01
  2.3328E+00  7.6000E+02  4.1113E+01  1.5237E+02  1.0040E+00 -8.7372E+00 -8.3231E-01
  1.9022E+00  8.0000E+02  4.7517E+01  1.5354E+02  9.6846E-01 -1.2157E+01 -1.1045E+00
  1.4903E+00  8.4000E+02  5.5076E+01  1.5474E+02  9.2638E-01 -1.5439E+01 -1.3414E+00
  1.0957E+00  8.8000E+02  6.3880E+01  1.5595E+02  8.7626E-01 -1.9260E+01 -1.6035E+00
  7.1697E-01  9.2000E+02  7.4672E+01  1.5729E+02  8.1227E-01 -2.4939E+01 -1.9929E+00
  3.5231E-01  9.6000E+02  8.7496E+01  1.5872E+02  7.3297E-01 -3.1241E+01 -2.4036E+00
  7.3613E-04  1.0000E+03  1.0170E+02  1.5908E+02  6.4390E-01 -3.9366E+01 -2.9200E+00
