  26  6.0000000E+00
  3.2071E+01  1.0000E-03  1.1766E+00  1.2582E+02  1.1766E+00  0.0000E+00  0.0000E+00
  2.2881E+01  4.0000E+01  1.4758E+00  1.2579E+02  1.1751E+00 -3.6209E-02 -7.0209E-02
  1.7976E+01  8.0000E+01  2.7422E+00  1.2588E+02  1.1634E+00 -2.4017E-01 -2.4853E-01
  1.5473E+01  1.2000E+02  3.2761E+00  1.2631E+02  1.1560E+00 -3.9751E-02 -2.0990E-02
  1.3672E+01  1.6000E+02  3.9137E+00  1.2704E+02  1.1491E+00  5.0901E-02  1.9344E-02
  1.2228E+01  2.0000E+02  4.7868E+00  1.2793E+02  1.1423E+00  1.1427E-02  3.4819E-03
  1.1007E+01  2.4000E+02  5.8829E+00  1.2891E+02  1.1353E+00 -9.6597E-02 -2.4889E-02
  9.9415E+00  2.8000E+02  7.1517E+00  1.2993E+02  1.1282E+00 -2.3418E-01 -5.2624E-02
  8.9942E+00  3.2000E+02  8.5488E+00  1.3098E+02  1.1207E+00 -3.6702E-01 -7.3356E-02
  8.1393E+00  3.6000E+02  1.0065E+01  1.3206E+02  1.1127E+00 -5.0420E-01 -9.0935E-02
  7.3589E+00  4.0000E+02  1.1713E+01  1.3318E+02  1.1042E+00 -6.7905E-01 -1.1180E-01
  6.6398E+00  4.4000E+02  1.3502E+01  1.3431E+02  1.0949E+00 -9.1669E-01 -1.3908E-01
  5.9722E+00  4.8000E+02  1.5422E+01  1.3542E+02  1.0850E+00 -1.2160E+00 -1.7128E-01
  5.3489E+00  5.2000E+02  1.7433E+01  1.3646E+02  1.0747E+00 -1.5469E+00 -2.0343E-01
  4.7643E+00  5.6000E+02  1.9484E+01  1.3742E+02  1.0642E+00 -1.8727E+00 -2.3098E-01
  4.2140E+00  6.0000E+02  2.1530E+01  1.3827E+02  1.0537E+00 -2.1657E+00 -2.5140E-01
  3.6946E+00  6.4000E+02  2.3550E+01  1.3903E+02  1.0433E+00 -2.4289E+00 -2.6616E-01
  3.2031E+00  6.8000E+02  2.5581E+01  1.3972E+02  1.0325E+00 -2.7300E+00 -2.8312E-01
  2.7367E+00  7.2000E+02  2.7765E+01  1.4039E+02  1.0204E+00 -3.2567E+00 -3.2046E-01
  2.2931E+00  7.6000E+02  3.0396E+01  1.4109E+02  1.0054E+00 -4.3517E+00 -4.0730E-01
  1.8700E+00  8.0000E+02  3.3918E+01  1.4188E+02  9.8513E-01 -6.4433E+00 -5.7513E-01
  1.4654E+00  8.4000E+02  3.8764E+01  1.4279E+02  9.5759E-01 -9.7390E+00 -8.3129E-01
  1.0776E+00  8.8000E+02  4.5232E+01  1.4378E+02  9.2105E-01 -1.4131E+01 -1.1561E+00
  7.0526E-01  9.2000E+02  5.3611E+01  1.4488E+02  8.7312E-01 -1.9550E+01 -1.5359E+00
  3.4661E-01  9.6000E+02  6.3978E+01  1.4604E+02  8.1263E-01 -2.5671E+01 -1.9425E+00
  7.1369E-04  1.0000E+03  7.5862E+01  1.4655E+02  7.4307E-01 -3.2862E+01 -2.3982E+00
