  26  6.0000000E+00
  3.2043E+01  1.0000E-03  1.1389E+00  1.2089E+02  1.1389E+00  0.0000E+00  0.0000E+00
  2.2844E+01  4.0000E+01  1.4267E+00  1.2088E+02  1.1374E+00 -3.2500E-02 -6.3078E-02
  1.7900E+01  8.0000E+01  2.7985E+00  1.2094E+02  1.1257E+00 -2.6456E-01 -2.7594E-01
  1.5365E+01  1.2000E+02  3.3749E+00  1.2130E+02  1.1184E+00 -8.7139E-02 -4.6611E-02
  1.3551E+01  1.6000E+02  3.9942E+00  1.2194E+02  1.1116E+00  1.2466E-02  4.7712E-03
  1.2104E+01  2.0000E+02  4.8168E+00  1.2273E+02  1.1050E+00 -1.8631E-02 -5.6884E-03
  1.0886E+01  2.4000E+02  5.8182E+00  1.2360E+02  1.0984E+00 -1.1215E-01 -2.8823E-02
  9.8273E+00  2.8000E+02  6.9560E+00  1.2451E+02  1.0916E+00 -2.1433E-01 -4.7851E-02
  8.8884E+00  3.2000E+02  8.2020E+00  1.2545E+02  1.0847E+00 -3.2337E-01 -6.4057E-02
  8.0425E+00  3.6000E+02  9.5450E+00  1.2642E+02  1.0776E+00 -4.3962E-01 -7.8463E-02
  7.2711E+00  4.0000E+02  1.0988E+01  1.2742E+02  1.0700E+00 -5.8092E-01 -9.4542E-02
  6.5610E+00  4.4000E+02  1.2533E+01  1.2842E+02  1.0619E+00 -7.6206E-01 -1.1417E-01
  5.9023E+00  4.8000E+02  1.4175E+01  1.2941E+02  1.0534E+00 -9.8518E-01 -1.3691E-01
  5.2876E+00  5.2000E+02  1.5890E+01  1.3037E+02  1.0446E+00 -1.2348E+00 -1.6014E-01
  4.7113E+00  5.6000E+02  1.7645E+01  1.3127E+02  1.0356E+00 -1.4875E+00 -1.8088E-01
  4.1688E+00  6.0000E+02  1.9417E+01  1.3210E+02  1.0265E+00 -1.7339E+00 -1.9845E-01
  3.6564E+00  6.4000E+02  2.1201E+01  1.3287E+02  1.0173E+00 -1.9846E+00 -2.1453E-01
  3.1711E+00  6.8000E+02  2.3027E+01  1.3358E+02  1.0077E+00 -2.2844E+00 -2.3391E-01
  2.7101E+00  7.2000E+02  2.4972E+01  1.3427E+02  9.9712E-01 -2.7289E+00 -2.6539E-01
  2.2713E+00  7.6000E+02  2.7185E+01  1.3496E+02  9.8466E-01 -3.4831E+00 -3.2251E-01
  1.8524E+00  8.0000E+02  2.9915E+01  1.3567E+02  9.6894E-01 -4.8054E+00 -4.2463E-01
  1.4518E+00  8.4000E+02  3.3501E+01  1.3645E+02  9.4827E-01 -7.0157E+00 -5.9304E-01
  1.0677E+00  8.8000E+02  3.8312E+01  1.3728E+02  9.2075E-01 -1.0357E+01 -8.3932E-01
  6.9876E-01  9.2000E+02  4.4822E+01  1.3820E+02  8.8352E-01 -1.5148E+01 -1.1790E+00
  3.4341E-01  9.6000E+02  5.3387E+01  1.3919E+02  8.3443E-01 -2.1319E+01 -1.5983E+00
  7.0410E-04  1.0000E+03  6.3592E+01  1.3973E+02  7.7645E-01 -2.8198E+01 -2.0388E+00
