  26  6.0000000E+00
  3.2081E+01  1.0000E-03  1.2765E+00  1.3178E+02  1.2765E+00  0.0000E+00  0.0000E+00
  2.2946E+01  4.0000E+01  1.5825E+00  1.3172E+02  1.2750E+00 -3.9918E-02 -7.6937E-02
  1.8130E+01  8.0000E+01  2.6739E+00  1.3183E+02  1.2630E+00 -2.0249E-01 -2.0574E-01
  1.5706E+01  1.2000E+02  3.0913E+00  1.3240E+02  1.2555E+00  5.9910E-02  3.0647E-02
  1.3946E+01  1.6000E+02  3.7224E+00  1.3333E+02  1.2483E+00  1.7186E-01  6.3806E-02
  1.2512E+01  2.0000E+02  4.7343E+00  1.3448E+02  1.2408E+00  9.4877E-02  2.8704E-02
  1.1282E+01  2.4000E+02  6.1256E+00  1.3574E+02  1.2328E+00 -1.0569E-01 -2.7434E-02
  1.0197E+01  2.8000E+02  7.8248E+00  1.3704E+02  1.2240E+00 -3.7057E-01 -8.4780E-02
  9.2269E+00  3.2000E+02  9.8054E+00  1.3839E+02  1.2134E+00 -6.5110E-01 -1.3332E-01
  8.3483E+00  3.6000E+02  1.2142E+01  1.3983E+02  1.2003E+00 -1.0172E+00 -1.8856E-01
  7.5454E+00  4.0000E+02  1.4969E+01  1.4140E+02  1.1836E+00 -1.5645E+00 -2.6502E-01
  6.8060E+00  4.4000E+02  1.8389E+01  1.4309E+02  1.1628E+00 -2.3351E+00 -3.6427E-01
  6.1207E+00  4.8000E+02  2.2513E+01  1.4491E+02  1.1375E+00 -3.3676E+00 -4.8686E-01
  5.4822E+00  5.2000E+02  2.7413E+01  1.4684E+02  1.1075E+00 -4.6463E+00 -6.2598E-01
  4.8842E+00  5.6000E+02  3.3094E+01  1.4887E+02  1.0730E+00 -6.1076E+00 -7.7053E-01
  4.3219E+00  6.0000E+02  3.9504E+01  1.5097E+02  1.0344E+00 -7.6650E+00 -9.0936E-01
  3.7911E+00  6.4000E+02  4.6551E+01  1.5312E+02  9.9212E-01 -9.2329E+00 -1.0340E+00
  3.2884E+00  6.8000E+02  5.4117E+01  1.5528E+02  9.4657E-01 -1.0745E+01 -1.1396E+00
  2.8108E+00  7.2000E+02  6.2080E+01  1.5744E+02  8.9825E-01 -1.2156E+01 -1.2247E+00
  2.3560E+00  7.6000E+02  7.0308E+01  1.5956E+02  8.4771E-01 -1.3427E+01 -1.2885E+00
  1.9216E+00  8.0000E+02  7.8668E+01  1.6161E+02  7.9563E-01 -1.4528E+01 -1.3312E+00
  1.5060E+00  8.4000E+02  8.7067E+01  1.6355E+02  7.4256E-01 -1.5530E+01 -1.3617E+00
  1.1075E+00  8.8000E+02  9.5587E+01  1.6539E+02  6.8790E-01 -1.6783E+01 -1.4111E+00
  7.2476E-01  9.2000E+02  1.0465E+02  1.6719E+02  6.2864E-01 -1.8959E+01 -1.5311E+00
  3.5611E-01  9.6000E+02  1.1512E+02  1.6903E+02  5.5944E-01 -2.3424E+01 -1.8219E+00
  7.2631E-04  1.0000E+03  1.2821E+02  1.6991E+02  4.7481E-01 -3.4331E+01 -2.5741E+00
