  26  6.0000000E+00
  3.0621E+01  1.0000E-03  4.1616E-01  9.2031E+01  4.1616E-01  0.0000E+00  0.0000E+00
  2.1702E+01  4.0000E+01  6.4841E-01  9.2050E+01  4.1488E-01 -2.3953E-02 -4.5075E-02
  1.6787E+01  8.0000E+01  2.1376E+00  9.2092E+01  4.0766E-01 -2.9450E-01 -3.0537E-01
  1.4184E+01  1.2000E+02  2.9551E+00  9.2058E+01  4.0332E-01 -3.2698E-01 -1.7958E-01
  1.2350E+01  1.6000E+02  3.4602E+00  9.2010E+01  3.9964E-01 -3.0136E-01 -1.1661E-01
  1.0955E+01  2.0000E+02  3.7320E+00  9.2108E+01  3.9641E-01 -1.2453E-01 -3.6651E-02
  9.8297E+00  2.4000E+02  3.9657E+00  9.2399E+01  3.9344E-01  5.0641E-02  1.2025E-02
  8.8767E+00  2.8000E+02  4.2609E+00  9.2829E+01  3.9059E-01  1.4170E-01  2.8492E-02
  8.0414E+00  3.2000E+02  4.6685E+00  9.3372E+01  3.8780E-01  1.6122E-01  2.8412E-02
  7.2924E+00  3.6000E+02  5.1894E+00  9.3977E+01  3.8502E-01  1.1300E-01  1.7858E-02
  6.6103E+00  4.0000E+02  5.8022E+00  9.4628E+01  3.8221E-01  5.5685E-02  8.0134E-03
  5.9824E+00  4.4000E+02  6.4911E+00  9.5320E+01  3.7936E-01  5.0353E-03  6.6703E-04
  5.3993E+00  4.8000E+02  7.2549E+00  9.6057E+01  3.7644E-01 -4.5186E-02 -5.5584E-03
  4.8538E+00  5.2000E+02  8.1041E+00  9.6839E+01  3.7341E-01 -1.2430E-01 -1.4308E-02
  4.3399E+00  5.6000E+02  9.0458E+00  9.7652E+01  3.7024E-01 -2.5094E-01 -2.7204E-02
  3.8535E+00  6.0000E+02  1.0079E+01  9.8481E+01  3.6688E-01 -4.1837E-01 -4.2937E-02
  3.3911E+00  6.4000E+02  1.1199E+01  9.9315E+01  3.6326E-01 -6.1906E-01 -6.0384E-02
  2.9503E+00  6.8000E+02  1.2409E+01  1.0015E+02  3.5931E-01 -8.5692E-01 -7.9693E-02
  2.5290E+00  7.2000E+02  1.3713E+01  1.0097E+02  3.5497E-01 -1.1445E+00 -1.0175E-01
  2.1252E+00  7.6000E+02  1.5123E+01  1.0177E+02  3.5013E-01 -1.5011E+00 -1.2787E-01
  1.7376E+00  8.0000E+02  1.6660E+01  1.0255E+02  3.4470E-01 -1.9534E+00 -1.5975E-01
  1.3648E+00  8.4000E+02  1.8347E+01  1.0330E+02  3.3855E-01 -2.5312E+00 -1.9908E-01
  1.0057E+00  8.8000E+02  2.0221E+01  1.0399E+02  3.3152E-01 -3.2752E+00 -2.4812E-01
  6.5936E-01  9.2000E+02  2.2377E+01  1.0464E+02  3.2316E-01 -4.3610E+00 -3.1870E-01
  3.2447E-01  9.6000E+02  2.4998E+01  1.0520E+02  3.1286E-01 -6.1607E+00 -4.3529E-01
  4.3486E-04  1.0000E+03  2.8209E+01  1.0540E+02  3.0055E-01 -9.2721E+00 -6.3388E-01
