  26  6.0000000E+00
  2.9895E+01  1.0000E-03  6.6899E-02  9.1288E+01  6.6899E-02  0.0000E+00  0.0000E+00
  2.1256E+01  4.0000E+01  2.6127E-01  9.1291E+01  6.6207E-02 -2.2230E-02 -4.0519E-02
  1.6512E+01  8.0000E+01  1.4373E+00  9.1389E+01  6.3610E-02 -2.2727E-01 -2.2747E-01
  1.3997E+01  1.2000E+02  2.1353E+00  9.1442E+01  6.2201E-02 -2.5624E-01 -1.3598E-01
  1.2214E+01  1.6000E+02  2.5945E+00  9.1472E+01  6.1002E-02 -2.4082E-01 -9.0599E-02
  1.0854E+01  2.0000E+02  2.8694E+00  9.1640E+01  5.9936E-02 -7.8571E-02 -2.2538E-02
  9.7520E+00  2.4000E+02  3.1271E+00  9.1976E+01  5.8944E-02  7.1276E-02  1.6578E-02
  8.8133E+00  2.8000E+02  3.4634E+00  9.2436E+01  5.7985E-02  1.3147E-01  2.6036E-02
  7.9881E+00  3.2000E+02  3.9009E+00  9.2976E+01  5.7041E-02  1.2368E-01  2.1534E-02
  7.2472E+00  3.6000E+02  4.4276E+00  9.3568E+01  5.6099E-02  8.8714E-02  1.3867E-02
  6.5726E+00  4.0000E+02  5.0251E+00  9.4206E+01  5.5153E-02  5.9742E-02  8.5027E-03
  5.9518E+00  4.4000E+02  5.6858E+00  9.4896E+01  5.4195E-02  4.7458E-02  6.2159E-03
  5.3751E+00  4.8000E+02  6.4252E+00  9.5649E+01  5.3216E-02  2.3633E-02  2.8754E-03
  4.8348E+00  5.2000E+02  7.2658E+00  9.6456E+01  5.2199E-02 -6.1879E-02 -7.0544E-03
  4.3250E+00  5.6000E+02  8.2100E+00  9.7293E+01  5.1121E-02 -2.1081E-01 -2.2673E-02
  3.8417E+00  6.0000E+02  9.2474E+00  9.8142E+01  4.9952E-02 -3.9049E-01 -3.9815E-02
  3.3819E+00  6.4000E+02  1.0370E+01  9.8992E+01  4.8658E-02 -5.9151E-01 -5.7382E-02
  2.9431E+00  6.8000E+02  1.1576E+01  9.9837E+01  4.7201E-02 -8.2138E-01 -7.6037E-02
  2.5234E+00  7.2000E+02  1.2869E+01  1.0067E+02  4.5536E-02 -1.0942E+00 -9.6895E-02
  2.1210E+00  7.6000E+02  1.4261E+01  1.0149E+02  4.3616E-02 -1.4292E+00 -1.2133E-01
  1.7345E+00  8.0000E+02  1.5770E+01  1.0228E+02  4.1395E-02 -1.8516E+00 -1.5098E-01
  1.3626E+00  8.4000E+02  1.7418E+01  1.0304E+02  3.8838E-02 -2.3904E+00 -1.8754E-01
  1.0044E+00  8.8000E+02  1.9233E+01  1.0376E+02  3.5924E-02 -3.0669E+00 -2.3183E-01
  6.5862E-01  9.2000E+02  2.1327E+01  1.0444E+02  3.2457E-02 -4.0953E+00 -2.9873E-01
  3.2419E-01  9.6000E+02  2.3885E+01  1.0504E+02  2.8317E-02 -5.8374E+00 -4.1188E-01
  4.0786E-04  1.0000E+03  2.6938E+01  1.0533E+02  2.3979E-02 -8.5423E+00 -5.8354E-01
