  26  3.7500000E+00
  3.2071E+01  1.0000E-03  1.3633E+03  1.1901E+02  1.3633E+03  0.0000E+00  0.0000E+00
  2.2881E+01  4.0000E+01  1.3625E+03  1.1880E+02  1.3618E+03  6.4458E-02  1.2498E-01
  1.7976E+01  8.0000E+01  1.3577E+03  1.1691E+02  1.3521E+03  5.7947E-01  5.9964E-01
  1.5473E+01  1.2000E+02  1.3534E+03  1.1513E+02  1.3436E+03  1.0031E+00  5.2968E-01
  1.3672E+01  1.6000E+02  1.3477E+03  1.1327E+02  1.3339E+03  2.1457E+00  8.1543E-01
  1.2228E+01  2.0000E+02  1.3401E+03  1.1134E+02  1.3225E+03  3.9160E+00  1.1933E+00
  1.1007E+01  2.4000E+02  1.3308E+03  1.0935E+02  1.3095E+03  6.0381E+00  1.5558E+00
  9.9415E+00  2.8000E+02  1.3199E+03  1.0732E+02  1.2953E+03  8.2448E+00  1.8528E+00
  8.9942E+00  3.2000E+02  1.3081E+03  1.0524E+02  1.2801E+03  1.0315E+01  2.0617E+00
  8.1393E+00  3.6000E+02  1.2956E+03  1.0311E+02  1.2646E+03  1.2084E+01  2.1795E+00
  7.3589E+00  4.0000E+02  1.2830E+03  1.0094E+02  1.2490E+03  1.3396E+01  2.2057E+00
  6.6398E+00  4.4000E+02  1.2706E+03  9.8738E+01  1.2338E+03  1.4166E+01  2.1494E+00
  5.9722E+00  4.8000E+02  1.2587E+03  9.6494E+01  1.2192E+03  1.4435E+01  2.0333E+00
  5.3489E+00  5.2000E+02  1.2476E+03  9.4212E+01  1.2055E+03  1.4286E+01  1.8788E+00
  4.7643E+00  5.6000E+02  1.2372E+03  9.1890E+01  1.1927E+03  1.3817E+01  1.7042E+00
  4.2140E+00  6.0000E+02  1.2275E+03  8.9530E+01  1.1808E+03  1.3257E+01  1.5390E+00
  3.6946E+00  6.4000E+02  1.2184E+03  8.7132E+01  1.1695E+03  1.2935E+01  1.4174E+00
  3.2031E+00  6.8000E+02  1.2094E+03  8.4702E+01  1.1585E+03  1.3397E+01  1.3894E+00
  2.7367E+00  7.2000E+02  1.1998E+03  8.2253E+01  1.1469E+03  1.5374E+01  1.5127E+00
  2.2931E+00  7.6000E+02  1.1888E+03  7.9804E+01  1.1342E+03  1.9167E+01  1.7940E+00
  1.8700E+00  8.0000E+02  1.1762E+03  7.7375E+01  1.1199E+03  2.4009E+01  2.1431E+00
  1.4654E+00  8.4000E+02  1.1623E+03  7.4984E+01  1.1045E+03  2.8426E+01  2.4264E+00
  1.0776E+00  8.8000E+02  1.1476E+03  7.2653E+01  1.0883E+03  3.1933E+01  2.6126E+00
  7.0526E-01  9.2000E+02  1.1323E+03  7.0426E+01  1.0717E+03  3.5128E+01  2.7597E+00
  3.4661E-01  9.6000E+02  1.1167E+03  6.8382E+01  1.0548E+03  3.7883E+01  2.8666E+00
  7.1369E-04  1.0000E+03  1.1012E+03  6.6699E+01  1.0382E+03  3.9834E+01  2.9070E+00
