  26  3.7500000E+00
  3.2100E+01  1.0000E-03  1.3633E+03  1.1655E+02  1.3633E+03  0.0000E+00  0.0000E+00
  2.2939E+01  4.0000E+01  1.3625E+03  1.1633E+02  1.3618E+03  6.4123E-02  1.2394E-01
  1.8113E+01  8.0000E+01  1.3578E+03  1.1443E+02  1.3522E+03  5.7729E-01  5.8780E-01
  1.5680E+01  1.2000E+02  1.3535E+03  1.1265E+02  1.3438E+03  1.0061E+00  5.1629E-01
  1.3913E+01  1.6000E+02  1.3477E+03  1.1079E+02  1.3340E+03  2.2336E+00  8.3273E-01
  1.2477E+01  2.0000E+02  1.3397E+03  1.0887E+02  1.3221E+03  4.2721E+00  1.2944E+00
  1.1248E+01  2.4000E+02  1.3292E+03  1.0688E+02  1.3081E+03  6.8719E+00  1.7816E+00
  1.0167E+01  2.8000E+02  1.3167E+03  1.0485E+02  1.2921E+03  9.7032E+00  2.2139E+00
  9.2000E+00  3.2000E+02  1.3027E+03  1.0276E+02  1.2748E+03  1.2338E+01  2.5171E+00
  8.3248E+00  3.6000E+02  1.2879E+03  1.0064E+02  1.2569E+03  1.4521E+01  2.6812E+00
  7.5251E+00  4.0000E+02  1.2728E+03  9.8481E+01  1.2389E+03  1.6118E+01  2.7195E+00
  6.7883E+00  4.4000E+02  1.2580E+03  9.6283E+01  1.2213E+03  1.7140E+01  2.6644E+00
  6.1050E+00  4.8000E+02  1.2435E+03  9.4053E+01  1.2041E+03  1.7944E+01  2.5869E+00
  5.4678E+00  5.2000E+02  1.2293E+03  9.1793E+01  1.1874E+03  1.8786E+01  2.5256E+00
  4.8708E+00  5.6000E+02  1.2153E+03  8.9508E+01  1.1710E+03  1.9658E+01  2.4760E+00
  4.3092E+00  6.0000E+02  1.2014E+03  8.7201E+01  1.1549E+03  2.0501E+01  2.4289E+00
  3.7791E+00  6.4000E+02  1.1878E+03  8.4876E+01  1.1391E+03  2.1344E+01  2.3870E+00
  3.2772E+00  6.8000E+02  1.1743E+03  8.2537E+01  1.1236E+03  2.2298E+01  2.3612E+00
  2.8007E+00  7.2000E+02  1.1608E+03  8.0192E+01  1.1082E+03  2.3407E+01  2.3534E+00
  2.3469E+00  7.6000E+02  1.1473E+03  7.7848E+01  1.0929E+03  2.4472E+01  2.3426E+00
  1.9139E+00  8.0000E+02  1.1341E+03  7.5509E+01  1.0780E+03  2.5177E+01  2.3003E+00
  1.4996E+00  8.4000E+02  1.1212E+03  7.3180E+01  1.0635E+03  2.5581E+01  2.2359E+00
  1.1026E+00  8.8000E+02  1.1083E+03  7.0883E+01  1.0492E+03  2.6617E+01  2.2295E+00
  7.2146E-01  9.2000E+02  1.0951E+03  6.8662E+01  1.0347E+03  2.8763E+01  2.3130E+00
  3.5446E-01  9.6000E+02  1.0814E+03  6.6591E+01  1.0198E+03  3.1592E+01  2.4461E+00
  7.0863E-04  1.0000E+03  1.0670E+03  6.4865E+01  1.0043E+03  3.5825E+01  2.6737E+00
