  26  3.7500000E+00
  3.2100E+01  1.0000E-03  1.3633E+03  1.1785E+02  1.3633E+03  0.0000E+00  0.0000E+00
  2.2920E+01  4.0000E+01  1.3625E+03  1.1764E+02  1.3618E+03  6.4187E-02  1.2432E-01
  1.8066E+01  8.0000E+01  1.3578E+03  1.1574E+02  1.3522E+03  5.7616E-01  5.9003E-01
  1.5609E+01  1.2000E+02  1.3535E+03  1.1396E+02  1.3437E+03  9.9754E-01  5.1717E-01
  1.3828E+01  1.6000E+02  1.3478E+03  1.1210E+02  1.3340E+03  2.1989E+00  8.2618E-01
  1.2389E+01  2.0000E+02  1.3399E+03  1.1017E+02  1.3223E+03  4.1470E+00  1.2592E+00
  1.1162E+01  2.4000E+02  1.3299E+03  1.0819E+02  1.3086E+03  6.5452E+00  1.6933E+00
  1.0087E+01  2.8000E+02  1.3180E+03  1.0616E+02  1.2933E+03  9.1403E+00  2.0748E+00
  9.1268E+00  3.2000E+02  1.3047E+03  1.0408E+02  1.2768E+03  1.1653E+01  2.3598E+00
  8.2595E+00  3.6000E+02  1.2907E+03  1.0196E+02  1.2597E+03  1.3725E+01  2.5112E+00
  7.4675E+00  4.0000E+02  1.2766E+03  9.9797E+01  1.2426E+03  1.5043E+01  2.5138E+00
  6.7375E+00  4.4000E+02  1.2630E+03  9.7599E+01  1.2262E+03  1.5635E+01  2.4081E+00
  6.0597E+00  4.8000E+02  1.2501E+03  9.5363E+01  1.2106E+03  1.5806E+01  2.2602E+00
  5.4267E+00  5.2000E+02  1.2378E+03  9.3092E+01  1.1959E+03  1.5722E+01  2.0996E+00
  4.8329E+00  5.6000E+02  1.2264E+03  9.0783E+01  1.1820E+03  1.5395E+01  1.9287E+00
  4.2739E+00  6.0000E+02  1.2157E+03  8.8438E+01  1.1691E+03  1.4929E+01  1.7606E+00
  3.7462E+00  6.4000E+02  1.2056E+03  8.6057E+01  1.1568E+03  1.4638E+01  1.6297E+00
  3.2470E+00  6.8000E+02  1.1956E+03  8.3647E+01  1.1448E+03  1.5223E+01  1.6035E+00
  2.7736E+00  7.2000E+02  1.1848E+03  8.1224E+01  1.1321E+03  1.7614E+01  1.7592E+00
  2.3236E+00  7.6000E+02  1.1726E+03  7.8809E+01  1.1181E+03  2.1721E+01  2.0620E+00
  1.8947E+00  8.0000E+02  1.1592E+03  7.6417E+01  1.1030E+03  2.5773E+01  2.3324E+00
  1.4846E+00  8.4000E+02  1.1452E+03  7.4054E+01  1.0874E+03  2.8437E+01  2.4605E+00
  1.0916E+00  8.8000E+02  1.1307E+03  7.1743E+01  1.0715E+03  3.0816E+01  2.5550E+00
  7.1433E-01  9.2000E+02  1.1157E+03  6.9534E+01  1.0552E+03  3.3894E+01  2.6979E+00
  3.5102E-01  9.6000E+02  1.1004E+03  6.7505E+01  1.0386E+03  3.6728E+01  2.8153E+00
  7.2421E-04  1.0000E+03  1.0850E+03  6.5837E+01  1.0221E+03  3.9230E+01  2.8993E+00
