  26  3.7500000E+00
  3.1143E+01  1.0000E-03  1.3633E+03  1.2264E+02  1.3633E+03  0.0000E+00  0.0000E+00
  2.2022E+01  4.0000E+01  1.3625E+03  1.2242E+02  1.3619E+03  6.4223E-02  1.2358E-01
  1.6987E+01  8.0000E+01  1.3579E+03  1.2057E+02  1.3524E+03  5.3942E-01  5.7309E-01
  1.4319E+01  1.2000E+02  1.3543E+03  1.1879E+02  1.3446E+03  6.7488E-01  3.7979E-01
  1.2446E+01  1.6000E+02  1.3506E+03  1.1692E+02  1.3369E+03  9.6492E-01  3.8147E-01
  1.1023E+01  2.0000E+02  1.3465E+03  1.1499E+02  1.3290E+03  1.5348E+00  4.6052E-01
  9.8806E+00  2.4000E+02  1.3418E+03  1.1300E+02  1.3206E+03  2.4113E+00  5.8138E-01
  8.9173E+00  2.8000E+02  1.3365E+03  1.1095E+02  1.3119E+03  3.3685E+00  6.8461E-01
  8.0756E+00  3.2000E+02  1.3307E+03  1.0885E+02  1.3028E+03  4.3520E+00  7.7281E-01
  7.3219E+00  3.6000E+02  1.3244E+03  1.0670E+02  1.2934E+03  5.5193E+00  8.7770E-01
  6.6357E+00  4.0000E+02  1.3174E+03  1.0451E+02  1.2835E+03  6.9681E+00  1.0087E+00
  6.0040E+00  4.4000E+02  1.3097E+03  1.0228E+02  1.2730E+03  8.6456E+00  1.1523E+00
  5.4173E+00  4.8000E+02  1.3014E+03  1.0001E+02  1.2619E+03  1.0436E+01  1.2918E+00
  4.8684E+00  5.2000E+02  1.2923E+03  9.7708E+01  1.2504E+03  1.2258E+01  1.4196E+00
  4.3517E+00  5.6000E+02  1.2827E+03  9.5378E+01  1.2383E+03  1.4088E+01  1.5358E+00
  3.8629E+00  6.0000E+02  1.2726E+03  9.3021E+01  1.2259E+03  1.5908E+01  1.6406E+00
  3.3986E+00  6.4000E+02  1.2620E+03  9.0641E+01  1.2132E+03  1.7667E+01  1.7306E+00
  2.9562E+00  6.8000E+02  1.2511E+03  8.8242E+01  1.2002E+03  1.9305E+01  1.8020E+00
  2.5334E+00  7.2000E+02  1.2399E+03  8.5828E+01  1.1871E+03  2.0786E+01  1.8539E+00
  2.1285E+00  7.6000E+02  1.2285E+03  8.3405E+01  1.1739E+03  2.2107E+01  1.8884E+00
  1.7400E+00  8.0000E+02  1.2170E+03  8.0981E+01  1.1608E+03  2.3325E+01  1.9121E+00
  1.3665E+00  8.4000E+02  1.2054E+03  7.8565E+01  1.1476E+03  2.4557E+01  1.9352E+00
  1.0068E+00  8.8000E+02  1.1937E+03  7.6175E+01  1.1344E+03  2.5896E+01  1.9649E+00
  6.5999E-01  9.2000E+02  1.1818E+03  7.3842E+01  1.1212E+03  2.7666E+01  2.0246E+00
  3.2473E-01  9.6000E+02  1.1695E+03  7.1629E+01  1.1076E+03  2.9961E+01  2.1193E+00
  4.4336E-04  1.0000E+03  1.1571E+03  6.9676E+01  1.0941E+03  3.2360E+01  2.2140E+00
