  26  3.7500000E+00
  3.1768E+01  1.0000E-03  1.3633E+03  1.2214E+02  1.3633E+03  0.0000E+00  0.0000E+00
  2.2448E+01  4.0000E+01  1.3624E+03  1.2193E+02  1.3618E+03  6.4852E-02  1.2753E-01
  1.7301E+01  8.0000E+01  1.3578E+03  1.2007E+02  1.3523E+03  5.4858E-01  5.9569E-01
  1.4584E+01  1.2000E+02  1.3540E+03  1.1829E+02  1.3443E+03  7.2164E-01  4.1376E-01
  1.2678E+01  1.6000E+02  1.3501E+03  1.1643E+02  1.3363E+03  1.0942E+00  4.3992E-01
  1.1223E+01  2.0000E+02  1.3457E+03  1.1449E+02  1.3282E+03  1.6743E+00  5.1407E-01
  1.0047E+01  2.4000E+02  1.3408E+03  1.1250E+02  1.3197E+03  2.4472E+00  6.0702E-01
  9.0556E+00  2.8000E+02  1.3354E+03  1.1045E+02  1.3108E+03  3.3908E+00  7.0916E-01
  8.1919E+00  3.2000E+02  1.3294E+03  1.0834E+02  1.3015E+03  4.5643E+00  8.3169E-01
  7.4209E+00  3.6000E+02  1.3226E+03  1.0619E+02  1.2915E+03  6.0540E+00  9.8481E-01
  6.7205E+00  4.0000E+02  1.3149E+03  1.0400E+02  1.2809E+03  7.8637E+00  1.1620E+00
  6.0765E+00  4.4000E+02  1.3063E+03  1.0177E+02  1.2695E+03  9.8940E+00  1.3444E+00
  5.4788E+00  4.8000E+02  1.2968E+03  9.9508E+01  1.2573E+03  1.1995E+01  1.5126E+00
  4.9200E+00  5.2000E+02  1.2867E+03  9.7212E+01  1.2447E+03  1.4019E+01  1.6525E+00
  4.3947E+00  5.6000E+02  1.2760E+03  9.4889E+01  1.2316E+03  1.5863E+01  1.7582E+00
  3.8984E+00  6.0000E+02  1.2650E+03  9.2539E+01  1.2183E+03  1.7473E+01  1.8297E+00
  3.4276E+00  6.4000E+02  1.2538E+03  9.0168E+01  1.2049E+03  1.8838E+01  1.8712E+00
  2.9795E+00  6.8000E+02  1.2424E+03  8.7777E+01  1.1916E+03  1.9991E+01  1.8898E+00
  2.5519E+00  7.2000E+02  1.2310E+03  8.5371E+01  1.1783E+03  2.1010E+01  1.8955E+00
  2.1428E+00  7.6000E+02  1.2196E+03  8.2957E+01  1.1650E+03  2.2012E+01  1.8999E+00
  1.7506E+00  8.0000E+02  1.2081E+03  8.0542E+01  1.1519E+03  2.3151E+01  1.9154E+00
  1.3741E+00  8.4000E+02  1.1965E+03  7.8140E+01  1.1387E+03  2.4525E+01  1.9482E+00
  1.0121E+00  8.8000E+02  1.1847E+03  7.5770E+01  1.1254E+03  2.5991E+01  1.9854E+00
  6.6322E-01  9.2000E+02  1.1729E+03  7.3457E+01  1.1122E+03  2.7279E+01  2.0077E+00
  3.2624E-01  9.6000E+02  1.1611E+03  7.1242E+01  1.0992E+03  2.8340E+01  2.0149E+00
  4.6107E-04  1.0000E+03  1.1495E+03  6.9229E+01  1.0865E+03  2.9423E+01  2.0223E+00
