  26  3.7500000E+00
  3.2103E+01  1.0000E-03  1.3633E+03  1.1747E+02  1.3633E+03  0.0000E+00  0.0000E+00
  2.2928E+01  4.0000E+01  1.3625E+03  1.1726E+02  1.3618E+03  6.4144E-02  1.2417E-01
  1.8086E+01  8.0000E+01  1.3578E+03  1.1536E+02  1.3522E+03  5.7639E-01  5.8880E-01
  1.5640E+01  1.2000E+02  1.3535E+03  1.1358E+02  1.3437E+03  1.0027E+00  5.1752E-01
  1.3865E+01  1.6000E+02  1.3477E+03  1.1172E+02  1.3339E+03  2.2236E+00  8.3268E-01
  1.2427E+01  2.0000E+02  1.3398E+03  1.0979E+02  1.3222E+03  4.1919E+00  1.2715E+00
  1.1200E+01  2.4000E+02  1.3297E+03  1.0781E+02  1.3085E+03  6.5924E+00  1.7074E+00
  1.0121E+01  2.8000E+02  1.3177E+03  1.0577E+02  1.2931E+03  9.2041E+00  2.0947E+00
  9.1580E+00  3.2000E+02  1.3043E+03  1.0369E+02  1.2764E+03  1.1785E+01  2.3950E+00
  8.2873E+00  3.6000E+02  1.2900E+03  1.0157E+02  1.2590E+03  1.3973E+01  2.5668E+00
  7.4920E+00  4.0000E+02  1.2756E+03  9.9412E+01  1.2417E+03  1.5396E+01  2.5831E+00
  6.7593E+00  4.4000E+02  1.2616E+03  9.7215E+01  1.2249E+03  1.6060E+01  2.4827E+00
  6.0793E+00  4.8000E+02  1.2483E+03  9.4981E+01  1.2089E+03  1.6332E+01  2.3432E+00
  5.4445E+00  5.2000E+02  1.2356E+03  9.2712E+01  1.1937E+03  1.6427E+01  2.2002E+00
  4.8492E+00  5.6000E+02  1.2236E+03  9.0408E+01  1.1792E+03  1.6350E+01  2.0536E+00
  4.2888E+00  6.0000E+02  1.2122E+03  8.8071E+01  1.1656E+03  1.6163E+01  1.9109E+00
  3.7597E+00  6.4000E+02  1.2012E+03  8.5702E+01  1.1525E+03  1.6183E+01  1.8063E+00
  3.2591E+00  6.8000E+02  1.1903E+03  8.3308E+01  1.1395E+03  1.7077E+01  1.8037E+00
  2.7843E+00  7.2000E+02  1.1786E+03  8.0905E+01  1.1259E+03  1.9520E+01  1.9555E+00
  2.3328E+00  7.6000E+02  1.1658E+03  7.8512E+01  1.1113E+03  2.3089E+01  2.1994E+00
  1.9022E+00  8.0000E+02  1.1522E+03  7.6137E+01  1.0961E+03  2.6085E+01  2.3698E+00
  1.4903E+00  8.4000E+02  1.1385E+03  7.3783E+01  1.0808E+03  2.7638E+01  2.4013E+00
  1.0957E+00  8.8000E+02  1.1246E+03  7.1470E+01  1.0654E+03  2.9366E+01  2.4449E+00
  7.1697E-01  9.2000E+02  1.1100E+03  6.9258E+01  1.0495E+03  3.2606E+01  2.6056E+00
  3.5231E-01  9.6000E+02  1.0949E+03  6.7229E+01  1.0332E+03  3.5928E+01  2.7642E+00
  7.3613E-04  1.0000E+03  1.0796E+03  6.5555E+01  1.0168E+03  3.8626E+01  2.8650E+00
