  26  3.7500000E+00
  2.9875E+01  1.0000E-03  1.3633E+03  1.2311E+02  1.3633E+03  0.0000E+00  0.0000E+00
  2.1254E+01  4.0000E+01  1.3625E+03  1.2290E+02  1.3619E+03  6.3889E-02  1.1621E-01
  1.6520E+01  8.0000E+01  1.3581E+03  1.2103E+02  1.3525E+03  5.4287E-01  5.4225E-01
  1.4009E+01  1.2000E+02  1.3545E+03  1.1926E+02  1.3448E+03  6.9611E-01  3.6873E-01
  1.2228E+01  1.6000E+02  1.3508E+03  1.1739E+02  1.3370E+03  1.0786E+00  4.0537E-01
  1.0867E+01  2.0000E+02  1.3464E+03  1.1546E+02  1.3288E+03  1.7876E+00  5.1311E-01
  9.7627E+00  2.4000E+02  1.3416E+03  1.1347E+02  1.3204E+03  2.5569E+00  5.9580E-01
  8.8222E+00  2.8000E+02  1.3365E+03  1.1142E+02  1.3119E+03  3.2046E+00  6.3593E-01
  7.9953E+00  3.2000E+02  1.3312E+03  1.0931E+02  1.3033E+03  3.9172E+00  6.8339E-01
  7.2530E+00  3.6000E+02  1.3254E+03  1.0716E+02  1.2944E+03  4.8761E+00  7.6362E-01
  6.5772E+00  4.0000E+02  1.3191E+03  1.0496E+02  1.2851E+03  6.0837E+00  8.6741E-01
  5.9553E+00  4.4000E+02  1.3122E+03  1.0273E+02  1.2754E+03  7.4331E+00  9.7520E-01
  5.3778E+00  4.8000E+02  1.3048E+03  1.0045E+02  1.2654E+03  8.8414E+00  1.0773E+00
  4.8369E+00  5.2000E+02  1.2969E+03  9.8140E+01  1.2549E+03  1.0394E+01  1.1863E+00
  4.3267E+00  5.6000E+02  1.2883E+03  9.5798E+01  1.2439E+03  1.2267E+01  1.3205E+00
  3.8430E+00  6.0000E+02  1.2790E+03  9.3429E+01  1.2323E+03  1.4439E+01  1.4732E+00
  3.3830E+00  6.4000E+02  1.2689E+03  9.1038E+01  1.2200E+03  1.6695E+01  1.6206E+00
  2.9440E+00  6.8000E+02  1.2582E+03  8.8628E+01  1.2073E+03  1.8840E+01  1.7449E+00
  2.5241E+00  7.2000E+02  1.2471E+03  8.6204E+01  1.1943E+03  2.0762E+01  1.8394E+00
  2.1215E+00  7.6000E+02  1.2356E+03  8.3772E+01  1.1810E+03  2.2421E+01  1.9042E+00
  1.7349E+00  8.0000E+02  1.2240E+03  8.1337E+01  1.1677E+03  2.3826E+01  1.9435E+00
  1.3629E+00  8.4000E+02  1.2122E+03  7.8911E+01  1.1543E+03  2.5030E+01  1.9643E+00
  1.0045E+00  8.8000E+02  1.2004E+03  7.6507E+01  1.1410E+03  2.6312E+01  1.9895E+00
  6.5871E-01  9.2000E+02  1.1881E+03  7.4168E+01  1.1274E+03  2.8625E+01  2.0885E+00
  3.2422E-01  9.6000E+02  1.1754E+03  7.1964E+01  1.1135E+03  3.1515E+01  2.2240E+00
  4.1283E-04  1.0000E+03  1.1628E+03  7.0017E+01  1.0997E+03  3.3020E+01  2.2558E+00
