  26  3.7500000E+00
  3.2078E+01  1.0000E-03  1.3633E+03  1.1559E+02  1.3633E+03  0.0000E+00  0.0000E+00
  2.2946E+01  4.0000E+01  1.3625E+03  1.1538E+02  1.3618E+03  6.4165E-02  1.2363E-01
  1.8131E+01  8.0000E+01  1.3578E+03  1.1348E+02  1.3522E+03  5.7527E-01  5.8442E-01
  1.5706E+01  1.2000E+02  1.3537E+03  1.1170E+02  1.3439E+03  9.6700E-01  4.9462E-01
  1.3947E+01  1.6000E+02  1.3480E+03  1.0984E+02  1.3342E+03  2.1672E+00  8.0440E-01
  1.2513E+01  2.0000E+02  1.3394E+03  1.0791E+02  1.3218E+03  4.6746E+00  1.4143E+00
  1.1282E+01  2.4000E+02  1.3269E+03  1.0593E+02  1.3058E+03  8.4982E+00  2.2062E+00
  1.0198E+01  2.8000E+02  1.3112E+03  1.0390E+02  1.2866E+03  1.2635E+01  2.8912E+00
  9.2271E+00  3.2000E+02  1.2936E+03  1.0183E+02  1.2658E+03  1.5972E+01  3.2710E+00
  8.3483E+00  3.6000E+02  1.2755E+03  9.9729E+01  1.2446E+03  1.8172E+01  3.3693E+00
  7.5452E+00  4.0000E+02  1.2578E+03  9.7589E+01  1.2239E+03  1.9453E+01  3.2960E+00
  6.8057E+00  4.4000E+02  1.2407E+03  9.5418E+01  1.2040E+03  2.0153E+01  3.1442E+00
  6.1204E+00  4.8000E+02  1.2244E+03  9.3219E+01  1.1851E+03  2.0543E+01  2.9702E+00
  5.4818E+00  5.2000E+02  1.2089E+03  9.0994E+01  1.1671E+03  2.0780E+01  2.7997E+00
  4.8839E+00  5.6000E+02  1.1942E+03  8.8746E+01  1.1500E+03  2.0966E+01  2.6450E+00
  4.3215E+00  6.0000E+02  1.1800E+03  8.6476E+01  1.1335E+03  2.1160E+01  2.5104E+00
  3.7907E+00  6.4000E+02  1.1663E+03  8.4189E+01  1.1178E+03  2.1388E+01  2.3952E+00
  3.2880E+00  6.8000E+02  1.1532E+03  8.1888E+01  1.1026E+03  2.1666E+01  2.2981E+00
  2.8105E+00  7.2000E+02  1.1403E+03  7.9577E+01  1.0878E+03  2.2008E+01  2.2173E+00
  2.3557E+00  7.6000E+02  1.1278E+03  7.7261E+01  1.0736E+03  2.2389E+01  2.1483E+00
  1.9215E+00  8.0000E+02  1.1156E+03  7.4946E+01  1.0597E+03  2.2757E+01  2.0847E+00
  1.5061E+00  8.4000E+02  1.1037E+03  7.2639E+01  1.0462E+03  2.3134E+01  2.0275E+00
  1.1077E+00  8.8000E+02  1.0920E+03  7.0354E+01  1.0330E+03  2.3718E+01  1.9933E+00
  7.2503E-01  9.2000E+02  1.0802E+03  6.8121E+01  1.0199E+03  2.4968E+01  2.0160E+00
  3.5631E-01  9.6000E+02  1.0679E+03  6.6013E+01  1.0064E+03  2.7546E+01  2.1429E+00
  7.0931E-04  1.0000E+03  1.0548E+03  6.4210E+01  9.9207E+02  3.2001E+01  2.4009E+00
