  26  3.7500000E+00
  3.0982E+01  1.0000E-03  1.3633E+03  1.2272E+02  1.3633E+03  0.0000E+00  0.0000E+00
  2.1920E+01  4.0000E+01  1.3625E+03  1.2250E+02  1.3619E+03  6.4029E-02  1.2242E-01
  1.6920E+01  8.0000E+01  1.3579E+03  1.2065E+02  1.3524E+03  5.3812E-01  5.6772E-01
  1.4271E+01  1.2000E+02  1.3544E+03  1.1887E+02  1.3447E+03  6.7290E-01  3.7604E-01
  1.2409E+01  1.6000E+02  1.3507E+03  1.1701E+02  1.3370E+03  9.6898E-01  3.8068E-01
  1.0995E+01  2.0000E+02  1.3465E+03  1.1507E+02  1.3290E+03  1.5630E+00  4.6603E-01
  9.8591E+00  2.4000E+02  1.3418E+03  1.1308E+02  1.3206E+03  2.4435E+00  5.8583E-01
  8.9000E+00  2.8000E+02  1.3365E+03  1.1103E+02  1.3119E+03  3.3569E+00  6.7926E-01
  8.0612E+00  3.2000E+02  1.3308E+03  1.0893E+02  1.3029E+03  4.2832E+00  7.5804E-01
  7.3095E+00  3.6000E+02  1.3246E+03  1.0678E+02  1.2936E+03  5.4048E+00  8.5712E-01
  6.6252E+00  4.0000E+02  1.3178E+03  1.0459E+02  1.2838E+03  6.8127E+00  9.8368E-01
  5.9951E+00  4.4000E+02  1.3102E+03  1.0236E+02  1.2734E+03  8.4417E+00  1.1222E+00
  5.4099E+00  4.8000E+02  1.3020E+03  1.0009E+02  1.2625E+03  1.0179E+01  1.2567E+00
  4.8624E+00  5.2000E+02  1.2931E+03  9.7786E+01  1.2512E+03  1.1961E+01  1.3817E+00
  4.3469E+00  5.6000E+02  1.2837E+03  9.5454E+01  1.2393E+03  1.3788E+01  1.4996E+00
  3.8590E+00  6.0000E+02  1.2737E+03  9.3095E+01  1.2270E+03  1.5647E+01  1.6104E+00
  3.3955E+00  6.4000E+02  1.2632E+03  9.0713E+01  1.2144E+03  1.7471E+01  1.7084E+00
  2.9538E+00  6.8000E+02  1.2523E+03  8.8313E+01  1.2015E+03  1.9184E+01  1.7880E+00
  2.5316E+00  7.2000E+02  1.2412E+03  8.5897E+01  1.1884E+03  2.0733E+01  1.8468E+00
  2.1272E+00  7.6000E+02  1.2298E+03  8.3473E+01  1.1753E+03  2.2109E+01  1.8864E+00
  1.7390E+00  8.0000E+02  1.2183E+03  8.1046E+01  1.1621E+03  2.3360E+01  1.9130E+00
  1.3658E+00  8.4000E+02  1.2067E+03  7.8628E+01  1.1489E+03  2.4587E+01  1.9360E+00
  1.0064E+00  8.8000E+02  1.1950E+03  7.6235E+01  1.1357E+03  2.5907E+01  1.9644E+00
  6.5973E-01  9.2000E+02  1.1830E+03  7.3900E+01  1.1224E+03  2.7775E+01  2.0314E+00
  3.2462E-01  9.6000E+02  1.1707E+03  7.1688E+01  1.1088E+03  3.0265E+01  2.1398E+00
  4.4038E-04  1.0000E+03  1.1582E+03  6.9741E+01  1.0951E+03  3.2681E+01  2.2352E+00
