  26  3.7500000E+00
  3.2094E+01  1.0000E-03  1.3633E+03  1.1822E+02  1.3633E+03  0.0000E+00  0.0000E+00
  2.2910E+01  4.0000E+01  1.3625E+03  1.1800E+02  1.3618E+03  6.4253E-02  1.2451E-01
  1.8041E+01  8.0000E+01  1.3578E+03  1.1610E+02  1.3522E+03  5.7688E-01  5.9260E-01
  1.5570E+01  1.2000E+02  1.3535E+03  1.1432E+02  1.3437E+03  9.9730E-01  5.1994E-01
  1.3782E+01  1.6000E+02  1.3477E+03  1.1246E+02  1.3340E+03  2.1804E+00  8.2232E-01
  1.2341E+01  2.0000E+02  1.3399E+03  1.1054E+02  1.3223E+03  4.0960E+00  1.2451E+00
  1.1117E+01  2.4000E+02  1.3300E+03  1.0855E+02  1.3088E+03  6.4623E+00  1.6697E+00
  1.0044E+01  2.8000E+02  1.3183E+03  1.0652E+02  1.2937E+03  8.9963E+00  2.0357E+00
  9.0883E+00  3.2000E+02  1.3054E+03  1.0444E+02  1.2774E+03  1.1402E+01  2.2994E+00
  8.2250E+00  3.6000E+02  1.2917E+03  1.0232E+02  1.2607E+03  1.3357E+01  2.4328E+00
  7.4366E+00  4.0000E+02  1.2780E+03  1.0016E+02  1.2440E+03  1.4619E+01  2.4318E+00
  6.7098E+00  4.4000E+02  1.2648E+03  9.7959E+01  1.2280E+03  1.5217E+01  2.3334E+00
  6.0348E+00  4.8000E+02  1.2522E+03  9.5722E+01  1.2127E+03  1.5368E+01  2.1884E+00
  5.4044E+00  5.2000E+02  1.2403E+03  9.3448E+01  1.1983E+03  1.5199E+01  2.0215E+00
  4.8129E+00  5.6000E+02  1.2293E+03  9.1135E+01  1.1849E+03  1.4734E+01  1.8385E+00
  4.2561E+00  6.0000E+02  1.2191E+03  8.8784E+01  1.1724E+03  1.4129E+01  1.6597E+00
  3.7306E+00  6.4000E+02  1.2095E+03  8.6395E+01  1.1607E+03  1.3701E+01  1.5192E+00
  3.2333E+00  6.8000E+02  1.2000E+03  8.3975E+01  1.1492E+03  1.4101E+01  1.4793E+00
  2.7619E+00  7.2000E+02  1.1899E+03  8.1539E+01  1.1372E+03  1.6321E+01  1.6234E+00
  2.3138E+00  7.6000E+02  1.1783E+03  7.9109E+01  1.1237E+03  2.0563E+01  1.9439E+00
  1.8867E+00  8.0000E+02  1.1650E+03  7.6703E+01  1.1088E+03  2.5303E+01  2.2799E+00
  1.4785E+00  8.4000E+02  1.1509E+03  7.4334E+01  1.0931E+03  2.8895E+01  2.4890E+00
  1.0872E+00  8.8000E+02  1.1361E+03  7.2021E+01  1.0769E+03  3.1739E+01  2.6201E+00
  7.1148E-01  9.2000E+02  1.1209E+03  6.9811E+01  1.0604E+03  3.4605E+01  2.7430E+00
  3.4963E-01  9.6000E+02  1.1055E+03  6.7779E+01  1.0437E+03  3.7109E+01  2.8330E+00
  7.1557E-04  1.0000E+03  1.0900E+03  6.6106E+01  1.0271E+03  3.9423E+01  2.9021E+00
