  26  3.7500000E+00
  3.1439E+01  1.0000E-03  1.3633E+03  1.2245E+02  1.3633E+03  0.0000E+00  0.0000E+00
  2.2217E+01  4.0000E+01  1.3625E+03  1.2224E+02  1.3619E+03  6.4581E-02  1.2566E-01
  1.7121E+01  8.0000E+01  1.3578E+03  1.2038E+02  1.3523E+03  5.4293E-01  5.8369E-01
  1.4424E+01  1.2000E+02  1.3542E+03  1.1860E+02  1.3445E+03  6.8585E-01  3.9038E-01
  1.2530E+01  1.6000E+02  1.3505E+03  1.1674E+02  1.3368E+03  9.8164E-01  3.9215E-01
  1.1091E+01  2.0000E+02  1.3464E+03  1.1480E+02  1.3288E+03  1.5176E+00  4.6074E-01
  9.9345E+00  2.4000E+02  1.3416E+03  1.1281E+02  1.3205E+03  2.3542E+00  5.7448E-01
  8.9609E+00  2.8000E+02  1.3363E+03  1.1076E+02  1.3117E+03  3.3567E+00  6.8946E-01
  8.1120E+00  3.2000E+02  1.3304E+03  1.0866E+02  1.3026E+03  4.4600E+00  7.9883E-01
  7.3528E+00  3.6000E+02  1.3239E+03  1.0651E+02  1.2929E+03  5.7610E+00  9.2273E-01
  6.6622E+00  4.0000E+02  1.3167E+03  1.0432E+02  1.2827E+03  7.3339E+00  1.0685E+00
  6.0266E+00  4.4000E+02  1.3086E+03  1.0209E+02  1.2719E+03  9.1321E+00  1.2247E+00
  5.4362E+00  4.8000E+02  1.2998E+03  9.9823E+01  1.2604E+03  1.1038E+01  1.3748E+00
  4.8841E+00  5.2000E+02  1.2904E+03  9.7525E+01  1.2484E+03  1.2946E+01  1.5081E+00
  4.3645E+00  5.6000E+02  1.2804E+03  9.5198E+01  1.2360E+03  1.4792E+01  1.6214E+00
  3.8733E+00  6.0000E+02  1.2699E+03  9.2844E+01  1.2233E+03  1.6539E+01  1.7142E+00
  3.4069E+00  6.4000E+02  1.2591E+03  9.0468E+01  1.2103E+03  1.8154E+01  1.7863E+00
  2.9627E+00  6.8000E+02  1.2480E+03  8.8073E+01  1.1971E+03  1.9617E+01  1.8384E+00
  2.5385E+00  7.2000E+02  1.2367E+03  8.5663E+01  1.1839E+03  2.0925E+01  1.8729E+00
  2.1324E+00  7.6000E+02  1.2253E+03  8.3244E+01  1.1707E+03  2.2113E+01  1.8948E+00
  1.7428E+00  8.0000E+02  1.2138E+03  8.0824E+01  1.1576E+03  2.3271E+01  1.9128E+00
  1.3684E+00  8.4000E+02  1.2022E+03  7.8414E+01  1.1444E+03  2.4542E+01  1.9384E+00
  1.0081E+00  8.8000E+02  1.1904E+03  7.6032E+01  1.1312E+03  2.5964E+01  1.9737E+00
  6.6074E-01  9.2000E+02  1.1786E+03  7.3708E+01  1.1179E+03  2.7533E+01  2.0178E+00
  3.2506E-01  9.6000E+02  1.1665E+03  7.1493E+01  1.1047E+03  2.9260E+01  2.0722E+00
  4.4839E-04  1.0000E+03  1.1544E+03  6.9517E+01  1.0914E+03  3.1192E+01  2.1362E+00
