  26  3.7500000E+00
  3.2006E+01  1.0000E-03  1.3633E+03  1.2098E+02  1.3633E+03  0.0000E+00  0.0000E+00
  2.2758E+01  4.0000E+01  1.3624E+03  1.2077E+02  1.3618E+03  6.4845E-02  1.2653E-01
  1.7733E+01  8.0000E+01  1.3577E+03  1.1889E+02  1.3521E+03  5.7437E-01  6.0883E-01
  1.5134E+01  1.2000E+02  1.3534E+03  1.1711E+02  1.3437E+03  9.4829E-01  5.1999E-01
  1.3294E+01  1.6000E+02  1.3481E+03  1.1525E+02  1.3343E+03  1.8988E+00  7.3725E-01
  1.1844E+01  2.0000E+02  1.3415E+03  1.1332E+02  1.3239E+03  3.1860E+00  9.7483E-01
  1.0634E+01  2.4000E+02  1.3341E+03  1.1133E+02  1.3128E+03  4.5046E+00  1.1494E+00
  9.5919E+00  2.8000E+02  1.3260E+03  1.0929E+02  1.3013E+03  5.8174E+00  1.2797E+00
  8.6720E+00  3.2000E+02  1.3172E+03  1.0719E+02  1.2892E+03  7.2405E+00  1.4052E+00
  7.8462E+00  3.6000E+02  1.3078E+03  1.0505E+02  1.2767E+03  8.8504E+00  1.5419E+00
  7.0950E+00  4.0000E+02  1.2977E+03  1.0287E+02  1.2636E+03  1.0540E+01  1.6705E+00
  6.4044E+00  4.4000E+02  1.2872E+03  1.0065E+02  1.2503E+03  1.2009E+01  1.7497E+00
  5.7643E+00  4.8000E+02  1.2766E+03  9.8391E+01  1.2370E+03  1.3010E+01  1.7569E+00
  5.1671E+00  5.2000E+02  1.2662E+03  9.6098E+01  1.2240E+03  1.3589E+01  1.7121E+00
  4.6070E+00  5.6000E+02  1.2560E+03  9.3770E+01  1.2115E+03  1.3999E+01  1.6543E+00
  4.0793E+00  6.0000E+02  1.2460E+03  9.1409E+01  1.1992E+03  1.4472E+01  1.6111E+00
  3.5804E+00  6.4000E+02  1.2361E+03  8.9020E+01  1.1871E+03  1.5128E+01  1.5925E+00
  3.1071E+00  6.8000E+02  1.2261E+03  8.6605E+01  1.1751E+03  1.6006E+01  1.5983E+00
  2.6569E+00  7.2000E+02  1.2159E+03  8.4171E+01  1.1630E+03  1.7126E+01  1.6267E+00
  2.2276E+00  7.6000E+02  1.2055E+03  8.1722E+01  1.1508E+03  1.8551E+01  1.6802E+00
  1.8174E+00  8.0000E+02  1.1947E+03  7.9271E+01  1.1383E+03  2.0395E+01  1.7651E+00
  1.4246E+00  8.4000E+02  1.1833E+03  7.6831E+01  1.1253E+03  2.2793E+01  1.8889E+00
  1.0478E+00  8.8000E+02  1.1711E+03  7.4430E+01  1.1117E+03  2.5925E+01  2.0608E+00
  6.8586E-01  9.2000E+02  1.1579E+03  7.2119E+01  1.0971E+03  3.0127E+01  2.3008E+00
  3.3709E-01  9.6000E+02  1.1438E+03  6.9983E+01  1.0817E+03  3.4497E+01  2.5385E+00
  6.6961E-04  1.0000E+03  1.1294E+03  6.8184E+01  1.0662E+03  3.7360E+01  2.6517E+00
