  26  3.7500000E+00
  3.2002E+01  1.0000E-03  1.3633E+03  1.2128E+02  1.3633E+03  0.0000E+00  0.0000E+00
  2.2716E+01  4.0000E+01  1.3624E+03  1.2107E+02  1.3618E+03  6.4861E-02  1.2707E-01
  1.7650E+01  8.0000E+01  1.3577E+03  1.1920E+02  1.3522E+03  5.6843E-01  6.0751E-01
  1.5019E+01  1.2000E+02  1.3535E+03  1.1741E+02  1.3438E+03  9.0642E-01  5.0315E-01
  1.3164E+01  1.6000E+02  1.3484E+03  1.1555E+02  1.3346E+03  1.7716E+00  6.9336E-01
  1.1713E+01  2.0000E+02  1.3422E+03  1.1362E+02  1.3246E+03  2.9416E+00  9.0081E-01
  1.0509E+01  2.4000E+02  1.3352E+03  1.1163E+02  1.3140E+03  4.1102E+00  1.0438E+00
  9.4753E+00  2.8000E+02  1.3278E+03  1.0958E+02  1.3030E+03  5.2586E+00  1.1466E+00
  8.5660E+00  3.2000E+02  1.3197E+03  1.0748E+02  1.2917E+03  6.5546E+00  1.2575E+00
  7.7510E+00  3.6000E+02  1.3109E+03  1.0534E+02  1.2798E+03  8.1332E+00  1.3985E+00
  7.0101E+00  4.0000E+02  1.3014E+03  1.0315E+02  1.2673E+03  9.9300E+00  1.5522E+00
  6.3292E+00  4.4000E+02  1.2912E+03  1.0093E+02  1.2543E+03  1.1661E+01  1.6751E+00
  5.6982E+00  4.8000E+02  1.2807E+03  9.8669E+01  1.2411E+03  1.3052E+01  1.7377E+00
  5.1094E+00  5.2000E+02  1.2701E+03  9.6376E+01  1.2280E+03  1.4079E+01  1.7489E+00
  4.5570E+00  5.6000E+02  1.2596E+03  9.4051E+01  1.2151E+03  1.4901E+01  1.7365E+00
  4.0364E+00  6.0000E+02  1.2491E+03  9.1696E+01  1.2023E+03  1.5661E+01  1.7201E+00
  3.5439E+00  6.4000E+02  1.2386E+03  8.9315E+01  1.1896E+03  1.6416E+01  1.7059E+00
  3.0764E+00  6.8000E+02  1.2282E+03  8.6910E+01  1.1772E+03  1.7189E+01  1.6954E+00
  2.6314E+00  7.2000E+02  1.2177E+03  8.4485E+01  1.1648E+03  1.8034E+01  1.6931E+00
  2.2068E+00  7.6000E+02  1.2072E+03  8.2046E+01  1.1525E+03  1.9072E+01  1.7084E+00
  1.8008E+00  8.0000E+02  1.1964E+03  7.9603E+01  1.1400E+03  2.0482E+01  1.7544E+00
  1.4119E+00  8.4000E+02  1.1852E+03  7.7169E+01  1.1273E+03  2.2475E+01  1.8443E+00
  1.0386E+00  8.8000E+02  1.1734E+03  7.4772E+01  1.1140E+03  2.5216E+01  1.9855E+00
  6.7997E-01  9.2000E+02  1.1608E+03  7.2457E+01  1.1000E+03  2.8756E+01  2.1761E+00
  3.3425E-01  9.6000E+02  1.1475E+03  7.0293E+01  1.0855E+03  3.2208E+01  2.3493E+00
  6.3005E-04  1.0000E+03  1.1342E+03  6.8417E+01  1.0710E+03  3.4422E+01  2.4229E+00
