  26  3.7500000E+00
  3.1671E+01  1.0000E-03  1.3633E+03  1.2223E+02  1.3633E+03  0.0000E+00  0.0000E+00
  2.2376E+01  4.0000E+01  1.3624E+03  1.2202E+02  1.3618E+03  6.4907E-02  1.2729E-01
  1.7243E+01  8.0000E+01  1.3578E+03  1.2017E+02  1.3523E+03  5.4832E-01  5.9384E-01
  1.4532E+01  1.2000E+02  1.3541E+03  1.1839E+02  1.3444E+03  7.1329E-01  4.0798E-01
  1.2631E+01  1.6000E+02  1.3502E+03  1.1652E+02  1.3365E+03  1.0603E+00  4.2517E-01
  1.1181E+01  2.0000E+02  1.3459E+03  1.1459E+02  1.3284E+03  1.6137E+00  4.9360E-01
  1.0011E+01  2.4000E+02  1.3411E+03  1.1259E+02  1.3200E+03  2.3863E+00  5.8907E-01
  9.0252E+00  2.8000E+02  1.3358E+03  1.1054E+02  1.3112E+03  3.3485E+00  6.9665E-01
  8.1659E+00  3.2000E+02  1.3298E+03  1.0844E+02  1.3019E+03  4.5265E+00  8.2064E-01
  7.3985E+00  3.6000E+02  1.3230E+03  1.0629E+02  1.2920E+03  5.9853E+00  9.6909E-01
  6.7012E+00  4.0000E+02  1.3154E+03  1.0410E+02  1.2815E+03  7.7369E+00  1.1383E+00
  6.0597E+00  4.4000E+02  1.3070E+03  1.0187E+02  1.2702E+03  9.7036E+00  1.3132E+00
  5.4642E+00  4.8000E+02  1.2977E+03  9.9604E+01  1.2583E+03  1.1750E+01  1.4762E+00
  4.9075E+00  5.2000E+02  1.2878E+03  9.7308E+01  1.2458E+03  1.3743E+01  1.6142E+00
  4.3840E+00  5.6000E+02  1.2773E+03  9.4984E+01  1.2329E+03  1.5589E+01  1.7219E+00
  3.8893E+00  6.0000E+02  1.2664E+03  9.2635E+01  1.2198E+03  1.7239E+01  1.7993E+00
  3.4199E+00  6.4000E+02  1.2553E+03  9.0262E+01  1.2065E+03  1.8675E+01  1.8493E+00
  2.9732E+00  6.8000E+02  1.2440E+03  8.7871E+01  1.1932E+03  1.9916E+01  1.8772E+00
  2.5467E+00  7.2000E+02  1.2326E+03  8.5465E+01  1.1799E+03  2.1011E+01  1.8905E+00
  2.1387E+00  7.6000E+02  1.2212E+03  8.3050E+01  1.1667E+03  2.2047E+01  1.8980E+00
  1.7475E+00  8.0000E+02  1.2097E+03  8.0634E+01  1.1535E+03  2.3149E+01  1.9107E+00
  1.3717E+00  8.4000E+02  1.1982E+03  7.8230E+01  1.1403E+03  2.4445E+01  1.9377E+00
  1.0104E+00  8.8000E+02  1.1864E+03  7.5856E+01  1.1272E+03  2.5887E+01  1.9737E+00
  6.6212E-01  9.2000E+02  1.1746E+03  7.3540E+01  1.1140E+03  2.7270E+01  2.0036E+00
  3.2570E-01  9.6000E+02  1.1628E+03  7.1324E+01  1.1009E+03  2.8521E+01  2.0244E+00
  4.6029E-04  1.0000E+03  1.1511E+03  6.9320E+01  1.0881E+03  2.9849E+01  2.0482E+00
