  25  6.0000000E+00
  2.6835E+01  2.0000E+01  8.9486E-01  9.5906E+01  6.5712E-01  0.0000E+00  0.0000E+00
  1.8867E+01  6.0000E+01  1.5826E+00  9.5948E+01  6.5360E-01 -8.1111E-02 -1.3635E-01
  1.5524E+01  1.0000E+02  2.1642E+00  9.5874E+01  6.5046E-01 -1.9610E-01 -1.3829E-01
  1.3319E+01  1.4000E+02  2.5627E+00  9.5825E+01  6.4738E-01 -2.0292E-01 -9.4420E-02
  1.1707E+01  1.8000E+02  2.8128E+00  9.5869E+01  6.4441E-01 -1.2744E-01 -4.3331E-02
  1.0445E+01  2.2000E+02  2.9973E+00  9.6031E+01  6.4152E-01 -1.8142E-02 -4.8330E-03
  9.4003E+00  2.6000E+02  3.1873E+00  9.6293E+01  6.3866E-01  6.8736E-02  1.5147E-02
  8.5009E+00  3.0000E+02  3.4255E+00  9.6633E+01  6.3578E-01  1.1367E-01  2.1571E-02
  7.7036E+00  3.4000E+02  3.7329E+00  9.7031E+01  6.3285E-01  1.1310E-01  1.9024E-02
  6.9830E+00  3.8000E+02  4.1159E+00  9.7469E+01  6.2985E-01  7.7260E-02  1.1746E-02
  6.3228E+00  4.2000E+02  4.5722E+00  9.7938E+01  6.2675E-01  1.9000E-02  2.6465E-03
  5.7119E+00  4.6000E+02  5.0983E+00  9.8432E+01  6.2353E-01 -5.2723E-02 -6.7944E-03
  5.1425E+00  5.0000E+02  5.6934E+00  9.8948E+01  6.2015E-01 -1.3843E-01 -1.6631E-02
  4.6082E+00  5.4000E+02  6.3603E+00  9.9484E+01  6.1655E-01 -2.4503E-01 -2.7622E-02
  4.1042E+00  5.8000E+02  7.1044E+00  1.0004E+02  6.1266E-01 -3.8077E-01 -4.0486E-02
  3.6268E+00  6.2000E+02  7.9334E+00  1.0060E+02  6.0841E-01 -5.5434E-01 -5.5840E-02
  3.1728E+00  6.6000E+02  8.8580E+00  1.0117E+02  6.0371E-01 -7.7642E-01 -7.4364E-02
  2.7398E+00  7.0000E+02  9.8927E+00  1.0175E+02  5.9844E-01 -1.0618E+00 -9.6990E-02
  2.3259E+00  7.4000E+02  1.1058E+01  1.0232E+02  5.9249E-01 -1.4313E+00 -1.2501E-01
  1.9292E+00  7.8000E+02  1.2381E+01  1.0288E+02  5.8568E-01 -1.9146E+00 -1.6023E-01
  1.5484E+00  8.2000E+02  1.3904E+01  1.0343E+02  5.7778E-01 -2.5545E+00 -2.0521E-01
  1.1824E+00  8.6000E+02  1.5677E+01  1.0397E+02  5.6852E-01 -3.3843E+00 -2.6138E-01
  8.2986E-01  9.0000E+02  1.7771E+01  1.0448E+02  5.5762E-01 -4.4942E+00 -3.3424E-01
  4.8972E-01  9.4000E+02  2.0251E+01  1.0493E+02  5.4491E-01 -5.9604E+00 -4.2773E-01
  1.6065E-01  9.8000E+02  2.3186E+01  1.0529E+02  5.3034E-01 -7.8269E+00 -5.4340E-01
