  25  6.0000000E+00
  2.6483E+01  2.0000E+01  7.5602E-01  9.5438E+01  5.3904E-01  0.0000E+00  0.0000E+00
  1.8644E+01  6.0000E+01  1.3734E+00  9.5484E+01  5.3586E-01 -7.2959E-02 -1.2066E-01
  1.5359E+01  1.0000E+02  1.9034E+00  9.5439E+01  5.3304E-01 -1.7517E-01 -1.2140E-01
  1.3183E+01  1.4000E+02  2.2799E+00  9.5401E+01  5.3025E-01 -1.9032E-01 -8.7396E-02
  1.1595E+01  1.8000E+02  2.5062E+00  9.5452E+01  5.2757E-01 -1.1044E-01 -3.7005E-02
  1.0353E+01  2.2000E+02  2.6674E+00  9.5623E+01  5.2497E-01  8.3967E-03  2.2001E-03
  9.3247E+00  2.6000E+02  2.8412E+00  9.5895E+01  5.2241E-01  9.4866E-02  2.0577E-02
  8.4374E+00  3.0000E+02  3.0696E+00  9.6241E+01  5.1983E-01  1.3249E-01  2.4800E-02
  7.6494E+00  3.4000E+02  3.3698E+00  9.6639E+01  5.1722E-01  1.2442E-01  2.0686E-02
  6.9362E+00  3.8000E+02  3.7427E+00  9.7074E+01  5.1454E-01  8.6635E-02  1.3036E-02
  6.2825E+00  4.2000E+02  4.1827E+00  9.7537E+01  5.1181E-01  3.5862E-02  4.9458E-03
  5.6777E+00  4.6000E+02  4.6856E+00  9.8027E+01  5.0898E-01 -2.1184E-02 -2.7031E-03
  5.1138E+00  5.0000E+02  5.2526E+00  9.8543E+01  5.0605E-01 -9.1261E-02 -1.0859E-02
  4.5844E+00  5.4000E+02  5.8885E+00  9.9080E+01  5.0296E-01 -1.8539E-01 -2.0706E-02
  4.0847E+00  5.8000E+02  6.5985E+00  9.9635E+01  4.9967E-01 -3.1045E-01 -3.2730E-02
  3.6109E+00  6.2000E+02  7.3888E+00  1.0020E+02  4.9610E-01 -4.7108E-01 -4.7088E-02
  3.1601E+00  6.6000E+02  8.2674E+00  1.0078E+02  4.9217E-01 -6.7399E-01 -6.4106E-02
  2.7298E+00  7.0000E+02  9.2463E+00  1.0136E+02  4.8778E-01 -9.3110E-01 -8.4522E-02
  2.3181E+00  7.4000E+02  1.0342E+01  1.0193E+02  4.8282E-01 -1.2605E+00 -1.0948E-01
  1.9234E+00  7.8000E+02  1.1580E+01  1.0250E+02  4.7714E-01 -1.6877E+00 -1.4054E-01
  1.5443E+00  8.2000E+02  1.2993E+01  1.0306E+02  4.7057E-01 -2.2511E+00 -1.8007E-01
  1.1795E+00  8.6000E+02  1.4627E+01  1.0361E+02  4.6290E-01 -2.9913E+00 -2.3021E-01
  8.2801E-01  9.0000E+02  1.6543E+01  1.0412E+02  4.5385E-01 -3.9843E+00 -2.9548E-01
  4.8872E-01  9.4000E+02  1.8855E+01  1.0459E+02  4.4297E-01 -5.4240E+00 -3.8827E-01
  1.6036E-01  9.8000E+02  2.1710E+01  1.0501E+02  4.2980E-01 -7.4138E+00 -5.1361E-01
