  25  6.0000000E+00
  2.7380E+01  2.0000E+01  1.5027E+00  1.3593E+02  1.2334E+00  0.0000E+00  0.0000E+00
  1.9585E+01  6.0000E+01  2.0185E+00  1.3596E+02  1.2291E+00 -6.2357E-02 -1.0256E-01
  1.6586E+01  1.0000E+02  2.2279E+00  1.3620E+02  1.2254E+00  1.1055E-02  6.9936E-03
  1.4579E+01  1.4000E+02  2.4641E+00  1.3665E+02  1.2216E+00  1.0537E-01  4.4627E-02
  1.3016E+01  1.8000E+02  2.8639E+00  1.3723E+02  1.2174E+00  1.1921E-01  3.9319E-02
  1.1707E+01  2.2000E+02  3.4757E+00  1.3792E+02  1.2127E+00  5.6604E-02  1.5625E-02
  1.0569E+01  2.6000E+02  4.2981E+00  1.3865E+02  1.2075E+00 -7.9982E-02 -1.9206E-02
  9.5599E+00  3.0000E+02  5.3002E+00  1.3941E+02  1.2015E+00 -2.3449E-01 -4.9927E-02
  8.6528E+00  3.4000E+02  6.4786E+00  1.4023E+02  1.1945E+00 -4.0224E-01 -7.6979E-02
  7.8284E+00  3.8000E+02  7.8635E+00  1.4111E+02  1.1862E+00 -6.1040E-01 -1.0617E-01
  7.0719E+00  4.2000E+02  9.5033E+00  1.4207E+02  1.1763E+00 -9.0452E-01 -1.4437E-01
  6.3721E+00  4.6000E+02  1.1429E+01  1.4307E+02  1.1648E+00 -1.3132E+00 -1.9389E-01
  5.7204E+00  5.0000E+02  1.3658E+01  1.4410E+02  1.1515E+00 -1.8485E+00 -2.5414E-01
  5.1105E+00  5.4000E+02  1.6192E+01  1.4511E+02  1.1368E+00 -2.4960E+00 -3.2119E-01
  4.5373E+00  5.8000E+02  1.8985E+01  1.4607E+02  1.1207E+00 -3.1978E+00 -3.8672E-01
  3.9969E+00  6.2000E+02  2.2005E+01  1.4696E+02  1.1036E+00 -3.9357E+00 -4.4872E-01
  3.4862E+00  6.6000E+02  2.5368E+01  1.4783E+02  1.0846E+00 -4.8876E+00 -5.2667E-01
  3.0023E+00  7.0000E+02  2.9452E+01  1.4877E+02  1.0615E+00 -6.4999E+00 -6.6354E-01
  2.5425E+00  7.4000E+02  3.4725E+01  1.4986E+02  1.0321E+00 -9.0962E+00 -8.8231E-01
  2.1043E+00  7.8000E+02  4.1303E+01  1.5108E+02  9.9554E-01 -1.2225E+01 -1.1303E+00
  1.6855E+00  8.2000E+02  4.8847E+01  1.5233E+02  9.5334E-01 -1.5014E+01 -1.3266E+00
  1.2844E+00  8.6000E+02  5.7076E+01  1.5355E+02  9.0642E-01 -1.7476E+01 -1.4789E+00
  8.9978E-01  9.0000E+02  6.6940E+01  1.5491E+02  8.4811E-01 -2.2115E+01 -1.7946E+00
  5.3030E-01  9.4000E+02  7.9099E+01  1.5664E+02  7.7264E-01 -2.8233E+01 -2.2009E+00
  1.7381E-01  9.8000E+02  9.2753E+01  1.5855E+02  6.8491E-01 -3.2949E+01 -2.4781E+00
