  25  6.0000000E+00
  2.6353E+01  2.0000E+01  7.0771E-01  9.5344E+01  4.9831E-01  0.0000E+00  0.0000E+00
  1.8570E+01  6.0000E+01  1.2946E+00  9.5391E+01  4.9525E-01 -6.9357E-02 -1.1388E-01
  1.5314E+01  1.0000E+02  1.7994E+00  9.5363E+01  4.9255E-01 -1.6351E-01 -1.1234E-01
  1.3150E+01  1.4000E+02  2.1685E+00  9.5338E+01  4.8987E-01 -1.8221E-01 -8.3174E-02
  1.1570E+01  1.8000E+02  2.3926E+00  9.5398E+01  4.8729E-01 -1.0433E-01 -3.4777E-02
  1.0334E+01  2.2000E+02  2.5538E+00  9.5576E+01  4.8480E-01  1.3614E-02  3.5505E-03
  9.3098E+00  2.6000E+02  2.7303E+00  9.5851E+01  4.8233E-01  9.6797E-02  2.0918E-02
  8.4250E+00  3.0000E+02  2.9621E+00  9.6199E+01  4.7985E-01  1.3088E-01  2.4433E-02
  7.6387E+00  3.4000E+02  3.2651E+00  9.6597E+01  4.7734E-01  1.2095E-01  2.0065E-02
  6.9269E+00  3.8000E+02  3.6390E+00  9.7030E+01  4.7478E-01  8.3338E-02  1.2515E-02
  6.2745E+00  4.2000E+02  4.0775E+00  9.7492E+01  4.7216E-01  3.5786E-02  4.9256E-03
  5.6709E+00  4.6000E+02  4.5768E+00  9.7981E+01  4.6947E-01 -1.6798E-02 -2.1391E-03
  5.1081E+00  5.0000E+02  5.1391E+00  9.8497E+01  4.6667E-01 -8.2742E-02 -9.8249E-03
  4.5797E+00  5.4000E+02  5.7698E+00  9.9036E+01  4.6374E-01 -1.7395E-01 -1.9392E-02
  4.0809E+00  5.8000E+02  6.4745E+00  9.9592E+01  4.6062E-01 -2.9748E-01 -3.1308E-02
  3.6079E+00  6.2000E+02  7.2588E+00  1.0016E+02  4.5724E-01 -4.5659E-01 -4.5568E-02
  3.1576E+00  6.6000E+02  8.1302E+00  1.0074E+02  4.5353E-01 -6.5689E-01 -6.2394E-02
  2.7279E+00  7.0000E+02  9.0999E+00  1.0131E+02  4.4938E-01 -9.0913E-01 -8.2428E-02
  2.3167E+00  7.4000E+02  1.0184E+01  1.0189E+02  4.4469E-01 -1.2307E+00 -1.0678E-01
  1.9223E+00  7.8000E+02  1.1405E+01  1.0246E+02  4.3932E-01 -1.6464E+00 -1.3697E-01
  1.5435E+00  8.2000E+02  1.2797E+01  1.0303E+02  4.3312E-01 -2.1930E+00 -1.7528E-01
  1.1790E+00  8.6000E+02  1.4401E+01  1.0357E+02  4.2587E-01 -2.9111E+00 -2.2389E-01
  8.2766E-01  9.0000E+02  1.6277E+01  1.0408E+02  4.1734E-01 -3.8716E+00 -2.8697E-01
  4.8853E-01  9.4000E+02  1.8551E+01  1.0456E+02  4.0697E-01 -5.3041E+00 -3.7950E-01
  1.6031E-01  9.8000E+02  2.1383E+01  1.0499E+02  3.9428E-01 -7.3044E+00 -5.0581E-01
