  25  6.0000000E+00
  2.6039E+01  2.0000E+01  6.0473E-01  9.5134E+01  4.1507E-01  0.0000E+00  0.0000E+00
  1.8389E+01  6.0000E+01  1.1279E+00  9.5186E+01  4.1230E-01 -6.1490E-02 -9.9244E-02
  1.5194E+01  1.0000E+02  1.5804E+00  9.5187E+01  4.0985E-01 -1.4143E-01 -9.5331E-02
  1.3065E+01  1.4000E+02  1.9224E+00  9.5188E+01  4.0741E-01 -1.6025E-01 -7.2007E-02
  1.1508E+01  1.8000E+02  2.1324E+00  9.5270E+01  4.0506E-01 -8.1842E-02 -2.6876E-02
  1.0288E+01  2.2000E+02  2.2915E+00  9.5467E+01  4.0279E-01  3.1063E-02  7.9969E-03
  9.2735E+00  2.6000E+02  2.4743E+00  9.5755E+01  4.0055E-01  1.0292E-01  2.2027E-02
  8.3948E+00  3.0000E+02  2.7155E+00  9.6107E+01  3.9829E-01  1.2640E-01  2.3433E-02
  7.6127E+00  3.4000E+02  3.0257E+00  9.6504E+01  3.9601E-01  1.1139E-01  1.8379E-02
  6.9044E+00  3.8000E+02  3.4014E+00  9.6934E+01  3.9369E-01  7.6365E-02  1.1411E-02
  6.2553E+00  4.2000E+02  3.8356E+00  9.7392E+01  3.9134E-01  3.7347E-02  5.1145E-03
  5.6549E+00  4.6000E+02  4.3257E+00  9.7880E+01  3.8893E-01 -3.4012E-03 -4.3085E-04
  5.0950E+00  5.0000E+02  4.8768E+00  9.8398E+01  3.8645E-01 -5.9830E-02 -7.0679E-03
  4.5691E+00  5.4000E+02  5.4964E+00  9.8940E+01  3.8386E-01 -1.4709E-01 -1.6319E-02
  4.0724E+00  5.8000E+02  6.1899E+00  9.9500E+01  3.8112E-01 -2.6907E-01 -2.8199E-02
  3.6011E+00  6.2000E+02  6.9619E+00  1.0007E+02  3.7817E-01 -4.2584E-01 -4.2344E-02
  3.1523E+00  6.6000E+02  7.8181E+00  1.0065E+02  3.7493E-01 -6.2041E-01 -5.8742E-02
  2.7238E+00  7.0000E+02  8.7680E+00  1.0123E+02  3.7130E-01 -8.6210E-01 -7.7948E-02
  2.3135E+00  7.4000E+02  9.8261E+00  1.0181E+02  3.6720E-01 -1.1674E+00 -1.0104E-01
  1.9200E+00  7.8000E+02  1.1014E+01  1.0238E+02  3.6250E-01 -1.5602E+00 -1.2954E-01
  1.5418E+00  8.2000E+02  1.2361E+01  1.0295E+02  3.5706E-01 -2.0757E+00 -1.6561E-01
  1.1778E+00  8.6000E+02  1.3908E+01  1.0349E+02  3.5070E-01 -2.7534E+00 -2.1145E-01
  8.2694E-01  9.0000E+02  1.5708E+01  1.0401E+02  3.4318E-01 -3.6562E+00 -2.7068E-01
  4.8818E-01  9.4000E+02  1.7915E+01  1.0449E+02  3.3383E-01 -5.0791E+00 -3.6301E-01
  1.6022E-01  9.8000E+02  2.0693E+01  1.0495E+02  3.2221E-01 -7.0683E+00 -4.8906E-01
