  25  6.0000000E+00
  2.7411E+01  2.0000E+01  1.5336E+00  1.3535E+02  1.2612E+00  0.0000E+00  0.0000E+00
  1.9627E+01  6.0000E+01  2.0413E+00  1.3538E+02  1.2569E+00 -6.2025E-02 -1.0186E-01
  1.6656E+01  1.0000E+02  2.2282E+00  1.3563E+02  1.2532E+00  2.3637E-02  1.4816E-02
  1.4663E+01  1.4000E+02  2.4586E+00  1.3611E+02  1.2493E+00  1.2195E-01  5.1284E-02
  1.3100E+01  1.8000E+02  2.8729E+00  1.3672E+02  1.2450E+00  1.2537E-01  4.1334E-02
  1.1789E+01  2.2000E+02  3.5120E+00  1.3743E+02  1.2402E+00  5.7605E-02  1.5932E-02
  1.0646E+01  2.6000E+02  4.3829E+00  1.3820E+02  1.2347E+00 -9.2654E-02 -2.2343E-02
  9.6307E+00  3.0000E+02  5.4674E+00  1.3900E+02  1.2283E+00 -2.7459E-01 -5.8825E-02
  8.7165E+00  3.4000E+02  6.7877E+00  1.3987E+02  1.2204E+00 -4.9875E-01 -9.6200E-02
  7.8845E+00  3.8000E+02  8.4151E+00  1.4081E+02  1.2105E+00 -8.1565E-01 -1.4317E-01
  7.1208E+00  4.2000E+02  1.0448E+01  1.4186E+02  1.1980E+00 -1.2900E+00 -2.0786E-01
  6.4148E+00  4.6000E+02  1.2977E+01  1.4300E+02  1.1823E+00 -1.9651E+00 -2.9273E-01
  5.7582E+00  5.0000E+02  1.6153E+01  1.4426E+02  1.1627E+00 -2.9272E+00 -4.0548E-01
  5.1446E+00  5.4000E+02  2.0146E+01  1.4564E+02  1.1384E+00 -4.2473E+00 -5.4982E-01
  4.5687E+00  5.8000E+02  2.5086E+01  1.4717E+02  1.1089E+00 -5.9225E+00 -7.1962E-01
  4.0261E+00  6.2000E+02  3.0994E+01  1.4883E+02  1.0740E+00 -7.8344E+00 -8.9699E-01
  3.5129E+00  6.6000E+02  3.7782E+01  1.5058E+02  1.0342E+00 -9.8111E+00 -1.0622E+00
  3.0261E+00  7.0000E+02  4.5299E+01  1.5240E+02  9.9000E-01 -1.1715E+01 -1.2031E+00
  2.5631E+00  7.4000E+02  5.3376E+01  1.5424E+02  9.4205E-01 -1.3468E+01 -1.3157E+00
  2.1215E+00  7.8000E+02  6.1840E+01  1.5607E+02  8.9092E-01 -1.5014E+01 -1.3987E+00
  1.6995E+00  8.2000E+02  7.0528E+01  1.5787E+02  8.3731E-01 -1.6324E+01 -1.4536E+00
  1.2952E+00  8.6000E+02  7.9397E+01  1.5962E+02  7.8127E-01 -1.7613E+01 -1.5021E+00
  9.0734E-01  9.0000E+02  8.8697E+01  1.6137E+02  7.2097E-01 -1.9454E+01 -1.5921E+00
  5.3445E-01  9.4000E+02  9.8821E+01  1.6324E+02  6.5344E-01 -2.2135E+01 -1.7414E+00
  1.7502E-01  9.8000E+02  1.1085E+02  1.6568E+02  5.7136E-01 -2.6708E+01 -2.0254E+00
