  25  6.0000000E+00
  2.7417E+01  2.0000E+01  1.5456E+00  1.3348E+02  1.2752E+00  0.0000E+00  0.0000E+00
  1.9643E+01  6.0000E+01  2.0505E+00  1.3350E+02  1.2709E+00 -6.1776E-02 -1.0132E-01
  1.6677E+01  1.0000E+02  2.2340E+00  1.3376E+02  1.2671E+00  2.4829E-02  1.5533E-02
  1.4689E+01  1.4000E+02  2.4610E+00  1.3424E+02  1.2632E+00  1.2572E-01  5.2742E-02
  1.3128E+01  1.8000E+02  2.8779E+00  1.3485E+02  1.2589E+00  1.2766E-01  4.2052E-02
  1.1816E+01  2.2000E+02  3.5318E+00  1.3558E+02  1.2540E+00  5.2840E-02  1.4628E-02
  1.0670E+01  2.6000E+02  4.4394E+00  1.3636E+02  1.2482E+00 -1.1046E-01 -2.6701E-02
  9.6512E+00  3.0000E+02  5.6069E+00  1.3720E+02  1.2410E+00 -3.1525E-01 -6.7751E-02
  8.7339E+00  3.4000E+02  7.1095E+00  1.3816E+02  1.2315E+00 -5.9738E-01 -1.1562E-01
  7.8991E+00  3.8000E+02  9.0949E+00  1.3927E+02  1.2187E+00 -1.0488E+00 -1.8470E-01
  7.1332E+00  4.2000E+02  1.1733E+01  1.4056E+02  1.2016E+00 -1.7594E+00 -2.8432E-01
  6.4255E+00  4.6000E+02  1.5147E+01  1.4202E+02  1.1797E+00 -2.7547E+00 -4.1132E-01
  5.7677E+00  5.0000E+02  1.9443E+01  1.4365E+02  1.1525E+00 -4.0500E+00 -5.6207E-01
  5.1531E+00  5.4000E+02  2.4656E+01  1.4544E+02  1.1202E+00 -5.5818E+00 -7.2373E-01
  4.5763E+00  5.8000E+02  3.0744E+01  1.4734E+02  1.0829E+00 -7.2512E+00 -8.8235E-01
  4.0329E+00  6.2000E+02  3.7608E+01  1.4934E+02  1.0412E+00 -8.9498E+00 -1.0261E+00
  3.5191E+00  6.6000E+02  4.5115E+01  1.5141E+02  9.9548E-01 -1.0585E+01 -1.1475E+00
  3.0317E+00  7.0000E+02  5.3114E+01  1.5352E+02  9.4639E-01 -1.2088E+01 -1.2430E+00
  2.5680E+00  7.4000E+02  6.1456E+01  1.5564E+02  8.9451E-01 -1.3412E+01 -1.3121E+00
  2.1258E+00  7.8000E+02  6.9991E+01  1.5775E+02  8.4054E-01 -1.4529E+01 -1.3555E+00
  1.7031E+00  8.2000E+02  7.8584E+01  1.5982E+02  7.8522E-01 -1.5437E+01 -1.3767E+00
  1.2981E+00  8.6000E+02  8.7193E+01  1.6183E+02  7.2884E-01 -1.6287E+01 -1.3914E+00
  9.0953E-01  9.0000E+02  9.6049E+01  1.6386E+02  6.6978E-01 -1.7584E+01 -1.4417E+00
  5.3596E-01  9.4000E+02  1.0583E+02  1.6616E+02  6.0310E-01 -2.0017E+01 -1.5777E+00
  1.7563E-01  9.8000E+02  1.1740E+02  1.6927E+02  5.2422E-01 -2.3479E+01 -1.7849E+00
