  25  6.0000000E+00
  2.7090E+01  2.0000E+01  1.1155E+00  1.0138E+02  8.7049E-01  0.0000E+00  0.0000E+00
  1.9104E+01  6.0000E+01  1.8044E+00  1.0141E+02  8.6657E-01 -8.1454E-02 -1.3724E-01
  1.5790E+01  1.0000E+02  2.3324E+00  1.0138E+02  8.6305E-01 -1.7098E-01 -1.1954E-01
  1.3617E+01  1.4000E+02  2.6831E+00  1.0143E+02  8.5961E-01 -1.3477E-01 -6.1793E-02
  1.2010E+01  1.8000E+02  2.9698E+00  1.0160E+02  8.5621E-01 -7.4315E-02 -2.5186E-02
  1.0729E+01  2.2000E+02  3.2602E+00  1.0185E+02  8.5278E-01 -3.0284E-02 -8.1898E-03
  9.6555E+00  2.6000E+02  3.5788E+00  1.0217E+02  8.4931E-01  1.8134E-03  4.1059E-04
  8.7266E+00  3.0000E+02  3.9437E+00  1.0256E+02  8.4578E-01  2.0010E-02  3.9214E-03
  7.9023E+00  3.4000E+02  4.3735E+00  1.0299E+02  8.4217E-01  7.0189E-03  1.2207E-03
  7.1572E+00  3.8000E+02  4.8782E+00  1.0347E+02  8.3843E-01 -4.1585E-02 -6.5372E-03
  6.4749E+00  4.2000E+02  5.4590E+00  1.0397E+02  8.3452E-01 -1.1611E-01 -1.6714E-02
  5.8441E+00  4.6000E+02  6.1157E+00  1.0449E+02  8.3036E-01 -2.0929E-01 -2.7852E-02
  5.2567E+00  5.0000E+02  6.8501E+00  1.0504E+02  8.2588E-01 -3.2240E-01 -3.9962E-02
  4.7061E+00  5.4000E+02  7.6688E+00  1.0560E+02  8.2101E-01 -4.6342E-01 -5.3828E-02
  4.1876E+00  5.8000E+02  8.5810E+00  1.0618E+02  8.1564E-01 -6.4369E-01 -7.0422E-02
  3.6971E+00  6.2000E+02  9.5981E+00  1.0677E+02  8.0970E-01 -8.7459E-01 -9.0509E-02
  3.2314E+00  6.6000E+02  1.0734E+01  1.0736E+02  8.0312E-01 -1.1691E+00 -1.1485E-01
  2.7880E+00  7.0000E+02  1.2004E+01  1.0794E+02  7.9580E-01 -1.5430E+00 -1.4435E-01
  2.3647E+00  7.4000E+02  1.3433E+01  1.0852E+02  7.8760E-01 -2.0206E+00 -1.8046E-01
  1.9597E+00  7.8000E+02  1.5048E+01  1.0907E+02  7.7835E-01 -2.6261E+00 -2.2440E-01
  1.5715E+00  8.2000E+02  1.6909E+01  1.0960E+02  7.6767E-01 -3.4330E+00 -2.8114E-01
  1.1990E+00  8.6000E+02  1.9099E+01  1.1011E+02  7.5506E-01 -4.5109E+00 -3.5451E-01
  8.4098E-01  9.0000E+02  2.1719E+01  1.1060E+02  7.4003E-01 -5.9317E+00 -4.4805E-01
  4.9605E-01  9.4000E+02  2.4871E+01  1.1105E+02  7.2231E-01 -7.8394E+00 -5.7049E-01
  1.6267E-01  9.8000E+02  2.8588E+01  1.1136E+02  7.0210E-01 -1.0222E+01 -7.1901E-01
