  25  6.0000000E+00
  2.7227E+01  2.0000E+01  1.3578E+00  1.2182E+02  1.1167E+00  0.0000E+00  0.0000E+00
  1.9378E+01  6.0000E+01  1.9416E+00  1.2187E+02  1.1125E+00 -6.8222E-02 -1.1299E-01
  1.6236E+01  1.0000E+02  2.2772E+00  1.2199E+02  1.1088E+00 -6.8099E-02 -4.5136E-02
  1.4169E+01  1.4000E+02  2.5426E+00  1.2230E+02  1.1051E+00  2.3562E-02  1.0276E-02
  1.2587E+01  1.8000E+02  2.9152E+00  1.2274E+02  1.1012E+00  3.7206E-02  1.2414E-02
  1.1283E+01  2.2000E+02  3.4206E+00  1.2322E+02  1.0971E+00 -1.3586E-02 -3.7386E-03
  1.0166E+01  2.6000E+02  4.0362E+00  1.2375E+02  1.0926E+00 -8.3206E-02 -1.9606E-02
  9.1862E+00  3.0000E+02  4.7391E+00  1.2429E+02  1.0879E+00 -1.6060E-01 -3.3211E-02
  8.3112E+00  3.4000E+02  5.5134E+00  1.2486E+02  1.0830E+00 -2.3438E-01 -4.3266E-02
  7.5194E+00  3.8000E+02  6.3581E+00  1.2546E+02  1.0778E+00 -3.1488E-01 -5.2601E-02
  6.7948E+00  4.2000E+02  7.2821E+00  1.2608E+02  1.0722E+00 -4.1917E-01 -6.4085E-02
  6.1255E+00  4.6000E+02  8.2959E+00  1.2671E+02  1.0663E+00 -5.6007E-01 -7.9086E-02
  5.5028E+00  5.0000E+02  9.4048E+00  1.2736E+02  1.0599E+00 -7.3974E-01 -9.7179E-02
  4.9202E+00  5.4000E+02  1.0607E+01  1.2801E+02  1.0530E+00 -9.5355E-01 -1.1721E-01
  4.3725E+00  5.8000E+02  1.1894E+01  1.2864E+02  1.0457E+00 -1.1927E+00 -1.3782E-01
  3.8557E+00  6.2000E+02  1.3264E+01  1.2926E+02  1.0379E+00 -1.4603E+00 -1.5924E-01
  3.3663E+00  6.6000E+02  1.4744E+01  1.2986E+02  1.0296E+00 -1.7923E+00 -1.8506E-01
  2.9015E+00  7.0000E+02  1.6399E+01  1.3046E+02  1.0201E+00 -2.2658E+00 -2.2218E-01
  2.4589E+00  7.4000E+02  1.8359E+01  1.3109E+02  1.0087E+00 -3.0199E+00 -2.8197E-01
  2.0365E+00  7.8000E+02  2.0826E+01  1.3175E+02  9.9433E-01 -4.2594E+00 -3.7964E-01
  1.6323E+00  8.2000E+02  2.4049E+01  1.3248E+02  9.7577E-01 -6.1829E+00 -5.2729E-01
  1.2446E+00  8.6000E+02  2.8254E+01  1.3324E+02  9.5194E-01 -8.8798E+00 -7.2622E-01
  8.7233E-01  9.0000E+02  3.3704E+01  1.3404E+02  9.2133E-01 -1.2485E+01 -9.8061E-01
  5.1428E-01  9.4000E+02  4.0875E+01  1.3493E+02  8.8095E-01 -1.7553E+01 -1.3260E+00
  1.6863E-01  9.8000E+02  4.9817E+01  1.3582E+02  8.3064E-01 -2.3307E+01 -1.6997E+00
