  25  6.0000000E+00
  2.7114E+01  2.0000E+01  1.2041E+00  1.0699E+02  9.6344E-01  0.0000E+00  0.0000E+00
  1.9178E+01  6.0000E+01  1.8564E+00  1.0703E+02  9.5942E-01 -7.7064E-02 -1.2902E-01
  1.5919E+01  1.0000E+02  2.3171E+00  1.0704E+02  9.5580E-01 -1.3826E-01 -9.5062E-02
  1.3784E+01  1.4000E+02  2.6316E+00  1.0719E+02  9.5227E-01 -7.8960E-02 -3.5576E-02
  1.2188E+01  1.8000E+02  2.9445E+00  1.0744E+02  9.4870E-01 -3.5428E-02 -1.1927E-02
  1.0899E+01  2.2000E+02  3.3068E+00  1.0777E+02  9.4502E-01 -3.0969E-02 -8.4208E-03
  9.8117E+00  2.6000E+02  3.7176E+00  1.0814E+02  9.4123E-01 -3.5133E-02 -8.0618E-03
  8.8667E+00  3.0000E+02  4.1765E+00  1.0856E+02  9.3736E-01 -3.8903E-02 -7.7562E-03
  8.0272E+00  3.4000E+02  4.6953E+00  1.0903E+02  9.3337E-01 -5.8507E-02 -1.0363E-02
  7.2682E+00  3.8000E+02  5.2877E+00  1.0954E+02  9.2924E-01 -1.1140E-01 -1.7839E-02
  6.5731E+00  4.2000E+02  5.9595E+00  1.1007E+02  9.2488E-01 -1.9623E-01 -2.8776E-02
  5.9306E+00  4.6000E+02  6.7121E+00  1.1063E+02  9.2021E-01 -3.0454E-01 -4.1283E-02
  5.3323E+00  5.0000E+02  7.5479E+00  1.1120E+02  9.1516E-01 -4.3564E-01 -5.4988E-02
  4.7720E+00  5.4000E+02  8.4724E+00  1.1180E+02  9.0967E-01 -5.9615E-01 -7.0480E-02
  4.2445E+00  5.8000E+02  9.4937E+00  1.1240E+02  9.0365E-01 -7.9676E-01 -8.8670E-02
  3.7459E+00  6.2000E+02  1.0622E+01  1.1300E+02  8.9706E-01 -1.0479E+00 -1.1024E-01
  3.2728E+00  6.6000E+02  1.1870E+01  1.1361E+02  8.8982E-01 -1.3620E+00 -1.3592E-01
  2.8227E+00  7.0000E+02  1.3250E+01  1.1420E+02  8.8185E-01 -1.7483E+00 -1.6602E-01
  2.3933E+00  7.4000E+02  1.4780E+01  1.1477E+02  8.7307E-01 -2.2243E+00 -2.0151E-01
  1.9828E+00  7.8000E+02  1.6497E+01  1.1532E+02  8.6324E-01 -2.8399E+00 -2.4598E-01
  1.5895E+00  8.2000E+02  1.8469E+01  1.1585E+02  8.5197E-01 -3.6832E+00 -3.0562E-01
  1.2122E+00  8.6000E+02  2.0814E+01  1.1635E+02  8.3852E-01 -4.8935E+00 -3.8954E-01
  8.4981E-01  9.0000E+02  2.3727E+01  1.1684E+02  8.2180E-01 -6.6797E+00 -5.1074E-01
  5.0107E-01  9.4000E+02  2.7485E+01  1.1732E+02  8.0042E-01 -9.3867E+00 -6.9063E-01
  1.6429E-01  9.8000E+02  3.2222E+01  1.1772E+02  7.7420E-01 -1.2884E+01 -9.1550E-01
