  25  6.0000000E+00
  2.7140E+01  2.0000E+01  1.2574E+00  1.1160E+02  1.0196E+00  0.0000E+00  0.0000E+00
  1.9241E+01  6.0000E+01  1.8838E+00  1.1165E+02  1.0155E+00 -7.3504E-02 -1.2249E-01
  1.6021E+01  1.0000E+02  2.3020E+00  1.1169E+02  1.0119E+00 -1.1500E-01 -7.8132E-02
  1.3909E+01  1.4000E+02  2.5993E+00  1.1190E+02  1.0083E+00 -4.3677E-02 -1.9464E-02
  1.2318E+01  1.8000E+02  2.9354E+00  1.1221E+02  1.0046E+00 -1.2778E-02 -4.2899E-03
  1.1022E+01  2.2000E+02  3.3497E+00  1.1259E+02  1.0007E+00 -3.2051E-02 -8.7578E-03
  9.9240E+00  2.6000E+02  3.8294E+00  1.1300E+02  9.9675E-01 -6.0145E-02 -1.3939E-02
  8.9667E+00  3.0000E+02  4.3634E+00  1.1345E+02  9.9262E-01 -8.5950E-02 -1.7359E-02
  8.1154E+00  3.4000E+02  4.9537E+00  1.1394E+02  9.8838E-01 -1.1567E-01 -2.0774E-02
  7.3461E+00  3.8000E+02  5.6116E+00  1.1447E+02  9.8396E-01 -1.6866E-01 -2.7378E-02
  6.6419E+00  4.2000E+02  6.3467E+00  1.1503E+02  9.7931E-01 -2.5350E-01 -3.7663E-02
  5.9911E+00  4.6000E+02  7.1640E+00  1.1561E+02  9.7434E-01 -3.6760E-01 -5.0469E-02
  5.3854E+00  5.0000E+02  8.0671E+00  1.1620E+02  9.6897E-01 -5.0958E-01 -6.5123E-02
  4.8182E+00  5.4000E+02  9.0600E+00  1.1681E+02  9.6316E-01 -6.8284E-01 -8.1713E-02
  4.2845E+00  5.8000E+02  1.0148E+01  1.1742E+02  9.5684E-01 -8.9392E-01 -1.0066E-01
  3.7802E+00  6.2000E+02  1.1341E+01  1.1803E+02  9.4996E-01 -1.1522E+00 -1.2258E-01
  3.3021E+00  6.6000E+02  1.2649E+01  1.1864E+02  9.4244E-01 -1.4679E+00 -1.4808E-01
  2.8474E+00  7.0000E+02  1.4087E+01  1.1923E+02  9.3419E-01 -1.8559E+00 -1.7804E-01
  2.4139E+00  7.4000E+02  1.5686E+01  1.1981E+02  9.2502E-01 -2.3508E+00 -2.1503E-01
  1.9995E+00  7.8000E+02  1.7497E+01  1.2037E+02  9.1464E-01 -3.0101E+00 -2.6312E-01
  1.6028E+00  8.2000E+02  1.9606E+01  1.2092E+02  9.0256E-01 -3.9386E+00 -3.2967E-01
  1.2222E+00  8.6000E+02  2.2157E+01  1.2145E+02  8.8798E-01 -5.3095E+00 -4.2631E-01
  8.5670E-01  9.0000E+02  2.5400E+01  1.2198E+02  8.6950E-01 -7.4264E+00 -5.7274E-01
  5.0505E-01  9.4000E+02  2.9773E+01  1.2252E+02  8.4476E-01 -1.0887E+01 -8.0768E-01
  1.6558E-01  9.8000E+02  3.5552E+01  1.2303E+02  8.1277E-01 -1.5545E+01 -1.1134E+00
