  25  6.0000000E+00
  2.5560E+01  2.0000E+01  4.0519E-01  9.4854E+01  2.4295E-01  0.0000E+00  0.0000E+00
  1.8131E+01  6.0000E+01  8.3047E-01  9.4917E+01  2.4081E-01 -4.8819E-02 -7.6515E-02
  1.5042E+01  1.0000E+02  1.2038E+00  9.4970E+01  2.3894E-01 -1.0376E-01 -6.7608E-02
  1.2963E+01  1.4000E+02  1.5161E+00  9.5014E+01  2.3704E-01 -1.2900E-01 -5.6587E-02
  1.1439E+01  1.8000E+02  1.7189E+00  9.5132E+01  2.3524E-01 -5.5580E-02 -1.7879E-02
  1.0237E+01  2.2000E+02  1.8878E+00  9.5353E+01  2.3350E-01  4.3677E-02  1.1070E-02
  9.2331E+00  2.6000E+02  2.0891E+00  9.5652E+01  2.3178E-01  9.7126E-02  2.0577E-02
  8.3605E+00  3.0000E+02  2.3478E+00  9.6006E+01  2.3007E-01  1.0964E-01  2.0185E-02
  7.5829E+00  3.4000E+02  2.6693E+00  9.6400E+01  2.2836E-01  9.2756E-02  1.5217E-02
  6.8787E+00  3.8000E+02  3.0475E+00  9.6824E+01  2.2664E-01  6.5238E-02  9.6927E-03
  6.2336E+00  4.2000E+02  3.4760E+00  9.7279E+01  2.2492E-01  4.0090E-02  5.4566E-03
  5.6370E+00  4.6000E+02  3.9550E+00  9.7767E+01  2.2317E-01  1.5022E-02  1.8907E-03
  5.0806E+00  5.0000E+02  4.4941E+00  9.8289E+01  2.2138E-01 -3.0590E-02 -3.5910E-03
  4.5577E+00  5.4000E+02  5.1038E+00  9.8837E+01  2.1953E-01 -1.1673E-01 -1.2879E-02
  4.0633E+00  5.8000E+02  5.7893E+00  9.9403E+01  2.1758E-01 -2.4247E-01 -2.5291E-02
  3.5939E+00  6.2000E+02  6.5530E+00  9.9978E+01  2.1547E-01 -4.0107E-01 -3.9723E-02
  3.1466E+00  6.6000E+02  7.3980E+00  1.0056E+02  2.1314E-01 -5.9233E-01 -5.5896E-02
  2.7193E+00  7.0000E+02  8.3318E+00  1.0114E+02  2.1051E-01 -8.2475E-01 -7.4357E-02
  2.3101E+00  7.4000E+02  9.3672E+00  1.0172E+02  2.0751E-01 -1.1142E+00 -9.6197E-02
  1.9174E+00  7.8000E+02  1.0523E+01  1.0229E+02  2.0404E-01 -1.4836E+00 -1.2291E-01
  1.5399E+00  8.2000E+02  1.1827E+01  1.0286E+02  1.9996E-01 -1.9639E+00 -1.5640E-01
  1.1765E+00  8.6000E+02  1.3311E+01  1.0340E+02  1.9517E-01 -2.5885E+00 -1.9847E-01
  8.2612E-01  9.0000E+02  1.5025E+01  1.0392E+02  1.8945E-01 -3.4137E+00 -2.5235E-01
  4.8779E-01  9.4000E+02  1.7153E+01  1.0442E+02  1.8209E-01 -4.8134E+00 -3.4359E-01
  1.6014E-01  9.8000E+02  1.9848E+01  1.0490E+02  1.7285E-01 -6.7401E+00 -4.6593E-01
