  25  6.0000000E+00
  2.7393E+01  2.0000E+01  1.5157E+00  1.3656E+02  1.2442E+00  0.0000E+00  0.0000E+00
  1.9600E+01  6.0000E+01  2.0278E+00  1.3658E+02  1.2399E+00 -6.2202E-02 -1.0226E-01
  1.6615E+01  1.0000E+02  2.2256E+00  1.3684E+02  1.2362E+00  1.7570E-02  1.1066E-02
  1.4615E+01  1.4000E+02  2.4582E+00  1.3730E+02  1.2323E+00  1.1411E-01  4.8160E-02
  1.3052E+01  1.8000E+02  2.8637E+00  1.3790E+02  1.2281E+00  1.2392E-01  4.0856E-02
  1.1743E+01  2.2000E+02  3.4876E+00  1.3860E+02  1.2234E+00  5.8955E-02  1.6287E-02
  1.0602E+01  2.6000E+02  4.3301E+00  1.3934E+02  1.2181E+00 -8.3669E-02 -2.0130E-02
  9.5902E+00  3.0000E+02  5.3617E+00  1.4012E+02  1.2120E+00 -2.4788E-01 -5.2921E-02
  8.6800E+00  3.4000E+02  6.5838E+00  1.4095E+02  1.2049E+00 -4.3298E-01 -8.3148E-02
  7.8523E+00  3.8000E+02  8.0326E+00  1.4185E+02  1.1962E+00 -6.6953E-01 -1.1691E-01
  7.0928E+00  4.2000E+02  9.7589E+00  1.4281E+02  1.1858E+00 -9.9893E-01 -1.6007E-01
  6.3904E+00  4.6000E+02  1.1795E+01  1.4383E+02  1.1736E+00 -1.4460E+00 -2.1428E-01
  5.7367E+00  5.0000E+02  1.4188E+01  1.4489E+02  1.1593E+00 -2.0458E+00 -2.8215E-01
  5.1252E+00  5.4000E+02  1.6978E+01  1.4596E+02  1.1428E+00 -2.8101E+00 -3.6255E-01
  4.5508E+00  5.8000E+02  2.0184E+01  1.4703E+02  1.1241E+00 -3.7224E+00 -4.5114E-01
  4.0093E+00  6.2000E+02  2.3843E+01  1.4809E+02  1.1031E+00 -4.8015E+00 -5.4850E-01
  3.4975E+00  6.6000E+02  2.8109E+01  1.4917E+02  1.0788E+00 -6.2140E+00 -6.7100E-01
  3.0124E+00  7.0000E+02  3.3282E+01  1.5035E+02  1.0496E+00 -8.2323E+00 -8.4259E-01
  2.5512E+00  7.4000E+02  3.9609E+01  1.5166E+02  1.0142E+00 -1.0890E+01 -1.0596E+00
  2.1115E+00  7.8000E+02  4.7024E+01  1.5305E+02  9.7247E-01 -1.3708E+01 -1.2718E+00
  1.6912E+00  8.2000E+02  5.5162E+01  1.5443E+02  9.2604E-01 -1.6074E+01 -1.4253E+00
  1.2887E+00  8.6000E+02  6.3772E+01  1.5574E+02  8.7570E-01 -1.8132E+01 -1.5398E+00
  9.0278E-01  9.0000E+02  7.3865E+01  1.5721E+02  8.1416E-01 -2.2359E+01 -1.8203E+00
  5.3210E-01  9.4000E+02  8.5987E+01  1.5908E+02  7.3658E-01 -2.7649E+01 -2.1623E+00
  1.7441E-01  9.8000E+02  9.9438E+01  1.6111E+02  6.4818E-01 -3.1931E+01 -2.4097E+00
