  25  6.0000000E+00
  2.6061E+01  2.0000E+01  6.0670E-01  9.5148E+01  4.1507E-01  0.0000E+00  0.0000E+00
  1.8403E+01  6.0000E+01  1.1323E+00  9.5200E+01  4.1229E-01 -6.1851E-02 -9.9932E-02
  1.5206E+01  1.0000E+02  1.5863E+00  9.5203E+01  4.0985E-01 -1.4134E-01 -9.5323E-02
  1.3074E+01  1.4000E+02  1.9327E+00  9.5203E+01  4.0740E-01 -1.6227E-01 -7.3013E-02
  1.1514E+01  1.8000E+02  2.1463E+00  9.5283E+01  4.0505E-01 -8.5362E-02 -2.8079E-02
  1.0292E+01  2.2000E+02  2.3072E+00  9.5478E+01  4.0278E-01  2.7709E-02  7.1445E-03
  9.2767E+00  2.6000E+02  2.4904E+00  9.5764E+01  4.0053E-01  1.0064E-01  2.1566E-02
  8.3973E+00  3.0000E+02  2.7309E+00  9.6115E+01  3.9827E-01  1.2595E-01  2.3369E-02
  7.6148E+00  3.4000E+02  3.0404E+00  9.6512E+01  3.9599E-01  1.1179E-01  1.8455E-02
  6.9062E+00  3.8000E+02  3.4159E+00  9.6941E+01  3.9367E-01  7.6512E-02  1.1439E-02
  6.2568E+00  4.2000E+02  3.8500E+00  9.7400E+01  3.9131E-01  3.7314E-02  5.1123E-03
  5.6561E+00  4.6000E+02  4.3405E+00  9.7888E+01  3.8890E-01 -4.2408E-03 -5.3744E-04
  5.0960E+00  5.0000E+02  4.8920E+00  9.8405E+01  3.8641E-01 -6.1015E-02 -7.2106E-03
  4.5699E+00  5.4000E+02  5.5120E+00  9.8947E+01  3.8382E-01 -1.4809E-01 -1.6436E-02
  4.0730E+00  5.8000E+02  6.2061E+00  9.9507E+01  3.8108E-01 -2.7043E-01 -2.8350E-02
  3.6016E+00  6.2000E+02  6.9788E+00  1.0008E+02  3.7812E-01 -4.2765E-01 -4.2536E-02
  3.1527E+00  6.6000E+02  7.8360E+00  1.0066E+02  3.7486E-01 -6.2279E-01 -5.8982E-02
  2.7241E+00  7.0000E+02  8.7872E+00  1.0124E+02  3.7123E-01 -8.6533E-01 -7.8257E-02
  2.3137E+00  7.4000E+02  9.8470E+00  1.0181E+02  3.6711E-01 -1.1719E+00 -1.0145E-01
  1.9202E+00  7.8000E+02  1.1037E+01  1.0239E+02  3.6240E-01 -1.5663E+00 -1.3006E-01
  1.5420E+00  8.2000E+02  1.2387E+01  1.0295E+02  3.5693E-01 -2.0832E+00 -1.6623E-01
  1.1779E+00  8.6000E+02  1.3937E+01  1.0350E+02  3.5055E-01 -2.7621E+00 -2.1214E-01
  8.2699E-01  9.0000E+02  1.5740E+01  1.0401E+02  3.4302E-01 -3.6649E+00 -2.7134E-01
  4.8820E-01  9.4000E+02  1.7947E+01  1.0450E+02  3.3367E-01 -5.0833E+00 -3.6335E-01
  1.6023E-01  9.8000E+02  2.0727E+01  1.0496E+02  3.2204E-01 -7.0777E+00 -4.8974E-01
