  25  6.0000000E+00
  2.7416E+01  2.0000E+01  1.5467E+00  1.3332E+02  1.2767E+00  0.0000E+00  0.0000E+00
  1.9643E+01  6.0000E+01  2.0511E+00  1.3334E+02  1.2724E+00 -6.1664E-02 -1.0112E-01
  1.6678E+01  1.0000E+02  2.2345E+00  1.3360E+02  1.2687E+00  2.4889E-02  1.5568E-02
  1.4691E+01  1.4000E+02  2.4609E+00  1.3408E+02  1.2648E+00  1.2634E-01  5.2986E-02
  1.3129E+01  1.8000E+02  2.8787E+00  1.3469E+02  1.2604E+00  1.2789E-01  4.2124E-02
  1.1817E+01  2.2000E+02  3.5344E+00  1.3542E+02  1.2555E+00  5.1442E-02  1.4244E-02
  1.0671E+01  2.6000E+02  4.4439E+00  1.3620E+02  1.2498E+00 -1.1209E-01 -2.7101E-02
  9.6520E+00  3.0000E+02  5.6151E+00  1.3704E+02  1.2425E+00 -3.1858E-01 -6.8486E-02
  8.7343E+00  3.4000E+02  7.1263E+00  1.3800E+02  1.2330E+00 -6.0487E-01 -1.1711E-01
  7.8993E+00  3.8000E+02  9.1291E+00  1.3911E+02  1.2200E+00 -1.0649E+00 -1.8760E-01
  7.1332E+00  4.2000E+02  1.1801E+01  1.4041E+02  1.2027E+00 -1.7915E+00 -2.8958E-01
  6.4254E+00  4.6000E+02  1.5267E+01  1.4189E+02  1.1804E+00 -2.8073E+00 -4.1923E-01
  5.7675E+00  5.0000E+02  1.9623E+01  1.4354E+02  1.1528E+00 -4.1148E+00 -5.7112E-01
  5.1530E+00  5.4000E+02  2.4890E+01  1.4534E+02  1.1201E+00 -5.6434E+00 -7.3174E-01
  4.5762E+00  5.8000E+02  3.1014E+01  1.4726E+02  1.0825E+00 -7.2943E+00 -8.8760E-01
  4.0328E+00  6.2000E+02  3.7893E+01  1.4926E+02  1.0406E+00 -8.9711E+00 -1.0286E+00
  3.5189E+00  6.6000E+02  4.5399E+01  1.5132E+02  9.9479E-01 -1.0596E+01 -1.1488E+00
  3.0315E+00  7.0000E+02  5.3403E+01  1.5342E+02  9.4558E-01 -1.2122E+01 -1.2466E+00
  2.5678E+00  7.4000E+02  6.1781E+01  1.5553E+02  8.9334E-01 -1.3511E+01 -1.3218E+00
  2.1256E+00  7.8000E+02  7.0402E+01  1.5765E+02  8.3856E-01 -1.4702E+01 -1.3715E+00
  1.7030E+00  8.2000E+02  7.9130E+01  1.5977E+02  7.8192E-01 -1.5638E+01 -1.3943E+00
  1.2983E+00  8.6000E+02  8.7912E+01  1.6189E+02  7.2381E-01 -1.6456E+01 -1.4053E+00
  9.0978E-01  9.0000E+02  9.6903E+01  1.6405E+02  6.6331E-01 -1.7580E+01 -1.4409E+00
  5.3621E-01  9.4000E+02  1.0659E+02  1.6645E+02  5.9706E-01 -1.9512E+01 -1.5378E+00
  1.7576E-01  9.8000E+02  1.1797E+02  1.6955E+02  5.1996E-01 -2.2989E+01 -1.7483E+00
