  25  6.0000000E+00
  2.5369E+01  2.0000E+01  3.0608E-01  9.4750E+01  1.5493E-01  0.0000E+00  0.0000E+00
  1.8029E+01  6.0000E+01  6.9779E-01  9.4817E+01  1.5319E-01 -4.4237E-02 -6.8507E-02
  1.4981E+01  1.0000E+02  1.0437E+00  9.4885E+01  1.5166E-01 -9.1250E-02 -5.8679E-02
  1.2923E+01  1.4000E+02  1.3418E+00  9.4945E+01  1.5014E-01 -1.1575E-01 -5.0254E-02
  1.1412E+01  1.8000E+02  1.5404E+00  9.5077E+01  1.4870E-01 -4.3957E-02 -1.4016E-02
  1.0218E+01  2.2000E+02  1.7129E+00  9.5308E+01  1.4732E-01  4.9260E-02  1.2404E-02
  9.2182E+00  2.6000E+02  1.9220E+00  9.5612E+01  1.4597E-01  9.4549E-02  1.9952E-02
  8.3478E+00  3.0000E+02  2.1884E+00  9.5967E+01  1.4464E-01  1.0174E-01  1.8683E-02
  7.5718E+00  3.4000E+02  2.5146E+00  9.6358E+01  1.4332E-01  8.4711E-02  1.3868E-02
  6.8691E+00  3.8000E+02  2.8938E+00  9.6780E+01  1.4201E-01  6.0672E-02  8.9950E-03
  6.2256E+00  4.2000E+02  3.3199E+00  9.7233E+01  1.4069E-01  4.1954E-02  5.6967E-03
  5.6305E+00  4.6000E+02  3.7951E+00  9.7722E+01  1.3936E-01  2.2758E-02  2.8572E-03
  5.0754E+00  5.0000E+02  4.3309E+00  9.8246E+01  1.3801E-01 -2.0992E-02 -2.4586E-03
  4.5535E+00  5.4000E+02  4.9381E+00  9.8797E+01  1.3661E-01 -1.0748E-01 -1.1833E-02
  4.0600E+00  5.8000E+02  5.6220E+00  9.9365E+01  1.3513E-01 -2.3479E-01 -2.4448E-02
  3.5912E+00  6.2000E+02  6.3840E+00  9.9942E+01  1.3351E-01 -3.9517E-01 -3.9084E-02
  3.1445E+00  6.6000E+02  7.2265E+00  1.0052E+02  1.3171E-01 -5.8586E-01 -5.5221E-02
  2.7176E+00  7.0000E+02  8.1557E+00  1.0110E+02  1.2966E-01 -8.1499E-01 -7.3403E-02
  2.3087E+00  7.4000E+02  9.1838E+00  1.0168E+02  1.2729E-01 -1.0984E+00 -9.4744E-02
  1.9163E+00  7.8000E+02  1.0329E+01  1.0226E+02  1.2449E-01 -1.4586E+00 -1.2074E-01
  1.5392E+00  8.2000E+02  1.1617E+01  1.0282E+02  1.2118E-01 -1.9247E+00 -1.5317E-01
  1.1760E+00  8.6000E+02  1.3079E+01  1.0336E+02  1.1726E-01 -2.5285E+00 -1.9375E-01
  8.2581E-01  9.0000E+02  1.4764E+01  1.0388E+02  1.1255E-01 -3.3284E+00 -2.4590E-01
  4.8765E-01  9.4000E+02  1.6867E+01  1.0439E+02  1.0642E-01 -4.7228E+00 -3.3695E-01
  1.6010E-01  9.8000E+02  1.9525E+01  1.0488E+02  9.8816E-02 -6.6006E+00 -4.5613E-01
