  25  6.0000000E+00
  2.7303E+01  2.0000E+01  1.4261E+00  1.2888E+02  1.1753E+00  0.0000E+00  0.0000E+00
  1.9484E+01  6.0000E+01  1.9767E+00  1.2893E+02  1.1711E+00 -6.4670E-02 -1.0668E-01
  1.6403E+01  1.0000E+02  2.2580E+00  1.2911E+02  1.1674E+00 -3.3083E-02 -2.1503E-02
  1.4362E+01  1.4000E+02  2.5107E+00  1.2948E+02  1.1636E+00  6.0185E-02  2.5922E-02
  1.2789E+01  1.8000E+02  2.8947E+00  1.2999E+02  1.1596E+00  7.6523E-02  2.5391E-02
  1.1484E+01  2.2000E+02  3.4447E+00  1.3057E+02  1.1552E+00  2.2150E-02  6.1013E-03
  1.0358E+01  2.6000E+02  4.1470E+00  1.3119E+02  1.1504E+00 -7.0737E-02 -1.6799E-02
  9.3653E+00  3.0000E+02  4.9756E+00  1.3184E+02  1.1451E+00 -1.7838E-01 -3.7364E-02
  8.4758E+00  3.4000E+02  5.9161E+00  1.3253E+02  1.1394E+00 -2.8871E-01 -5.4182E-02
  7.6686E+00  3.8000E+02  6.9751E+00  1.3325E+02  1.1330E+00 -4.2018E-01 -7.1557E-02
  6.9283E+00  4.2000E+02  8.1704E+00  1.3400E+02  1.1260E+00 -5.9809E-01 -9.3414E-02
  6.2436E+00  4.6000E+02  9.5165E+00  1.3477E+02  1.1181E+00 -8.3883E-01 -1.2118E-01
  5.6062E+00  5.0000E+02  1.1010E+01  1.3554E+02  1.1094E+00 -1.1365E+00 -1.5285E-01
  5.0096E+00  5.4000E+02  1.2621E+01  1.3628E+02  1.1002E+00 -1.4606E+00 -1.8384E-01
  4.4490E+00  5.8000E+02  1.4311E+01  1.3697E+02  1.0906E+00 -1.7811E+00 -2.1064E-01
  3.9206E+00  6.2000E+02  1.6063E+01  1.3761E+02  1.0808E+00 -2.0992E+00 -2.3405E-01
  3.4209E+00  6.6000E+02  1.7935E+01  1.3823E+02  1.0701E+00 -2.5087E+00 -2.6446E-01
  2.9472E+00  7.0000E+02  2.0111E+01  1.3887E+02  1.0576E+00 -3.2385E+00 -3.2368E-01
  2.4967E+00  7.4000E+02  2.2925E+01  1.3960E+02  1.0412E+00 -4.6380E+00 -4.4078E-01
  2.0672E+00  7.8000E+02  2.6776E+01  1.4045E+02  1.0192E+00 -6.9888E+00 -6.3338E-01
  1.6564E+00  8.2000E+02  3.1915E+01  1.4141E+02  9.9034E-01 -1.0173E+01 -8.8160E-01
  1.2627E+00  8.6000E+02  3.8391E+01  1.4243E+02  9.5426E-01 -1.3857E+01 -1.1510E+00
  8.8484E-01  9.0000E+02  4.6365E+01  1.4352E+02  9.0928E-01 -1.8210E+01 -1.4518E+00
  5.2158E-01  9.4000E+02  5.6105E+01  1.4477E+02  8.5278E-01 -2.3385E+01 -1.7922E+00
  1.7100E-01  9.8000E+02  6.7481E+01  1.4605E+02  7.8539E-01 -2.8780E+01 -2.1288E+00
