  25  6.0000000E+00
  2.5271E+01  2.0000E+01  2.1231E-01  9.4700E+01  6.6242E-02  0.0000E+00  0.0000E+00
  1.7978E+01  6.0000E+01  5.8679E-01  9.4769E+01  6.5025E-02 -4.1882E-02 -6.4447E-02
  1.4952E+01  1.0000E+02  9.1885E-01  9.4846E+01  6.3999E-02 -8.4396E-02 -5.3875E-02
  1.2905E+01  1.4000E+02  1.2114E+00  9.4914E+01  6.3006E-02 -1.0974E-01 -4.7400E-02
  1.1400E+01  1.8000E+02  1.4091E+00  9.5053E+01  6.2091E-02 -3.8850E-02 -1.2334E-02
  1.0210E+01  2.2000E+02  1.5846E+00  9.5289E+01  6.1236E-02  5.0859E-02  1.2769E-02
  9.2118E+00  2.6000E+02  1.7984E+00  9.5595E+01  6.0417E-02  9.2236E-02  1.9430E-02
  8.3423E+00  3.0000E+02  2.0693E+00  9.5950E+01  5.9623E-02  9.7069E-02  1.7807E-02
  7.5670E+00  3.4000E+02  2.3987E+00  9.6341E+01  5.8845E-02  7.9535E-02  1.3010E-02
  6.8649E+00  3.8000E+02  2.7794E+00  9.6762E+01  5.8075E-02  5.6622E-02  8.3876E-03
  6.2219E+00  4.2000E+02  3.2052E+00  9.7214E+01  5.7304E-02  4.0537E-02  5.4990E-03
  5.6275E+00  4.6000E+02  3.6786E+00  9.7702E+01  5.6523E-02  2.5096E-02  3.1472E-03
  5.0731E+00  5.0000E+02  4.2121E+00  9.8227E+01  5.5719E-02 -1.5333E-02 -1.7937E-03
  4.5517E+00  5.4000E+02  4.8178E+00  9.8780E+01  5.4874E-02 -1.0123E-01 -1.1135E-02
  4.0586E+00  5.8000E+02  5.5012E+00  9.9350E+01  5.3964E-02 -2.3056E-01 -2.3988E-02
  3.5901E+00  6.2000E+02  6.2633E+00  9.9927E+01  5.2949E-02 -3.9322E-01 -3.8867E-02
  3.1436E+00  6.6000E+02  7.1055E+00  1.0051E+02  5.1787E-02 -5.8464E-01 -5.5078E-02
  2.7169E+00  7.0000E+02  8.0336E+00  1.0109E+02  5.0424E-02 -8.1272E-01 -7.3169E-02
  2.3082E+00  7.4000E+02  9.0594E+00  1.0167E+02  4.8804E-02 -1.0936E+00 -9.4303E-02
  1.9159E+00  7.8000E+02  1.0201E+01  1.0224E+02  4.6867E-02 -1.4501E+00 -1.2000E-01
  1.5389E+00  8.2000E+02  1.1482E+01  1.0280E+02  4.4555E-02 -1.9101E+00 -1.5196E-01
  1.1758E+00  8.6000E+02  1.2934E+01  1.0335E+02  4.1830E-02 -2.5038E+00 -1.9180E-01
  8.2568E-01  9.0000E+02  1.4606E+01  1.0387E+02  3.8618E-02 -3.2905E+00 -2.4304E-01
  4.8759E-01  9.4000E+02  1.6694E+01  1.0437E+02  3.4544E-02 -4.6757E+00 -3.3351E-01
  1.6009E-01  9.8000E+02  1.9335E+01  1.0487E+02  2.9767E-02 -6.5399E+00 -4.5188E-01
