  25  6.0000000E+00
  2.7367E+01  2.0000E+01  1.4874E+00  1.3449E+02  1.2211E+00  0.0000E+00  0.0000E+00
  1.9563E+01  6.0000E+01  2.0108E+00  1.3452E+02  1.2169E+00 -6.3068E-02 -1.0384E-01
  1.6548E+01  1.0000E+02  2.2337E+00  1.3475E+02  1.2131E+00  2.2179E-03  1.4110E-03
  1.4534E+01  1.4000E+02  2.4722E+00  1.3518E+02  1.2093E+00  9.6502E-02  4.1004E-02
  1.2969E+01  1.8000E+02  2.8664E+00  1.3575E+02  1.2052E+00  1.1189E-01  3.6934E-02
  1.1662E+01  2.2000E+02  3.4639E+00  1.3642E+02  1.2005E+00  5.1935E-02  1.4322E-02
  1.0527E+01  2.6000E+02  4.2615E+00  1.3713E+02  1.1954E+00 -7.6790E-02 -1.8394E-02
  9.5212E+00  3.0000E+02  5.2282E+00  1.3787E+02  1.1895E+00 -2.2032E-01 -4.6745E-02
  8.6179E+00  3.4000E+02  6.3577E+00  1.3867E+02  1.1828E+00 -3.7257E-01 -7.1002E-02
  7.7973E+00  3.8000E+02  7.6735E+00  1.3952E+02  1.1748E+00 -5.5905E-01 -9.6799E-02
  7.0442E+00  4.2000E+02  9.2159E+00  1.4045E+02  1.1655E+00 -8.2124E-01 -1.3047E-01
  6.3475E+00  4.6000E+02  1.1020E+01  1.4142E+02  1.1547E+00 -1.1951E+00 -1.7567E-01
  5.6985E+00  5.0000E+02  1.3095E+01  1.4240E+02  1.1424E+00 -1.6830E+00 -2.3043E-01
  5.0909E+00  5.4000E+02  1.5416E+01  1.4335E+02  1.1289E+00 -2.2522E+00 -2.8872E-01
  4.5198E+00  5.8000E+02  1.7918E+01  1.4424E+02  1.1147E+00 -2.8337E+00 -3.4146E-01
  3.9813E+00  6.2000E+02  2.0549E+01  1.4504E+02  1.0998E+00 -3.4017E+00 -3.8647E-01
  3.4723E+00  6.6000E+02  2.3393E+01  1.4579E+02  1.0838E+00 -4.1089E+00 -4.4119E-01
  2.9903E+00  7.0000E+02  2.6787E+01  1.4659E+02  1.0645E+00 -5.3791E+00 -5.4707E-01
  2.5324E+00  7.4000E+02  3.1229E+01  1.4753E+02  1.0395E+00 -7.6435E+00 -7.3845E-01
  2.0960E+00  7.8000E+02  3.6982E+01  1.4862E+02  1.0075E+00 -1.0700E+01 -9.8515E-01
  1.6789E+00  8.2000E+02  4.3894E+01  1.4977E+02  9.6910E-01 -1.3806E+01 -1.2148E+00
  1.2795E+00  8.6000E+02  5.1825E+01  1.5095E+02  9.2442E-01 -1.6918E+01 -1.4256E+00
  8.9646E-01  9.0000E+02  6.1508E+01  1.5226E+02  8.6817E-01 -2.1840E+01 -1.7652E+00
  5.2834E-01  9.4000E+02  7.3314E+01  1.5385E+02  7.9639E-01 -2.7745E+01 -2.1548E+00
  1.7317E-01  9.8000E+02  8.6605E+01  1.5556E+02  7.1271E-01 -3.2606E+01 -2.4433E+00
