  25  6.0000000E+00
  2.7201E+01  2.0000E+01  1.3336E+00  1.1915E+02  1.0944E+00  0.0000E+00  0.0000E+00
  1.9341E+01  6.0000E+01  1.9277E+00  1.1919E+02  1.0903E+00 -6.9449E-02 -1.1517E-01
  1.6180E+01  1.0000E+02  2.2827E+00  1.1930E+02  1.0866E+00 -7.9769E-02 -5.3202E-02
  1.4103E+01  1.4000E+02  2.5547E+00  1.1959E+02  1.0829E+00  8.3314E-03  3.6515E-03
  1.2518E+01  1.8000E+02  2.9204E+00  1.1999E+02  1.0791E+00  2.4078E-02  8.0470E-03
  1.1216E+01  2.2000E+02  3.4064E+00  1.2045E+02  1.0750E+00 -2.2058E-02 -6.0628E-03
  1.0103E+01  2.6000E+02  3.9901E+00  1.2094E+02  1.0706E+00 -8.3204E-02 -1.9539E-02
  9.1277E+00  3.0000E+02  4.6495E+00  1.2145E+02  1.0661E+00 -1.4783E-01 -3.0408E-02
  8.2585E+00  3.4000E+02  5.3713E+00  1.2200E+02  1.0614E+00 -2.0674E-01 -3.7912E-02
  7.4725E+00  3.8000E+02  6.1581E+00  1.2257E+02  1.0564E+00 -2.7408E-01 -4.5449E-02
  6.7534E+00  4.2000E+02  7.0206E+00  1.2316E+02  1.0512E+00 -3.6731E-01 -5.5730E-02
  6.0891E+00  4.6000E+02  7.9691E+00  1.2378E+02  1.0455E+00 -4.9653E-01 -6.9584E-02
  5.4711E+00  5.0000E+02  9.0089E+00  1.2441E+02  1.0395E+00 -6.6280E-01 -8.6424E-02
  4.8927E+00  5.4000E+02  1.0140E+01  1.2505E+02  1.0330E+00 -8.6253E-01 -1.0525E-01
  4.3488E+00  5.8000E+02  1.1361E+01  1.2567E+02  1.0260E+00 -1.0931E+00 -1.2543E-01
  3.8354E+00  6.2000E+02  1.2670E+01  1.2629E+02  1.0186E+00 -1.3547E+00 -1.4674E-01
  3.3491E+00  6.6000E+02  1.4087E+01  1.2689E+02  1.0106E+00 -1.6756E+00 -1.7193E-01
  2.8871E+00  7.0000E+02  1.5660E+01  1.2749E+02  1.0016E+00 -2.1095E+00 -2.0563E-01
  2.4469E+00  7.4000E+02  1.7476E+01  1.2809E+02  9.9108E-01 -2.7514E+00 -2.5549E-01
  2.0267E+00  7.8000E+02  1.9678E+01  1.2872E+02  9.7830E-01 -3.7480E+00 -3.3232E-01
  1.6244E+00  8.2000E+02  2.2458E+01  1.2937E+02  9.6225E-01 -5.2812E+00 -4.4816E-01
  1.2387E+00  8.6000E+02  2.6038E+01  1.3005E+02  9.4186E-01 -7.5237E+00 -6.1229E-01
  8.6822E-01  9.0000E+02  3.0715E+01  1.3076E+02  9.1549E-01 -1.0722E+01 -8.3809E-01
  5.1186E-01  9.4000E+02  3.7013E+01  1.3152E+02  8.8011E-01 -1.5523E+01 -1.1671E+00
  1.6783E-01  9.8000E+02  4.5083E+01  1.3227E+02  8.3514E-01 -2.1293E+01 -1.5455E+00
