  25  6.0000000E+00
  2.7402E+01  2.0000E+01  1.5259E+00  1.3623E+02  1.2534E+00  0.0000E+00  0.0000E+00
  1.9615E+01  6.0000E+01  2.0347E+00  1.3626E+02  1.2492E+00 -6.1971E-02 -1.0181E-01
  1.6638E+01  1.0000E+02  2.2262E+00  1.3651E+02  1.2455E+00  2.1516E-02  1.3512E-02
  1.4642E+01  1.4000E+02  2.4581E+00  1.3698E+02  1.2416E+00  1.1843E-01  4.9890E-02
  1.3079E+01  1.8000E+02  2.8688E+00  1.3759E+02  1.2373E+00  1.2512E-01  4.1255E-02
  1.1769E+01  2.2000E+02  3.5013E+00  1.3830E+02  1.2325E+00  5.8533E-02  1.6182E-02
  1.0627E+01  2.6000E+02  4.3577E+00  1.3905E+02  1.2272E+00 -8.6974E-02 -2.0951E-02
  9.6130E+00  3.0000E+02  5.4135E+00  1.3985E+02  1.2210E+00 -2.5968E-01 -5.5542E-02
  8.7006E+00  3.4000E+02  6.6756E+00  1.4069E+02  1.2136E+00 -4.6283E-01 -8.9095E-02
  7.8706E+00  3.8000E+02  8.1908E+00  1.4159E+02  1.2045E+00 -7.3176E-01 -1.2815E-01
  7.1087E+00  4.2000E+02  1.0032E+01  1.4258E+02  1.1934E+00 -1.1197E+00 -1.7997E-01
  6.4042E+00  4.6000E+02  1.2251E+01  1.4363E+02  1.1799E+00 -1.6564E+00 -2.4620E-01
  5.7489E+00  5.0000E+02  1.4944E+01  1.4475E+02  1.1636E+00 -2.4031E+00 -3.3228E-01
  5.1362E+00  5.4000E+02  1.8239E+01  1.4595E+02  1.1438E+00 -3.4248E+00 -4.4271E-01
  4.5609E+00  5.8000E+02  2.2246E+01  1.4722E+02  1.1200E+00 -4.7473E+00 -5.7616E-01
  4.0188E+00  6.2000E+02  2.7038E+01  1.4858E+02  1.0921E+00 -6.3476E+00 -7.2600E-01
  3.5063E+00  6.6000E+02  3.2677E+01  1.5001E+02  1.0596E+00 -8.2130E+00 -8.8812E-01
  3.0202E+00  7.0000E+02  3.9218E+01  1.5152E+02  1.0222E+00 -1.0341E+01 -1.0605E+00
  2.5579E+00  7.4000E+02  4.6640E+01  1.5311E+02  9.7951E-01 -1.2620E+01 -1.2308E+00
  2.1171E+00  7.8000E+02  5.4777E+01  1.5473E+02  9.3214E-01 -1.4782E+01 -1.3747E+00
  1.6958E+00  8.2000E+02  6.3360E+01  1.5633E+02  8.8113E-01 -1.6578E+01 -1.4736E+00
  1.2924E+00  8.6000E+02  7.2281E+01  1.5787E+02  8.2668E-01 -1.8277E+01 -1.5559E+00
  9.0539E-01  9.0000E+02  8.2156E+01  1.5953E+02  7.6413E-01 -2.1240E+01 -1.7341E+00
  5.3349E-01  9.4000E+02  9.3281E+01  1.6144E+02  6.9091E-01 -2.4774E+01 -1.9439E+00
  1.7478E-01  9.8000E+02  1.0594E+02  1.6368E+02  6.0576E-01 -2.9077E+01 -2.2005E+00
