  26  6.0000000E+00
  3.1115E+01  1.0000E-03  5.4022E-01  9.4317E+01  5.4022E-01  0.0000E+00  0.0000E+00
  2.2009E+01  4.0000E+01  6.8670E-01  9.4336E+01  5.3943E-01 -1.4051E-02 -2.6997E-02
  1.6982E+01  8.0000E+01  1.9138E+00  9.4351E+01  5.3331E-01 -2.4103E-01 -2.5562E-01
  1.4321E+01  1.2000E+02  2.6161E+00  9.4302E+01  5.2926E-01 -2.8237E-01 -1.5853E-01
  1.2452E+01  1.6000E+02  3.0815E+00  9.4275E+01  5.2563E-01 -2.6378E-01 -1.0403E-01
  1.1031E+01  2.0000E+02  3.3637E+00  9.4360E+01  5.2232E-01 -1.3844E-01 -4.1491E-02
  9.8880E+00  2.4000E+02  3.5897E+00  9.4596E+01  5.1922E-01  8.8566E-03  2.1361E-03
  8.9236E+00  2.8000E+02  3.8407E+00  9.4950E+01  5.1621E-01  1.0640E-01  2.1649E-02
  8.0808E+00  3.2000E+02  4.1715E+00  9.5403E+01  5.1324E-01  1.4542E-01  2.5859E-02
  7.3261E+00  3.6000E+02  4.5998E+00  9.5917E+01  5.1025E-01  1.1255E-01  1.7921E-02
  6.6391E+00  4.0000E+02  5.1172E+00  9.6471E+01  5.0723E-01  5.4175E-02  7.8522E-03
  6.0066E+00  4.4000E+02  5.7129E+00  9.7059E+01  5.0415E-01 -1.2619E-02 -1.6838E-03
  5.4193E+00  4.8000E+02  6.3811E+00  9.7678E+01  5.0099E-01 -8.4222E-02 -1.0436E-02
  4.8699E+00  5.2000E+02  7.1243E+00  9.8326E+01  4.9770E-01 -1.7342E-01 -2.0101E-02
  4.3528E+00  5.6000E+02  7.9470E+00  9.8996E+01  4.9424E-01 -2.9452E-01 -3.2130E-02
  3.8637E+00  6.0000E+02  8.8526E+00  9.9681E+01  4.9055E-01 -4.5170E-01 -4.6611E-02
  3.3992E+00  6.4000E+02  9.8442E+00  1.0037E+02  4.8656E-01 -6.4670E-01 -6.3377E-02
  2.9566E+00  6.8000E+02  1.0928E+01  1.0106E+02  4.8218E-01 -8.8660E-01 -8.2788E-02
  2.5338E+00  7.2000E+02  1.2114E+01  1.0175E+02  4.7731E-01 -1.1853E+00 -1.0574E-01
  2.1288E+00  7.6000E+02  1.3420E+01  1.0242E+02  4.7186E-01 -1.5636E+00 -1.3359E-01
  1.7402E+00  8.0000E+02  1.4869E+01  1.0307E+02  4.6568E-01 -2.0517E+00 -1.6822E-01
  1.3666E+00  8.4000E+02  1.6490E+01  1.0369E+02  4.5863E-01 -2.6778E+00 -2.1106E-01
  1.0069E+00  8.8000E+02  1.8331E+01  1.0427E+02  4.5048E-01 -3.5034E+00 -2.6587E-01
  6.6002E-01  9.2000E+02  2.0482E+01  1.0480E+02  4.4084E-01 -4.6870E+00 -3.4302E-01
  3.2474E-01  9.6000E+02  2.3100E+01  1.0522E+02  4.2913E-01 -6.5562E+00 -4.6377E-01
  4.4445E-04  1.0000E+03  2.6329E+01  1.0529E+02  4.1505E-01 -9.7338E+00 -6.6598E-01
