  26  6.0000000E+00
  3.1842E+01  1.0000E-03  7.6928E-01  9.6449E+01  7.6928E-01  0.0000E+00  0.0000E+00
  2.2503E+01  4.0000E+01  9.3714E-01  9.6474E+01  7.6842E-01 -1.5253E-02 -3.0054E-02
  1.7352E+01  8.0000E+01  2.3519E+00  9.6453E+01  7.6108E-01 -2.7869E-01 -3.0287E-01
  1.4639E+01  1.2000E+02  3.0927E+00  9.6388E+01  7.5619E-01 -2.9710E-01 -1.7006E-01
  1.2737E+01  1.6000E+02  3.5947E+00  9.6415E+01  7.5176E-01 -2.4963E-01 -1.0014E-01
  1.1281E+01  2.0000E+02  3.9742E+00  9.6548E+01  7.4764E-01 -1.6993E-01 -5.2210E-02
  1.0100E+01  2.4000E+02  4.3100E+00  9.6790E+01  7.4371E-01 -7.8962E-02 -1.9674E-02
  9.1020E+00  2.8000E+02  4.6496E+00  9.7132E+01  7.3990E-01  2.6939E-03  5.6720E-04
  8.2318E+00  3.2000E+02  5.0440E+00  9.7572E+01  7.3613E-01  5.2586E-02  9.6539E-03
  7.4551E+00  3.6000E+02  5.5212E+00  9.8081E+01  7.3234E-01  4.0332E-02  6.6094E-03
  6.7498E+00  4.0000E+02  6.0868E+00  9.8640E+01  7.2848E-01 -9.6050E-03 -1.4291E-03
  6.1016E+00  4.4000E+02  6.7392E+00  9.9236E+01  7.2451E-01 -8.7229E-02 -1.1930E-02
  5.5002E+00  4.8000E+02  7.4749E+00  9.9860E+01  7.2035E-01 -1.8473E-01 -2.3439E-02
  4.9382E+00  5.2000E+02  8.2936E+00  1.0051E+02  7.1594E-01 -3.0338E-01 -3.5969E-02
  4.4101E+00  5.6000E+02  9.1988E+00  1.0118E+02  7.1120E-01 -4.5146E-01 -5.0308E-02
  3.9112E+00  6.0000E+02  1.0196E+01  1.0185E+02  7.0605E-01 -6.3777E-01 -6.7120E-02
  3.4383E+00  6.4000E+02  1.1292E+01  1.0254E+02  7.0039E-01 -8.7154E-01 -8.6972E-02
  2.9883E+00  6.8000E+02  1.2498E+01  1.0322E+02  6.9416E-01 -1.1650E+00 -1.1061E-01
  2.5589E+00  7.2000E+02  1.3830E+01  1.0389E+02  6.8723E-01 -1.5370E+00 -1.3922E-01
  2.1484E+00  7.6000E+02  1.5311E+01  1.0454E+02  6.7945E-01 -2.0174E+00 -1.7476E-01
  1.7549E+00  8.0000E+02  1.6971E+01  1.0517E+02  6.7064E-01 -2.6314E+00 -2.1843E-01
  1.3773E+00  8.4000E+02  1.8858E+01  1.0576E+02  6.6048E-01 -3.4238E+00 -2.7278E-01
  1.0143E+00  8.8000E+02  2.1039E+01  1.0633E+02  6.4865E-01 -4.4554E+00 -3.4124E-01
  6.6461E-01  9.2000E+02  2.3587E+01  1.0684E+02  6.3496E-01 -5.8182E+00 -4.2923E-01
  3.2690E-01  9.6000E+02  2.6560E+01  1.0723E+02  6.1943E-01 -7.6652E+00 -5.4615E-01
  4.7204E-04  1.0000E+03  2.9977E+01  1.0721E+02  6.0231E-01 -1.0508E+01 -7.2370E-01
