  26  6.0000000E+00
  3.2086E+01  1.0000E-03  1.2734E+00  1.3468E+02  1.2734E+00  0.0000E+00  0.0000E+00
  2.2946E+01  4.0000E+01  1.4473E+00  1.3465E+02  1.2726E+00 -2.2014E-02 -4.2451E-02
  1.8130E+01  8.0000E+01  2.2486E+00  1.3482E+02  1.2643E+00 -1.3178E-01 -1.3392E-01
  1.5704E+01  1.2000E+02  2.5829E+00  1.3529E+02  1.2587E+00  5.9198E-02  3.0290E-02
  1.3944E+01  1.6000E+02  3.0706E+00  1.3604E+02  1.2530E+00  1.4537E-01  5.4003E-02
  1.2509E+01  2.0000E+02  3.8492E+00  1.3694E+02  1.2470E+00  8.8741E-02  2.6851E-02
  1.1280E+01  2.4000E+02  4.9372E+00  1.3794E+02  1.2404E+00 -7.0482E-02 -1.8289E-02
  1.0196E+01  2.8000E+02  6.3066E+00  1.3899E+02  1.2328E+00 -2.9780E-01 -6.8102E-02
  9.2256E+00  3.2000E+02  7.9586E+00  1.4010E+02  1.2235E+00 -5.5738E-01 -1.1408E-01
  8.3473E+00  3.6000E+02  9.9747E+00  1.4132E+02  1.2118E+00 -9.1092E-01 -1.6879E-01
  7.5447E+00  4.0000E+02  1.2491E+01  1.4267E+02  1.1966E+00 -1.4489E+00 -2.4535E-01
  6.8055E+00  4.4000E+02  1.5616E+01  1.4416E+02  1.1775E+00 -2.2177E+00 -3.4585E-01
  6.1204E+00  4.8000E+02  1.9481E+01  1.4578E+02  1.1538E+00 -3.2701E+00 -4.7269E-01
  5.4819E+00  5.2000E+02  2.4183E+01  1.4754E+02  1.1252E+00 -4.6088E+00 -6.2086E-01
  4.8839E+00  5.6000E+02  2.9756E+01  1.4942E+02  1.0917E+00 -6.1734E+00 -7.7878E-01
  4.3216E+00  6.0000E+02  3.6153E+01  1.5140E+02  1.0537E+00 -7.8585E+00 -9.3227E-01
  3.7909E+00  6.4000E+02  4.3264E+01  1.5345E+02  1.0116E+00 -9.5442E+00 -1.0687E+00
  3.2882E+00  6.8000E+02  5.0941E+01  1.5553E+02  9.6600E-01 -1.1132E+01 -1.1806E+00
  2.8107E+00  7.2000E+02  5.9021E+01  1.5761E+02  9.1763E-01 -1.2561E+01 -1.2655E+00
  2.3558E+00  7.6000E+02  6.7344E+01  1.5965E+02  8.6721E-01 -1.3815E+01 -1.3258E+00
  1.9215E+00  8.0000E+02  7.5766E+01  1.6159E+02  8.1551E-01 -1.4908E+01 -1.3663E+00
  1.5058E+00  8.4000E+02  8.4199E+01  1.6340E+02  7.6303E-01 -1.5944E+01 -1.3984E+00
  1.1072E+00  8.8000E+02  9.2741E+01  1.6505E+02  7.0902E-01 -1.7282E+01 -1.4534E+00
  7.2435E-01  9.2000E+02  1.0190E+02  1.6665E+02  6.4977E-01 -1.9758E+01 -1.5957E+00
  3.5582E-01  9.6000E+02  1.1264E+02  1.6827E+02  5.7890E-01 -2.4754E+01 -1.9247E+00
  7.3913E-04  1.0000E+03  1.2606E+02  1.6904E+02  4.9057E-01 -3.5609E+01 -2.6676E+00
