  26  6.0000000E+00
  3.0207E+01  1.0000E-03  2.8755E-01  9.3545E+01  2.8755E-01  0.0000E+00  0.0000E+00
  2.1452E+01  4.0000E+01  4.0262E-01  9.3554E+01  2.8687E-01 -1.2075E-02 -2.2307E-02
  1.6636E+01  8.0000E+01  1.3255E+00  9.3631E+01  2.8250E-01 -1.7557E-01 -1.7839E-01
  1.4084E+01  1.2000E+02  1.8984E+00  9.3671E+01  2.7965E-01 -2.0911E-01 -1.1259E-01
  1.2279E+01  1.6000E+02  2.2998E+00  9.3717E+01  2.7711E-01 -1.9679E-01 -7.4920E-02
  1.0904E+01  2.0000E+02  2.5614E+00  9.3873E+01  2.7481E-01 -7.6473E-02 -2.2189E-02
  9.7910E+00  2.4000E+02  2.7978E+00  9.4162E+01  2.7264E-01  4.6516E-02  1.0925E-02
  8.8453E+00  2.8000E+02  3.0822E+00  9.4549E+01  2.7053E-01  1.0850E-01  2.1647E-02
  8.0149E+00  3.2000E+02  3.4453E+00  9.5007E+01  2.6845E-01  1.1457E-01  2.0073E-02
  7.2697E+00  3.6000E+02  3.8882E+00  9.5511E+01  2.6639E-01  8.2518E-02  1.2974E-02
  6.5912E+00  4.0000E+02  4.3994E+00  9.6053E+01  2.6431E-01  4.5163E-02  6.4657E-03
  5.9667E+00  4.4000E+02  4.9710E+00  9.6633E+01  2.6222E-01  1.4119E-02  1.8602E-03
  5.3867E+00  4.8000E+02  5.6081E+00  9.7257E+01  2.6010E-01 -2.2670E-02 -2.7737E-03
  4.8438E+00  5.2000E+02  6.3248E+00  9.7921E+01  2.5791E-01 -9.7722E-02 -1.1194E-02
  4.3321E+00  5.6000E+02  7.1283E+00  9.8610E+01  2.5561E-01 -2.2367E-01 -2.4148E-02
  3.8473E+00  6.0000E+02  8.0174E+00  9.9312E+01  2.5317E-01 -3.8667E-01 -3.9548E-02
  3.3863E+00  6.4000E+02  8.9901E+00  1.0002E+02  2.5053E-01 -5.7874E-01 -5.6289E-02
  2.9466E+00  6.8000E+02  1.0048E+01  1.0072E+02  2.4762E-01 -8.0495E-01 -7.4679E-02
  2.5261E+00  7.2000E+02  1.1199E+01  1.0142E+02  2.4436E-01 -1.0785E+00 -9.5689E-02
  2.1230E+00  7.6000E+02  1.2456E+01  1.0210E+02  2.4069E-01 -1.4194E+00 -1.2070E-01
  1.7360E+00  8.0000E+02  1.3839E+01  1.0277E+02  2.3648E-01 -1.8554E+00 -1.5151E-01
  1.3637E+00  8.4000E+02  1.5377E+01  1.0341E+02  2.3162E-01 -2.4187E+00 -1.8999E-01
  1.0050E+00  8.8000E+02  1.7102E+01  1.0400E+02  2.2597E-01 -3.1437E+00 -2.3789E-01
  6.5898E-01  9.2000E+02  1.9124E+01  1.0456E+02  2.1907E-01 -4.2403E+00 -3.0959E-01
  3.2432E-01  9.6000E+02  2.1628E+01  1.0503E+02  2.1033E-01 -6.0735E+00 -4.2882E-01
  4.2287E-04  1.0000E+03  2.4682E+01  1.0519E+02  2.0001E-01 -8.9258E+00 -6.0996E-01
