  26  6.0000000E+00
  3.1556E+01  1.0000E-03  6.5836E-01  9.4883E+01  6.5836E-01  0.0000E+00  0.0000E+00
  2.2297E+01  4.0000E+01  8.1951E-01  9.4906E+01  6.5753E-01 -1.4872E-02 -2.9054E-02
  1.7182E+01  8.0000E+01  2.1868E+00  9.4896E+01  6.5071E-01 -2.6935E-01 -2.9066E-01
  1.4478E+01  1.2000E+02  2.9378E+00  9.4818E+01  6.4618E-01 -3.0661E-01 -1.7490E-01
  1.2582E+01  1.6000E+02  3.4356E+00  9.4787E+01  6.4210E-01 -2.7865E-01 -1.1147E-01
  1.1138E+01  2.0000E+02  3.7600E+00  9.4863E+01  6.3837E-01 -1.7214E-01 -5.2449E-02
  9.9743E+00  2.4000E+02  4.0158E+00  9.5078E+01  6.3485E-01 -3.5023E-02 -8.5982E-03
  8.9941E+00  2.8000E+02  4.2835E+00  9.5414E+01  6.3145E-01  6.9807E-02  1.4436E-02
  8.1397E+00  3.2000E+02  4.6193E+00  9.5853E+01  6.2809E-01  1.2113E-01  2.1836E-02
  7.3761E+00  3.6000E+02  5.0493E+00  9.6363E+01  6.2471E-01  1.0462E-01  1.6853E-02
  6.6820E+00  4.0000E+02  5.5740E+00  9.6921E+01  6.2129E-01  4.7535E-02  6.9616E-03
  6.0433E+00  4.4000E+02  6.1861E+00  9.7514E+01  6.1778E-01 -3.0167E-02 -4.0653E-03
  5.4502E+00  4.8000E+02  6.8787E+00  9.8135E+01  6.1414E-01 -1.2049E-01 -1.5076E-02
  4.8957E+00  5.2000E+02  7.6503E+00  9.8780E+01  6.1032E-01 -2.2754E-01 -2.6622E-02
  4.3740E+00  5.6000E+02  8.5031E+00  9.9445E+01  6.0626E-01 -3.6100E-01 -3.9729E-02
  3.8810E+00  6.0000E+02  9.4408E+00  1.0012E+02  6.0189E-01 -5.2842E-01 -5.4967E-02
  3.4131E+00  6.4000E+02  1.0469E+01  1.0081E+02  5.9713E-01 -7.3706E-01 -7.2758E-02
  2.9676E+00  6.8000E+02  1.1596E+01  1.0149E+02  5.9190E-01 -9.9749E-01 -9.3750E-02
  2.5423E+00  7.2000E+02  1.2835E+01  1.0216E+02  5.8608E-01 -1.3260E+00 -1.1899E-01
  2.1352E+00  7.6000E+02  1.4206E+01  1.0282E+02  5.7955E-01 -1.7467E+00 -1.5001E-01
  1.7449E+00  8.0000E+02  1.5738E+01  1.0346E+02  5.7215E-01 -2.2929E+00 -1.8884E-01
  1.3699E+00  8.4000E+02  1.7463E+01  1.0406E+02  5.6367E-01 -2.9861E+00 -2.3625E-01
  1.0091E+00  8.8000E+02  1.9440E+01  1.0463E+02  5.5384E-01 -3.9057E+00 -2.9731E-01
  6.6132E-01  9.2000E+02  2.1749E+01  1.0515E+02  5.4235E-01 -5.1634E+00 -3.7883E-01
  3.2532E-01  9.6000E+02  2.4486E+01  1.0554E+02  5.2898E-01 -6.9723E+00 -4.9426E-01
  4.5519E-04  1.0000E+03  2.7738E+01  1.0556E+02  5.1363E-01 -9.9387E+00 -6.8121E-01
