  26  6.0000000E+00
  3.1994E+01  1.0000E-03  9.6472E-01  1.0562E+02  9.6472E-01  0.0000E+00  0.0000E+00
  2.2694E+01  4.0000E+01  1.1250E+00  1.0564E+02  9.6386E-01 -1.5090E-02 -2.9610E-02
  1.7608E+01  8.0000E+01  2.3824E+00  1.0566E+02  9.5595E-01 -2.4330E-01 -2.6103E-01
  1.4961E+01  1.2000E+02  2.9834E+00  1.0574E+02  9.5066E-01 -1.9796E-01 -1.1059E-01
  1.3097E+01  1.6000E+02  3.4537E+00  1.0600E+02  9.4577E-01 -1.1463E-01 -4.5064E-02
  1.1645E+01  2.0000E+02  3.9495E+00  1.0636E+02  9.4101E-01 -9.1219E-02 -2.7946E-02
  1.0445E+01  2.4000E+02  4.4958E+00  1.0679E+02  9.3631E-01 -9.6741E-02 -2.4499E-02
  9.4166E+00  2.8000E+02  5.0898E+00  1.0728E+02  9.3162E-01 -1.0594E-01 -2.2985E-02
  8.5131E+00  3.2000E+02  5.7394E+00  1.0782E+02  9.2691E-01 -1.2050E-01 -2.2969E-02
  7.7039E+00  3.6000E+02  6.4592E+00  1.0841E+02  9.2212E-01 -1.6083E-01 -2.7458E-02
  6.9684E+00  4.0000E+02  7.2573E+00  1.0903E+02  9.1717E-01 -2.3290E-01 -3.6140E-02
  6.2925E+00  4.4000E+02  8.1359E+00  1.0969E+02  9.1198E-01 -3.3157E-01 -4.7284E-02
  5.6660E+00  4.8000E+02  9.0954E+00  1.1036E+02  9.0649E-01 -4.5476E-01 -6.0109E-02
  5.0814E+00  5.2000E+02  1.0136E+01  1.1105E+02  9.0065E-01 -6.0545E-01 -7.4679E-02
  4.5327E+00  5.6000E+02  1.1260E+01  1.1174E+02  8.9441E-01 -7.8732E-01 -9.1128E-02
  4.0156E+00  6.0000E+02  1.2471E+01  1.1243E+02  8.8771E-01 -1.0062E+00 -1.0979E-01
  3.5262E+00  6.4000E+02  1.3776E+01  1.1312E+02  8.8050E-01 -1.2712E+00 -1.3126E-01
  3.0615E+00  6.8000E+02  1.5184E+01  1.1378E+02  8.7270E-01 -1.5910E+00 -1.5598E-01
  2.6190E+00  7.2000E+02  1.6705E+01  1.1443E+02  8.6425E-01 -1.9749E+00 -1.8435E-01
  2.1967E+00  7.6000E+02  1.8364E+01  1.1505E+02  8.5496E-01 -2.4587E+00 -2.1906E-01
  1.7928E+00  8.0000E+02  2.0212E+01  1.1564E+02  8.4453E-01 -3.1100E+00 -2.6504E-01
  1.4057E+00  8.4000E+02  2.2343E+01  1.1621E+02  8.3236E-01 -4.0437E+00 -3.3022E-01
  1.0343E+00  8.8000E+02  2.4910E+01  1.1676E+02  8.1752E-01 -5.4250E+00 -4.2515E-01
  6.7721E-01  9.2000E+02  2.8165E+01  1.1732E+02  7.9869E-01 -7.5436E+00 -5.6829E-01
  3.3293E-01  9.6000E+02  3.2341E+01  1.1784E+02  7.7504E-01 -1.0623E+01 -7.7161E-01
  6.0228E-04  1.0000E+03  3.7405E+01  1.1803E+02  7.4750E-01 -1.4666E+01 -1.0283E+00
