  26  6.0000000E+00
  3.2103E+01  1.0000E-03  1.2347E+00  1.3668E+02  1.2347E+00  0.0000E+00  0.0000E+00
  2.2928E+01  4.0000E+01  1.4123E+00  1.3666E+02  1.2339E+00 -2.2603E-02 -4.3755E-02
  1.8086E+01  8.0000E+01  2.2299E+00  1.3683E+02  1.2257E+00 -1.3376E-01 -1.3664E-01
  1.5640E+01  1.2000E+02  2.5911E+00  1.3729E+02  1.2201E+00  4.1106E-02  2.1215E-02
  1.3865E+01  1.6000E+02  3.0880E+00  1.3799E+02  1.2146E+00  1.1730E-01  4.3924E-02
  1.2427E+01  2.0000E+02  3.8356E+00  1.3885E+02  1.2088E+00  7.5922E-02  2.3029E-02
  1.1200E+01  2.4000E+02  4.8519E+00  1.3980E+02  1.2025E+00 -5.6972E-02 -1.4755E-02
  1.0121E+01  2.8000E+02  6.0900E+00  1.4076E+02  1.1958E+00 -2.4939E-01 -5.6758E-02
  9.1580E+00  3.2000E+02  7.4978E+00  1.4175E+02  1.1884E+00 -4.3318E-01 -8.8032E-02
  8.2873E+00  3.6000E+02  9.0730E+00  1.4279E+02  1.1800E+00 -6.2329E-01 -1.1450E-01
  7.4920E+00  4.0000E+02  1.0848E+01  1.4388E+02  1.1704E+00 -8.6340E-01 -1.4486E-01
  6.7593E+00  4.4000E+02  1.2847E+01  1.4500E+02  1.1594E+00 -1.1907E+00 -1.8407E-01
  6.0793E+00  4.8000E+02  1.5074E+01  1.4613E+02  1.1472E+00 -1.6134E+00 -2.3148E-01
  5.4445E+00  5.2000E+02  1.7522E+01  1.4723E+02  1.1338E+00 -2.1262E+00 -2.8477E-01
  4.8492E+00  5.6000E+02  2.0162E+01  1.4826E+02  1.1195E+00 -2.6971E+00 -3.3877E-01
  4.2888E+00  6.0000E+02  2.2944E+01  1.4921E+02  1.1045E+00 -3.2845E+00 -3.8832E-01
  3.7597E+00  6.4000E+02  2.5855E+01  1.5005E+02  1.0888E+00 -3.9025E+00 -4.3557E-01
  3.2591E+00  6.8000E+02  2.9018E+01  1.5084E+02  1.0715E+00 -4.7404E+00 -5.0070E-01
  2.7843E+00  7.2000E+02  3.2830E+01  1.5167E+02  1.0505E+00 -6.2862E+00 -6.2974E-01
  2.3328E+00  7.6000E+02  3.7884E+01  1.5264E+02  1.0228E+00 -9.0536E+00 -8.6245E-01
  1.9022E+00  8.0000E+02  4.4446E+01  1.5374E+02  9.8694E-01 -1.2665E+01 -1.1506E+00
  1.4903E+00  8.4000E+02  5.2215E+01  1.5489E+02  9.4429E-01 -1.6084E+01 -1.3975E+00
  1.0957E+00  8.8000E+02  6.1287E+01  1.5605E+02  8.9331E-01 -2.0055E+01 -1.6697E+00
  7.1697E-01  9.2000E+02  7.2432E+01  1.5735E+02  8.2802E-01 -2.5976E+01 -2.0758E+00
  3.5231E-01  9.6000E+02  8.5644E+01  1.5872E+02  7.4700E-01 -3.2474E+01 -2.4984E+00
  7.3613E-04  1.0000E+03  1.0020E+02  1.5899E+02  6.5602E-01 -4.0620E+01 -3.0130E+00
