  26  6.0000000E+00
  3.1997E+01  1.0000E-03  9.9340E-01  1.0781E+02  9.9340E-01  0.0000E+00  0.0000E+00
  2.2715E+01  4.0000E+01  1.1516E+00  1.0783E+02  9.9255E-01 -1.5056E-02 -2.9485E-02
  1.7650E+01  8.0000E+01  2.3699E+00  1.0786E+02  9.8458E-01 -2.3388E-01 -2.4994E-01
  1.5018E+01  1.2000E+02  2.9483E+00  1.0797E+02  9.7925E-01 -1.7821E-01 -9.8959E-02
  1.3162E+01  1.6000E+02  3.4160E+00  1.0827E+02  9.7430E-01 -9.2096E-02 -3.6051E-02
  1.1711E+01  2.0000E+02  3.9351E+00  1.0867E+02  9.6945E-01 -7.6943E-02 -2.3558E-02
  1.0508E+01  2.4000E+02  4.5217E+00  1.0914E+02  9.6462E-01 -1.0007E-01 -2.5407E-02
  9.4744E+00  2.8000E+02  5.1634E+00  1.0966E+02  9.5978E-01 -1.2226E-01 -2.6650E-02
  8.5654E+00  3.2000E+02  5.8632E+00  1.1022E+02  9.5490E-01 -1.4771E-01 -2.8327E-02
  7.7507E+00  3.6000E+02  6.6325E+00  1.1083E+02  9.4992E-01 -1.9460E-01 -3.3449E-02
  7.0101E+00  4.0000E+02  7.4799E+00  1.1148E+02  9.4477E-01 -2.7135E-01 -4.2404E-02
  6.3293E+00  4.4000E+02  8.4083E+00  1.1215E+02  9.3935E-01 -3.7557E-01 -5.3941E-02
  5.6983E+00  4.8000E+02  9.4182E+00  1.1284E+02  9.3362E-01 -5.0617E-01 -6.7382E-02
  5.1095E+00  5.2000E+02  1.0509E+01  1.1354E+02  9.2754E-01 -6.6529E-01 -8.2643E-02
  4.5571E+00  5.6000E+02  1.1680E+01  1.1424E+02  9.2109E-01 -8.5429E-01 -9.9568E-02
  4.0365E+00  6.0000E+02  1.2933E+01  1.1493E+02  9.1421E-01 -1.0774E+00 -1.1835E-01
  3.5439E+00  6.4000E+02  1.4275E+01  1.1561E+02  9.0684E-01 -1.3442E+00 -1.3969E-01
  3.0764E+00  6.8000E+02  1.5712E+01  1.1627E+02  8.9892E-01 -1.6587E+00 -1.6362E-01
  2.6313E+00  7.2000E+02  1.7259E+01  1.1691E+02  8.9033E-01 -2.0405E+00 -1.9158E-01
  2.2067E+00  7.6000E+02  1.8943E+01  1.1752E+02  8.8091E-01 -2.5229E+00 -2.2600E-01
  1.8007E+00  8.0000E+02  2.0820E+01  1.1811E+02  8.7030E-01 -3.1769E+00 -2.7213E-01
  1.4118E+00  8.4000E+02  2.2990E+01  1.1867E+02  8.5790E-01 -4.1320E+00 -3.3907E-01
  1.0386E+00  8.8000E+02  2.5629E+01  1.1923E+02  8.4266E-01 -5.5941E+00 -4.4047E-01
  6.7994E-01  9.2000E+02  2.9048E+01  1.1979E+02  8.2289E-01 -7.9495E+00 -6.0154E-01
  3.3423E-01  9.6000E+02  3.3569E+01  1.2034E+02  7.9721E-01 -1.1500E+01 -8.3876E-01
  6.3156E-04  1.0000E+03  3.9177E+01  1.2057E+02  7.6652E-01 -1.6114E+01 -1.1341E+00
