  26  6.0000000E+00
  3.2100E+01  1.0000E-03  1.2548E+00  1.3738E+02  1.2548E+00  0.0000E+00  0.0000E+00
  2.2939E+01  4.0000E+01  1.4320E+00  1.3735E+02  1.2539E+00 -2.2667E-02 -4.3810E-02
  1.8113E+01  8.0000E+01  2.2337E+00  1.3752E+02  1.2457E+00 -1.3026E-01 -1.3263E-01
  1.5680E+01  1.2000E+02  2.5781E+00  1.3800E+02  1.2401E+00  5.4868E-02  2.8156E-02
  1.3913E+01  1.6000E+02  3.0728E+00  1.3874E+02  1.2346E+00  1.3503E-01  5.0342E-02
  1.2477E+01  2.0000E+02  3.8396E+00  1.3962E+02  1.2286E+00  8.5224E-02  2.5822E-02
  1.1248E+01  2.4000E+02  4.8910E+00  1.4061E+02  1.2222E+00 -5.7382E-02 -1.4877E-02
  1.0167E+01  2.8000E+02  6.1833E+00  1.4161E+02  1.2153E+00 -2.6224E-01 -5.9833E-02
  9.2000E+00  3.2000E+02  7.6733E+00  1.4264E+02  1.2075E+00 -4.7529E-01 -9.6970E-02
  8.3248E+00  3.6000E+02  9.3646E+00  1.4371E+02  1.1985E+00 -7.1591E-01 -1.3218E-01
  7.5251E+00  4.0000E+02  1.1300E+01  1.4482E+02  1.1880E+00 -1.0277E+00 -1.7339E-01
  6.7883E+00  4.4000E+02  1.3517E+01  1.4598E+02  1.1756E+00 -1.4462E+00 -2.2481E-01
  6.1050E+00  4.8000E+02  1.6069E+01  1.4716E+02  1.1611E+00 -2.0053E+00 -2.8910E-01
  5.4678E+00  5.2000E+02  1.9041E+01  1.4837E+02  1.1440E+00 -2.7548E+00 -3.7036E-01
  4.8708E+00  5.6000E+02  2.2537E+01  1.4963E+02  1.1240E+00 -3.7529E+00 -4.7269E-01
  4.3092E+00  6.0000E+02  2.6661E+01  1.5092E+02  1.1004E+00 -5.0357E+00 -5.9662E-01
  3.7791E+00  6.4000E+02  3.1502E+01  1.5226E+02  1.0731E+00 -6.6180E+00 -7.4015E-01
  3.2772E+00  6.8000E+02  3.7168E+01  1.5364E+02  1.0414E+00 -8.5374E+00 -9.0405E-01
  2.8007E+00  7.2000E+02  4.3780E+01  1.5509E+02  1.0044E+00 -1.0835E+01 -1.0894E+00
  2.3469E+00  7.6000E+02  5.1358E+01  1.5660E+02  9.6188E-01 -1.3368E+01 -1.2796E+00
  1.9139E+00  8.0000E+02  5.9677E+01  1.5812E+02  9.1446E-01 -1.5698E+01 -1.4343E+00
  1.4996E+00  8.4000E+02  6.8447E+01  1.5958E+02  8.6335E-01 -1.7652E+01 -1.5428E+00
  1.1026E+00  8.8000E+02  7.7856E+01  1.6099E+02  8.0676E-01 -2.0135E+01 -1.6866E+00
  7.2146E-01  9.2000E+02  8.8405E+01  1.6247E+02  7.4080E-01 -2.3796E+01 -1.9136E+00
  3.5446E-01  9.6000E+02  1.0039E+02  1.6390E+02  6.6349E-01 -2.8769E+01 -2.2276E+00
  7.0863E-04  1.0000E+03  1.1465E+02  1.6420E+02  5.7056E-01 -3.9476E+01 -2.9463E+00
