  26  6.0000000E+00
  3.0665E+01  1.0000E-03  4.1616E-01  9.3912E+01  4.1616E-01  0.0000E+00  0.0000E+00
  2.1721E+01  4.0000E+01  5.4811E-01  9.3925E+01  4.1542E-01 -1.3320E-02 -2.5134E-02
  1.6793E+01  8.0000E+01  1.6228E+00  9.3969E+01  4.1011E-01 -2.0916E-01 -2.1748E-01
  1.4182E+01  1.2000E+02  2.2667E+00  9.3961E+01  4.0661E-01 -2.4976E-01 -1.3756E-01
  1.2344E+01  1.6000E+02  2.6990E+00  9.3953E+01  4.0348E-01 -2.3903E-01 -9.2715E-02
  1.0947E+01  2.0000E+02  2.9540E+00  9.4065E+01  4.0065E-01 -1.0250E-01 -3.0194E-02
  9.8226E+00  2.4000E+02  3.1700E+00  9.4329E+01  3.9799E-01  4.2012E-02  9.9705E-03
  8.8707E+00  2.8000E+02  3.4261E+00  9.4700E+01  3.9540E-01  1.2152E-01  2.4406E-02
  8.0366E+00  3.2000E+02  3.7658E+00  9.5159E+01  3.9284E-01  1.4313E-01  2.5189E-02
  7.2885E+00  3.6000E+02  4.1970E+00  9.5669E+01  3.9029E-01  1.0547E-01  1.6646E-02
  6.6072E+00  4.0000E+02  4.7067E+00  9.6218E+01  3.8771E-01  5.6653E-02  8.1426E-03
  5.9801E+00  4.4000E+02  5.2848E+00  9.6802E+01  3.8511E-01  9.9650E-03  1.3185E-03
  5.3977E+00  4.8000E+02  5.9315E+00  9.7425E+01  3.8244E-01 -4.0862E-02 -5.0212E-03
  4.8525E+00  5.2000E+02  6.6559E+00  9.8083E+01  3.7970E-01 -1.2095E-01 -1.3910E-02
  4.3390E+00  5.6000E+02  7.4646E+00  9.8767E+01  3.7682E-01 -2.4464E-01 -2.6505E-02
  3.8528E+00  6.0000E+02  8.3582E+00  9.9463E+01  3.7375E-01 -4.0560E-01 -4.1608E-02
  3.3906E+00  6.4000E+02  9.3364E+00  1.0016E+02  3.7044E-01 -5.9900E-01 -5.8407E-02
  2.9499E+00  6.8000E+02  1.0402E+01  1.0086E+02  3.6681E-01 -8.3028E-01 -7.7195E-02
  2.5286E+00  7.2000E+02  1.1564E+01  1.0156E+02  3.6278E-01 -1.1127E+00 -9.8905E-02
  2.1250E+00  7.6000E+02  1.2837E+01  1.0224E+02  3.5824E-01 -1.4664E+00 -1.2489E-01
  1.7374E+00  8.0000E+02  1.4242E+01  1.0290E+02  3.5309E-01 -1.9197E+00 -1.5697E-01
  1.3647E+00  8.4000E+02  1.5807E+01  1.0353E+02  3.4719E-01 -2.5046E+00 -1.9695E-01
  1.0057E+00  8.8000E+02  1.7570E+01  1.0412E+02  3.4038E-01 -3.2654E+00 -2.4734E-01
  6.5932E-01  9.2000E+02  1.9633E+01  1.0466E+02  3.3218E-01 -4.3946E+00 -3.2112E-01
  3.2445E-01  9.6000E+02  2.2178E+01  1.0511E+02  3.2196E-01 -6.2595E+00 -4.4223E-01
  4.3280E-04  1.0000E+03  2.5311E+01  1.0523E+02  3.0969E-01 -9.3032E+00 -6.3599E-01
