  26  6.0000000E+00
  2.9991E+01  1.0000E-03  1.5578E-01  9.3367E+01  1.5578E-01  0.0000E+00  0.0000E+00
  2.1313E+01  4.0000E+01  2.6563E-01  9.3374E+01  1.5519E-01 -1.1872E-02 -2.1738E-02
  1.6546E+01  8.0000E+01  1.1265E+00  9.3459E+01  1.5194E-01 -1.6273E-01 -1.6368E-01
  1.4019E+01  1.2000E+02  1.6718E+00  9.3515E+01  1.4990E-01 -1.9341E-01 -1.0312E-01
  1.2229E+01  1.6000E+02  2.0594E+00  9.3572E+01  1.4809E-01 -1.8480E-01 -6.9782E-02
  1.0865E+01  2.0000E+02  2.3127E+00  9.3739E+01  1.4646E-01 -6.3379E-02 -1.8238E-02
  9.7600E+00  2.4000E+02  2.5462E+00  9.4035E+01  1.4494E-01  5.6649E-02  1.3207E-02
  8.8198E+00  2.8000E+02  2.8326E+00  9.4426E+01  1.4347E-01  1.1159E-01  2.2136E-02
  7.9935E+00  3.2000E+02  3.1964E+00  9.4883E+01  1.4203E-01  1.1224E-01  1.9567E-02
  7.2518E+00  3.6000E+02  3.6350E+00  9.5384E+01  1.4061E-01  8.4380E-02  1.3205E-02
  6.5764E+00  4.0000E+02  4.1369E+00  9.5924E+01  1.3918E-01  5.6214E-02  8.0096E-03
  5.9549E+00  4.4000E+02  4.6967E+00  9.6507E+01  1.3775E-01  3.7175E-02  4.8745E-03
  5.3776E+00  4.8000E+02  5.3248E+00  9.7139E+01  1.3629E-01  6.3870E-03  7.7794E-04
  4.8367E+00  5.2000E+02  6.0385E+00  9.7812E+01  1.3478E-01 -7.4963E-02 -8.5541E-03
  4.3265E+00  5.6000E+02  6.8429E+00  9.8509E+01  1.3320E-01 -2.1116E-01 -2.2729E-02
  3.8429E+00  6.0000E+02  7.7333E+00  9.9216E+01  1.3151E-01 -3.7899E-01 -3.8668E-02
  3.3829E+00  6.4000E+02  8.7058E+00  9.9926E+01  1.2966E-01 -5.7081E-01 -5.5407E-02
  2.9439E+00  6.8000E+02  9.7617E+00  1.0063E+02  1.2759E-01 -7.9380E-01 -7.3520E-02
  2.5240E+00  7.2000E+02  1.0908E+01  1.0133E+02  1.2525E-01 -1.0620E+00 -9.4090E-02
  2.1214E+00  7.6000E+02  1.2157E+01  1.0202E+02  1.2256E-01 -1.3955E+00 -1.1851E-01
  1.7348E+00  8.0000E+02  1.3530E+01  1.0269E+02  1.1942E-01 -1.8210E+00 -1.4853E-01
  1.3629E+00  8.4000E+02  1.5053E+01  1.0333E+02  1.1574E-01 -2.3702E+00 -1.8599E-01
  1.0045E+00  8.8000E+02  1.6758E+01  1.0393E+02  1.1143E-01 -3.0715E+00 -2.3223E-01
  6.5871E-01  9.2000E+02  1.8757E+01  1.0450E+02  1.0608E-01 -4.1494E+00 -3.0273E-01
  3.2423E-01  9.6000E+02  2.1234E+01  1.0498E+02  9.9328E-02 -5.9575E+00 -4.2042E-01
  4.1095E-04  1.0000E+03  2.4217E+01  1.0516E+02  9.1631E-02 -8.6540E+00 -5.9123E-01
