  26  6.0000000E+00
  3.1677E+01  1.0000E-03  6.9619E-01  9.5166E+01  6.9619E-01  0.0000E+00  0.0000E+00
  2.2381E+01  4.0000E+01  8.6102E-01  9.5190E+01  6.9535E-01 -1.5094E-02 -2.9604E-02
  1.7245E+01  8.0000E+01  2.2612E+00  9.5178E+01  6.8834E-01 -2.7497E-01 -2.9796E-01
  1.4530E+01  1.2000E+02  3.0287E+00  9.5098E+01  6.8366E-01 -3.1229E-01 -1.7890E-01
  1.2626E+01  1.6000E+02  3.5410E+00  9.5067E+01  6.7944E-01 -2.8505E-01 -1.1454E-01
  1.1174E+01  2.0000E+02  3.8800E+00  9.5140E+01  6.7557E-01 -1.8327E-01 -5.6124E-02
  1.0004E+01  2.4000E+02  4.1466E+00  9.5350E+01  6.7193E-01 -4.8533E-02 -1.1980E-02
  9.0190E+00  2.8000E+02  4.4215E+00  9.5681E+01  6.6840E-01  5.7220E-02  1.1894E-02
  8.1608E+00  3.2000E+02  4.7605E+00  9.6116E+01  6.6492E-01  1.1185E-01  2.0254E-02
  7.3942E+00  3.6000E+02  5.1925E+00  9.6625E+01  6.6142E-01  9.9837E-02  1.6146E-02
  6.6977E+00  4.0000E+02  5.7199E+00  9.7183E+01  6.5787E-01  4.3828E-02  6.4411E-03
  6.0569E+00  4.4000E+02  6.3362E+00  9.7777E+01  6.5422E-01 -3.4591E-02 -4.6766E-03
  5.4620E+00  4.8000E+02  7.0352E+00  9.8400E+01  6.5044E-01 -1.2769E-01 -1.6026E-02
  4.9058E+00  5.2000E+02  7.8154E+00  9.9047E+01  6.4645E-01 -2.3900E-01 -2.8047E-02
  4.3827E+00  5.6000E+02  8.6792E+00  9.9713E+01  6.4220E-01 -3.7800E-01 -4.1719E-02
  3.8883E+00  6.0000E+02  9.6303E+00  1.0039E+02  6.3761E-01 -5.5196E-01 -5.7573E-02
  3.4192E+00  6.4000E+02  1.0674E+01  1.0108E+02  6.3260E-01 -7.6829E-01 -7.6037E-02
  2.9726E+00  6.8000E+02  1.1820E+01  1.0176E+02  6.2708E-01 -1.0384E+00 -9.7833E-02
  2.5463E+00  7.2000E+02  1.3083E+01  1.0243E+02  6.2094E-01 -1.3796E+00 -1.2408E-01
  2.1384E+00  7.6000E+02  1.4481E+01  1.0309E+02  6.1405E-01 -1.8178E+00 -1.5645E-01
  1.7473E+00  8.0000E+02  1.6047E+01  1.0372E+02  6.0623E-01 -2.3863E+00 -1.9691E-01
  1.3716E+00  8.4000E+02  1.7816E+01  1.0432E+02  5.9724E-01 -3.1117E+00 -2.4661E-01
  1.0103E+00  8.8000E+02  1.9853E+01  1.0489E+02  5.8677E-01 -4.0716E+00 -3.1038E-01
  6.6211E-01  9.2000E+02  2.2233E+01  1.0540E+02  5.7459E-01 -5.3630E+00 -3.9399E-01
  3.2570E-01  9.6000E+02  2.5028E+01  1.0579E+02  5.6060E-01 -7.1620E+00 -5.0832E-01
  4.5620E-04  1.0000E+03  2.8298E+01  1.0579E+02  5.4486E-01 -1.0052E+01 -6.8975E-01
