  26  6.0000000E+00
  2.9875E+01  1.0000E-03  1.1141E-01  9.3287E+01  1.1141E-01  0.0000E+00  0.0000E+00
  2.1254E+01  4.0000E+01  2.1748E-01  9.3292E+01  1.1087E-01 -1.1683E-02 -2.1249E-02
  1.6520E+01  8.0000E+01  1.0379E+00  9.3389E+01  1.0813E-01 -1.5287E-01 -1.5269E-01
  1.4009E+01  1.2000E+02  1.5654E+00  9.3462E+01  1.0643E-01 -1.8101E-01 -9.5882E-02
  1.2228E+01  1.6000E+02  1.9499E+00  9.3538E+01  1.0493E-01 -1.7293E-01 -6.4992E-02
  1.0867E+01  2.0000E+02  2.2140E+00  9.3719E+01  1.0359E-01 -6.1113E-02 -1.7542E-02
  9.7627E+00  2.4000E+02  2.4608E+00  9.4021E+01  1.0233E-01  4.9335E-02  1.1496E-02
  8.8222E+00  2.8000E+02  2.7592E+00  9.4415E+01  1.0113E-01  1.0150E-01  2.0142E-02
  7.9953E+00  3.2000E+02  3.1327E+00  9.4871E+01  9.9951E-02  1.0003E-01  1.7451E-02
  7.2530E+00  3.6000E+02  3.5781E+00  9.5371E+01  9.8786E-02  7.3346E-02  1.1486E-02
  6.5772E+00  4.0000E+02  4.0848E+00  9.5909E+01  9.7622E-02  4.6085E-02  6.5708E-03
  5.9553E+00  4.4000E+02  4.6476E+00  9.6489E+01  9.6449E-02  2.7969E-02  3.6694E-03
  5.3778E+00  4.8000E+02  5.2760E+00  9.7117E+01  9.5254E-02  3.6929E-04  4.4996E-05
  4.8369E+00  5.2000E+02  5.9884E+00  9.7788E+01  9.4019E-02 -7.6408E-02 -8.7205E-03
  4.3267E+00  5.6000E+02  6.7911E+00  9.8484E+01  9.2718E-02 -2.0983E-01 -2.2587E-02
  3.8430E+00  6.0000E+02  7.6802E+00  9.9191E+01  9.1315E-02 -3.7695E-01 -3.8460E-02
  3.3830E+00  6.4000E+02  8.6518E+00  9.9901E+01  8.9770E-02 -5.6885E-01 -5.5217E-02
  2.9440E+00  6.8000E+02  9.7070E+00  1.0061E+02  8.8031E-02 -7.9205E-01 -7.3359E-02
  2.5241E+00  7.2000E+02  1.0853E+01  1.0131E+02  8.6038E-02 -1.0602E+00 -9.3933E-02
  2.1215E+00  7.6000E+02  1.2102E+01  1.0200E+02  8.3722E-02 -1.3932E+00 -1.1833E-01
  1.7349E+00  8.0000E+02  1.3474E+01  1.0267E+02  8.1002E-02 -1.8177E+00 -1.4827E-01
  1.3629E+00  8.4000E+02  1.4995E+01  1.0331E+02  7.7801E-02 -2.3651E+00 -1.8560E-01
  1.0045E+00  8.8000E+02  1.6698E+01  1.0391E+02  7.4044E-02 -3.0637E+00 -2.3165E-01
  6.5871E-01  9.2000E+02  1.8694E+01  1.0448E+02  6.9412E-02 -4.1377E+00 -3.0189E-01
  3.2422E-01  9.6000E+02  2.1170E+01  1.0497E+02  6.3617E-02 -5.9412E+00 -4.1927E-01
  4.1283E-04  1.0000E+03  2.4157E+01  1.0516E+02  5.7140E-02 -8.6238E+00 -5.8915E-01
