  26  6.0000000E+00
  3.1900E+01  1.0000E-03  8.0444E-01  9.7467E+01  8.0444E-01  0.0000E+00  0.0000E+00
  2.2551E+01  4.0000E+01  9.7262E-01  9.7492E+01  8.0358E-01 -1.5293E-02 -3.0164E-02
  1.7400E+01  8.0000E+01  2.3802E+00  9.7472E+01  7.9610E-01 -2.7714E-01 -3.0119E-01
  1.4692E+01  1.2000E+02  3.1041E+00  9.7421E+01  7.9111E-01 -2.8612E-01 -1.6350E-01
  1.2793E+01  1.6000E+02  3.6007E+00  9.7480E+01  7.8659E-01 -2.3030E-01 -9.2231E-02
  1.1336E+01  2.0000E+02  4.0004E+00  9.7645E+01  7.8235E-01 -1.6134E-01 -4.9605E-02
  1.0151E+01  2.4000E+02  4.3682E+00  9.7909E+01  7.7829E-01 -8.7622E-02 -2.1912E-02
  9.1471E+00  2.8000E+02  4.7443E+00  9.8266E+01  7.7433E-01 -1.8982E-02 -4.0197E-03
  8.2712E+00  3.2000E+02  5.1725E+00  9.8713E+01  7.7041E-01  2.1159E-02  3.9100E-03
  7.4892E+00  3.6000E+02  5.6787E+00  9.9225E+01  7.6648E-01  8.4597E-03  1.3957E-03
  6.7794E+00  4.0000E+02  6.2701E+00  9.9787E+01  7.6246E-01 -4.1305E-02 -6.1861E-03
  6.1271E+00  4.4000E+02  6.9463E+00  1.0039E+02  7.5831E-01 -1.1896E-01 -1.6372E-02
  5.5221E+00  4.8000E+02  7.7052E+00  1.0101E+02  7.5397E-01 -2.1773E-01 -2.7789E-02
  4.9571E+00  5.2000E+02  8.5476E+00  1.0166E+02  7.4934E-01 -3.3901E-01 -4.0418E-02
  4.4261E+00  5.6000E+02  9.4778E+00  1.0233E+02  7.4434E-01 -4.9130E-01 -5.5035E-02
  3.9248E+00  6.0000E+02  1.0502E+01  1.0302E+02  7.3890E-01 -6.8409E-01 -7.2350E-02
  3.4497E+00  6.4000E+02  1.1629E+01  1.0370E+02  7.3292E-01 -9.2672E-01 -9.2907E-02
  2.9977E+00  6.8000E+02  1.2869E+01  1.0439E+02  7.2634E-01 -1.2311E+00 -1.1739E-01
  2.5667E+00  7.2000E+02  1.4238E+01  1.0506E+02  7.1904E-01 -1.6162E+00 -1.4699E-01
  2.1545E+00  7.6000E+02  1.5761E+01  1.0571E+02  7.1086E-01 -2.1136E+00 -1.8378E-01
  1.7597E+00  8.0000E+02  1.7469E+01  1.0633E+02  7.0159E-01 -2.7456E+00 -2.2870E-01
  1.3809E+00  8.4000E+02  1.9416E+01  1.0693E+02  6.9088E-01 -3.5722E+00 -2.8551E-01
  1.0168E+00  8.8000E+02  2.1675E+01  1.0749E+02  6.7836E-01 -4.6462E+00 -3.5688E-01
  6.6623E-01  9.2000E+02  2.4323E+01  1.0802E+02  6.6386E-01 -6.0617E+00 -4.4836E-01
  3.2768E-01  9.6000E+02  2.7417E+01  1.0841E+02  6.4740E-01 -7.9684E+00 -5.6917E-01
  4.8098E-04  1.0000E+03  3.0962E+01  1.0841E+02  6.2933E-01 -1.0829E+01 -7.4756E-01
