  26  6.0000000E+00
  3.0382E+01  1.0000E-03  3.3084E-01  9.3675E+01  3.3084E-01  0.0000E+00  0.0000E+00
  2.1548E+01  4.0000E+01  4.5265E-01  9.3685E+01  3.3014E-01 -1.2608E-02 -2.3500E-02
  1.6686E+01  8.0000E+01  1.4353E+00  9.3748E+01  3.2542E-01 -1.8910E-01 -1.9397E-01
  1.4110E+01  1.2000E+02  2.0365E+00  9.3765E+01  3.2234E-01 -2.2681E-01 -1.2324E-01
  1.2293E+01  1.6000E+02  2.4471E+00  9.3786E+01  3.1960E-01 -2.1464E-01 -8.2307E-02
  1.0911E+01  2.0000E+02  2.6992E+00  9.3922E+01  3.1711E-01 -8.3965E-02 -2.4483E-02
  9.7948E+00  2.4000E+02  2.9211E+00  9.4201E+01  3.1477E-01  5.0949E-02  1.1996E-02
  8.8483E+00  2.8000E+02  3.1902E+00  9.4583E+01  3.1249E-01  1.1907E-01  2.3779E-02
  8.0176E+00  3.2000E+02  3.5410E+00  9.5041E+01  3.1025E-01  1.3001E-01  2.2784E-02
  7.2723E+00  3.6000E+02  3.9761E+00  9.5548E+01  3.0801E-01  9.5757E-02  1.5058E-02
  6.5936E+00  4.0000E+02  4.4831E+00  9.6092E+01  3.0577E-01  5.5236E-02  7.9095E-03
  5.9689E+00  4.4000E+02  5.0535E+00  9.6676E+01  3.0350E-01  2.0616E-02  2.7172E-03
  5.3887E+00  4.8000E+02  5.6915E+00  9.7302E+01  3.0119E-01 -2.0476E-02 -2.5065E-03
  4.8454E+00  5.2000E+02  6.4104E+00  9.7966E+01  2.9882E-01 -9.9825E-02 -1.1441E-02
  4.3334E+00  5.6000E+02  7.2165E+00  9.8656E+01  2.9633E-01 -2.2848E-01 -2.4683E-02
  3.8483E+00  6.0000E+02  8.1079E+00  9.9357E+01  2.9368E-01 -3.9238E-01 -4.0154E-02
  3.3871E+00  6.4000E+02  9.0827E+00  1.0006E+02  2.9081E-01 -5.8480E-01 -5.6906E-02
  2.9472E+00  6.8000E+02  1.0143E+01  1.0076E+02  2.8766E-01 -8.1184E-01 -7.5349E-02
  2.5265E+00  7.2000E+02  1.1297E+01  1.0146E+02  2.8414E-01 -1.0871E+00 -9.6479E-02
  2.1234E+00  7.6000E+02  1.2557E+01  1.0214E+02  2.8018E-01 -1.4306E+00 -1.2168E-01
  1.7362E+00  8.0000E+02  1.3945E+01  1.0281E+02  2.7566E-01 -1.8702E+00 -1.5275E-01
  1.3639E+00  8.4000E+02  1.5489E+01  1.0345E+02  2.7046E-01 -2.4386E+00 -1.9158E-01
  1.0051E+00  8.8000E+02  1.7224E+01  1.0404E+02  2.6443E-01 -3.1727E+00 -2.4012E-01
  6.5904E-01  9.2000E+02  1.9255E+01  1.0459E+02  2.5711E-01 -4.2785E+00 -3.1241E-01
  3.2435E-01  9.6000E+02  2.1768E+01  1.0506E+02  2.4787E-01 -6.1221E+00 -4.3230E-01
  4.2419E-04  1.0000E+03  2.4838E+01  1.0520E+02  2.3692E-01 -9.0275E+00 -6.1696E-01
