  26  6.0000000E+00
  3.2103E+01  1.0000E-03  1.2347E+00  1.3674E+02  1.2347E+00  0.0000E+00  0.0000E+00
  2.2928E+01  4.0000E+01  1.4125E+00  1.3671E+02  1.2339E+00 -2.2640E-02 -4.3827E-02
  1.8087E+01  8.0000E+01  2.2291E+00  1.3688E+02  1.2257E+00 -1.3349E-01 -1.3635E-01
  1.5641E+01  1.2000E+02  2.5900E+00  1.3735E+02  1.2201E+00  4.1483E-02  2.1407E-02
  1.3866E+01  1.6000E+02  3.0876E+00  1.3805E+02  1.2146E+00  1.1720E-01  4.3889E-02
  1.2428E+01  2.0000E+02  3.8356E+00  1.3891E+02  1.2088E+00  7.5526E-02  2.2910E-02
  1.1200E+01  2.4000E+02  4.8513E+00  1.3986E+02  1.2025E+00 -5.6466E-02 -1.4624E-02
  1.0122E+01  2.8000E+02  6.0885E+00  1.4083E+02  1.1958E+00 -2.4772E-01 -5.6374E-02
  9.1586E+00  3.2000E+02  7.4957E+00  1.4182E+02  1.1884E+00 -4.3118E-01 -8.7623E-02
  8.2879E+00  3.6000E+02  9.0703E+00  1.4285E+02  1.1801E+00 -6.2168E-01 -1.1421E-01
  7.4926E+00  4.0000E+02  1.0844E+01  1.4394E+02  1.1704E+00 -8.6247E-01 -1.4471E-01
  6.7598E+00  4.4000E+02  1.2840E+01  1.4506E+02  1.1595E+00 -1.1899E+00 -1.8397E-01
  6.0796E+00  4.8000E+02  1.5059E+01  1.4619E+02  1.1474E+00 -1.6099E+00 -2.3102E-01
  5.4447E+00  5.2000E+02  1.7493E+01  1.4728E+02  1.1341E+00 -2.1161E+00 -2.8346E-01
  4.8493E+00  5.6000E+02  2.0113E+01  1.4830E+02  1.1199E+00 -2.6772E+00 -3.3631E-01
  4.2889E+00  6.0000E+02  2.2870E+01  1.4924E+02  1.1051E+00 -3.2549E+00 -3.8486E-01
  3.7598E+00  6.4000E+02  2.5755E+01  1.5007E+02  1.0895E+00 -3.8669E+00 -4.3163E-01
  3.2591E+00  6.8000E+02  2.8892E+01  1.5086E+02  1.0725E+00 -4.7023E+00 -4.9669E-01
  2.7843E+00  7.2000E+02  3.2683E+01  1.5168E+02  1.0516E+00 -6.2508E+00 -6.2621E-01
  2.3328E+00  7.6000E+02  3.7718E+01  1.5264E+02  1.0239E+00 -9.0221E+00 -8.5948E-01
  1.9021E+00  8.0000E+02  4.4261E+01  1.5374E+02  9.8822E-01 -1.2638E+01 -1.1482E+00
  1.4903E+00  8.4000E+02  5.2022E+01  1.5488E+02  9.4564E-01 -1.6076E+01 -1.3968E+00
  1.0957E+00  8.8000E+02  6.1098E+01  1.5604E+02  8.9468E-01 -2.0072E+01 -1.6711E+00
  7.1696E-01  9.2000E+02  7.2255E+01  1.5734E+02  8.2937E-01 -2.6015E+01 -2.0788E+00
  3.5230E-01  9.6000E+02  8.5490E+01  1.5871E+02  7.4827E-01 -3.2533E+01 -2.5030E+00
  7.3676E-04  1.0000E+03  1.0007E+02  1.5899E+02  6.5716E-01 -4.0692E+01 -3.0182E+00
