  26  6.0000000E+00
  3.0621E+01  1.0000E-03  4.1616E-01  9.3886E+01  4.1616E-01  0.0000E+00  0.0000E+00
  2.1702E+01  4.0000E+01  5.4554E-01  9.3899E+01  4.1543E-01 -1.3051E-02 -2.4559E-02
  1.6787E+01  8.0000E+01  1.6015E+00  9.3947E+01  4.1013E-01 -2.0501E-01 -2.1258E-01
  1.4184E+01  1.2000E+02  2.2340E+00  9.3949E+01  4.0664E-01 -2.4247E-01 -1.3317E-01
  1.2350E+01  1.6000E+02  2.6634E+00  9.3956E+01  4.0351E-01 -2.3010E-01 -8.9039E-02
  1.0955E+01  2.0000E+02  2.9274E+00  9.4079E+01  4.0068E-01 -1.0080E-01 -2.9667E-02
  9.8297E+00  2.4000E+02  3.1548E+00  9.4347E+01  3.9801E-01  3.5571E-02  8.4468E-03
  8.8767E+00  2.8000E+02  3.4212E+00  9.4720E+01  3.9541E-01  1.1250E-01  2.2621E-02
  8.0414E+00  3.2000E+02  3.7692E+00  9.5179E+01  3.9285E-01  1.3278E-01  2.3399E-02
  7.2924E+00  3.6000E+02  4.2066E+00  9.5689E+01  3.9028E-01  9.6356E-02  1.5228E-02
  6.6103E+00  4.0000E+02  4.7218E+00  9.6236E+01  3.8770E-01  4.7328E-02  6.8109E-03
  5.9824E+00  4.4000E+02  5.3046E+00  9.6819E+01  3.8509E-01 -5.4376E-04 -7.2032E-05
  5.3993E+00  4.8000E+02  5.9543E+00  9.7439E+01  3.8241E-01 -5.1446E-02 -6.3285E-03
  4.8538E+00  5.2000E+02  6.6796E+00  9.8094E+01  3.7965E-01 -1.2884E-01 -1.4831E-02
  4.3399E+00  5.6000E+02  7.4877E+00  9.8774E+01  3.7677E-01 -2.4870E-01 -2.6962E-02
  3.8535E+00  6.0000E+02  8.3800E+00  9.9468E+01  3.7369E-01 -4.0704E-01 -4.1774E-02
  3.3911E+00  6.4000E+02  9.3569E+00  1.0017E+02  3.7037E-01 -5.9903E-01 -5.8429E-02
  2.9503E+00  6.8000E+02  1.0422E+01  1.0087E+02  3.6674E-01 -8.2957E-01 -7.7150E-02
  2.5290E+00  7.2000E+02  1.1583E+01  1.0156E+02  3.6270E-01 -1.1118E+00 -9.8845E-02
  2.1252E+00  7.6000E+02  1.2854E+01  1.0224E+02  3.5816E-01 -1.4658E+00 -1.2486E-01
  1.7376E+00  8.0000E+02  1.4259E+01  1.0290E+02  3.5300E-01 -1.9200E+00 -1.5702E-01
  1.3648E+00  8.4000E+02  1.5824E+01  1.0353E+02  3.4710E-01 -2.5061E+00 -1.9710E-01
  1.0057E+00  8.8000E+02  1.7588E+01  1.0412E+02  3.4028E-01 -3.2687E+00 -2.4762E-01
  6.5936E-01  9.2000E+02  1.9651E+01  1.0466E+02  3.3207E-01 -4.3981E+00 -3.2140E-01
  3.2447E-01  9.6000E+02  2.2197E+01  1.0511E+02  3.2183E-01 -6.2625E+00 -4.4248E-01
  4.3486E-04  1.0000E+03  2.5340E+01  1.0523E+02  3.0949E-01 -9.3220E+00 -6.3729E-01
