  26  6.0000000E+00
  3.2096E+01  1.0000E-03  1.2625E+00  1.3648E+02  1.2625E+00  0.0000E+00  0.0000E+00
  2.2943E+01  4.0000E+01  1.4388E+00  1.3645E+02  1.2617E+00 -2.2480E-02 -4.3413E-02
  1.8121E+01  8.0000E+01  2.2387E+00  1.3662E+02  1.2534E+00 -1.3044E-01 -1.3269E-01
  1.5693E+01  1.2000E+02  2.5782E+00  1.3710E+02  1.2478E+00  5.7873E-02  2.9653E-02
  1.3928E+01  1.6000E+02  3.0717E+00  1.3784E+02  1.2422E+00  1.3947E-01  5.1921E-02
  1.2493E+01  2.0000E+02  3.8443E+00  1.3874E+02  1.2362E+00  8.6231E-02  2.6115E-02
  1.1264E+01  2.4000E+02  4.9081E+00  1.3973E+02  1.2298E+00 -6.0469E-02 -1.5681E-02
  1.0181E+01  2.8000E+02  6.2247E+00  1.4075E+02  1.2226E+00 -2.7169E-01 -6.2034E-02
  9.2133E+00  3.2000E+02  7.7617E+00  1.4180E+02  1.2145E+00 -4.9970E-01 -1.0207E-01
  8.3368E+00  3.6000E+02  9.5396E+00  1.4290E+02  1.2049E+00 -7.7365E-01 -1.4307E-01
  7.5356E+00  4.0000E+02  1.1626E+01  1.4407E+02  1.1932E+00 -1.1503E+00 -1.9443E-01
  6.7976E+00  4.4000E+02  1.4084E+01  1.4529E+02  1.1790E+00 -1.6732E+00 -2.6054E-01
  6.1132E+00  4.8000E+02  1.7016E+01  1.4658E+02  1.1618E+00 -2.4005E+00 -3.4659E-01
  5.4753E+00  5.2000E+02  2.0568E+01  1.4796E+02  1.1408E+00 -3.4089E+00 -4.5881E-01
  4.8778E+00  5.6000E+02  2.4896E+01  1.4944E+02  1.1154E+00 -4.7653E+00 -6.0067E-01
  4.3159E+00  6.0000E+02  3.0122E+01  1.5103E+02  1.0851E+00 -6.4699E+00 -7.6698E-01
  3.7856E+00  6.4000E+02  3.6274E+01  1.5271E+02  1.0498E+00 -8.4234E+00 -9.4258E-01
  3.2833E+00  6.8000E+02  4.3281E+01  1.5447E+02  1.0097E+00 -1.0461E+01 -1.1086E+00
  2.8062E+00  7.2000E+02  5.0995E+01  1.5625E+02  9.6536E-01 -1.2427E+01 -1.2509E+00
  2.3518E+00  7.6000E+02  5.9232E+01  1.5803E+02  9.1744E-01 -1.4219E+01 -1.3631E+00
  1.9180E+00  8.0000E+02  6.7800E+01  1.5975E+02  8.6668E-01 -1.5769E+01 -1.4432E+00
  1.5029E+00  8.4000E+02  7.6573E+01  1.6139E+02  8.1357E-01 -1.7184E+01 -1.5047E+00
  1.1051E+00  8.8000E+02  8.5665E+01  1.6294E+02  7.5718E-01 -1.8956E+01 -1.5912E+00
  7.2298E-01  9.2000E+02  9.5393E+01  1.6443E+02  6.9515E-01 -2.1577E+01 -1.7394E+00
  3.5511E-01  9.6000E+02  1.0642E+02  1.6579E+02  6.2311E-01 -2.6279E+01 -2.0396E+00
  7.0846E-04  1.0000E+03  1.2038E+02  1.6625E+02  5.3039E-01 -3.8088E+01 -2.8478E+00
