  26  6.0000000E+00
  3.2019E+01  1.0000E-03  1.0957E+00  1.1792E+02  1.0957E+00  0.0000E+00  0.0000E+00
  2.2801E+01  4.0000E+01  1.2543E+00  1.1793E+02  1.0948E+00 -1.6596E-02 -3.2276E-02
  1.7818E+01  8.0000E+01  2.3141E+00  1.1802E+02  1.0868E+00 -1.9497E-01 -2.0498E-01
  1.5251E+01  1.2000E+02  2.8115E+00  1.1827E+02  1.0813E+00 -9.6236E-02 -5.2126E-02
  1.3424E+01  1.6000E+02  3.2929E+00  1.1872E+02  1.0761E+00 -1.6345E-02 -6.2998E-03
  1.1975E+01  2.0000E+02  3.9061E+00  1.1929E+02  1.0709E+00 -3.0270E-02 -9.2546E-03
  1.0760E+01  2.4000E+02  4.6438E+00  1.1991E+02  1.0655E+00 -9.7706E-02 -2.5033E-02
  9.7095E+00  2.8000E+02  5.4786E+00  1.2057E+02  1.0601E+00 -1.6593E-01 -3.6788E-02
  8.7797E+00  3.2000E+02  6.3991E+00  1.2126E+02  1.0545E+00 -2.4418E-01 -4.7902E-02
  7.9435E+00  3.6000E+02  7.4015E+00  1.2199E+02  1.0487E+00 -3.3361E-01 -5.8855E-02
  7.1820E+00  4.0000E+02  8.4892E+00  1.2274E+02  1.0425E+00 -4.4380E-01 -7.1301E-02
  6.4816E+00  4.4000E+02  9.6663E+00  1.2350E+02  1.0360E+00 -5.8398E-01 -8.6293E-02
  5.8323E+00  4.8000E+02  1.0931E+01  1.2428E+02  1.0291E+00 -7.5781E-01 -1.0381E-01
  5.2265E+00  5.2000E+02  1.2272E+01  1.2504E+02  1.0219E+00 -9.5966E-01 -1.2265E-01
  4.6584E+00  5.6000E+02  1.3675E+01  1.2577E+02  1.0144E+00 -1.1784E+00 -1.4124E-01
  4.1235E+00  6.0000E+02  1.5128E+01  1.2647E+02  1.0067E+00 -1.4090E+00 -1.5902E-01
  3.6180E+00  6.4000E+02  1.6634E+01  1.2713E+02  9.9876E-01 -1.6651E+00 -1.7760E-01
  3.1388E+00  6.8000E+02  1.8213E+01  1.2777E+02  9.9028E-01 -1.9754E+00 -1.9973E-01
  2.6833E+00  7.2000E+02  1.9911E+01  1.2838E+02  9.8097E-01 -2.3902E+00 -2.2971E-01
  2.2492E+00  7.6000E+02  2.1808E+01  1.2897E+02  9.7034E-01 -2.9938E+00 -2.7416E-01
  1.8347E+00  8.0000E+02  2.4039E+01  1.2957E+02  9.5759E-01 -3.9345E+00 -3.4408E-01
  1.4380E+00  8.4000E+02  2.6819E+01  1.3019E+02  9.4162E-01 -5.4515E+00 -4.5626E-01
  1.0576E+00  8.8000E+02  3.0461E+01  1.3083E+02  9.2078E-01 -7.8802E+00 -6.3244E-01
  6.9220E-01  9.2000E+02  3.5493E+01  1.3154E+02  8.9216E-01 -1.1848E+01 -9.1338E-01
  3.4019E-01  9.6000E+02  4.2448E+01  1.3227E+02  8.5297E-01 -1.7670E+01 -1.3123E+00
  6.8857E-04  1.0000E+03  5.1110E+01  1.3263E+02  8.0497E-01 -2.4462E+01 -1.7522E+00
