  26  6.0000000E+00
  3.2086E+01  1.0000E-03  1.2734E+00  1.3467E+02  1.2734E+00  0.0000E+00  0.0000E+00
  2.2946E+01  4.0000E+01  1.4473E+00  1.3465E+02  1.2726E+00 -2.2031E-02 -4.2483E-02
  1.8130E+01  8.0000E+01  2.2485E+00  1.3481E+02  1.2643E+00 -1.3171E-01 -1.3385E-01
  1.5704E+01  1.2000E+02  2.5829E+00  1.3529E+02  1.2587E+00  5.9121E-02  3.0250E-02
  1.3944E+01  1.6000E+02  3.0703E+00  1.3603E+02  1.2530E+00  1.4549E-01  5.4045E-02
  1.2510E+01  2.0000E+02  3.8490E+00  1.3694E+02  1.2470E+00  8.8956E-02  2.6916E-02
  1.1280E+01  2.4000E+02  4.9372E+00  1.3794E+02  1.2404E+00 -7.0662E-02 -1.8336E-02
  1.0196E+01  2.8000E+02  6.3068E+00  1.3899E+02  1.2328E+00 -2.9798E-01 -6.8143E-02
  9.2257E+00  3.2000E+02  7.9591E+00  1.4010E+02  1.2235E+00 -5.5763E-01 -1.1413E-01
  8.3474E+00  3.6000E+02  9.9759E+00  1.4132E+02  1.2118E+00 -9.1143E-01 -1.6889E-01
  7.5447E+00  4.0000E+02  1.2493E+01  1.4267E+02  1.1966E+00 -1.4498E+00 -2.4551E-01
  6.8056E+00  4.4000E+02  1.5620E+01  1.4416E+02  1.1775E+00 -2.2191E+00 -3.4607E-01
  6.1204E+00  4.8000E+02  1.9486E+01  1.4578E+02  1.1537E+00 -3.2714E+00 -4.7288E-01
  5.4819E+00  5.2000E+02  2.4190E+01  1.4754E+02  1.1251E+00 -4.6106E+00 -6.2112E-01
  4.8840E+00  5.6000E+02  2.9765E+01  1.4942E+02  1.0917E+00 -6.1761E+00 -7.7913E-01
  4.3217E+00  6.0000E+02  3.6164E+01  1.5140E+02  1.0536E+00 -7.8603E+00 -9.3249E-01
  3.7909E+00  6.4000E+02  4.3276E+01  1.5345E+02  1.0115E+00 -9.5448E+00 -1.0688E+00
  3.2882E+00  6.8000E+02  5.0953E+01  1.5553E+02  9.6592E-01 -1.1132E+01 -1.1806E+00
  2.8107E+00  7.2000E+02  5.9032E+01  1.5761E+02  9.1755E-01 -1.2560E+01 -1.2654E+00
  2.3559E+00  7.6000E+02  6.7354E+01  1.5965E+02  8.6713E-01 -1.3813E+01 -1.3257E+00
  1.9215E+00  8.0000E+02  7.5776E+01  1.6159E+02  8.1544E-01 -1.4909E+01 -1.3663E+00
  1.5058E+00  8.4000E+02  8.4210E+01  1.6340E+02  7.6295E-01 -1.5948E+01 -1.3988E+00
  1.1072E+00  8.8000E+02  9.2756E+01  1.6505E+02  7.0891E-01 -1.7292E+01 -1.4542E+00
  7.2436E-01  9.2000E+02  1.0192E+02  1.6665E+02  6.4961E-01 -1.9772E+01 -1.5969E+00
  3.5582E-01  9.6000E+02  1.1266E+02  1.6827E+02  5.7871E-01 -2.4760E+01 -1.9252E+00
  7.3912E-04  1.0000E+03  1.2608E+02  1.6905E+02  4.9040E-01 -3.5595E+01 -2.6666E+00
