  25  6.0000000E+00
  2.7275E+01  2.0000E+01  8.8884E-01  1.1886E+02  6.3795E-01  0.0000E+00  0.0000E+00
  1.9896E+01  6.0000E+01  1.4860E+00  1.1892E+02  6.3462E-01 -7.2570E-02 -1.1299E-01
  1.6526E+01  1.0000E+02  1.9840E+00  1.1907E+02  6.3138E-01 -1.0422E-01 -7.4092E-02
  1.4300E+01  1.4000E+02  2.4467E+00  1.1926E+02  6.2816E-01 -1.2221E-01 -5.7401E-02
  1.2639E+01  1.8000E+02  2.8755E+00  1.1951E+02  6.2492E-01 -1.0985E-01 -3.8496E-02
  1.1310E+01  2.2000E+02  3.2760E+00  1.1982E+02  6.2169E-01 -6.1869E-02 -1.7353E-02
  1.0204E+01  2.6000E+02  3.6495E+00  1.2025E+02  6.1849E-01  5.1802E-02  1.2081E-02
  9.2506E+00  3.0000E+02  4.1161E+00  1.2082E+02  6.1524E-01  1.0494E-01  2.1114E-02
  8.3942E+00  3.4000E+02  4.7417E+00  1.2144E+02  6.1181E-01 -1.1447E-02 -2.0683E-03
  7.6111E+00  3.8000E+02  5.5041E+00  1.2208E+02  6.0808E-01 -1.5549E-01 -2.5690E-02
  6.8852E+00  4.2000E+02  6.3934E+00  1.2275E+02  6.0393E-01 -3.0484E-01 -4.6684E-02
  6.2295E+00  4.6000E+02  7.3849E+00  1.2342E+02  5.9938E-01 -4.8752E-01 -6.7447E-02
  5.6119E+00  5.0000E+02  8.5363E+00  1.2412E+02  5.9406E-01 -7.3371E-01 -9.5598E-02
  5.0149E+00  5.4000E+02  9.9210E+00  1.2484E+02  5.8758E-01 -1.0996E+00 -1.3851E-01
  4.4800E+00  5.8000E+02  1.1438E+01  1.2554E+02  5.8019E-01 -1.5301E+00 -1.7268E-01
  3.9524E+00  6.2000E+02  1.3272E+01  1.2632E+02  5.7101E-01 -2.0013E+00 -2.2278E-01
  3.4762E+00  6.6000E+02  1.5325E+01  1.2711E+02  5.6072E-01 -2.6629E+00 -2.6753E-01
  3.0000E+00  7.0000E+02  1.7864E+01  1.2797E+02  5.4815E-01 -3.5251E+00 -3.5416E-01
  2.5694E+00  7.4000E+02  2.0717E+01  1.2881E+02  5.3430E-01 -4.6723E+00 -4.2444E-01
  2.1389E+00  7.8000E+02  2.4256E+01  1.2970E+02  5.1748E-01 -6.1484E+00 -5.5853E-01
  1.7371E+00  8.2000E+02  2.8237E+01  1.3054E+02  4.9899E-01 -7.8237E+00 -6.6308E-01
  1.3492E+00  8.6000E+02  3.2765E+01  1.3130E+02  4.7841E-01 -9.7028E+00 -7.9422E-01
  9.6491E-01  9.0000E+02  3.7931E+01  1.3194E+02  4.5540E-01 -1.1791E+01 -9.5594E-01
  6.1404E-01  9.4000E+02  4.3460E+01  1.3231E+02  4.3122E-01 -1.4697E+01 -1.0880E+00
  2.6316E-01  9.8000E+02  4.9949E+01  1.3224E+02  4.0331E-01 -1.8683E+01 -1.3831E+00
