  25  9.5995000E+01
  2.6791E+01  2.0000E+01  1.2642E+01  2.3323E+02  8.0719E+00  0.0000E+00  0.0000E+00
  1.9707E+01  6.0000E+01  1.8218E+01  2.3549E+02  7.6469E+00 -4.6849E-01 -7.0019E-01
  1.6372E+01  1.0000E+02  2.2754E+01  2.3747E+02  7.4204E+00 -7.6487E-01 -5.3824E-01
  1.4144E+01  1.4000E+02  2.8574E+01  2.3931E+02  7.2161E+00 -1.7869E+00 -8.3985E-01
  1.2457E+01  1.8000E+02  3.7058E+01  2.4101E+02  6.9366E+00 -4.0236E+00 -1.4319E+00
  1.1097E+01  2.2000E+02  4.6992E+01  2.4258E+02  6.6002E+00 -6.1492E+00 -1.7651E+00
  9.9564E+00  2.6000E+02  5.6781E+01  2.4407E+02  6.2505E+00 -7.2774E+00 -1.7506E+00
  8.9750E+00  3.0000E+02  6.5799E+01  2.4571E+02  5.8978E+00 -7.5146E+00 -1.5558E+00
  8.1127E+00  3.4000E+02  7.4235E+01  2.4778E+02  5.5559E+00 -7.3881E+00 -1.3442E+00
  7.3415E+00  3.8000E+02  8.2565E+01  2.5055E+02  5.2266E+00 -7.2086E+00 -1.1729E+00
  6.6411E+00  4.2000E+02  9.1331E+01  2.5407E+02  4.9096E+00 -7.4802E+00 -1.1053E+00
  5.9972E+00  4.6000E+02  1.0069E+02  2.5816E+02  4.6127E+00 -8.1755E+00 -1.1107E+00
  5.3998E+00  5.0000E+02  1.1046E+02  2.6261E+02  4.3428E+00 -8.9310E+00 -1.1256E+00
  4.8417E+00  5.4000E+02  1.2046E+02  2.6726E+02  4.0998E+00 -9.5732E+00 -1.1272E+00
  4.3176E+00  5.8000E+02  1.3049E+02  2.7203E+02  3.8795E+00 -1.0034E+01 -1.1096E+00
  3.8232E+00  6.2000E+02  1.4041E+02  2.7688E+02  3.6783E+00 -1.0253E+01 -1.0695E+00
  3.3549E+00  6.6000E+02  1.5029E+02  2.8193E+02  3.4929E+00 -1.0333E+01 -1.0208E+00
  2.9099E+00  7.0000E+02  1.6027E+02  2.8722E+02  3.3211E+00 -1.0529E+01 -9.8865E-01
  2.4853E+00  7.4000E+02  1.7042E+02  2.9272E+02  3.1612E+00 -1.0955E+01 -9.8123E-01
  2.0792E+00  7.8000E+02  1.8071E+02  2.9831E+02  3.0114E+00 -1.1571E+01 -9.9146E-01
  1.6897E+00  8.2000E+02  1.9110E+02  3.0387E+02  2.8695E+00 -1.2388E+01 -1.0179E+00
  1.3155E+00  8.6000E+02  2.0153E+02  3.0928E+02  2.7332E+00 -1.3427E+01 -1.0603E+00
  9.5521E-01  9.0000E+02  2.1196E+02  3.1446E+02  2.6002E+00 -1.4546E+01 -1.1056E+00
  6.0777E-01  9.4000E+02  2.2318E+02  3.1997E+02  2.4676E+00 -1.6476E+01 -1.2077E+00
  2.7165E-01  9.8000E+02  2.3584E+02  3.2502E+02  2.3380E+00 -2.2608E+01 -1.6032E+00
