  25  9.5995000E+01
  2.6889E+01  2.0000E+01  1.2182E+01  2.4112E+02  8.4112E+00  0.0000E+00  0.0000E+00
  1.9775E+01  6.0000E+01  1.7015E+01  2.4187E+02  8.0402E+00 -5.7396E-01 -8.6140E-01
  1.6431E+01  1.0000E+02  2.1182E+01  2.4284E+02  7.8331E+00 -9.5792E-01 -6.7588E-01
  1.4200E+01  1.4000E+02  2.7017E+01  2.4417E+02  7.6318E+00 -2.0159E+00 -9.4892E-01
  1.2509E+01  1.8000E+02  3.6125E+01  2.4560E+02  7.3309E+00 -4.5440E+00 -1.6210E+00
  1.1144E+01  2.2000E+02  4.6885E+01  2.4697E+02  6.9618E+00 -6.8747E+00 -1.9797E+00
  9.9998E+00  2.6000E+02  5.7265E+01  2.4835E+02  6.5783E+00 -7.8685E+00 -1.8996E+00
  9.0147E+00  3.0000E+02  6.6541E+01  2.4992E+02  6.2014E+00 -7.8189E+00 -1.6250E+00
  8.1491E+00  3.4000E+02  7.4945E+01  2.5197E+02  5.8470E+00 -7.3443E+00 -1.3413E+00
  7.3747E+00  3.8000E+02  8.3179E+01  2.5478E+02  5.5113E+00 -7.0003E+00 -1.1436E+00
  6.6713E+00  4.2000E+02  9.1934E+01  2.5838E+02  5.1901E+00 -7.3309E+00 -1.0880E+00
  6.0243E+00  4.6000E+02  1.0135E+02  2.6253E+02  4.8889E+00 -8.1421E+00 -1.1113E+00
  5.4240E+00  5.0000E+02  1.1123E+02  2.6701E+02  4.6133E+00 -8.9834E+00 -1.1378E+00
  4.8632E+00  5.4000E+02  1.2133E+02  2.7170E+02  4.3628E+00 -9.6616E+00 -1.1431E+00
  4.3365E+00  5.8000E+02  1.3147E+02  2.7651E+02  4.1338E+00 -1.0126E+01 -1.1252E+00
  3.8397E+00  6.2000E+02  1.4154E+02  2.8142E+02  3.9230E+00 -1.0372E+01 -1.0872E+00
  3.3692E+00  6.6000E+02  1.5158E+02  2.8652E+02  3.7277E+00 -1.0512E+01 -1.0435E+00
  2.9219E+00  7.0000E+02  1.6170E+02  2.9183E+02  3.5460E+00 -1.0742E+01 -1.0136E+00
  2.4954E+00  7.4000E+02  1.7193E+02  2.9732E+02  3.3764E+00 -1.1118E+01 -1.0005E+00
  2.0875E+00  7.8000E+02  1.8230E+02  3.0292E+02  3.2169E+00 -1.1704E+01 -1.0073E+00
  1.6963E+00  8.2000E+02  1.9279E+02  3.0850E+02  3.0652E+00 -1.2546E+01 -1.0354E+00
  1.3205E+00  8.6000E+02  2.0334E+02  3.1391E+02  2.9190E+00 -1.3654E+01 -1.0827E+00
  9.5882E-01  9.0000E+02  2.1391E+02  3.1911E+02  2.7756E+00 -1.4852E+01 -1.1333E+00
  6.1005E-01  9.4000E+02  2.2539E+02  3.2469E+02  2.6323E+00 -1.6921E+01 -1.2451E+00
  2.7266E-01  9.8000E+02  2.3842E+02  3.2986E+02  2.4919E+00 -2.3292E+01 -1.6580E+00
