  25  9.5995000E+01
  2.7473E+01  2.0000E+01  1.6341E+01  2.7705E+02  1.1211E+01  0.0000E+00  0.0000E+00
  2.0339E+01  6.0000E+01  2.1497E+01  2.8019E+02  1.0651E+01 -2.8368E-01 -4.2697E-01
  1.7010E+01  1.0000E+02  2.6813E+01  2.8226E+02  1.0358E+01 -9.7428E-01 -6.8433E-01
  1.4786E+01  1.4000E+02  3.7668E+01  2.8459E+02  9.9350E+00 -3.8348E+00 -1.7992E+00
  1.3097E+01  1.8000E+02  5.1937E+01  2.8732E+02  9.3380E+00 -6.8298E+00 -2.4340E+00
  1.1731E+01  2.2000E+02  6.5771E+01  2.9067E+02  8.6914E+00 -7.6702E+00 -2.2112E+00
  1.0578E+01  2.6000E+02  7.8879E+01  2.9545E+02  8.0541E+00 -7.2206E+00 -1.7567E+00
  9.5719E+00  3.0000E+02  9.2161E+01  3.0155E+02  7.4650E+00 -7.1398E+00 -1.5149E+00
  8.6743E+00  3.4000E+02  1.0619E+02  3.0858E+02  6.9389E+00 -7.8049E+00 -1.4780E+00
  7.8607E+00  3.8000E+02  1.2058E+02  3.1592E+02  6.4884E+00 -8.6564E+00 -1.4859E+00
  7.1153E+00  4.2000E+02  1.3499E+02  3.2344E+02  6.1050E+00 -9.2540E+00 -1.4553E+00
  6.4268E+00  4.6000E+02  1.4905E+02  3.3088E+02  5.7729E+00 -9.6200E+00 -1.3974E+00
  5.7867E+00  5.0000E+02  1.6270E+02  3.3827E+02  5.4789E+00 -9.7595E+00 -1.3180E+00
  5.1882E+00  5.4000E+02  1.7593E+02  3.4559E+02  5.2136E+00 -9.8934E+00 -1.2492E+00
  4.6259E+00  5.8000E+02  1.8892E+02  3.5291E+02  4.9709E+00 -1.0080E+01 -1.1958E+00
  4.0954E+00  6.2000E+02  2.0178E+02  3.6024E+02  4.7461E+00 -1.0413E+01 -1.1657E+00
  3.5928E+00  6.6000E+02  2.1454E+02  3.6757E+02  4.5353E+00 -1.0813E+01 -1.1465E+00
  3.1152E+00  7.0000E+02  2.2735E+02  3.7495E+02  4.3355E+00 -1.1367E+01 -1.1455E+00
  2.6600E+00  7.4000E+02  2.4004E+02  3.8218E+02  4.1446E+00 -1.1993E+01 -1.1519E+00
  2.2249E+00  7.8000E+02  2.5286E+02  3.8937E+02  3.9611E+00 -1.2933E+01 -1.1871E+00
  1.8082E+00  8.2000E+02  2.6556E+02  3.9606E+02  3.7809E+00 -1.4434E+01 -1.2688E+00
  1.4085E+00  8.6000E+02  2.7958E+02  4.0305E+02  3.5886E+00 -1.7603E+01 -1.4846E+00
  1.0239E+00  9.0000E+02  2.9857E+02  4.1208E+02  3.3587E+00 -2.5883E+01 -2.1004E+00
  6.5203E-01  9.4000E+02  3.2674E+02  4.2435E+02  3.0738E+00 -4.2765E+01 -3.3550E+00
  2.9151E-01  9.8000E+02  3.5690E+02  4.3334E+02  2.7730E+00 -5.8724E+01 -4.4667E+00
