  25  9.5995000E+01
  2.7480E+01  2.0000E+01  1.5568E+01  2.8289E+02  1.1590E+01  0.0000E+00  0.0000E+00
  2.0358E+01  6.0000E+01  2.0135E+01  2.8336E+02  1.1078E+01 -5.7481E-01 -8.6368E-01
  1.7035E+01  1.0000E+02  2.6547E+01  2.8459E+02  1.0766E+01 -1.5590E+00 -1.0929E+00
  1.4818E+01  1.4000E+02  3.8702E+01  2.8654E+02  1.0259E+01 -4.6034E+00 -2.1532E+00
  1.3142E+01  1.8000E+02  5.2029E+01  2.8909E+02  9.6458E+00 -6.4289E+00 -2.2736E+00
  1.1787E+01  2.2000E+02  6.4628E+01  2.9311E+02  9.0141E+00 -6.3326E+00 -1.8103E+00
  1.0637E+01  2.6000E+02  7.7642E+01  2.9869E+02  8.3940E+00 -6.4660E+00 -1.5683E+00
  9.6302E+00  3.0000E+02  9.1468E+01  3.0502E+02  7.7989E+00 -7.4445E+00 -1.5818E+00
  8.7301E+00  3.4000E+02  1.0630E+02  3.1207E+02  7.2439E+00 -8.6471E+00 -1.6421E+00
  7.9138E+00  3.8000E+02  1.2188E+02  3.1953E+02  6.7499E+00 -9.9449E+00 -1.7127E+00
  7.1658E+00  4.2000E+02  1.3772E+02  3.2726E+02  6.3181E+00 -1.0845E+01 -1.7115E+00
  6.4748E+00  4.6000E+02  1.5333E+02  3.3514E+02  5.9386E+00 -1.1192E+01 -1.6317E+00
  5.8322E+00  5.0000E+02  1.6853E+02  3.4319E+02  5.6021E+00 -1.1111E+01 -1.5063E+00
  5.2312E+00  5.4000E+02  1.8334E+02  3.5141E+02  5.3013E+00 -1.0963E+01 -1.3902E+00
  4.6662E+00  5.8000E+02  1.9786E+02  3.5979E+02  5.0299E+00 -1.0886E+01 -1.2976E+00
  4.1327E+00  6.2000E+02  2.1219E+02  3.6829E+02  4.7819E+00 -1.0917E+01 -1.2287E+00
  3.6270E+00  6.6000E+02  2.2644E+02  3.7690E+02  4.5518E+00 -1.1166E+01 -1.1913E+00
  3.1461E+00  7.0000E+02  2.4069E+02  3.8551E+02  4.3351E+00 -1.1715E+01 -1.1887E+00
  2.6873E+00  7.4000E+02  2.5518E+02  3.9416E+02  4.1279E+00 -1.2726E+01 -1.2318E+00
  2.2485E+00  7.8000E+02  2.6991E+02  4.0264E+02  3.9262E+00 -1.4240E+01 -1.3183E+00
  1.8278E+00  8.2000E+02  2.8562E+02  4.1125E+02  3.7241E+00 -1.6894E+01 -1.4993E+00
  1.4238E+00  8.6000E+02  3.0306E+02  4.1982E+02  3.5069E+00 -2.1947E+01 -1.8711E+00
  1.0347E+00  9.0000E+02  3.2599E+02  4.3020E+02  3.2466E+00 -3.2248E+01 -2.6473E+00
  6.5859E-01  9.4000E+02  3.5664E+02  4.4292E+02  2.9365E+00 -4.7706E+01 -3.7853E+00
  2.9430E-01  9.8000E+02  3.8808E+02  4.5186E+02  2.6160E+00 -6.1739E+01 -4.7452E+00
