  25  9.5995000E+01
  2.5523E+01  2.0000E+01  3.9028E+00  2.1109E+02  5.4580E-01  0.0000E+00  0.0000E+00
  1.8748E+01  6.0000E+01  8.3196E+00  2.1247E+02  4.9155E-01 -4.4794E-01 -6.4027E-01
  1.5576E+01  1.0000E+02  1.1475E+01  2.1399E+02  4.5624E-01 -5.1616E-01 -3.4544E-01
  1.3468E+01  1.4000E+02  1.4102E+01  2.1548E+02  4.2743E-01 -5.3662E-01 -2.3870E-01
  1.1880E+01  1.8000E+02  1.6478E+01  2.1696E+02  4.0145E-01 -5.6812E-01 -1.9039E-01
  1.0600E+01  2.2000E+02  2.1358E+01  2.1846E+02  3.6356E-01 -2.6411E+00 -7.1296E-01
  9.5252E+00  2.6000E+02  3.1524E+01  2.2018E+02  3.0553E-01 -7.8494E+00 -1.7802E+00
  8.5960E+00  3.0000E+02  4.1923E+01  2.2211E+02  2.5695E-01 -9.1191E+00 -1.7877E+00
  7.7765E+00  3.4000E+02  5.1097E+01  2.2425E+02  2.2156E-01 -8.5791E+00 -1.4834E+00
  7.0422E+00  3.8000E+02  5.9072E+01  2.2666E+02  1.9525E-01 -7.5889E+00 -1.1756E+00
  6.3760E+00  4.2000E+02  6.6101E+01  2.2931E+02  1.7447E-01 -6.5600E+00 -9.2212E-01
  5.7652E+00  4.6000E+02  7.2518E+01  2.3220E+02  1.5729E-01 -5.7799E+00 -7.4485E-01
  5.2006E+00  5.0000E+02  7.8502E+01  2.3540E+02  1.4277E-01 -4.9282E+00 -5.8697E-01
  4.6749E+00  5.4000E+02  8.4354E+01  2.3932E+02  1.3047E-01 -3.6843E+00 -4.0864E-01
  4.1800E+00  5.8000E+02  9.1753E+01  2.4449E+02  1.1933E-01 -4.4939E+00 -4.6921E-01
  3.7100E+00  6.2000E+02  1.0076E+02  2.4995E+02  1.0853E-01 -7.5546E+00 -7.4917E-01
  3.2620E+00  6.6000E+02  1.1082E+02  2.5556E+02  9.8106E-02 -9.9163E+00 -9.3736E-01
  2.8338E+00  7.0000E+02  1.2146E+02  2.6124E+02  8.8267E-02 -1.1611E+01 -1.0489E+00
  2.4236E+00  7.4000E+02  1.3243E+02  2.6693E+02  7.9149E-02 -1.2857E+01 -1.1126E+00
  2.0300E+00  7.8000E+02  1.4343E+02  2.7253E+02  7.0793E-02 -1.3715E+01 -1.1388E+00
  1.6517E+00  8.2000E+02  1.5444E+02  2.7807E+02  6.3148E-02 -1.4491E+01 -1.1568E+00
  1.2874E+00  8.6000E+02  1.6521E+02  2.8331E+02  5.6011E-02 -1.5155E+01 -1.1647E+00
  9.3606E-01  9.0000E+02  1.7705E+02  2.8913E+02  4.8668E-02 -1.7135E+01 -1.2701E+00
  5.9624E-01  9.4000E+02  1.9004E+02  2.9526E+02  4.1101E-02 -2.0180E+01 -1.4468E+00
  2.6673E-01  9.8000E+02  2.0320E+02  3.0028E+02  3.4408E-02 -2.4708E+01 -1.7177E+00
