  25  9.5995000E+01
  2.6216E+01  2.0000E+01  9.8330E+00  2.2556E+02  6.5615E+00  0.0000E+00  0.0000E+00
  1.9283E+01  6.0000E+01  1.4150E+01  2.2626E+02  6.2704E+00 -5.2104E-01 -7.6218E-01
  1.6015E+01  1.0000E+02  1.7969E+01  2.2718E+02  6.1013E+00 -8.8719E-01 -6.1166E-01
  1.3836E+01  1.4000E+02  2.1846E+01  2.2808E+02  5.9564E+00 -1.3693E+00 -6.2944E-01
  1.2193E+01  1.8000E+02  2.6606E+01  2.2914E+02  5.7984E+00 -2.2510E+00 -7.8048E-01
  1.0868E+01  2.2000E+02  3.2600E+01  2.3024E+02  5.6002E+00 -3.6898E+00 -1.0314E+00
  9.7564E+00  2.6000E+02  4.0244E+01  2.3147E+02  5.3557E+00 -5.7693E+00 -1.3532E+00
  8.7974E+00  3.0000E+02  4.9522E+01  2.3293E+02  5.0618E+00 -8.1497E+00 -1.6489E+00
  7.9531E+00  3.4000E+02  5.9208E+01  2.3477E+02  4.7351E+00 -9.3029E+00 -1.6571E+00
  7.1973E+00  3.8000E+02  6.8524E+01  2.3714E+02  4.4177E+00 -9.1807E+00 -1.4639E+00
  6.5111E+00  4.2000E+02  7.7434E+01  2.4011E+02  4.1263E+00 -8.6580E+00 -1.2535E+00
  5.8806E+00  4.6000E+02  8.6203E+01  2.4354E+02  3.8646E+00 -8.4671E+00 -1.1262E+00
  5.2962E+00  5.0000E+02  9.4988E+01  2.4731E+02  3.6329E+00 -8.5926E+00 -1.0596E+00
  4.7505E+00  5.4000E+02  1.0380E+02  2.5128E+02  3.4275E+00 -8.8502E+00 -1.0188E+00
  4.2384E+00  5.8000E+02  1.1251E+02  2.5542E+02  3.2432E+00 -8.9509E+00 -9.6718E-01
  3.7554E+00  6.2000E+02  1.2123E+02  2.5987E+02  3.0757E+00 -8.8451E+00 -9.0133E-01
  3.2977E+00  6.6000E+02  1.3020E+02  2.6474E+02  2.9212E+00 -8.9411E+00 -8.6330E-01
  2.8622E+00  7.0000E+02  1.3954E+02  2.6998E+02  2.7773E+00 -9.4290E+00 -8.6644E-01
  2.4462E+00  7.4000E+02  1.4925E+02  2.7543E+02  2.6420E+00 -1.0209E+01 -8.9605E-01
  2.0476E+00  7.8000E+02  1.5926E+02  2.8099E+02  2.5138E+00 -1.1184E+01 -9.4040E-01
  1.6649E+00  8.2000E+02  1.6950E+02  2.8654E+02  2.3917E+00 -1.2257E+01 -9.8959E-01
  1.2968E+00  8.6000E+02  1.7983E+02  2.9194E+02  2.2746E+00 -1.3377E+01 -1.0391E+00
  9.4201E-01  9.0000E+02  1.9019E+02  2.9713E+02  2.1608E+00 -1.4564E+01 -1.0901E+00
  5.9957E-01  9.4000E+02  2.0115E+02  3.0245E+02  2.0472E+00 -1.6506E+01 -1.1925E+00
  2.6808E-01  9.8000E+02  2.1341E+02  3.0728E+02  1.9359E+00 -2.2375E+01 -1.5649E+00
