  25  9.5995000E+01
  2.5537E+01  2.0000E+01  5.0962E+00  2.1094E+02  1.7070E+00  0.0000E+00  0.0000E+00
  1.8758E+01  6.0000E+01  9.4724E+00  2.1234E+02  1.5882E+00 -4.3928E-01 -6.2830E-01
  1.5586E+01  1.0000E+02  1.2576E+01  2.1387E+02  1.5143E+00 -4.9786E-01 -3.3324E-01
  1.3478E+01  1.4000E+02  1.5155E+01  2.1537E+02  1.4551E+00 -5.0957E-01 -2.2661E-01
  1.1890E+01  1.8000E+02  1.7524E+01  2.1686E+02  1.4031E+00 -5.5511E-01 -1.8598E-01
  1.0610E+01  2.2000E+02  2.2375E+01  2.1838E+02  1.3257E+00 -2.6038E+00 -7.0289E-01
  9.5350E+00  2.6000E+02  3.2425E+01  2.2013E+02  1.1940E+00 -7.7206E+00 -1.7515E+00
  8.6053E+00  3.0000E+02  4.2884E+01  2.2208E+02  1.0608E+00 -9.1516E+00 -1.7950E+00
  7.7852E+00  3.4000E+02  5.2120E+01  2.2425E+02  9.5034E-01 -8.6129E+00 -1.4903E+00
  7.0503E+00  3.8000E+02  6.0127E+01  2.2670E+02  8.6303E-01 -7.5643E+00 -1.1728E+00
  6.3833E+00  4.2000E+02  6.7227E+01  2.2942E+02  7.9367E-01 -6.5651E+00 -9.2395E-01
  5.7714E+00  4.6000E+02  7.3803E+01  2.3237E+02  7.3606E-01 -5.9233E+00 -7.6463E-01
  5.2056E+00  5.0000E+02  8.0034E+01  2.3559E+02  6.8627E-01 -5.3209E+00 -6.3519E-01
  4.6787E+00  5.4000E+02  8.6074E+01  2.3941E+02  6.4250E-01 -4.2083E+00 -4.6784E-01
  4.1831E+00  5.8000E+02  9.3385E+01  2.4446E+02  6.0194E-01 -4.5606E+00 -4.7682E-01
  3.7128E+00  6.2000E+02  1.0232E+02  2.4997E+02  5.6170E-01 -7.2720E+00 -7.2164E-01
  3.2644E+00  6.6000E+02  1.1242E+02  2.5565E+02  5.2161E-01 -9.8700E+00 -9.3365E-01
  2.8359E+00  7.0000E+02  1.2319E+02  2.6141E+02  4.8288E-01 -1.1689E+01 -1.0568E+00
  2.4254E+00  7.4000E+02  1.3429E+02  2.6720E+02  4.4616E-01 -1.2970E+01 -1.1233E+00
  2.0314E+00  7.8000E+02  1.4551E+02  2.7294E+02  4.1156E-01 -1.3891E+01 -1.1546E+00
  1.6526E+00  8.2000E+02  1.5670E+02  2.7859E+02  3.7909E-01 -1.4635E+01 -1.1696E+00
  1.2878E+00  8.6000E+02  1.6776E+02  2.8403E+02  3.4868E-01 -1.5390E+01 -1.1844E+00
  9.3615E-01  9.0000E+02  1.7884E+02  2.8936E+02  3.1924E-01 -1.6354E+01 -1.2135E+00
  5.9626E-01  9.4000E+02  1.9109E+02  2.9535E+02  2.9008E-01 -1.8410E+01 -1.3202E+00
  2.6675E-01  9.8000E+02  2.0397E+02  3.0038E+02  2.6316E-01 -2.3823E+01 -1.6562E+00
