  25  9.5995000E+01
  2.5523E+01  2.0000E+01  3.4452E+00  2.1655E+02  5.6235E-01  0.0000E+00  0.0000E+00
  1.8748E+01  6.0000E+01  7.2219E+00  2.1697E+02  5.2392E-01 -4.9569E-01 -7.0852E-01
  1.5576E+01  1.0000E+02  1.0060E+01  2.1762E+02  4.9420E-01 -6.8941E-01 -4.6138E-01
  1.3468E+01  1.4000E+02  1.2484E+01  2.1836E+02  4.6760E-01 -8.0043E-01 -3.5605E-01
  1.1880E+01  1.8000E+02  1.4726E+01  2.1919E+02  4.4206E-01 -8.8743E-01 -2.9739E-01
  1.0600E+01  2.2000E+02  1.9548E+01  2.2019E+02  4.0170E-01 -2.9866E+00 -8.0621E-01
  9.5252E+00  2.6000E+02  2.9667E+01  2.2155E+02  3.4103E-01 -8.1480E+00 -1.8479E+00
  8.5960E+00  3.0000E+02  4.0027E+01  2.2322E+02  2.9067E-01 -9.3584E+00 -1.8346E+00
  7.7765E+00  3.4000E+02  4.9170E+01  2.2516E+02  2.5378E-01 -8.7839E+00 -1.5188E+00
  7.0422E+00  3.8000E+02  5.7119E+01  2.2740E+02  2.2604E-01 -7.7743E+00 -1.2043E+00
  6.3760E+00  4.2000E+02  6.4124E+01  2.2992E+02  2.0392E-01 -6.7310E+00 -9.4616E-01
  5.7652E+00  4.6000E+02  7.0520E+01  2.3269E+02  1.8548E-01 -5.9373E+00 -7.6514E-01
  5.2006E+00  5.0000E+02  7.6484E+01  2.3579E+02  1.6979E-01 -5.0735E+00 -6.0428E-01
  4.6749E+00  5.4000E+02  8.2316E+01  2.3961E+02  1.5640E-01 -3.8223E+00 -4.2394E-01
  4.1800E+00  5.8000E+02  8.9691E+01  2.4470E+02  1.4423E-01 -4.6162E+00 -4.8197E-01
  3.7100E+00  6.2000E+02  9.8672E+01  2.5009E+02  1.3239E-01 -7.6491E+00 -7.5854E-01
  3.2620E+00  6.6000E+02  1.0869E+02  2.5564E+02  1.2090E-01 -9.9833E+00 -9.4369E-01
  2.8338E+00  7.0000E+02  1.1930E+02  2.6125E+02  1.0995E-01 -1.1653E+01 -1.0527E+00
  2.4236E+00  7.4000E+02  1.3023E+02  2.6690E+02  9.9655E-02 -1.2878E+01 -1.1143E+00
  2.0300E+00  7.8000E+02  1.4119E+02  2.7247E+02  9.0066E-02 -1.3719E+01 -1.1392E+00
  1.6517E+00  8.2000E+02  1.5218E+02  2.7797E+02  8.1135E-02 -1.4485E+01 -1.1564E+00
  1.2874E+00  8.6000E+02  1.6292E+02  2.8319E+02  7.2645E-02 -1.5147E+01 -1.1641E+00
  9.3606E-01  9.0000E+02  1.7475E+02  2.8900E+02  6.3754E-02 -1.7142E+01 -1.2706E+00
  5.9624E-01  9.4000E+02  1.8774E+02  2.9513E+02  5.4421E-02 -2.0213E+01 -1.4492E+00
  2.6673E-01  9.8000E+02  2.0091E+02  3.0014E+02  4.6032E-02 -2.4756E+01 -1.7210E+00
