  25  9.5995000E+01
  2.5531E+01  2.0000E+01  4.6946E+00  2.1104E+02  1.3178E+00  0.0000E+00  0.0000E+00
  1.8754E+01  6.0000E+01  9.0795E+00  2.1243E+02  1.2192E+00 -4.4171E-01 -6.3160E-01
  1.5581E+01  1.0000E+02  1.2198E+01  2.1395E+02  1.1567E+00 -5.0311E-01 -3.3671E-01
  1.3474E+01  1.4000E+02  1.4791E+01  2.1545E+02  1.1067E+00 -5.1806E-01 -2.3039E-01
  1.1885E+01  1.8000E+02  1.7159E+01  2.1693E+02  1.0624E+00 -5.5723E-01 -1.8670E-01
  1.0606E+01  2.2000E+02  2.2011E+01  2.1845E+02  9.9563E-01 -2.6107E+00 -7.0472E-01
  9.5309E+00  2.6000E+02  3.2100E+01  2.2019E+02  8.8467E-01 -7.7643E+00 -1.7612E+00
  8.6014E+00  3.0000E+02  4.2531E+01  2.2213E+02  7.7674E-01 -9.1333E+00 -1.7910E+00
  7.7815E+00  3.4000E+02  5.1742E+01  2.2429E+02  6.8990E-01 -8.5982E+00 -1.4873E+00
  7.0469E+00  3.8000E+02  5.9734E+01  2.2672E+02  6.2277E-01 -7.5702E+00 -1.1733E+00
  6.3802E+00  4.2000E+02  6.6802E+01  2.2942E+02  5.6989E-01 -6.5507E+00 -9.2149E-01
  5.7687E+00  4.6000E+02  7.3321E+01  2.3236E+02  5.2597E-01 -5.8573E+00 -7.5563E-01
  5.2033E+00  5.0000E+02  7.9476E+01  2.3558E+02  4.8805E-01 -5.1942E+00 -6.1959E-01
  4.6768E+00  5.4000E+02  8.5426E+01  2.3941E+02  4.5483E-01 -4.0162E+00 -4.4612E-01
  4.1816E+00  5.8000E+02  9.2743E+01  2.4451E+02  4.2403E-01 -4.4814E+00 -4.6827E-01
  3.7114E+00  6.2000E+02  1.0166E+02  2.5000E+02  3.9362E-01 -7.3038E+00 -7.2455E-01
  3.2632E+00  6.6000E+02  1.1170E+02  2.5564E+02  3.6366E-01 -9.7991E+00 -9.2662E-01
  2.8348E+00  7.0000E+02  1.2237E+02  2.6136E+02  3.3489E-01 -1.1572E+01 -1.0458E+00
  2.4245E+00  7.4000E+02  1.3338E+02  2.6709E+02  3.0767E-01 -1.2850E+01 -1.1124E+00
  2.0307E+00  7.8000E+02  1.4446E+02  2.7276E+02  2.8212E-01 -1.3751E+01 -1.1425E+00
  1.6521E+00  8.2000E+02  1.5555E+02  2.7835E+02  2.5828E-01 -1.4528E+01 -1.1604E+00
  1.2876E+00  8.6000E+02  1.6637E+02  2.8365E+02  2.3611E-01 -1.5126E+01 -1.1632E+00
  9.3610E-01  9.0000E+02  1.7781E+02  2.8922E+02  2.1408E-01 -1.6703E+01 -1.2387E+00
  5.9625E-01  9.4000E+02  1.9050E+02  2.9529E+02  1.9184E-01 -1.9480E+01 -1.3967E+00
  2.6674E-01  9.8000E+02  2.0357E+02  3.0032E+02  1.7161E-01 -2.4401E+01 -1.6963E+00
