  25  9.5995000E+01
  2.7433E+01  2.0000E+01  1.5512E+01  2.6511E+02  1.0408E+01  0.0000E+00  0.0000E+00
  2.0258E+01  6.0000E+01  2.1068E+01  2.6805E+02  9.8827E+00 -3.6481E-01 -5.5225E-01
  1.6891E+01  1.0000E+02  2.5357E+01  2.7012E+02  9.6225E+00 -6.5863E-01 -4.6785E-01
  1.4641E+01  1.4000E+02  3.2505E+01  2.7226E+02  9.3621E+00 -2.2260E+00 -1.0566E+00
  1.2928E+01  1.8000E+02  4.5913E+01  2.7484E+02  8.8884E+00 -6.3199E+00 -2.2849E+00
  1.1537E+01  2.2000E+02  6.1537E+01  2.7720E+02  8.2989E+00 -9.5383E+00 -2.7983E+00
  1.0368E+01  2.6000E+02  7.5523E+01  2.7973E+02  7.6889E+00 -9.8023E+00 -2.4167E+00
  9.3595E+00  3.0000E+02  8.7291E+01  2.8285E+02  7.1448E+00 -8.5718E+00 -1.8248E+00
  8.4692E+00  3.4000E+02  9.7555E+01  2.8660E+02  6.6821E+00 -7.3179E+00 -1.3745E+00
  7.6700E+00  3.8000E+02  1.0746E+02  2.9120E+02  6.2867E+00 -6.6321E+00 -1.1183E+00
  6.9419E+00  4.2000E+02  1.1800E+02  2.9670E+02  5.9382E+00 -6.9263E+00 -1.0641E+00
  6.2706E+00  4.6000E+02  1.2948E+02  3.0281E+02  5.6209E+00 -8.0077E+00 -1.1341E+00
  5.6465E+00  5.0000E+02  1.4165E+02  3.0922E+02  5.3273E+00 -9.2266E+00 -1.2149E+00
  5.0627E+00  5.4000E+02  1.5411E+02  3.1572E+02  5.0548E+00 -1.0199E+01 -1.2563E+00
  4.5138E+00  5.8000E+02  1.6654E+02  3.2221E+02  4.8021E+00 -1.0834E+01 -1.2547E+00
  3.9957E+00  6.2000E+02  1.7875E+02  3.2860E+02  4.5685E+00 -1.1228E+01 -1.2273E+00
  3.5049E+00  6.6000E+02  1.9069E+02  3.3489E+02  4.3526E+00 -1.1503E+01 -1.1910E+00
  3.0387E+00  7.0000E+02  2.0230E+02  3.4104E+02  4.1523E+00 -1.1723E+01 -1.1531E+00
  2.5946E+00  7.4000E+02  2.1362E+02  3.4705E+02  3.9643E+00 -1.1948E+01 -1.1196E+00
  2.1704E+00  7.8000E+02  2.2478E+02  3.5297E+02  3.7848E+00 -1.2370E+01 -1.1070E+00
  1.7644E+00  8.2000E+02  2.3619E+02  3.5901E+02  3.6070E+00 -1.3217E+01 -1.1321E+00
  1.3748E+00  8.6000E+02  2.4932E+02  3.6610E+02  3.4207E+00 -1.5506E+01 -1.2748E+00
  9.9937E-01  9.0000E+02  2.6594E+02  3.7489E+02  3.2175E+00 -2.0850E+01 -1.6513E+00
  6.3635E-01  9.4000E+02  2.8643E+02  3.8468E+02  2.9984E+00 -2.9467E+01 -2.2569E+00
  2.8451E-01  9.8000E+02  3.0799E+02  3.9221E+02  2.7804E+00 -3.9881E+01 -2.9604E+00
