  25  9.5995000E+01
  2.5731E+01  2.0000E+01  7.9998E+00  2.1310E+02  4.3897E+00  0.0000E+00  0.0000E+00
  1.8895E+01  6.0000E+01  1.2554E+01  2.1470E+02  4.1396E+00 -4.3162E-01 -6.2251E-01
  1.5694E+01  1.0000E+02  1.5719E+01  2.1624E+02  3.9979E+00 -5.0829E-01 -3.4326E-01
  1.3572E+01  1.4000E+02  1.8284E+01  2.1771E+02  3.8900E+00 -5.1691E-01 -2.3149E-01
  1.1973E+01  1.8000E+02  2.0821E+01  2.1919E+02  3.7946E+00 -6.6281E-01 -2.2351E-01
  1.0685E+01  2.2000E+02  2.5507E+01  2.2070E+02  3.6699E+00 -2.4638E+00 -6.6956E-01
  9.6025E+00  2.6000E+02  3.4845E+01  2.2242E+02  3.4441E+00 -7.0388E+00 -1.6078E+00
  8.6663E+00  3.0000E+02  4.5764E+01  2.2437E+02  3.1786E+00 -9.5725E+00 -1.8908E+00
  7.8403E+00  3.4000E+02  5.5644E+01  2.2664E+02  2.9238E+00 -9.2243E+00 -1.6076E+00
  7.0997E+00  3.8000E+02  6.4283E+01  2.2931E+02  2.7061E+00 -8.0487E+00 -1.2576E+00
  6.4264E+00  4.2000E+02  7.2173E+01  2.3239E+02  2.5210E+00 -7.1564E+00 -1.0164E+00
  5.8077E+00  4.6000E+02  7.9791E+01  2.3574E+02  2.3609E+00 -6.8920E+00 -8.9967E-01
  5.2342E+00  5.0000E+02  8.7356E+01  2.3931E+02  2.2203E+00 -6.9672E+00 -8.4302E-01
  4.6992E+00  5.4000E+02  9.4825E+01  2.4308E+02  2.0948E+00 -6.9145E+00 -7.8057E-01
  4.1971E+00  5.8000E+02  1.0235E+02  2.4731E+02  1.9816E+00 -6.5630E+00 -6.9520E-01
  3.7230E+00  6.2000E+02  1.1047E+02  2.5225E+02  1.8774E+00 -6.7013E+00 -6.7035E-01
  3.2724E+00  6.6000E+02  1.1946E+02  2.5770E+02  1.7788E+00 -7.8562E+00 -7.4673E-01
  2.8424E+00  7.0000E+02  1.2928E+02  2.6342E+02  1.6835E+00 -9.5301E+00 -8.6460E-01
  2.4307E+00  7.4000E+02  1.3969E+02  2.6923E+02  1.5912E+00 -1.1171E+01 -9.7030E-01
  2.0357E+00  7.8000E+02  1.5043E+02  2.7502E+02  1.5026E+00 -1.2538E+01 -1.0450E+00
  1.6559E+00  8.2000E+02  1.6130E+02  2.8072E+02  1.4181E+00 -1.3639E+01 -1.0929E+00
  1.2902E+00  8.6000E+02  1.7217E+02  2.8622E+02  1.3376E+00 -1.4648E+01 -1.1302E+00
  9.3765E-01  9.0000E+02  1.8295E+02  2.9148E+02  1.2595E+00 -1.5674E+01 -1.1659E+00
  5.9710E-01  9.4000E+02  1.9461E+02  2.9713E+02  1.1812E+00 -1.7643E+01 -1.2677E+00
  2.6710E-01  9.8000E+02  2.0738E+02  3.0219E+02  1.1064E+00 -2.3390E+01 -1.6285E+00
