  25  9.5995000E+01
  2.5871E+01  2.0000E+01  8.8492E+00  2.1486E+02  5.1223E+00  0.0000E+00  0.0000E+00
  1.9004E+01  6.0000E+01  1.3553E+01  2.1661E+02  4.8361E+00 -4.3075E-01 -6.2408E-01
  1.5782E+01  1.0000E+02  1.6926E+01  2.1823E+02  4.6770E+00 -5.4216E-01 -3.6853E-01
  1.3643E+01  1.4000E+02  1.9716E+01  2.1970E+02  4.5564E+00 -6.2097E-01 -2.8024E-01
  1.2032E+01  1.8000E+02  2.2598E+01  2.2115E+02  4.4477E+00 -8.8325E-01 -3.0019E-01
  1.0734E+01  2.2000E+02  2.7337E+01  2.2263E+02  4.3105E+00 -2.5155E+00 -6.8892E-01
  9.6432E+00  2.6000E+02  3.6039E+01  2.2426E+02  4.0779E+00 -6.4826E+00 -1.4915E+00
  8.7007E+00  3.0000E+02  4.6851E+01  2.2611E+02  3.7914E+00 -9.5073E+00 -1.8905E+00
  7.8697E+00  3.4000E+02  5.7005E+01  2.2827E+02  3.5015E+00 -9.6163E+00 -1.6861E+00
  7.1249E+00  3.8000E+02  6.6023E+01  2.3090E+02  3.2451E+00 -8.5885E+00 -1.3495E+00
  6.4482E+00  4.2000E+02  7.4302E+01  2.3399E+02  3.0234E+00 -7.6673E+00 -1.0947E+00
  5.8262E+00  4.6000E+02  8.2306E+01  2.3741E+02  2.8305E+00 -7.3610E+00 -9.6593E-01
  5.2496E+00  5.0000E+02  9.0275E+01  2.4108E+02  2.6612E+00 -7.4534E+00 -9.0675E-01
  4.7114E+00  5.4000E+02  9.8195E+01  2.4493E+02  2.5107E+00 -7.5688E+00 -8.5938E-01
  4.2064E+00  5.8000E+02  1.0609E+02  2.4908E+02  2.3751E+00 -7.4048E+00 -7.8899E-01
  3.7298E+00  6.2000E+02  1.1429E+02  2.5379E+02  2.2512E+00 -7.3223E+00 -7.3622E-01
  3.2776E+00  6.6000E+02  1.2312E+02  2.5905E+02  2.1357E+00 -7.9130E+00 -7.5503E-01
  2.8464E+00  7.0000E+02  1.3265E+02  2.6464E+02  2.0261E+00 -9.1258E+00 -8.3023E-01
  2.4338E+00  7.4000E+02  1.4275E+02  2.7039E+02  1.9209E+00 -1.0553E+01 -9.1858E-01
  2.0380E+00  7.8000E+02  1.5322E+02  2.7615E+02  1.8201E+00 -1.1901E+01 -9.9363E-01
  1.6577E+00  8.2000E+02  1.6389E+02  2.8184E+02  1.7237E+00 -1.3089E+01 -1.0503E+00
  1.2915E+00  8.6000E+02  1.7460E+02  2.8735E+02  1.6315E+00 -1.4191E+01 -1.0964E+00
  9.3847E-01  9.0000E+02  1.8527E+02  2.9261E+02  1.5421E+00 -1.5336E+01 -1.1422E+00
  5.9753E-01  9.4000E+02  1.9668E+02  2.9811E+02  1.4523E+00 -1.7317E+01 -1.2457E+00
  2.6726E-01  9.8000E+02  2.0931E+02  3.0311E+02  1.3656E+00 -2.3122E+01 -1.6111E+00
