  25  9.5995000E+01
  2.7270E+01  2.0000E+01  1.3458E+01  2.5455E+02  9.4441E+00  0.0000E+00  0.0000E+00
  2.0066E+01  6.0000E+01  1.8608E+01  2.5540E+02  9.0279E+00 -5.9693E-01 -9.0730E-01
  1.6677E+01  1.0000E+02  2.2802E+01  2.5635E+02  8.8028E+00 -9.5739E-01 -6.8447E-01
  1.4419E+01  1.4000E+02  2.8884E+01  2.5780E+02  8.5860E+00 -2.0513E+00 -9.7745E-01
  1.2706E+01  1.8000E+02  3.9870E+01  2.5944E+02  8.2186E+00 -5.4508E+00 -1.9703E+00
  1.1321E+01  2.2000E+02  5.3071E+01  2.6095E+02  7.7508E+00 -8.4446E+00 -2.4666E+00
  1.0161E+01  2.6000E+02  6.5133E+01  2.6238E+02  7.2663E+00 -9.1645E+00 -2.2435E+00
  9.1628E+00  3.0000E+02  7.5215E+01  2.6410E+02  6.8155E+00 -8.3840E+00 -1.7653E+00
  8.2862E+00  3.4000E+02  8.3803E+01  2.6644E+02  6.4157E+00 -7.1208E+00 -1.3169E+00
  7.5019E+00  3.8000E+02  9.2167E+01  2.6977E+02  6.0523E+00 -6.4166E+00 -1.0617E+00
  6.7888E+00  4.2000E+02  1.0130E+02  2.7405E+02  5.7127E+00 -6.8147E+00 -1.0253E+00
  6.1322E+00  4.6000E+02  1.1141E+02  2.7895E+02  5.3952E+00 -7.9391E+00 -1.0998E+00
  5.5223E+00  5.0000E+02  1.2223E+02  2.8420E+02  5.1009E+00 -9.1256E+00 -1.1743E+00
  4.9520E+00  5.4000E+02  1.3343E+02  2.8966E+02  4.8289E+00 -1.0050E+01 -1.2093E+00
  4.4159E+00  5.8000E+02  1.4475E+02  2.9526E+02  4.5770E+00 -1.0695E+01 -1.2094E+00
  3.9099E+00  6.2000E+02  1.5610E+02  3.0096E+02  4.3430E+00 -1.1146E+01 -1.1899E+00
  3.4305E+00  6.6000E+02  1.6740E+02  3.0676E+02  4.1253E+00 -1.1488E+01 -1.1621E+00
  2.9747E+00  7.0000E+02  1.7865E+02  3.1263E+02  3.9226E+00 -1.1791E+01 -1.1339E+00
  2.5400E+00  7.4000E+02  1.8989E+02  3.1859E+02  3.7332E+00 -1.2153E+01 -1.1145E+00
  2.1244E+00  7.8000E+02  2.0110E+02  3.2454E+02  3.5547E+00 -1.2649E+01 -1.1091E+00
  1.7262E+00  8.2000E+02  2.1236E+02  3.3045E+02  3.3844E+00 -1.3440E+01 -1.1294E+00
  1.3437E+00  8.6000E+02  2.2368E+02  3.3617E+02  3.2186E+00 -1.4623E+01 -1.1799E+00
  9.7575E-01  9.0000E+02  2.3565E+02  3.4205E+02  3.0517E+00 -1.6569E+01 -1.2862E+00
  6.2088E-01  9.4000E+02  2.4924E+02  3.4851E+02  2.8809E+00 -2.0074E+01 -1.5029E+00
  2.7753E-01  9.8000E+02  2.6474E+02  3.5452E+02  2.7124E+00 -2.7682E+01 -2.0053E+00
