  25  9.5995000E+01
  2.7187E+01  2.0000E+01  1.4133E+01  2.4608E+02  9.1414E+00  0.0000E+00  0.0000E+00
  1.9992E+01  6.0000E+01  2.0081E+01  2.4857E+02  8.6703E+00 -4.8131E-01 -7.3065E-01
  1.6609E+01  1.0000E+02  2.4487E+01  2.5034E+02  8.4291E+00 -7.7812E-01 -5.5533E-01
  1.4357E+01  1.4000E+02  3.0535E+01  2.5216E+02  8.2087E+00 -1.8759E+00 -8.9122E-01
  1.2651E+01  1.8000E+02  4.1021E+01  2.5402E+02  7.8566E+00 -5.0559E+00 -1.8201E+00
  1.1273E+01  2.2000E+02  5.3605E+01  2.5573E+02  7.4147E+00 -7.8909E+00 -2.2943E+00
  1.0118E+01  2.6000E+02  6.5246E+01  2.5734E+02  6.9564E+00 -8.6908E+00 -2.1179E+00
  9.1240E+00  3.0000E+02  7.5126E+01  2.5919E+02  6.5250E+00 -8.0770E+00 -1.6933E+00
  8.2510E+00  3.4000E+02  8.3685E+01  2.6165E+02  6.1382E+00 -6.9828E+00 -1.2861E+00
  7.4697E+00  3.8000E+02  9.2062E+01  2.6505E+02  5.7836E+00 -6.3726E+00 -1.0504E+00
  6.7593E+00  4.2000E+02  1.0119E+02  2.6935E+02  5.4508E+00 -6.7965E+00 -1.0188E+00
  6.1051E+00  4.6000E+02  1.1123E+02  2.7422E+02  5.1403E+00 -7.9016E+00 -1.0906E+00
  5.4975E+00  5.0000E+02  1.2191E+02  2.7941E+02  4.8547E+00 -9.0366E+00 -1.1585E+00
  4.9294E+00  5.4000E+02  1.3287E+02  2.8475E+02  4.5931E+00 -9.8985E+00 -1.1863E+00
  4.3956E+00  5.8000E+02  1.4391E+02  2.9019E+02  4.3526E+00 -1.0482E+01 -1.1805E+00
  3.8918E+00  6.2000E+02  1.5491E+02  2.9571E+02  4.1306E+00 -1.0876E+01 -1.1560E+00
  3.4145E+00  6.6000E+02  1.6586E+02  3.0133E+02  3.9249E+00 -1.1176E+01 -1.1254E+00
  2.9608E+00  7.0000E+02  1.7678E+02  3.0705E+02  3.7337E+00 -1.1460E+01 -1.0969E+00
  2.5283E+00  7.4000E+02  1.8773E+02  3.1288E+02  3.5551E+00 -1.1839E+01 -1.0806E+00
  2.1146E+00  7.8000E+02  1.9873E+02  3.1876E+02  3.3870E+00 -1.2387E+01 -1.0810E+00
  1.7182E+00  8.2000E+02  2.0980E+02  3.2459E+02  3.2266E+00 -1.3201E+01 -1.1042E+00
  1.3374E+00  8.6000E+02  2.2091E+02  3.3023E+02  3.0711E+00 -1.4357E+01 -1.1534E+00
  9.7109E-01  9.0000E+02  2.3233E+02  3.3582E+02  2.9163E+00 -1.5942E+01 -1.2321E+00
  6.1786E-01  9.4000E+02  2.4505E+02  3.4192E+02  2.7592E+00 -1.8733E+01 -1.3961E+00
  2.7617E-01  9.8000E+02  2.5963E+02  3.4765E+02  2.6043E+00 -2.5870E+01 -1.8650E+00
