  25  9.5995000E+01
  2.7424E+01  2.0000E+01  1.4316E+01  2.6700E+02  1.0295E+01  0.0000E+00  0.0000E+00
  2.0235E+01  6.0000E+01  1.9308E+01  2.6781E+02  9.8416E+00 -5.8072E-01 -8.8077E-01
  1.6857E+01  1.0000E+02  2.3494E+01  2.6896E+02  9.5998E+00 -9.0066E-01 -6.4196E-01
  1.4601E+01  1.4000E+02  3.0163E+01  2.7064E+02  9.3574E+00 -2.2082E+00 -1.0508E+00
  1.2885E+01  1.8000E+02  4.3031E+01  2.7286E+02  8.9100E+00 -6.2083E+00 -2.2473E+00
  1.1494E+01  2.2000E+02  5.8421E+01  2.7492E+02  8.3399E+00 -9.5799E+00 -2.8122E+00
  1.0326E+01  2.6000E+02  7.2137E+01  2.7698E+02  7.7502E+00 -9.9808E+00 -2.4607E+00
  9.3181E+00  3.0000E+02  8.3423E+01  2.7951E+02  7.2231E+00 -8.6825E+00 -1.8454E+00
  8.4308E+00  3.4000E+02  9.3057E+01  2.8273E+02  6.7732E+00 -7.2355E+00 -1.3545E+00
  7.6352E+00  3.8000E+02  1.0239E+02  2.8690E+02  6.3833E+00 -6.4839E+00 -1.0884E+00
  6.9106E+00  4.2000E+02  1.1248E+02  2.9202E+02  6.0331E+00 -6.8525E+00 -1.0475E+00
  6.2428E+00  4.6000E+02  1.2362E+02  2.9781E+02  5.7100E+00 -8.0311E+00 -1.1315E+00
  5.6220E+00  5.0000E+02  1.3557E+02  3.0395E+02  5.4087E+00 -9.3407E+00 -1.2235E+00
  5.0411E+00  5.4000E+02  1.4791E+02  3.1026E+02  5.1272E+00 -1.0397E+01 -1.2743E+00
  4.4948E+00  5.8000E+02  1.6033E+02  3.1660E+02  4.8648E+00 -1.1112E+01 -1.2805E+00
  3.9791E+00  6.2000E+02  1.7259E+02  3.2292E+02  4.6211E+00 -1.1527E+01 -1.2541E+00
  3.4906E+00  6.6000E+02  1.8462E+02  3.2918E+02  4.3957E+00 -1.1804E+01 -1.2168E+00
  3.0263E+00  7.0000E+02  1.9635E+02  3.3533E+02  4.1867E+00 -1.2014E+01 -1.1769E+00
  2.5838E+00  7.4000E+02  2.0781E+02  3.4137E+02  3.9912E+00 -1.2248E+01 -1.1434E+00
  2.1612E+00  7.8000E+02  2.1903E+02  3.4727E+02  3.8057E+00 -1.2610E+01 -1.1244E+00
  1.7566E+00  8.2000E+02  2.3037E+02  3.5322E+02  3.6248E+00 -1.3320E+01 -1.1370E+00
  1.3683E+00  8.6000E+02  2.4278E+02  3.5978E+02  3.4400E+00 -1.5083E+01 -1.2355E+00
  9.9445E-01  9.0000E+02  2.5810E+02  3.6782E+02  3.2422E+00 -1.9442E+01 -1.5335E+00
  6.3313E-01  9.4000E+02  2.7691E+02  3.7684E+02  3.0306E+00 -2.7107E+01 -2.0664E+00
  2.8307E-01  9.8000E+02  2.9717E+02  3.8406E+02  2.8199E+00 -3.7226E+01 -2.7494E+00
