  25  9.5995000E+01
  2.7462E+01  2.0000E+01  1.6117E+01  2.7329E+02  1.0997E+01  0.0000E+00  0.0000E+00
  2.0319E+01  6.0000E+01  2.1360E+01  2.7636E+02  1.0447E+01 -3.0487E-01 -4.5946E-01
  1.6981E+01  1.0000E+02  2.6166E+01  2.7846E+02  1.0167E+01 -8.0903E-01 -5.6972E-01
  1.4749E+01  1.4000E+02  3.5861E+01  2.8084E+02  9.8066E+00 -3.2769E+00 -1.5432E+00
  1.3049E+01  1.8000E+02  5.0232E+01  2.8358E+02  9.2416E+00 -6.8457E+00 -2.4555E+00
  1.1672E+01  2.2000E+02  6.4932E+01  2.8645E+02  8.6037E+00 -8.5884E+00 -2.4952E+00
  1.0512E+01  2.6000E+02  7.8395E+01  2.9034E+02  7.9619E+00 -8.2564E+00 -2.0194E+00
  9.5056E+00  3.0000E+02  9.1124E+01  2.9544E+02  7.3774E+00 -7.5768E+00 -1.6095E+00
  8.6102E+00  3.4000E+02  1.0403E+02  3.0156E+02  6.8640E+00 -7.5747E+00 -1.4309E+00
  7.8006E+00  3.8000E+02  1.1720E+02  3.0818E+02  6.4265E+00 -8.1002E+00 -1.3837E+00
  7.0597E+00  4.2000E+02  1.3050E+02  3.1506E+02  6.0536E+00 -8.6697E+00 -1.3551E+00
  6.3759E+00  4.6000E+02  1.4366E+02  3.2198E+02  5.7290E+00 -9.1204E+00 -1.3158E+00
  5.7404E+00  5.0000E+02  1.5663E+02  3.2894E+02  5.4398E+00 -9.4468E+00 -1.2667E+00
  5.1462E+00  5.4000E+02  1.6937E+02  3.3587E+02  5.1773E+00 -9.7713E+00 -1.2249E+00
  4.5881E+00  5.8000E+02  1.8186E+02  3.4273E+02  4.9361E+00 -1.0097E+01 -1.1891E+00
  4.0615E+00  6.2000E+02  1.9418E+02  3.4955E+02  4.7121E+00 -1.0454E+01 -1.1614E+00
  3.5628E+00  6.6000E+02  2.0638E+02  3.5633E+02  4.5022E+00 -1.0861E+01 -1.1426E+00
  3.0891E+00  7.0000E+02  2.1853E+02  3.6310E+02  4.3036E+00 -1.1351E+01 -1.1345E+00
  2.6377E+00  7.4000E+02  2.3054E+02  3.6974E+02  4.1139E+00 -1.1900E+01 -1.1332E+00
  2.2066E+00  7.8000E+02  2.4270E+02  3.7635E+02  3.9300E+00 -1.2859E+01 -1.1697E+00
  1.7938E+00  8.2000E+02  2.5499E+02  3.8274E+02  3.7449E+00 -1.4315E+01 -1.2466E+00
  1.3977E+00  8.6000E+02  2.6967E+02  3.9040E+02  3.5443E+00 -1.7709E+01 -1.4799E+00
  1.0162E+00  9.0000E+02  2.8900E+02  4.0005E+02  3.3142E+00 -2.5392E+01 -2.0440E+00
  6.4712E-01  9.4000E+02  3.1469E+02  4.1168E+02  3.0511E+00 -3.8087E+01 -2.9656E+00
  2.8932E-01  9.8000E+02  3.4147E+02  4.2016E+02  2.7831E+00 -5.1148E+01 -3.8611E+00
