  25  9.5995000E+01
  2.6680E+01  2.0000E+01  1.1423E+01  2.3543E+02  7.8321E+00  0.0000E+00  0.0000E+00
  1.9631E+01  6.0000E+01  1.6095E+01  2.3621E+02  7.4858E+00 -5.5199E-01 -8.2094E-01
  1.6309E+01  1.0000E+02  2.0363E+01  2.3727E+02  7.2886E+00 -9.6591E-01 -6.7700E-01
  1.4089E+01  1.4000E+02  2.5881E+01  2.3847E+02  7.1003E+00 -1.9423E+00 -9.0979E-01
  1.2409E+01  1.8000E+02  3.3724E+01  2.3974E+02  6.8433E+00 -3.9143E+00 -1.3874E+00
  1.1054E+01  2.2000E+02  4.2916E+01  2.4099E+02  6.5319E+00 -5.8599E+00 -1.6751E+00
  9.9182E+00  2.6000E+02  5.2204E+01  2.4226E+02  6.2062E+00 -7.0636E+00 -1.6926E+00
  8.9404E+00  3.0000E+02  6.1034E+01  2.4372E+02  5.8695E+00 -7.5371E+00 -1.5549E+00
  8.0810E+00  3.4000E+02  6.9514E+01  2.4560E+02  5.5336E+00 -7.6834E+00 -1.3932E+00
  7.3123E+00  3.8000E+02  7.7932E+01  2.4815E+02  5.2059E+00 -7.6289E+00 -1.2372E+00
  6.6144E+00  4.2000E+02  8.6674E+01  2.5143E+02  4.8904E+00 -7.8201E+00 -1.1515E+00
  5.9729E+00  4.6000E+02  9.5874E+01  2.5527E+02  4.5956E+00 -8.3605E+00 -1.1315E+00
  5.3779E+00  5.0000E+02  1.0541E+02  2.5947E+02  4.3284E+00 -8.9725E+00 -1.1263E+00
  4.8222E+00  5.4000E+02  1.1513E+02  2.6390E+02  4.0880E+00 -9.5253E+00 -1.1168E+00
  4.3004E+00  5.8000E+02  1.2485E+02  2.6844E+02  3.8701E+00 -9.9215E+00 -1.0923E+00
  3.8082E+00  6.2000E+02  1.3447E+02  2.7310E+02  3.6708E+00 -1.0059E+01 -1.0446E+00
  3.3421E+00  6.6000E+02  1.4409E+02  2.7801E+02  3.4867E+00 -1.0103E+01 -9.9345E-01
  2.8990E+00  7.0000E+02  1.5385E+02  2.8321E+02  3.3158E+00 -1.0320E+01 -9.6475E-01
  2.4763E+00  7.4000E+02  1.6382E+02  2.8861E+02  3.1562E+00 -1.0783E+01 -9.6170E-01
  2.0718E+00  7.8000E+02  1.7395E+02  2.9413E+02  3.0063E+00 -1.1425E+01 -9.7492E-01
  1.6839E+00  8.2000E+02  1.8421E+02  2.9963E+02  2.8641E+00 -1.2264E+01 -1.0038E+00
  1.3110E+00  8.6000E+02  1.9455E+02  3.0500E+02  2.7276E+00 -1.3319E+01 -1.0478E+00
  9.5205E-01  9.0000E+02  2.0488E+02  3.1015E+02  2.5944E+00 -1.4451E+01 -1.0944E+00
  6.0579E-01  9.4000E+02  2.1600E+02  3.1559E+02  2.4617E+00 -1.6393E+01 -1.1976E+00
  2.7077E-01  9.8000E+02  2.2849E+02  3.2055E+02  2.3319E+00 -2.2472E+01 -1.5883E+00
