  25  9.5995000E+01
  2.6430E+01  2.0000E+01  1.0611E+01  2.2979E+02  7.2149E+00  0.0000E+00  0.0000E+00
  1.9451E+01  6.0000E+01  1.5084E+01  2.3056E+02  6.8951E+00 -5.3037E-01 -7.8094E-01
  1.6158E+01  1.0000E+02  1.9236E+01  2.3161E+02  6.7105E+00 -9.4179E-01 -6.5436E-01
  1.3957E+01  1.4000E+02  2.4029E+01  2.3264E+02  6.5424E+00 -1.7079E+00 -7.9286E-01
  1.2295E+01  1.8000E+02  3.0342E+01  2.3381E+02  6.3362E+00 -3.0960E+00 -1.0857E+00
  1.0955E+01  2.2000E+02  3.7832E+01  2.3499E+02  6.0835E+00 -4.7066E+00 -1.3309E+00
  9.8307E+00  2.6000E+02  4.6096E+01  2.3623E+02  5.8083E+00 -6.2493E+00 -1.4821E+00
  8.8621E+00  3.0000E+02  5.4840E+01  2.3766E+02  5.5030E+00 -7.5542E+00 -1.5438E+00
  8.0101E+00  3.4000E+02  6.3768E+01  2.3946E+02  5.1756E+00 -8.3632E+00 -1.5033E+00
  7.2479E+00  3.8000E+02  7.2644E+01  2.4186E+02  4.8512E+00 -8.4982E+00 -1.3666E+00
  6.5560E+00  4.2000E+02  8.1491E+01  2.4491E+02  4.5438E+00 -8.3844E+00 -1.2240E+00
  5.9203E+00  4.6000E+02  9.0454E+01  2.4846E+02  4.2615E+00 -8.5169E+00 -1.1422E+00
  5.3310E+00  5.0000E+02  9.9559E+01  2.5236E+02  4.0089E+00 -8.8279E+00 -1.0976E+00
  4.7808E+00  5.4000E+02  1.0876E+02  2.5649E+02  3.7837E+00 -9.2136E+00 -1.0696E+00
  4.2643E+00  5.8000E+02  1.1789E+02  2.6074E+02  3.5809E+00 -9.4500E+00 -1.0298E+00
  3.7772E+00  6.2000E+02  1.2698E+02  2.6523E+02  3.3961E+00 -9.4297E+00 -9.6898E-01
  3.3159E+00  6.6000E+02  1.3621E+02  2.7008E+02  3.2258E+00 -9.4895E+00 -9.2362E-01
  2.8771E+00  7.0000E+02  1.4569E+02  2.7525E+02  3.0673E+00 -9.8399E+00 -9.1093E-01
  2.4583E+00  7.4000E+02  1.5545E+02  2.8064E+02  2.9191E+00 -1.0426E+01 -9.2128E-01
  2.0573E+00  7.8000E+02  1.6546E+02  2.8615E+02  2.7795E+00 -1.1222E+01 -9.4935E-01
  1.6724E+00  8.2000E+02  1.7564E+02  2.9166E+02  2.6469E+00 -1.2157E+01 -9.8704E-01
  1.3024E+00  8.6000E+02  1.8592E+02  2.9703E+02  2.5198E+00 -1.3242E+01 -1.0339E+00
  9.4594E-01  9.0000E+02  1.9620E+02  3.0219E+02  2.3962E+00 -1.4380E+01 -1.0814E+00
  6.0199E-01  9.4000E+02  2.0715E+02  3.0754E+02  2.2730E+00 -1.6296E+01 -1.1825E+00
  2.6912E-01  9.8000E+02  2.1941E+02  3.1240E+02  2.1525E+00 -2.2228E+01 -1.5610E+00
