  25  9.5995000E+01
  2.5924E+01  2.0000E+01  9.2660E+00  2.1570E+02  5.4802E+00  0.0000E+00  0.0000E+00
  1.9045E+01  6.0000E+01  1.4040E+01  2.1749E+02  5.1763E+00 -4.3361E-01 -6.2928E-01
  1.5817E+01  1.0000E+02  1.7500E+01  2.1915E+02  5.0085E+00 -5.5808E-01 -3.8008E-01
  1.3674E+01  1.4000E+02  2.0418E+01  2.2063E+02  4.8812E+00 -6.6884E-01 -3.0252E-01
  1.2058E+01  1.8000E+02  2.3511E+01  2.2211E+02  4.7651E+00 -1.0027E+00 -3.4171E-01
  1.0756E+01  2.2000E+02  2.8133E+01  2.2356E+02  4.6243E+00 -2.4304E+00 -6.6755E-01
  9.6630E+00  2.6000E+02  3.6175E+01  2.2515E+02  4.3976E+00 -5.9037E+00 -1.3619E+00
  8.7182E+00  3.0000E+02  4.6771E+01  2.2696E+02  4.1069E+00 -9.2964E+00 -1.8530E+00
  7.8851E+00  3.4000E+02  5.7143E+01  2.2910E+02  3.7999E+00 -9.8795E+00 -1.7365E+00
  7.1386E+00  3.8000E+02  6.6502E+01  2.3172E+02  3.5212E+00 -9.0310E+00 -1.4225E+00
  6.4602E+00  4.2000E+02  7.5119E+01  2.3484E+02  3.2776E+00 -8.1112E+00 -1.1610E+00
  5.8366E+00  4.6000E+02  8.3425E+01  2.3831E+02  3.0652E+00 -7.7437E+00 -1.0187E+00
  5.2584E+00  5.0000E+02  9.1669E+01  2.4205E+02  2.8795E+00 -7.7929E+00 -9.5060E-01
  4.7187E+00  5.4000E+02  9.9862E+01  2.4597E+02  2.7153E+00 -7.9272E+00 -9.0268E-01
  4.2121E+00  5.8000E+02  1.0799E+02  2.5013E+02  2.5680E+00 -7.8237E+00 -8.3615E-01
  3.7342E+00  6.2000E+02  1.1633E+02  2.5478E+02  2.4339E+00 -7.7218E+00 -7.7863E-01
  3.2809E+00  6.6000E+02  1.2517E+02  2.5993E+02  2.3096E+00 -8.1270E+00 -7.7732E-01
  2.8488E+00  7.0000E+02  1.3459E+02  2.6544E+02  2.1926E+00 -9.0739E+00 -8.2706E-01
  2.4357E+00  7.4000E+02  1.4455E+02  2.7113E+02  2.0812E+00 -1.0329E+01 -9.0036E-01
  2.0395E+00  7.8000E+02  1.5487E+02  2.7685E+02  1.9747E+00 -1.1616E+01 -9.7095E-01
  1.6587E+00  8.2000E+02  1.6541E+02  2.8251E+02  1.8728E+00 -1.2811E+01 -1.0291E+00
  1.2922E+00  8.6000E+02  1.7602E+02  2.8801E+02  1.7753E+00 -1.3938E+01 -1.0777E+00
  9.3894E-01  9.0000E+02  1.8662E+02  2.9327E+02  1.6806E+00 -1.5127E+01 -1.1275E+00
  5.9777E-01  9.4000E+02  1.9788E+02  2.9869E+02  1.5857E+00 -1.7107E+01 -1.2314E+00
  2.6735E-01  9.8000E+02  2.1041E+02  3.0364E+02  1.4935E+00 -2.2930E+01 -1.5985E+00
