  25  9.5995000E+01
  2.7472E+01  2.0000E+01  1.5278E+01  2.8224E+02  1.1287E+01  0.0000E+00  0.0000E+00
  2.0338E+01  6.0000E+01  1.9865E+01  2.8275E+02  1.0789E+01 -5.7092E-01 -8.5930E-01
  1.7009E+01  1.0000E+02  2.5222E+01  2.8399E+02  1.0505E+01 -1.2389E+00 -8.7014E-01
  1.4786E+01  1.4000E+02  3.6203E+01  2.8606E+02  1.0078E+01 -4.0032E+00 -1.8782E+00
  1.3097E+01  1.8000E+02  5.0470E+01  2.8865E+02  9.4784E+00 -6.9162E+00 -2.4647E+00
  1.1730E+01  2.2000E+02  6.4219E+01  2.9185E+02  8.8313E+00 -7.7230E+00 -2.2262E+00
  1.0577E+01  2.6000E+02  7.7263E+01  2.9654E+02  8.1942E+00 -7.2474E+00 -1.7628E+00
  9.5718E+00  3.0000E+02  9.0501E+01  3.0254E+02  7.6048E+00 -7.1931E+00 -1.5261E+00
  8.6742E+00  3.4000E+02  1.0448E+02  3.0948E+02  7.0783E+00 -7.8483E+00 -1.4863E+00
  7.8604E+00  3.8000E+02  1.1882E+02  3.1671E+02  6.6266E+00 -8.7323E+00 -1.4992E+00
  7.1149E+00  4.2000E+02  1.3312E+02  3.2406E+02  6.2405E+00 -9.3274E+00 -1.4670E+00
  6.4265E+00  4.6000E+02  1.4708E+02  3.3137E+02  5.9043E+00 -9.6484E+00 -1.4015E+00
  5.7864E+00  5.0000E+02  1.6060E+02  3.3864E+02  5.6054E+00 -9.7648E+00 -1.3186E+00
  5.1880E+00  5.4000E+02  1.7378E+02  3.4591E+02  5.3346E+00 -9.8788E+00 -1.2472E+00
  4.6257E+00  5.8000E+02  1.8672E+02  3.5317E+02  5.0861E+00 -1.0087E+01 -1.1966E+00
  4.0951E+00  6.2000E+02  1.9953E+02  3.6046E+02  4.8555E+00 -1.0412E+01 -1.1656E+00
  3.5926E+00  6.6000E+02  2.1224E+02  3.6773E+02  4.6390E+00 -1.0823E+01 -1.1475E+00
  3.1149E+00  7.0000E+02  2.2495E+02  3.7502E+02  4.4339E+00 -1.1358E+01 -1.1445E+00
  2.6597E+00  7.4000E+02  2.3751E+02  3.8213E+02  4.2380E+00 -1.1962E+01 -1.1489E+00
  2.2246E+00  7.8000E+02  2.5021E+02  3.8921E+02  4.0495E+00 -1.2936E+01 -1.1873E+00
  1.8081E+00  8.2000E+02  2.6285E+02  3.9579E+02  3.8635E+00 -1.4532E+01 -1.2773E+00
  1.4084E+00  8.6000E+02  2.7699E+02  4.0277E+02  3.6638E+00 -1.7920E+01 -1.5110E+00
  1.0238E+00  9.0000E+02  2.9630E+02  4.1188E+02  3.4245E+00 -2.6533E+01 -2.1528E+00
  6.5201E-01  9.4000E+02  3.2493E+02  4.2424E+02  3.1294E+00 -4.3738E+01 -3.4311E+00
  2.9150E-01  9.8000E+02  3.5546E+02  4.3321E+02  2.8189E+00 -5.9823E+01 -4.5502E+00
