  25  9.5995000E+01
  2.7367E+01  2.0000E+01  1.3923E+01  2.6111E+02  9.8940E+00  0.0000E+00  0.0000E+00
  2.0165E+01  6.0000E+01  1.9018E+01  2.6196E+02  9.4579E+00 -5.8928E-01 -8.9539E-01
  1.6778E+01  1.0000E+02  2.3199E+01  2.6302E+02  9.2244E+00 -9.2228E-01 -6.5907E-01
  1.4518E+01  1.4000E+02  2.9497E+01  2.6459E+02  8.9972E+00 -2.0900E+00 -9.9642E-01
  1.2801E+01  1.8000E+02  4.1522E+01  2.6654E+02  8.5905E+00 -5.8690E+00 -2.1260E+00
  1.1411E+01  2.2000E+02  5.5996E+01  2.6831E+02  8.0694E+00 -9.1412E+00 -2.6812E+00
  1.0244E+01  2.6000E+02  6.8998E+01  2.6999E+02  7.5306E+00 -9.7062E+00 -2.3885E+00
  9.2402E+00  3.0000E+02  7.9659E+01  2.7198E+02  7.0421E+00 -8.6302E+00 -1.8283E+00
  8.3575E+00  3.4000E+02  8.8587E+01  2.7460E+02  6.6195E+00 -7.1514E+00 -1.3317E+00
  7.5674E+00  3.8000E+02  9.7224E+01  2.7824E+02  6.2442E+00 -6.3256E+00 -1.0544E+00
  6.8487E+00  4.2000E+02  1.0669E+02  2.8288E+02  5.8995E+00 -6.7100E+00 -1.0175E+00
  6.1867E+00  4.6000E+02  1.1720E+02  2.8816E+02  5.5789E+00 -7.9006E+00 -1.1035E+00
  5.5715E+00  5.0000E+02  1.2849E+02  2.9382E+02  5.2807E+00 -9.1560E+00 -1.1884E+00
  4.9961E+00  5.4000E+02  1.4020E+02  2.9968E+02  5.0030E+00 -1.0166E+01 -1.2341E+00
  4.4552E+00  5.8000E+02  1.5210E+02  3.0568E+02  4.7441E+00 -1.0913E+01 -1.2455E+00
  3.9444E+00  6.2000E+02  1.6398E+02  3.1172E+02  4.5030E+00 -1.1423E+01 -1.2309E+00
  3.4604E+00  6.6000E+02  1.7575E+02  3.1780E+02  4.2790E+00 -1.1770E+01 -1.2019E+00
  3.0004E+00  7.0000E+02  1.8733E+02  3.2384E+02  4.0710E+00 -1.2037E+01 -1.1684E+00
  2.5618E+00  7.4000E+02  1.9875E+02  3.2986E+02  3.8770E+00 -1.2303E+01 -1.1384E+00
  2.1426E+00  7.8000E+02  2.0999E+02  3.3580E+02  3.6940E+00 -1.2661E+01 -1.1196E+00
  1.7412E+00  8.2000E+02  2.2126E+02  3.4171E+02  3.5185E+00 -1.3342E+01 -1.1301E+00
  1.3558E+00  8.6000E+02  2.3290E+02  3.4771E+02  3.3441E+00 -1.4650E+01 -1.1911E+00
  9.8498E-01  9.0000E+02  2.4638E+02  3.5461E+02  3.1624E+00 -1.7731E+01 -1.3873E+00
  6.2695E-01  9.4000E+02  2.6241E+02  3.6228E+02  2.9715E+00 -2.3331E+01 -1.7624E+00
  2.8028E-01  9.8000E+02  2.8017E+02  3.6892E+02  2.7827E+00 -3.2092E+01 -2.3472E+00
