  25  9.5995000E+01
  2.7480E+01  2.0000E+01  1.5528E+01  2.8491E+02  1.1547E+01  0.0000E+00  0.0000E+00
  2.0356E+01  6.0000E+01  2.0085E+01  2.8538E+02  1.1037E+01 -5.7323E-01 -8.6154E-01
  1.7033E+01  1.0000E+02  2.6306E+01  2.8661E+02  1.0730E+01 -1.5023E+00 -1.0534E+00
  1.4815E+01  1.4000E+02  3.8305E+01  2.8856E+02  1.0234E+01 -4.5326E+00 -2.1204E+00
  1.3138E+01  1.8000E+02  5.1814E+01  2.9113E+02  9.6195E+00 -6.5218E+00 -2.3077E+00
  1.1782E+01  2.2000E+02  6.4601E+01  2.9507E+02  8.9818E+00 -6.5213E+00 -1.8655E+00
  1.0633E+01  2.6000E+02  7.7652E+01  3.0063E+02  8.3575E+00 -6.5179E+00 -1.5810E+00
  9.6257E+00  3.0000E+02  9.1437E+01  3.0703E+02  7.7645E+00 -7.3390E+00 -1.5591E+00
  8.7257E+00  3.4000E+02  1.0612E+02  3.1412E+02  7.2185E+00 -8.4359E+00 -1.6019E+00
  7.9095E+00  3.8000E+02  1.2139E+02  3.2157E+02  6.7376E+00 -9.5780E+00 -1.6493E+00
  7.1616E+00  4.2000E+02  1.3682E+02  3.2925E+02  6.3192E+00 -1.0353E+01 -1.6336E+00
  6.4708E+00  4.6000E+02  1.5194E+02  3.3704E+02  5.9526E+00 -1.0624E+01 -1.5484E+00
  5.8284E+00  5.0000E+02  1.6663E+02  3.4499E+02  5.6281E+00 -1.0497E+01 -1.4226E+00
  5.2276E+00  5.4000E+02  1.8094E+02  3.5307E+02  5.3380E+00 -1.0356E+01 -1.3128E+00
  4.6628E+00  5.8000E+02  1.9493E+02  3.6126E+02  5.0763E+00 -1.0282E+01 -1.2251E+00
  4.1296E+00  6.2000E+02  2.0872E+02  3.6955E+02  4.8374E+00 -1.0299E+01 -1.1587E+00
  3.6241E+00  6.6000E+02  2.2243E+02  3.7795E+02  4.6163E+00 -1.0512E+01 -1.1210E+00
  3.1433E+00  7.0000E+02  2.3611E+02  3.8635E+02  4.4087E+00 -1.0982E+01 -1.1139E+00
  2.6847E+00  7.4000E+02  2.4989E+02  3.9470E+02  4.2115E+00 -1.1831E+01 -1.1448E+00
  2.2460E+00  7.8000E+02  2.6369E+02  4.0278E+02  4.0214E+00 -1.3039E+01 -1.2068E+00
  1.8255E+00  8.2000E+02  2.7807E+02  4.1076E+02  3.8339E+00 -1.5214E+01 -1.3497E+00
  1.4218E+00  8.6000E+02  2.9352E+02  4.1828E+02  3.6336E+00 -1.9672E+01 -1.6758E+00
  1.0333E+00  9.0000E+02  3.1448E+02  4.2738E+02  3.3826E+00 -3.0528E+01 -2.5021E+00
  6.5790E-01  9.4000E+02  3.4619E+02  4.4029E+02  3.0607E+00 -5.0065E+01 -3.9650E+00
  2.9408E-01  9.8000E+02  3.7985E+02  4.4966E+02  2.7207E+00 -6.6771E+01 -5.1252E+00
