  25  9.5995000E+01
  2.5641E+01  2.0000E+01  7.1579E+00  2.1205E+02  3.6380E+00  0.0000E+00  0.0000E+00
  1.8830E+01  6.0000E+01  1.1616E+01  2.1356E+02  3.4245E+00 -4.3355E-01 -6.2307E-01
  1.5643E+01  1.0000E+02  1.4711E+01  2.1508E+02  3.3006E+00 -4.9420E-01 -3.3229E-01
  1.3529E+01  1.4000E+02  1.7235E+01  2.1657E+02  3.2050E+00 -4.8920E-01 -2.1817E-01
  1.1937E+01  1.8000E+02  1.9670E+01  2.1807E+02  3.1206E+00 -5.8894E-01 -1.9780E-01
  1.0654E+01  2.2000E+02  2.4405E+01  2.1960E+02  3.0066E+00 -2.4920E+00 -6.7456E-01
  9.5754E+00  2.6000E+02  3.4066E+01  2.2137E+02  2.7991E+00 -7.3212E+00 -1.6661E+00
  8.6424E+00  3.0000E+02  4.4881E+01  2.2336E+02  2.5646E+00 -9.4506E+00 -1.8602E+00
  7.8191E+00  3.4000E+02  5.4513E+01  2.2564E+02  2.3485E+00 -8.9353E+00 -1.5520E+00
  7.0810E+00  3.8000E+02  6.2879E+01  2.2828E+02  2.1678E+00 -7.7540E+00 -1.2076E+00
  6.4101E+00  4.2000E+02  7.0474E+01  2.3127E+02  2.0164E+00 -6.8732E+00 -9.7284E-01
  5.7938E+00  4.6000E+02  7.7760E+01  2.3450E+02  1.8866E+00 -6.5706E+00 -8.5440E-01
  5.2228E+00  5.0000E+02  8.4931E+01  2.3795E+02  1.7729E+00 -6.5315E+00 -7.8681E-01
  4.6904E+00  5.4000E+02  9.1936E+01  2.4165E+02  1.6717E+00 -6.1928E+00 -6.9559E-01
  4.1908E+00  5.8000E+02  9.9182E+01  2.4604E+02  1.5804E+00 -5.7186E+00 -6.0274E-01
  3.7185E+00  6.2000E+02  1.0736E+02  2.5122E+02  1.4952E+00 -6.3501E+00 -6.3281E-01
  3.2691E+00  6.6000E+02  1.1665E+02  2.5683E+02  1.4127E+00 -8.1849E+00 -7.7607E-01
  2.8398E+00  7.0000E+02  1.2681E+02  2.6261E+02  1.3318E+00 -1.0218E+01 -9.2550E-01
  2.4286E+00  7.4000E+02  1.3752E+02  2.6843E+02  1.2534E+00 -1.1883E+01 -1.0309E+00
  2.0340E+00  7.8000E+02  1.4847E+02  2.7421E+02  1.1784E+00 -1.3114E+01 -1.0918E+00
  1.6546E+00  8.2000E+02  1.5949E+02  2.7989E+02  1.1073E+00 -1.4070E+01 -1.1262E+00
  1.2893E+00  8.6000E+02  1.7045E+02  2.8538E+02  1.0398E+00 -1.4978E+01 -1.1545E+00
  9.3706E-01  9.0000E+02  1.8132E+02  2.9064E+02  9.7423E-01 -1.5904E+01 -1.1819E+00
  5.9677E-01  9.4000E+02  1.9317E+02  2.9642E+02  9.0883E-01 -1.7859E+01 -1.2822E+00
  2.6697E-01  9.8000E+02  2.0600E+02  3.0149E+02  8.4704E-01 -2.3534E+01 -1.6375E+00
