  25  9.5995000E+01
  2.5679E+01  2.0000E+01  7.0375E+00  2.1807E+02  4.0520E+00  0.0000E+00  0.0000E+00
  1.8860E+01  6.0000E+01  1.0842E+01  2.1850E+02  3.8697E+00 -4.9517E-01 -7.1244E-01
  1.5669E+01  1.0000E+02  1.3667E+01  2.1909E+02  3.7581E+00 -7.0092E-01 -4.7187E-01
  1.3552E+01  1.4000E+02  1.6068E+01  2.1983E+02  3.6666E+00 -7.8197E-01 -3.4921E-01
  1.1958E+01  1.8000E+02  1.8441E+01  2.2073E+02  3.5821E+00 -9.2500E-01 -3.1115E-01
  1.0673E+01  2.2000E+02  2.2738E+01  2.2179E+02  3.4701E+00 -2.5210E+00 -6.8348E-01
  9.5924E+00  2.6000E+02  3.1819E+01  2.2319E+02  3.2575E+00 -7.1131E+00 -1.6212E+00
  8.6579E+00  3.0000E+02  4.2819E+01  2.2495E+02  3.0025E+00 -9.8895E+00 -1.9498E+00
  7.8331E+00  3.4000E+02  5.2831E+01  2.2706E+02  2.7586E+00 -9.5753E+00 -1.6662E+00
  7.0934E+00  3.8000E+02  6.1553E+01  2.2960E+02  2.5517E+00 -8.3551E+00 -1.3039E+00
  6.4210E+00  4.2000E+02  6.9454E+01  2.3253E+02  2.3771E+00 -7.3913E+00 -1.0486E+00
  5.8030E+00  4.6000E+02  7.7011E+01  2.3574E+02  2.2273E+00 -7.0314E+00 -9.1672E-01
  5.2303E+00  5.0000E+02  8.4461E+01  2.3918E+02  2.0960E+00 -7.0045E+00 -8.4632E-01
  4.6961E+00  5.4000E+02  9.1778E+01  2.4285E+02  1.9789E+00 -6.8295E+00 -7.6972E-01
  4.1949E+00  5.8000E+02  9.9206E+01  2.4706E+02  1.8730E+00 -6.4274E+00 -6.7975E-01
  3.7213E+00  6.2000E+02  1.0731E+02  2.5199E+02  1.7751E+00 -6.6778E+00 -6.6715E-01
  3.2712E+00  6.6000E+02  1.1634E+02  2.5744E+02  1.6817E+00 -7.9719E+00 -7.5706E-01
  2.8415E+00  7.0000E+02  1.2622E+02  2.6313E+02  1.5911E+00 -9.7337E+00 -8.8253E-01
  2.4300E+00  7.4000E+02  1.3667E+02  2.6890E+02  1.5033E+00 -1.1389E+01 -9.8881E-01
  2.0351E+00  7.8000E+02  1.4744E+02  2.7466E+02  1.4188E+00 -1.2710E+01 -1.0589E+00
  1.6554E+00  8.2000E+02  1.5833E+02  2.8032E+02  1.3382E+00 -1.3765E+01 -1.1025E+00
  1.2899E+00  8.6000E+02  1.6920E+02  2.8580E+02  1.2612E+00 -1.4746E+01 -1.1373E+00
  9.3744E-01  9.0000E+02  1.8000E+02  2.9105E+02  1.1862E+00 -1.5752E+01 -1.1713E+00
  5.9698E-01  9.4000E+02  1.9173E+02  2.9673E+02  1.1109E+00 -1.7747E+01 -1.2747E+00
  2.6706E-01  9.8000E+02  2.0454E+02  3.0180E+02  1.0391E+00 -2.3494E+01 -1.6354E+00
