  25  9.5995000E+01
  2.7479E+01  2.0000E+01  1.6563E+01  2.8018E+02  1.1426E+01  0.0000E+00  0.0000E+00
  2.0353E+01  6.0000E+01  2.1662E+01  2.8338E+02  1.0856E+01 -2.6532E-01 -3.9891E-01
  1.7029E+01  1.0000E+02  2.7634E+01  2.8545E+02  1.0546E+01 -1.1751E+00 -8.2414E-01
  1.4810E+01  1.4000E+02  3.9367E+01  2.8766E+02  1.0066E+01 -4.2928E+00 -2.0089E+00
  1.3131E+01  1.8000E+02  5.3110E+01  2.9040E+02  9.4528E+00 -6.5522E+00 -2.3212E+00
  1.1774E+01  2.2000E+02  6.6150E+01  2.9434E+02  8.8092E+00 -6.7059E+00 -1.9206E+00
  1.0624E+01  2.6000E+02  7.9238E+01  2.9992E+02  8.1806E+00 -6.5262E+00 -1.5833E+00
  9.6173E+00  3.0000E+02  9.2965E+01  3.0646E+02  7.5905E+00 -7.1423E+00 -1.5167E+00
  8.7177E+00  3.4000E+02  1.0750E+02  3.1369E+02  7.0547E+00 -8.1202E+00 -1.5412E+00
  7.9020E+00  3.8000E+02  1.2248E+02  3.2123E+02  6.5890E+00 -9.1154E+00 -1.5688E+00
  7.1545E+00  4.2000E+02  1.3756E+02  3.2900E+02  6.1876E+00 -9.7866E+00 -1.5433E+00
  6.4641E+00  4.6000E+02  1.5232E+02  3.3681E+02  5.8382E+00 -1.0069E+01 -1.4668E+00
  5.8220E+00  5.0000E+02  1.6668E+02  3.4471E+02  5.5298E+00 -1.0048E+01 -1.3612E+00
  5.2215E+00  5.4000E+02  1.8065E+02  3.5267E+02  5.2537E+00 -1.0012E+01 -1.2685E+00
  4.6569E+00  5.8000E+02  1.9433E+02  3.6070E+02  5.0042E+00 -1.0017E+01 -1.1930E+00
  4.1240E+00  6.2000E+02  2.0784E+02  3.6881E+02  4.7760E+00 -1.0127E+01 -1.1387E+00
  3.6188E+00  6.6000E+02  2.2129E+02  3.7700E+02  4.5645E+00 -1.0420E+01 -1.1105E+00
  3.1384E+00  7.0000E+02  2.3471E+02  3.8517E+02  4.3658E+00 -1.0922E+01 -1.1071E+00
  2.6802E+00  7.4000E+02  2.4812E+02  3.9324E+02  4.1771E+00 -1.1654E+01 -1.1267E+00
  2.2420E+00  7.8000E+02  2.6148E+02  4.0104E+02  3.9962E+00 -1.2681E+01 -1.1724E+00
  1.8220E+00  8.2000E+02  2.7506E+02  4.0854E+02  3.8193E+00 -1.4501E+01 -1.2849E+00
  1.4189E+00  8.6000E+02  2.8934E+02  4.1547E+02  3.6320E+00 -1.8230E+01 -1.5505E+00
  1.0312E+00  9.0000E+02  3.0871E+02  4.2391E+02  3.3962E+00 -2.8188E+01 -2.3057E+00
  6.5662E-01  9.4000E+02  3.3964E+02  4.3656E+02  3.0839E+00 -4.8774E+01 -3.8542E+00
  2.9355E-01  9.8000E+02  3.7334E+02  4.4602E+02  2.7485E+00 -6.6777E+01 -5.1151E+00
