  25  9.5995000E+01
  2.5537E+01  2.0000E+01  4.6292E+00  2.1642E+02  1.7326E+00  0.0000E+00  0.0000E+00
  1.8758E+01  6.0000E+01  8.3665E+00  2.1683E+02  1.6444E+00 -4.9136E-01 -7.0279E-01
  1.5586E+01  1.0000E+02  1.1163E+01  2.1747E+02  1.5837E+00 -6.8054E-01 -4.5552E-01
  1.3478E+01  1.4000E+02  1.3550E+01  2.1821E+02  1.5312E+00 -7.8180E-01 -3.4767E-01
  1.1890E+01  1.8000E+02  1.5794E+01  2.1906E+02  1.4821E+00 -8.7847E-01 -2.9432E-01
  1.0610E+01  2.2000E+02  2.0592E+01  2.2008E+02  1.4035E+00 -2.9498E+00 -7.9629E-01
  9.5350E+00  2.6000E+02  3.0595E+01  2.2146E+02  1.2680E+00 -8.0161E+00 -1.8185E+00
  8.6053E+00  3.0000E+02  4.1016E+01  2.2316E+02  1.1323E+00 -9.3877E+00 -1.8413E+00
  7.7852E+00  3.4000E+02  5.0221E+01  2.2513E+02  1.0195E+00 -8.8141E+00 -1.5251E+00
  7.0503E+00  3.8000E+02  5.8202E+01  2.2742E+02  9.3007E-01 -7.7460E+00 -1.2010E+00
  6.3833E+00  4.2000E+02  6.5278E+01  2.3001E+02  8.5860E-01 -6.7316E+00 -9.4739E-01
  5.7714E+00  4.6000E+02  7.1831E+01  2.3284E+02  7.9892E-01 -6.0751E+00 -7.8423E-01
  5.2056E+00  5.0000E+02  7.8042E+01  2.3596E+02  7.4713E-01 -5.4592E+00 -6.5170E-01
  4.6787E+00  5.4000E+02  8.4061E+01  2.3970E+02  7.0145E-01 -4.3391E+00 -4.8237E-01
  4.1831E+00  5.8000E+02  9.1348E+01  2.4467E+02  6.5904E-01 -4.6783E+00 -4.8912E-01
  3.7128E+00  6.2000E+02  1.0025E+02  2.5010E+02  6.1695E-01 -7.3641E+00 -7.3078E-01
  3.2644E+00  6.6000E+02  1.1032E+02  2.5572E+02  5.7500E-01 -9.9349E+00 -9.3979E-01
  2.8359E+00  7.0000E+02  1.2105E+02  2.6142E+02  5.3438E-01 -1.1729E+01 -1.0605E+00
  2.4254E+00  7.4000E+02  1.3212E+02  2.6716E+02  4.9574E-01 -1.2990E+01 -1.1250E+00
  2.0314E+00  7.8000E+02  1.4330E+02  2.7287E+02  4.5916E-01 -1.3895E+01 -1.1550E+00
  1.6526E+00  8.2000E+02  1.5447E+02  2.7849E+02  4.2461E-01 -1.4631E+01 -1.1693E+00
  1.2878E+00  8.6000E+02  1.6550E+02  2.8392E+02  3.9202E-01 -1.5385E+01 -1.1840E+00
  9.3615E-01  9.0000E+02  1.7658E+02  2.8924E+02  3.6018E-01 -1.6359E+01 -1.2139E+00
  5.9626E-01  9.4000E+02  1.8882E+02  2.9521E+02  3.2832E-01 -1.8439E+01 -1.3223E+00
  2.6675E-01  9.8000E+02  2.0172E+02  3.0024E+02  2.9865E-01 -2.3870E+01 -1.6595E+00
