  25  9.5995000E+01
  2.6774E+01  2.0000E+01  1.1795E+01  2.3809E+02  8.1269E+00  0.0000E+00  0.0000E+00
  1.9699E+01  6.0000E+01  1.6507E+01  2.3884E+02  7.7681E+00 -5.5964E-01 -8.3539E-01
  1.6370E+01  1.0000E+02  2.0681E+01  2.3987E+02  7.5661E+00 -9.4551E-01 -6.6406E-01
  1.4146E+01  1.4000E+02  2.6420E+01  2.4119E+02  7.3703E+00 -1.9861E+00 -9.3180E-01
  1.2461E+01  1.8000E+02  3.5074E+01  2.4258E+02  7.0868E+00 -4.3102E+00 -1.5324E+00
  1.1101E+01  2.2000E+02  4.5234E+01  2.4394E+02  6.7423E+00 -6.4724E+00 -1.8575E+00
  9.9603E+00  2.6000E+02  5.5181E+01  2.4529E+02  6.3848E+00 -7.5294E+00 -1.8120E+00
  8.9781E+00  3.0000E+02  6.4251E+01  2.4682E+02  6.0277E+00 -7.6836E+00 -1.5922E+00
  8.1149E+00  3.4000E+02  7.2638E+01  2.4876E+02  5.6848E+00 -7.4640E+00 -1.3593E+00
  7.3429E+00  3.8000E+02  8.0879E+01  2.5141E+02  5.3558E+00 -7.2408E+00 -1.1794E+00
  6.6418E+00  4.2000E+02  8.9542E+01  2.5481E+02  5.0399E+00 -7.5123E+00 -1.1111E+00
  5.9974E+00  4.6000E+02  9.8765E+01  2.5875E+02  4.7438E+00 -8.1984E+00 -1.1147E+00
  5.3997E+00  5.0000E+02  1.0839E+02  2.6304E+02  4.4736E+00 -8.9275E+00 -1.1258E+00
  4.8415E+00  5.4000E+02  1.1822E+02  2.6755E+02  4.2289E+00 -9.5419E+00 -1.1238E+00
  4.3173E+00  5.8000E+02  1.2809E+02  2.7218E+02  4.0058E+00 -9.9669E+00 -1.1022E+00
  3.8229E+00  6.2000E+02  1.3787E+02  2.7695E+02  3.8010E+00 -1.0157E+01 -1.0594E+00
  3.3547E+00  6.6000E+02  1.4767E+02  2.8194E+02  3.6113E+00 -1.0260E+01 -1.0134E+00
  2.9097E+00  7.0000E+02  1.5758E+02  2.8718E+02  3.4350E+00 -1.0486E+01 -9.8457E-01
  2.4852E+00  7.4000E+02  1.6765E+02  2.9263E+02  3.2705E+00 -1.0908E+01 -9.7687E-01
  2.0791E+00  7.8000E+02  1.7788E+02  2.9818E+02  3.1159E+00 -1.1525E+01 -9.8741E-01
  1.6896E+00  8.2000E+02  1.8823E+02  3.0371E+02  2.9691E+00 -1.2368E+01 -1.0163E+00
  1.3154E+00  8.6000E+02  1.9864E+02  3.0909E+02  2.8279E+00 -1.3441E+01 -1.0613E+00
  9.5517E-01  9.0000E+02  2.0906E+02  3.1425E+02  2.6898E+00 -1.4585E+01 -1.1084E+00
  6.0775E-01  9.4000E+02  2.2032E+02  3.1975E+02  2.5520E+00 -1.6574E+01 -1.2149E+00
  2.7164E-01  9.8000E+02  2.3303E+02  3.2481E+02  2.4171E+00 -2.2786E+01 -1.6158E+00
