  25  9.5995000E+01
  2.7106E+01  2.0000E+01  1.2887E+01  2.4779E+02  8.9489E+00  0.0000E+00  0.0000E+00
  1.9928E+01  6.0000E+01  1.7951E+01  2.4858E+02  8.5544E+00 -5.9561E-01 -9.0193E-01
  1.6555E+01  1.0000E+02  2.2123E+01  2.4946E+02  8.3380E+00 -9.7763E-01 -6.9578E-01
  1.4309E+01  1.4000E+02  2.8059E+01  2.5080E+02  8.1283E+00 -2.0441E+00 -9.6868E-01
  1.2607E+01  1.8000E+02  3.8060E+01  2.5230E+02  7.7938E+00 -4.9951E+00 -1.7937E+00
  1.1233E+01  2.2000E+02  5.0027E+01  2.5373E+02  7.3749E+00 -7.6667E+00 -2.2227E+00
  1.0081E+01  2.6000E+02  6.1250E+01  2.5514E+02  6.9394E+00 -8.5267E+00 -2.0718E+00
  9.0902E+00  3.0000E+02  7.0931E+01  2.5680E+02  6.5236E+00 -8.0851E+00 -1.6902E+00
  8.2195E+00  3.4000E+02  7.9423E+01  2.5906E+02  6.1453E+00 -7.1667E+00 -1.3164E+00
  7.4405E+00  3.8000E+02  8.7728E+01  2.6220E+02  5.7950E+00 -6.6262E+00 -1.0891E+00
  6.7322E+00  4.2000E+02  9.6717E+01  2.6621E+02  5.4640E+00 -7.0254E+00 -1.0499E+00
  6.0802E+00  4.6000E+02  1.0654E+02  2.7079E+02  5.1541E+00 -8.0454E+00 -1.1067E+00
  5.4748E+00  5.0000E+02  1.1694E+02  2.7569E+02  4.8691E+00 -9.0871E+00 -1.1607E+00
  4.9089E+00  5.4000E+02  1.2760E+02  2.8076E+02  4.6080E+00 -9.8812E+00 -1.1797E+00
  4.3773E+00  5.8000E+02  1.3833E+02  2.8595E+02  4.3679E+00 -1.0415E+01 -1.1682E+00
  3.8756E+00  6.2000E+02  1.4900E+02  2.9122E+02  4.1459E+00 -1.0756E+01 -1.1385E+00
  3.4004E+00  6.6000E+02  1.5963E+02  2.9663E+02  3.9395E+00 -1.1008E+01 -1.1036E+00
  2.9487E+00  7.0000E+02  1.7028E+02  3.0218E+02  3.7473E+00 -1.1270E+01 -1.0741E+00
  2.5180E+00  7.4000E+02  1.8099E+02  3.0787E+02  3.5674E+00 -1.1652E+01 -1.0588E+00
  2.1061E+00  7.8000E+02  1.9179E+02  3.1364E+02  3.3978E+00 -1.2218E+01 -1.0617E+00
  1.7113E+00  8.2000E+02  2.0268E+02  3.1938E+02  3.2360E+00 -1.3055E+01 -1.0875E+00
  1.3320E+00  8.6000E+02  2.1362E+02  3.2493E+02  3.0796E+00 -1.4213E+01 -1.1372E+00
  9.6714E-01  9.0000E+02  2.2473E+02  3.3033E+02  2.9250E+00 -1.5641E+01 -1.2041E+00
  6.1532E-01  9.4000E+02  2.3695E+02  3.3618E+02  2.7693E+00 -1.8112E+01 -1.3444E+00
  2.7502E-01  9.8000E+02  2.5096E+02  3.4169E+02  2.6160E+00 -2.4989E+01 -1.7941E+00
