  25  9.5995000E+01
  2.6669E+01  2.0000E+01  1.2197E+01  2.3044E+02  7.7792E+00  0.0000E+00  0.0000E+00
  1.9628E+01  6.0000E+01  1.7598E+01  2.3267E+02  7.3669E+00 -4.5027E-01 -6.6882E-01
  1.6313E+01  1.0000E+02  2.2059E+01  2.3473E+02  7.1459E+00 -7.2192E-01 -5.0498E-01
  1.4096E+01  1.4000E+02  2.7775E+01  2.3662E+02  6.9472E+00 -1.7270E+00 -8.0777E-01
  1.2416E+01  1.8000E+02  3.6047E+01  2.3838E+02  6.6789E+00 -3.8788E+00 -1.3745E+00
  1.1061E+01  2.2000E+02  4.5695E+01  2.4001E+02  6.3583E+00 -5.9140E+00 -1.6915E+00
  9.9238E+00  2.6000E+02  5.5280E+01  2.4157E+02  6.0265E+00 -7.0606E+00 -1.6937E+00
  8.9445E+00  3.0000E+02  6.4211E+01  2.4320E+02  5.6897E+00 -7.4479E+00 -1.5388E+00
  8.0838E+00  3.4000E+02  7.2654E+01  2.4519E+02  5.3592E+00 -7.4966E+00 -1.3614E+00
  7.3141E+00  3.8000E+02  8.0981E+01  2.4783E+02  5.0390E+00 -7.3934E+00 -1.2006E+00
  6.6153E+00  4.2000E+02  8.9629E+01  2.5117E+02  4.7316E+00 -7.5941E+00 -1.1195E+00
  5.9733E+00  4.6000E+02  9.8733E+01  2.5504E+02  4.4448E+00 -8.1553E+00 -1.1046E+00
  5.3780E+00  5.0000E+02  1.0817E+02  2.5926E+02  4.1849E+00 -8.7824E+00 -1.1031E+00
  4.8222E+00  5.4000E+02  1.1781E+02  2.6370E+02  3.9509E+00 -9.3477E+00 -1.0962E+00
  4.3003E+00  5.8000E+02  1.2747E+02  2.6827E+02  3.7390E+00 -9.7460E+00 -1.0731E+00
  3.8081E+00  6.2000E+02  1.3706E+02  2.7299E+02  3.5454E+00 -9.8924E+00 -1.0272E+00
  3.3421E+00  6.6000E+02  1.4668E+02  2.7797E+02  3.3669E+00 -9.9747E+00 -9.8080E-01
  2.8990E+00  7.0000E+02  1.5647E+02  2.8322E+02  3.2015E+00 -1.0228E+01 -9.5610E-01
  2.4763E+00  7.4000E+02  1.6645E+02  2.8868E+02  3.0475E+00 -1.0708E+01 -9.5499E-01
  2.0719E+00  7.8000E+02  1.7661E+02  2.9423E+02  2.9031E+00 -1.1367E+01 -9.6998E-01
  1.6839E+00  8.2000E+02  1.8688E+02  2.9976E+02  2.7663E+00 -1.2222E+01 -1.0003E+00
  1.3110E+00  8.6000E+02  1.9720E+02  3.0514E+02  2.6351E+00 -1.3267E+01 -1.0437E+00
  9.5206E-01  9.0000E+02  2.0752E+02  3.1030E+02  2.5071E+00 -1.4367E+01 -1.0881E+00
  6.0580E-01  9.4000E+02  2.1861E+02  3.1575E+02  2.3796E+00 -1.6275E+01 -1.1890E+00
  2.7078E-01  9.8000E+02  2.3107E+02  3.2073E+02  2.2549E+00 -2.2341E+01 -1.5791E+00
