  25  9.5995000E+01
  2.7448E+01  2.0000E+01  1.5683E+01  2.6733E+02  1.0575E+01  0.0000E+00  0.0000E+00
  2.0279E+01  6.0000E+01  2.1168E+01  2.7031E+02  1.0043E+01 -3.4882E-01 -5.2753E-01
  1.6918E+01  1.0000E+02  2.5504E+01  2.7240E+02  9.7792E+00 -6.6811E-01 -4.7386E-01
  1.4670E+01  1.4000E+02  3.3005E+01  2.7458E+02  9.5062E+00 -2.3705E+00 -1.1240E+00
  1.2958E+01  1.8000E+02  4.6622E+01  2.7718E+02  9.0148E+00 -6.4320E+00 -2.3231E+00
  1.1569E+01  2.2000E+02  6.2305E+01  2.7963E+02  8.4096E+00 -9.5253E+00 -2.7914E+00
  1.0402E+01  2.6000E+02  7.6332E+01  2.8233E+02  7.7829E+00 -9.7041E+00 -2.3902E+00
  9.3933E+00  3.0000E+02  8.8318E+01  2.8583E+02  7.2225E+00 -8.4133E+00 -1.7904E+00
  8.5020E+00  3.4000E+02  9.9138E+01  2.9012E+02  6.7441E+00 -7.3305E+00 -1.3785E+00
  7.7004E+00  3.8000E+02  1.0975E+02  2.9521E+02  6.3378E+00 -6.8895E+00 -1.1651E+00
  6.9693E+00  4.2000E+02  1.2090E+02  3.0104E+02  5.9843E+00 -7.2631E+00 -1.1204E+00
  6.2950E+00  4.6000E+02  1.3274E+02  3.0734E+02  5.6665E+00 -8.2173E+00 -1.1690E+00
  5.6681E+00  5.0000E+02  1.4507E+02  3.1386E+02  5.3748E+00 -9.2671E+00 -1.2257E+00
  5.0818E+00  5.4000E+02  1.5757E+02  3.2043E+02  5.1048E+00 -1.0120E+01 -1.2520E+00
  4.5306E+00  5.8000E+02  1.6998E+02  3.2695E+02  4.8545E+00 -1.0680E+01 -1.2418E+00
  4.0105E+00  6.2000E+02  1.8216E+02  3.3338E+02  4.6227E+00 -1.1063E+01 -1.2139E+00
  3.5180E+00  6.6000E+02  1.9409E+02  3.3972E+02  4.4078E+00 -1.1354E+01 -1.1799E+00
  3.0501E+00  7.0000E+02  2.0576E+02  3.4595E+02  4.2073E+00 -1.1633E+01 -1.1484E+00
  2.6044E+00  7.4000E+02  2.1719E+02  3.5205E+02  4.0181E+00 -1.1965E+01 -1.1252E+00
  2.1787E+00  7.8000E+02  2.2855E+02  3.5807E+02  3.8361E+00 -1.2544E+01 -1.1265E+00
  1.7713E+00  8.2000E+02  2.4023E+02  3.6422E+02  3.6539E+00 -1.3553E+01 -1.1649E+00
  1.3802E+00  8.6000E+02  2.5401E+02  3.7166E+02  3.4610E+00 -1.6228E+01 -1.3389E+00
  1.0034E+00  9.0000E+02  2.7149E+02  3.8080E+02  3.2492E+00 -2.2110E+01 -1.7577E+00
  6.3896E-01  9.4000E+02  2.9323E+02  3.9111E+02  3.0195E+00 -3.1393E+01 -2.4140E+00
  2.8567E-01  9.8000E+02  3.1592E+02  3.9885E+02  2.7906E+00 -4.2300E+01 -3.1529E+00
