  25  9.5995000E+01
  2.5537E+01  2.0000E+01  3.0672E+00  2.1641E+02  1.8019E-01  0.0000E+00  0.0000E+00
  1.8759E+01  6.0000E+01  6.8937E+00  2.1684E+02  1.6139E-01 -5.0099E-01 -7.1647E-01
  1.5584E+01  1.0000E+02  9.7712E+00  2.1748E+02  1.4611E-01 -7.0405E-01 -4.7151E-01
  1.3475E+01  1.4000E+02  1.2236E+01  2.1822E+02  1.3266E-01 -8.1784E-01 -3.6397E-01
  1.1886E+01  1.8000E+02  1.4499E+01  2.1905E+02  1.2068E-01 -9.0209E-01 -3.0245E-01
  1.0606E+01  2.2000E+02  1.8762E+01  2.2003E+02  1.0514E-01 -2.5648E+00 -6.9261E-01
  9.5306E+00  2.6000E+02  2.8186E+01  2.2134E+02  8.4344E-02 -7.5424E+00 -1.7110E+00
  8.6011E+00  3.0000E+02  3.8838E+01  2.2299E+02  6.8347E-02 -9.6929E+00 -1.9008E+00
  7.7812E+00  3.4000E+02  4.8457E+01  2.2493E+02  5.7165E-02 -9.3609E+00 -1.6193E+00
  7.0465E+00  3.8000E+02  5.6777E+01  2.2719E+02  4.9017E-02 -8.2474E+00 -1.2784E+00
  6.3797E+00  4.2000E+02  6.4058E+01  2.2974E+02  4.2881E-02 -7.0970E+00 -9.9842E-01
  5.7683E+00  4.6000E+02  7.0685E+01  2.3253E+02  3.8053E-02 -6.2712E+00 -8.0903E-01
  5.2030E+00  5.0000E+02  7.6875E+01  2.3561E+02  3.4090E-02 -5.5079E+00 -6.5690E-01
  4.6768E+00  5.4000E+02  8.2726E+01  2.3929E+02  3.0796E-02 -4.1149E+00 -4.5682E-01
  4.1818E+00  5.8000E+02  9.0050E+01  2.4436E+02  2.7864E-02 -4.5635E+00 -4.7657E-01
  3.7117E+00  6.2000E+02  9.9117E+01  2.4982E+02  2.5021E-02 -7.6794E+00 -7.6166E-01
  3.2635E+00  6.6000E+02  1.0934E+02  2.5543E+02  2.2262E-02 -1.0282E+01 -9.7222E-01
  2.8351E+00  7.0000E+02  1.2020E+02  2.6114E+02  1.9651E-02 -1.2028E+01 -1.0871E+00
  2.4248E+00  7.4000E+02  1.3137E+02  2.6688E+02  1.7200E-02 -1.3235E+01 -1.1458E+00
  2.0309E+00  7.8000E+02  1.4263E+02  2.7258E+02  1.4881E-02 -1.4094E+01 -1.1712E+00
  1.6522E+00  8.2000E+02  1.5386E+02  2.7821E+02  1.2657E-02 -1.4792E+01 -1.1818E+00
  1.2876E+00  8.6000E+02  1.6496E+02  2.8365E+02  1.0515E-02 -1.5536E+01 -1.1953E+00
  9.3596E-01  9.0000E+02  1.7605E+02  2.8896E+02  8.3651E-03 -1.6431E+01 -1.2188E+00
  5.9615E-01  9.4000E+02  1.8833E+02  2.9497E+02  6.2093E-03 -1.8438E+01 -1.3218E+00
  2.6669E-01  9.8000E+02  2.0121E+02  2.9999E+02  4.4156E-03 -2.3862E+01 -1.6586E+00
