  25  9.5995000E+01
  2.5549E+01  2.0000E+01  4.6318E+00  2.1662E+02  1.7326E+00  0.0000E+00  0.0000E+00
  1.8768E+01  6.0000E+01  8.3900E+00  2.1704E+02  1.6443E+00 -4.9288E-01 -7.0514E-01
  1.5594E+01  1.0000E+02  1.1211E+01  2.1768E+02  1.5834E+00 -6.8790E-01 -4.6064E-01
  1.3485E+01  1.4000E+02  1.3628E+01  2.1842E+02  1.5306E+00 -7.9263E-01 -3.5262E-01
  1.1897E+01  1.8000E+02  1.5878E+01  2.1928E+02  1.4815E+00 -8.7893E-01 -2.9460E-01
  1.0617E+01  2.2000E+02  2.0123E+01  2.2029E+02  1.4096E+00 -2.5261E+00 -6.8221E-01
  9.5410E+00  2.6000E+02  2.9472E+01  2.2164E+02  1.2816E+00 -7.4363E+00 -1.6877E+00
  8.6108E+00  3.0000E+02  4.0151E+01  2.2332E+02  1.1432E+00 -9.6717E+00 -1.8982E+00
  7.7900E+00  3.4000E+02  4.9783E+01  2.2531E+02  1.0257E+00 -9.3168E+00 -1.6134E+00
  7.0544E+00  3.8000E+02  5.8107E+01  2.2761E+02  9.3290E-01 -8.1801E+00 -1.2696E+00
  6.3866E+00  4.2000E+02  6.5435E+01  2.3021E+02  8.5941E-01 -7.0765E+00 -9.9706E-01
  5.7740E+00  4.6000E+02  7.2177E+01  2.3307E+02  7.9851E-01 -6.3436E+00 -8.1990E-01
  5.2073E+00  5.0000E+02  7.8564E+01  2.3620E+02  7.4588E-01 -5.7419E+00 -6.8641E-01
  4.6797E+00  5.4000E+02  8.4712E+01  2.3988E+02  6.9952E-01 -4.6773E+00 -5.2072E-01
  4.1837E+00  5.8000E+02  9.1919E+01  2.4473E+02  6.5686E-01 -4.7506E+00 -4.9710E-01
  3.7133E+00  6.2000E+02  1.0068E+02  2.5015E+02  6.1509E-01 -7.0918E+00 -7.0391E-01
  3.2648E+00  6.6000E+02  1.1065E+02  2.5578E+02  5.7357E-01 -9.6897E+00 -9.1670E-01
  2.8362E+00  7.0000E+02  1.2133E+02  2.6150E+02  5.3325E-01 -1.1592E+01 -1.0482E+00
  2.4257E+00  7.4000E+02  1.3238E+02  2.6725E+02  4.9479E-01 -1.2913E+01 -1.1185E+00
  2.0317E+00  7.8000E+02  1.4356E+02  2.7297E+02  4.5830E-01 -1.3858E+01 -1.1521E+00
  1.6528E+00  8.2000E+02  1.5473E+02  2.7860E+02  4.2379E-01 -1.4610E+01 -1.1678E+00
  1.2880E+00  8.6000E+02  1.6581E+02  2.8406E+02  3.9120E-01 -1.5406E+01 -1.1858E+00
  9.3620E-01  9.0000E+02  1.7680E+02  2.8932E+02  3.5955E-01 -1.6272E+01 -1.2076E+00
  5.9629E-01  9.4000E+02  1.8894E+02  2.9526E+02  3.2794E-01 -1.8235E+01 -1.3077E+00
  2.6676E-01  9.8000E+02  2.0180E+02  3.0030E+02  2.9837E-01 -2.3772E+01 -1.6528E+00
