  25  9.5995000E+01
  2.5525E+01  2.0000E+01  4.2947E+00  2.1153E+02  9.3014E-01  0.0000E+00  0.0000E+00
  1.8749E+01  6.0000E+01  8.6914E+00  2.1292E+02  8.5273E-01 -4.4390E-01 -6.3456E-01
  1.5577E+01  1.0000E+02  1.1828E+01  2.1444E+02  8.0287E-01 -5.0857E-01 -3.4035E-01
  1.3469E+01  1.4000E+02  1.4437E+01  2.1594E+02  7.6281E-01 -5.2704E-01 -2.3441E-01
  1.1881E+01  1.8000E+02  1.6804E+01  2.1741E+02  7.2697E-01 -5.6009E-01 -1.8768E-01
  1.0601E+01  2.2000E+02  2.1675E+01  2.1892E+02  6.7280E-01 -2.6300E+00 -7.0994E-01
  9.5262E+00  2.6000E+02  3.1814E+01  2.2066E+02  5.8564E-01 -7.8167E+00 -1.7728E+00
  8.5970E+00  3.0000E+02  4.2206E+01  2.2259E+02  5.0585E-01 -9.0989E+00 -1.7839E+00
  7.7773E+00  3.4000E+02  5.1377E+01  2.2475E+02  4.4420E-01 -8.5564E+00 -1.4796E+00
  7.0430E+00  3.8000E+02  5.9347E+01  2.2718E+02  3.9768E-01 -7.5505E+00 -1.1698E+00
  6.3766E+00  4.2000E+02  6.6381E+01  2.2987E+02  3.6107E-01 -6.5105E+00 -9.1538E-01
  5.7655E+00  4.6000E+02  7.2836E+01  2.3282E+02  3.3064E-01 -5.7410E+00 -7.4014E-01
  5.2005E+00  5.0000E+02  7.8924E+01  2.3609E+02  3.0444E-01 -4.9956E+00 -5.9548E-01
  4.6743E+00  5.4000E+02  8.4832E+01  2.3998E+02  2.8170E-01 -3.8182E+00 -4.2390E-01
  4.1792E+00  5.8000E+02  9.2067E+01  2.4508E+02  2.6094E-01 -4.3118E+00 -4.5043E-01
  3.7091E+00  6.2000E+02  1.0076E+02  2.5049E+02  2.4087E-01 -6.9810E+00 -6.9233E-01
  3.2611E+00  6.6000E+02  1.1046E+02  2.5604E+02  2.2143E-01 -9.2827E+00 -8.7738E-01
  2.8330E+00  7.0000E+02  1.2075E+02  2.6162E+02  2.0292E-01 -1.0978E+01 -9.9151E-01
  2.4230E+00  7.4000E+02  1.3138E+02  2.6722E+02  1.8548E-01 -1.2296E+01 -1.0637E+00
  2.0296E+00  7.8000E+02  1.4202E+02  2.7267E+02  1.6924E-01 -1.3192E+01 -1.0950E+00
  1.6514E+00  8.2000E+02  1.5275E+02  2.7806E+02  1.5422E-01 -1.4108E+01 -1.1257E+00
  1.2874E+00  8.6000E+02  1.6309E+02  2.8305E+02  1.4005E-01 -1.4694E+01 -1.1283E+00
  9.3628E-01  9.0000E+02  1.7566E+02  2.8934E+02  1.2489E-01 -1.7893E+01 -1.3256E+00
  5.9638E-01  9.4000E+02  1.8942E+02  2.9553E+02  1.0903E-01 -2.2268E+01 -1.5968E+00
  2.6679E-01  9.8000E+02  2.0294E+02  3.0054E+02  9.5058E-02 -2.5824E+01 -1.7957E+00
