  25  9.5995000E+01
  2.7326E+01  2.0000E+01  1.4688E+01  2.5316E+02  9.6107E+00  0.0000E+00  0.0000E+00
  2.0118E+01  6.0000E+01  2.0639E+01  2.5587E+02  9.1193E+00 -4.4973E-01 -6.8402E-01
  1.6726E+01  1.0000E+02  2.5034E+01  2.5771E+02  8.8718E+00 -7.5243E-01 -5.3844E-01
  1.4466E+01  1.4000E+02  3.1208E+01  2.5956E+02  8.6447E+00 -1.9175E+00 -9.1401E-01
  1.2753E+01  1.8000E+02  4.2721E+01  2.6159E+02  8.2560E+00 -5.5314E+00 -1.9999E+00
  1.1366E+01  2.2000E+02  5.6642E+01  2.6345E+02  7.7604E+00 -8.6978E+00 -2.5438E+00
  1.0204E+01  2.6000E+02  6.9216E+01  2.6517E+02  7.2485E+00 -9.3373E+00 -2.2904E+00
  9.2035E+00  3.0000E+02  7.9553E+01  2.6716E+02  6.7806E+00 -8.3459E+00 -1.7615E+00
  8.3245E+00  3.4000E+02  8.8305E+01  2.6982E+02  6.3719E+00 -6.9239E+00 -1.2840E+00
  7.5376E+00  3.8000E+02  9.6874E+01  2.7351E+02  6.0047E+00 -6.2027E+00 -1.0297E+00
  6.8218E+00  4.2000E+02  1.0629E+02  2.7816E+02  5.6648E+00 -6.6505E+00 -1.0044E+00
  6.1624E+00  4.6000E+02  1.1674E+02  2.8344E+02  5.3486E+00 -7.8433E+00 -1.0911E+00
  5.5496E+00  5.0000E+02  1.2795E+02  2.8907E+02  5.0561E+00 -9.1029E+00 -1.1768E+00
  4.9765E+00  5.4000E+02  1.3954E+02  2.9488E+02  4.7859E+00 -1.0094E+01 -1.2205E+00
  4.4377E+00  5.8000E+02  1.5126E+02  3.0079E+02  4.5360E+00 -1.0788E+01 -1.2264E+00
  3.9290E+00  6.2000E+02  1.6296E+02  3.0675E+02  4.3044E+00 -1.1275E+01 -1.2100E+00
  3.4469E+00  6.6000E+02  1.7455E+02  3.1275E+02  4.0901E+00 -1.1611E+01 -1.1808E+00
  2.9887E+00  7.0000E+02  1.8600E+02  3.1875E+02  3.8915E+00 -1.1896E+01 -1.1501E+00
  2.5518E+00  7.4000E+02  1.9733E+02  3.2475E+02  3.7064E+00 -1.2209E+01 -1.1253E+00
  2.1343E+00  7.8000E+02  2.0855E+02  3.3070E+02  3.5321E+00 -1.2608E+01 -1.1108E+00
  1.7342E+00  8.2000E+02  2.1979E+02  3.3661E+02  3.3654E+00 -1.3320E+01 -1.1243E+00
  1.3501E+00  8.6000E+02  2.3118E+02  3.4244E+02  3.2017E+00 -1.4500E+01 -1.1749E+00
  9.8062E-01  9.0000E+02  2.4378E+02  3.4878E+02  3.0338E+00 -1.6911E+01 -1.3184E+00
  6.2407E-01  9.4000E+02  2.5848E+02  3.5585E+02  2.8589E+00 -2.1424E+01 -1.6116E+00
  2.7898E-01  9.8000E+02  2.7503E+02  3.6218E+02  2.6859E+00 -2.9600E+01 -2.1551E+00
