  25  9.5995000E+01
  2.6319E+01  2.0000E+01  1.0925E+01  2.2241E+02  6.8433E+00  0.0000E+00  0.0000E+00
  1.9365E+01  6.0000E+01  1.6092E+01  2.2454E+02  6.4730E+00 -4.3622E-01 -6.3999E-01
  1.6085E+01  1.0000E+02  2.0409E+01  2.2654E+02  6.2706E+00 -7.0753E-01 -4.8965E-01
  1.3895E+01  1.4000E+02  2.4884E+01  2.2813E+02  6.1037E+00 -1.3160E+00 -6.0795E-01
  1.2242E+01  1.8000E+02  3.0493E+01  2.2970E+02  5.9185E+00 -2.4470E+00 -8.5323E-01
  1.0910E+01  2.2000E+02  3.7262E+01  2.3118E+02  5.6935E+00 -3.9669E+00 -1.1153E+00
  9.7918E+00  2.6000E+02  4.5197E+01  2.3266E+02  5.4380E+00 -5.7775E+00 -1.3626E+00
  8.8281E+00  3.0000E+02  5.4168E+01  2.3427E+02  5.1431E+00 -7.6374E+00 -1.5529E+00
  7.9800E+00  3.4000E+02  6.3485E+01  2.3621E+02  4.8191E+00 -8.6934E+00 -1.5555E+00
  7.2211E+00  3.8000E+02  7.2625E+01  2.3871E+02  4.5002E+00 -8.7537E+00 -1.4016E+00
  6.5321E+00  4.2000E+02  8.1543E+01  2.4181E+02  4.2030E+00 -8.4390E+00 -1.2267E+00
  5.8991E+00  4.6000E+02  9.0439E+01  2.4539E+02  3.9336E+00 -8.4063E+00 -1.1226E+00
  5.3123E+00  5.0000E+02  9.9411E+01  2.4930E+02  3.6946E+00 -8.6288E+00 -1.0683E+00
  4.7645E+00  5.4000E+02  1.0844E+02  2.5342E+02  3.4827E+00 -8.9604E+00 -1.0356E+00
  4.2503E+00  5.8000E+02  1.1739E+02  2.5767E+02  3.2929E+00 -9.1416E+00 -9.9178E-01
  3.7654E+00  6.2000E+02  1.2632E+02  2.6219E+02  3.1207E+00 -9.0866E+00 -9.2963E-01
  3.3060E+00  6.6000E+02  1.3545E+02  2.6710E+02  2.9625E+00 -9.1708E+00 -8.8884E-01
  2.8689E+00  7.0000E+02  1.4488E+02  2.7235E+02  2.8155E+00 -9.5982E+00 -8.8505E-01
  2.4516E+00  7.4000E+02  1.5463E+02  2.7781E+02  2.6780E+00 -1.0282E+01 -9.0527E-01
  2.0520E+00  7.8000E+02  1.6467E+02  2.8337E+02  2.5485E+00 -1.1171E+01 -9.4188E-01
  1.6683E+00  8.2000E+02  1.7489E+02  2.8892E+02  2.4256E+00 -1.2180E+01 -9.8589E-01
  1.2993E+00  8.6000E+02  1.8519E+02  2.9433E+02  2.3079E+00 -1.3277E+01 -1.0337E+00
  9.4376E-01  9.0000E+02  1.9551E+02  2.9952E+02  2.1937E+00 -1.4424E+01 -1.0819E+00
  6.0064E-01  9.4000E+02  2.0644E+02  3.0485E+02  2.0799E+00 -1.6323E+01 -1.1816E+00
  2.6853E-01  9.8000E+02  2.1865E+02  3.0969E+02  1.9686E+00 -2.2184E+01 -1.5544E+00
