  25  9.5995000E+01
  2.5946E+01  2.0000E+01  9.2669E+00  2.1588E+02  5.4801E+00  0.0000E+00  0.0000E+00
  1.9065E+01  6.0000E+01  1.4048E+01  2.1771E+02  5.1764E+00 -4.2954E-01 -6.2359E-01
  1.5833E+01  1.0000E+02  1.7574E+01  2.1940E+02  5.0086E+00 -5.6567E-01 -3.8578E-01
  1.3684E+01  1.4000E+02  2.0583E+01  2.2088E+02  4.8806E+00 -7.1597E-01 -3.2454E-01
  1.2066E+01  1.8000E+02  2.3821E+01  2.2234E+02  4.7624E+00 -1.0991E+00 -3.7530E-01
  1.0761E+01  2.2000E+02  2.8758E+01  2.2380E+02  4.6143E+00 -2.6654E+00 -7.3339E-01
  9.6662E+00  2.6000E+02  3.7089E+01  2.2538E+02  4.3803E+00 -6.1562E+00 -1.4226E+00
  8.7200E+00  3.0000E+02  4.7653E+01  2.2717E+02  4.0888E+00 -9.2728E+00 -1.8511E+00
  7.8859E+00  3.4000E+02  5.7829E+01  2.2927E+02  3.7856E+00 -9.6879E+00 -1.7047E+00
  7.1388E+00  3.8000E+02  6.6987E+01  2.3184E+02  3.5117E+00 -8.8153E+00 -1.3895E+00
  6.4601E+00  4.2000E+02  7.5437E+01  2.3492E+02  3.2720E+00 -7.9206E+00 -1.1342E+00
  5.8364E+00  4.6000E+02  8.3619E+01  2.3836E+02  3.0624E+00 -7.5964E+00 -9.9961E-01
  5.2581E+00  5.0000E+02  9.1773E+01  2.4207E+02  2.8785E+00 -7.6803E+00 -9.3696E-01
  4.7184E+00  5.4000E+02  9.9902E+01  2.4597E+02  2.7154E+00 -7.8456E+00 -8.9341E-01
  4.2119E+00  5.8000E+02  1.0798E+02  2.5011E+02  2.5686E+00 -7.7698E+00 -8.3035E-01
  3.7340E+00  6.2000E+02  1.1628E+02  2.5474E+02  2.4349E+00 -7.6615E+00 -7.7246E-01
  3.2807E+00  6.6000E+02  1.2509E+02  2.5990E+02  2.3109E+00 -8.0684E+00 -7.7161E-01
  2.8487E+00  7.0000E+02  1.3451E+02  2.6541E+02  2.1939E+00 -9.0587E+00 -8.2558E-01
  2.4356E+00  7.4000E+02  1.4447E+02  2.7110E+02  2.0824E+00 -1.0342E+01 -9.0141E-01
  2.0394E+00  7.8000E+02  1.5481E+02  2.7683E+02  1.9756E+00 -1.1639E+01 -9.7285E-01
  1.6587E+00  8.2000E+02  1.6537E+02  2.8250E+02  1.8736E+00 -1.2832E+01 -1.0307E+00
  1.2922E+00  8.6000E+02  1.7598E+02  2.8800E+02  1.7760E+00 -1.3955E+01 -1.0790E+00
  9.3894E-01  9.0000E+02  1.8659E+02  2.9326E+02  1.6812E+00 -1.5141E+01 -1.1286E+00
  5.9777E-01  9.4000E+02  1.9786E+02  2.9869E+02  1.5862E+00 -1.7119E+01 -1.2322E+00
  2.6735E-01  9.8000E+02  2.1039E+02  3.0364E+02  1.4940E+00 -2.2937E+01 -1.5990E+00
