  25  9.5995000E+01
  2.6680E+01  2.0000E+01  1.2220E+01  2.3044E+02  7.7788E+00  0.0000E+00  0.0000E+00
  1.9631E+01  6.0000E+01  1.7692E+01  2.3269E+02  7.3663E+00 -4.5759E-01 -6.8055E-01
  1.6309E+01  1.0000E+02  2.2251E+01  2.3473E+02  7.1446E+00 -7.5853E-01 -5.3164E-01
  1.4089E+01  1.4000E+02  2.7895E+01  2.3652E+02  6.9468E+00 -1.7332E+00 -8.1182E-01
  1.2409E+01  1.8000E+02  3.5827E+01  2.3819E+02  6.6867E+00 -3.7264E+00 -1.3208E+00
  1.1054E+01  2.2000E+02  4.5091E+01  2.3975E+02  6.3755E+00 -5.6904E+00 -1.6267E+00
  9.9182E+00  2.6000E+02  5.4429E+01  2.4123E+02  6.0511E+00 -6.9125E+00 -1.6564E+00
  8.9404E+00  3.0000E+02  6.3290E+01  2.4285E+02  5.7164E+00 -7.4047E+00 -1.5276E+00
  8.0810E+00  3.4000E+02  7.1795E+01  2.4486E+02  5.3831E+00 -7.5592E+00 -1.3707E+00
  7.3123E+00  3.8000E+02  8.0238E+01  2.4754E+02  5.0584E+00 -7.5065E+00 -1.2173E+00
  6.6144E+00  4.2000E+02  8.9008E+01  2.5093E+02  4.7461E+00 -7.7035E+00 -1.1343E+00
  5.9729E+00  4.6000E+02  9.8241E+01  2.5487E+02  4.4549E+00 -8.2565E+00 -1.1174E+00
  5.3779E+00  5.0000E+02  1.0781E+02  2.5915E+02  4.1916E+00 -8.8845E+00 -1.1153E+00
  4.8222E+00  5.4000E+02  1.1757E+02  2.6366E+02  3.9554E+00 -9.4532E+00 -1.1083E+00
  4.3004E+00  5.8000E+02  1.2733E+02  2.6827E+02  3.7421E+00 -9.8637E+00 -1.0860E+00
  3.8082E+00  6.2000E+02  1.3699E+02  2.7300E+02  3.5475E+00 -1.0014E+01 -1.0398E+00
  3.3421E+00  6.6000E+02  1.4665E+02  2.7797E+02  3.3684E+00 -1.0068E+01 -9.9000E-01
  2.8990E+00  7.0000E+02  1.5645E+02  2.8321E+02  3.2024E+00 -1.0294E+01 -9.6234E-01
  2.4763E+00  7.4000E+02  1.6646E+02  2.8866E+02  3.0479E+00 -1.0765E+01 -9.6004E-01
  2.0718E+00  7.8000E+02  1.7662E+02  2.9421E+02  2.9031E+00 -1.1410E+01 -9.7365E-01
  1.6839E+00  8.2000E+02  1.8690E+02  2.9974E+02  2.7660E+00 -1.2247E+01 -1.0024E+00
  1.3110E+00  8.6000E+02  1.9725E+02  3.0513E+02  2.6345E+00 -1.3291E+01 -1.0456E+00
  9.5205E-01  9.0000E+02  2.0758E+02  3.1030E+02  2.5063E+00 -1.4400E+01 -1.0906E+00
  6.0579E-01  9.4000E+02  2.1867E+02  3.1574E+02  2.3787E+00 -1.6301E+01 -1.1909E+00
  2.7077E-01  9.8000E+02  2.3112E+02  3.2071E+02  2.2540E+00 -2.2338E+01 -1.5789E+00
