  25  9.5995000E+01
  2.7473E+01  2.0000E+01  1.5276E+01  2.8223E+02  1.1287E+01  0.0000E+00  0.0000E+00
  2.0339E+01  6.0000E+01  1.9867E+01  2.8274E+02  1.0789E+01 -5.7086E-01 -8.5920E-01
  1.7010E+01  1.0000E+02  2.5158E+01  2.8397E+02  1.0506E+01 -1.2200E+00 -8.5693E-01
  1.4786E+01  1.4000E+02  3.6037E+01  2.8604E+02  1.0084E+01 -3.9611E+00 -1.8585E+00
  1.3097E+01  1.8000E+02  5.0309E+01  2.8862E+02  9.4852E+00 -6.9249E+00 -2.4679E+00
  1.1731E+01  2.2000E+02  6.4135E+01  2.9184E+02  8.8373E+00 -7.7633E+00 -2.2381E+00
  1.0578E+01  2.6000E+02  7.7226E+01  2.9649E+02  8.1985E+00 -7.3185E+00 -1.7805E+00
  9.5719E+00  3.0000E+02  9.0479E+01  3.0246E+02  7.6075E+00 -7.2371E+00 -1.5355E+00
  8.6743E+00  3.4000E+02  1.0447E+02  3.0937E+02  7.0790E+00 -7.8939E+00 -1.4949E+00
  7.8607E+00  3.8000E+02  1.1880E+02  3.1660E+02  6.6254E+00 -8.7327E+00 -1.4990E+00
  7.1153E+00  4.2000E+02  1.3316E+02  3.2401E+02  6.2382E+00 -9.3156E+00 -1.4650E+00
  6.4268E+00  4.6000E+02  1.4715E+02  3.3135E+02  5.9017E+00 -9.6671E+00 -1.4042E+00
  5.7867E+00  5.0000E+02  1.6073E+02  3.3865E+02  5.6028E+00 -9.7937E+00 -1.3226E+00
  5.1882E+00  5.4000E+02  1.7389E+02  3.4588E+02  5.3321E+00 -9.9169E+00 -1.2522E+00
  4.6259E+00  5.8000E+02  1.8682E+02  3.5313E+02  5.0836E+00 -1.0097E+01 -1.1978E+00
  4.0954E+00  6.2000E+02  1.9962E+02  3.6040E+02  4.8527E+00 -1.0428E+01 -1.1673E+00
  3.5928E+00  6.6000E+02  2.1233E+02  3.6767E+02  4.6358E+00 -1.0830E+01 -1.1483E+00
  3.1152E+00  7.0000E+02  2.2510E+02  3.7499E+02  4.4297E+00 -1.1395E+01 -1.1483E+00
  2.6600E+00  7.4000E+02  2.3778E+02  3.8219E+02  4.2326E+00 -1.2041E+01 -1.1565E+00
  2.2249E+00  7.8000E+02  2.5060E+02  3.8935E+02  4.0431E+00 -1.3010E+01 -1.1942E+00
  1.8082E+00  8.2000E+02  2.6332E+02  3.9601E+02  3.8570E+00 -1.4557E+01 -1.2796E+00
  1.4085E+00  8.6000E+02  2.7742E+02  4.0298E+02  3.6585E+00 -1.7826E+01 -1.5034E+00
  1.0239E+00  9.0000E+02  2.9657E+02  4.1201E+02  3.4211E+00 -2.6325E+01 -2.1362E+00
  6.5203E-01  9.4000E+02  3.2504E+02  4.2428E+02  3.1272E+00 -4.3561E+01 -3.4174E+00
  2.9151E-01  9.8000E+02  3.5555E+02  4.3326E+02  2.8172E+00 -5.9730E+01 -4.5432E+00
