  25  9.5995000E+01
  2.6908E+01  2.0000E+01  1.3059E+01  2.3640E+02  8.3550E+00  0.0000E+00  0.0000E+00
  1.9787E+01  6.0000E+01  1.8755E+01  2.3868E+02  7.9179E+00 -4.8018E-01 -7.2143E-01
  1.6437E+01  1.0000E+02  2.3252E+01  2.4059E+02  7.6873E+00 -7.7105E-01 -5.4495E-01
  1.4202E+01  1.4000E+02  2.9197E+01  2.4247E+02  7.4776E+00 -1.8222E+00 -8.5941E-01
  1.2508E+01  1.8000E+02  3.8227E+01  2.4419E+02  7.1792E+00 -4.3117E+00 -1.5405E+00
  1.1142E+01  2.2000E+02  4.8845E+01  2.4578E+02  6.8167E+00 -6.6139E+00 -1.9062E+00
  9.9976E+00  2.6000E+02  5.9110E+01  2.4728E+02  6.4402E+00 -7.6586E+00 -1.8495E+00
  9.0128E+00  3.0000E+02  6.8328E+01  2.4895E+02  6.0680E+00 -7.6606E+00 -1.5918E+00
  8.1475E+00  3.4000E+02  7.6739E+01  2.5109E+02  5.7161E+00 -7.2513E+00 -1.3238E+00
  7.3736E+00  3.8000E+02  8.5007E+01  2.5398E+02  5.3813E+00 -6.9412E+00 -1.1333E+00
  6.6707E+00  4.2000E+02  9.3815E+01  2.5768E+02  5.0599E+00 -7.2755E+00 -1.0791E+00
  6.0242E+00  4.6000E+02  1.0332E+02  2.6195E+02  4.7581E+00 -8.1024E+00 -1.1052E+00
  5.4242E+00  5.0000E+02  1.1333E+02  2.6657E+02  4.4828E+00 -8.9772E+00 -1.1364E+00
  4.8636E+00  5.4000E+02  1.2359E+02  2.7140E+02  4.2336E+00 -9.6922E+00 -1.1463E+00
  4.3370E+00  5.8000E+02  1.3390E+02  2.7633E+02  4.0072E+00 -1.0191E+01 -1.1322E+00
  3.8401E+00  6.2000E+02  1.4412E+02  2.8136E+02  3.7997E+00 -1.0470E+01 -1.0975E+00
  3.3696E+00  6.6000E+02  1.5428E+02  2.8652E+02  3.6082E+00 -1.0613E+01 -1.0536E+00
  2.9223E+00  7.0000E+02  1.6450E+02  2.9190E+02  3.4308E+00 -1.0815E+01 -1.0206E+00
  2.4958E+00  7.4000E+02  1.7484E+02  2.9747E+02  3.2657E+00 -1.1193E+01 -1.0073E+00
  2.0878E+00  7.8000E+02  1.8530E+02  3.0312E+02  3.1110E+00 -1.1778E+01 -1.0139E+00
  1.6966E+00  8.2000E+02  1.9585E+02  3.0875E+02  2.9642E+00 -1.2589E+01 -1.0390E+00
  1.3207E+00  8.6000E+02  2.0643E+02  3.1420E+02  2.8230E+00 -1.3651E+01 -1.0826E+00
  9.5894E-01  9.0000E+02  2.1701E+02  3.1943E+02  2.6848E+00 -1.4806E+01 -1.1300E+00
  6.1011E-01  9.4000E+02  2.2846E+02  3.2501E+02  2.5470E+00 -1.6799E+01 -1.2363E+00
  2.7268E-01  9.8000E+02  2.4140E+02  3.3017E+02  2.4122E+00 -2.3067E+01 -1.6421E+00
