  25  9.5995000E+01
  2.7199E+01  2.0000E+01  1.4136E+01  2.4636E+02  9.1413E+00  0.0000E+00  0.0000E+00
  2.0004E+01  6.0000E+01  2.0080E+01  2.4886E+02  8.6703E+00 -4.7839E-01 -7.2623E-01
  1.6620E+01  1.0000E+02  2.4496E+01  2.5068E+02  8.4291E+00 -7.6651E-01 -5.4719E-01
  1.4365E+01  1.4000E+02  3.0580E+01  2.5256E+02  8.2096E+00 -1.8673E+00 -8.8827E-01
  1.2656E+01  1.8000E+02  4.1081E+01  2.5439E+02  7.8601E+00 -5.0700E+00 -1.8287E+00
  1.1275E+01  2.2000E+02  5.3643E+01  2.5604E+02  7.4208E+00 -7.9040E+00 -2.3021E+00
  1.0119E+01  2.6000E+02  6.5266E+01  2.5758E+02  6.9653E+00 -8.7175E+00 -2.1273E+00
  9.1239E+00  3.0000E+02  7.5134E+01  2.5936E+02  6.5355E+00 -8.1291E+00 -1.7061E+00
  8.2502E+00  3.4000E+02  8.3660E+01  2.6174E+02  6.1495E+00 -7.0438E+00 -1.2984E+00
  7.4687E+00  3.8000E+02  9.1976E+01  2.6504E+02  5.7951E+00 -6.4162E+00 -1.0580E+00
  6.7582E+00  4.2000E+02  1.0102E+02  2.6924E+02  5.4616E+00 -6.8131E+00 -1.0213E+00
  6.1042E+00  4.6000E+02  1.1099E+02  2.7404E+02  5.1495E+00 -7.8965E+00 -1.0896E+00
  5.4968E+00  5.0000E+02  1.2162E+02  2.7919E+02  4.8619E+00 -9.0361E+00 -1.1579E+00
  4.9290E+00  5.4000E+02  1.3260E+02  2.8454E+02  4.5980E+00 -9.9242E+00 -1.1888E+00
  4.3954E+00  5.8000E+02  1.4369E+02  2.9000E+02  4.3554E+00 -1.0535E+01 -1.1859E+00
  3.8918E+00  6.2000E+02  1.5476E+02  2.9556E+02  4.1314E+00 -1.0940E+01 -1.1624E+00
  3.4147E+00  6.6000E+02  1.6580E+02  3.0124E+02  3.9239E+00 -1.1254E+01 -1.1329E+00
  2.9611E+00  7.0000E+02  1.7682E+02  3.0702E+02  3.7313E+00 -1.1543E+01 -1.1047E+00
  2.5285E+00  7.4000E+02  1.8787E+02  3.1291E+02  3.5517E+00 -1.1921E+01 -1.0879E+00
  2.1149E+00  7.8000E+02  1.9896E+02  3.1885E+02  3.3828E+00 -1.2459E+01 -1.0873E+00
  1.7184E+00  8.2000E+02  2.1010E+02  3.2472E+02  3.2219E+00 -1.3267E+01 -1.1098E+00
  1.3376E+00  8.6000E+02  2.2125E+02  3.3039E+02  3.0662E+00 -1.4410E+01 -1.1577E+00
  9.7120E-01  9.0000E+02  2.3269E+02  3.3598E+02  2.9114E+00 -1.5970E+01 -1.2344E+00
  6.1793E-01  9.4000E+02  2.4541E+02  3.4208E+02  2.7545E+00 -1.8723E+01 -1.3955E+00
  2.7619E-01  9.8000E+02  2.5995E+02  3.4780E+02  2.6001E+00 -2.5810E+01 -1.8609E+00
