  25  9.5995000E+01
  2.6129E+01  2.0000E+01  9.4326E+00  2.2391E+02  6.2228E+00  0.0000E+00  0.0000E+00
  1.9218E+01  6.0000E+01  1.3626E+01  2.2458E+02  5.9470E+00 -5.0934E-01 -7.4266E-01
  1.5962E+01  1.0000E+02  1.7254E+01  2.2548E+02  5.7864E+00 -8.3793E-01 -5.7556E-01
  1.3791E+01  1.4000E+02  2.0859E+01  2.2636E+02  5.6509E+00 -1.2583E+00 -5.7632E-01
  1.2154E+01  1.8000E+02  2.5223E+01  2.2737E+02  5.5069E+00 -2.0469E+00 -7.0706E-01
  1.0835E+01  2.2000E+02  3.0976E+01  2.2846E+02  5.3226E+00 -3.5349E+00 -9.8414E-01
  9.7269E+00  2.6000E+02  3.8807E+01  2.2971E+02  5.0806E+00 -5.9421E+00 -1.3885E+00
  8.7711E+00  3.0000E+02  4.8465E+01  2.3119E+02  4.7867E+00 -8.5555E+00 -1.7254E+00
  7.9294E+00  3.4000E+02  5.8296E+01  2.3300E+02  4.4662E+00 -9.5250E+00 -1.6915E+00
  7.1760E+00  3.8000E+02  6.7524E+01  2.3533E+02  4.1615E+00 -9.1530E+00 -1.4548E+00
  6.4921E+00  4.2000E+02  7.6220E+01  2.3825E+02  3.8861E+00 -8.4561E+00 -1.2202E+00
  5.8639E+00  4.6000E+02  8.4721E+01  2.4161E+02  3.6410E+00 -8.1740E+00 -1.0834E+00
  5.2816E+00  5.0000E+02  9.3234E+01  2.4531E+02  3.4247E+00 -8.2641E+00 -1.0153E+00
  4.7380E+00  5.4000E+02  1.0177E+02  2.4923E+02  3.2325E+00 -8.5017E+00 -9.7501E-01
  4.2278E+00  5.8000E+02  1.1025E+02  2.5333E+02  3.0597E+00 -8.5755E+00 -9.2308E-01
  3.7466E+00  6.2000E+02  1.1879E+02  2.5779E+02  2.9023E+00 -8.4826E+00 -8.6116E-01
  3.2906E+00  6.6000E+02  1.2763E+02  2.6269E+02  2.7569E+00 -8.6304E+00 -8.3039E-01
  2.8564E+00  7.0000E+02  1.3690E+02  2.6797E+02  2.6210E+00 -9.2036E+00 -8.4304E-01
  2.4416E+00  7.4000E+02  1.4661E+02  2.7348E+02  2.4927E+00 -1.0121E+01 -8.8583E-01
  2.0440E+00  7.8000E+02  1.5668E+02  2.7909E+02  2.3707E+00 -1.1223E+01 -9.4132E-01
  1.6622E+00  8.2000E+02  1.6697E+02  2.8466E+02  2.2541E+00 -1.2358E+01 -9.9554E-01
  1.2947E+00  8.6000E+02  1.7736E+02  2.9009E+02  2.1422E+00 -1.3490E+01 -1.0458E+00
  9.4059E-01  9.0000E+02  1.8779E+02  2.9531E+02  2.0336E+00 -1.4710E+01 -1.0991E+00
  5.9871E-01  9.4000E+02  1.9880E+02  3.0062E+02  1.9248E+00 -1.6681E+01 -1.2032E+00
  2.6771E-01  9.8000E+02  2.1112E+02  3.0548E+02  1.8184E+00 -2.2540E+01 -1.5741E+00
