  26  8.5995000E+01
  3.2086E+01  1.0000E-03  2.9385E-01  1.1820E+02  2.9383E-01  0.0000E+00  0.0000E+00
  2.2946E+01  4.0000E+01  7.7453E+00  1.1625E+02  2.5491E-01 -1.0284E+00 -1.9831E+00
  1.8130E+01  8.0000E+01  1.2170E+01  1.1348E+02  1.9678E-01 -1.4931E+00 -1.5174E+00
  1.5704E+01  1.2000E+02  1.4735E+01  1.1416E+02  1.8374E-01 -7.7576E-01 -3.9694E-01
  1.3944E+01  1.6000E+02  2.4187E+01  1.1808E+02  1.7053E-01 -3.1445E+00 -1.1681E+00
  1.2509E+01  2.0000E+02  4.0438E+01  1.2408E+02  1.5357E-01 -7.1460E+00 -2.1623E+00
  1.1280E+01  2.4000E+02  6.0795E+01  1.3156E+02  1.3288E-01 -1.0471E+01 -2.7171E+00
  1.0196E+01  2.8000E+02  8.1181E+01  1.3925E+02  1.1094E-01 -1.1713E+01 -2.6785E+00
  9.2256E+00  3.2000E+02  9.9864E+01  1.4669E+02  9.0633E-02 -1.1593E+01 -2.3727E+00
  8.3473E+00  3.6000E+02  1.1672E+02  1.5370E+02  7.2614E-02 -1.1202E+01 -2.0756E+00
  7.5447E+00  4.0000E+02  1.3173E+02  1.6022E+02  5.6791E-02 -1.0583E+01 -1.7921E+00
  6.8055E+00  4.4000E+02  1.4484E+02  1.6622E+02  4.3093E-02 -9.6295E+00 -1.5017E+00
  6.1204E+00  4.8000E+02  1.5613E+02  1.7170E+02  3.1411E-02 -8.4784E+00 -1.2255E+00
  5.4819E+00  5.2000E+02  1.6571E+02  1.7672E+02  2.1817E-02 -7.1229E+00 -9.5955E-01
  4.8839E+00  5.6000E+02  1.7373E+02  1.8136E+02  1.4387E-02 -5.6626E+00 -7.1435E-01
  4.3216E+00  6.0000E+02  1.8042E+02  1.8565E+02  8.9899E-03 -4.2705E+00 -5.0661E-01
  3.7909E+00  6.4000E+02  1.8606E+02  1.8966E+02  5.3135E-03 -3.0661E+00 -3.4334E-01
  3.2882E+00  6.8000E+02  1.9088E+02  1.9343E+02  2.9642E-03 -2.1090E+00 -2.2366E-01
  2.8107E+00  7.2000E+02  1.9512E+02  1.9699E+02  1.5569E-03 -1.4096E+00 -1.4201E-01
  2.3558E+00  7.6000E+02  1.9895E+02  2.0039E+02  7.6762E-04 -9.4232E-01 -9.0433E-02
  1.9215E+00  8.0000E+02  2.0246E+02  2.0362E+02  3.5399E-04 -6.6456E-01 -6.0903E-02
  1.5058E+00  8.4000E+02  2.0571E+02  2.0664E+02  1.5157E-04 -5.3090E-01 -4.6563E-02
  1.1072E+00  8.8000E+02  2.0868E+02  2.0942E+02  5.8590E-05 -4.8578E-01 -4.0853E-02
  7.2435E-01  9.2000E+02  2.1136E+02  2.1198E+02  1.8666E-05 -3.2089E-01 -2.5917E-02
  3.5582E-01  9.6000E+02  2.1448E+02  2.1507E+02  4.0781E-06 -4.9860E-02 -3.8768E-03
  7.3913E-04  1.0000E+03  2.1888E+02  2.1943E+02  4.6548E-07 -1.4009E-01 -1.0495E-02
