  26  8.5995000E+01
  3.1842E+01  1.0000E-03  1.7752E-01  1.1510E+02  1.7751E-01  0.0000E+00  0.0000E+00
  2.2503E+01  4.0000E+01  7.9598E+00  1.1631E+02  1.4742E-01 -7.0362E-01 -1.3864E+00
  1.7352E+01  8.0000E+01  1.8805E+01  1.1606E+02  1.1277E-01 -2.1538E+00 -2.3407E+00
  1.4639E+01  1.2000E+02  2.0604E+01  1.1456E+02  1.0599E-01 -1.2180E+00 -6.9722E-01
  1.2737E+01  1.6000E+02  2.3193E+01  1.1346E+02  1.0096E-01 -1.9403E+00 -7.7839E-01
  1.1281E+01  2.0000E+02  2.7206E+01  1.1284E+02  9.5892E-02 -3.1820E+00 -9.7766E-01
  1.0100E+01  2.4000E+02  3.2249E+01  1.1297E+02  9.0600E-02 -4.1561E+00 -1.0355E+00
  9.1020E+00  2.8000E+02  3.8033E+01  1.1379E+02  8.5120E-02 -4.9765E+00 -1.0478E+00
  8.2318E+00  3.2000E+02  4.4780E+01  1.1553E+02  7.9317E-02 -5.7554E+00 -1.0566E+00
  7.4551E+00  3.6000E+02  5.2484E+01  1.1793E+02  7.3017E-02 -6.8287E+00 -1.1191E+00
  6.7498E+00  4.0000E+02  6.0898E+01  1.2084E+02  6.6359E-02 -7.8049E+00 -1.1613E+00
  6.1016E+00  4.4000E+02  6.9640E+01  1.2412E+02  5.9608E-02 -8.4193E+00 -1.1515E+00
  5.5002E+00  4.8000E+02  7.8467E+01  1.2768E+02  5.2998E-02 -8.7635E+00 -1.1119E+00
  4.9382E+00  5.2000E+02  8.7241E+01  1.3144E+02  4.6697E-02 -8.9197E+00 -1.0575E+00
  4.4101E+00  5.6000E+02  9.5883E+01  1.3534E+02  4.0783E-02 -8.9771E+00 -1.0004E+00
  3.9112E+00  6.0000E+02  1.0432E+02  1.3931E+02  3.5287E-02 -8.9651E+00 -9.4350E-01
  3.4383E+00  6.4000E+02  1.1249E+02  1.4327E+02  3.0208E-02 -8.8783E+00 -8.8598E-01
  2.9883E+00  6.8000E+02  1.2032E+02  1.4718E+02  2.5529E-02 -8.7392E+00 -8.2969E-01
  2.5589E+00  7.2000E+02  1.2780E+02  1.5097E+02  2.1235E-02 -8.5810E+00 -7.7725E-01
  2.1484E+00  7.6000E+02  1.3491E+02  1.5461E+02  1.7311E-02 -8.4354E+00 -7.3070E-01
  1.7549E+00  8.0000E+02  1.4159E+02  1.5805E+02  1.3757E-02 -8.2619E+00 -6.8580E-01
  1.3773E+00  8.4000E+02  1.4780E+02  1.6127E+02  1.0585E-02 -7.9236E+00 -6.3129E-01
  1.0143E+00  8.8000E+02  1.5358E+02  1.6441E+02  7.8331E-03 -7.2663E+00 -5.5653E-01
  6.6461E-01  9.2000E+02  1.5913E+02  1.6770E+02  5.5567E-03 -6.4401E+00 -4.7510E-01
  3.2690E-01  9.6000E+02  1.6468E+02  1.7123E+02  3.7776E-03 -5.9766E+00 -4.2584E-01
  4.7204E-04  1.0000E+03  1.7036E+02  1.7347E+02  2.4685E-03 -1.0579E+01 -7.2853E-01
