  26  3.9900000E+00
  3.2078E+01  1.0000E-03  1.0868E+01  1.5540E+01  1.0868E+01  0.0000E+00  0.0000E+00
  2.2946E+01  4.0000E+01  9.7163E+00  1.5522E+01  9.6922E+00  1.2408E-01  2.3907E-01
  1.8131E+01  8.0000E+01  9.0666E+00  1.5585E+01  8.9870E+00  1.4813E-01  1.5049E-01
  1.5706E+01  1.2000E+02  8.8734E+00  1.5733E+01  8.7363E+00  1.4053E-01  7.1880E-02
  1.3947E+01  1.6000E+02  8.7048E+00  1.6050E+01  8.3633E+00  2.7607E-01  1.0247E-01
  1.2513E+01  2.0000E+02  8.7914E+00  1.6750E+01  7.7102E+00  4.2789E-01  1.2946E-01
  1.1282E+01  2.4000E+02  9.7029E+00  1.8050E+01  6.8347E+00  3.1548E-01  8.1901E-02
  1.0198E+01  2.8000E+02  1.1665E+01  1.9910E+01  5.9336E+00 -9.4548E-02 -2.1634E-02
  9.2271E+00  3.2000E+02  1.4392E+01  2.2161E+01  5.1895E+00 -4.9010E-01 -1.0037E-01
  8.3483E+00  3.6000E+02  1.7482E+01  2.4641E+01  4.6257E+00 -6.9427E-01 -1.2873E-01
  7.5452E+00  4.0000E+02  2.0695E+01  2.7223E+01  4.1789E+00 -7.8501E-01 -1.3301E-01
  6.8057E+00  4.4000E+02  2.3915E+01  2.9823E+01  3.8088E+00 -8.3829E-01 -1.3079E-01
  6.1204E+00  4.8000E+02  2.7082E+01  3.2397E+01  3.4946E+00 -8.6517E-01 -1.2509E-01
  5.4818E+00  5.2000E+02  3.0168E+01  3.4927E+01  3.2219E+00 -8.7026E-01 -1.1725E-01
  4.8839E+00  5.6000E+02  3.3164E+01  3.7407E+01  2.9796E+00 -8.6283E-01 -1.0885E-01
  4.3215E+00  6.0000E+02  3.6069E+01  3.9835E+01  2.7613E+00 -8.4811E-01 -1.0062E-01
  3.7907E+00  6.4000E+02  3.8882E+01  4.2208E+01  2.5632E+00 -8.2846E-01 -9.2778E-02
  3.2880E+00  6.8000E+02  4.1597E+01  4.4519E+01  2.3826E+00 -8.0522E-01 -8.5406E-02
  2.8105E+00  7.2000E+02  4.4204E+01  4.6756E+01  2.2172E+00 -7.7485E-01 -7.8068E-02
  2.3557E+00  7.6000E+02  4.6696E+01  4.8917E+01  2.0649E+00 -7.2827E-01 -6.9882E-02
  1.9215E+00  8.0000E+02  4.9085E+01  5.1019E+01  1.9241E+00 -6.6093E-01 -6.0544E-02
  1.5061E+00  8.4000E+02  5.1417E+01  5.3106E+01  1.7936E+00 -5.8863E-01 -5.1591E-02
  1.1077E+00  8.8000E+02  5.3756E+01  5.5225E+01  1.6713E+00 -5.5281E-01 -4.6457E-02
  7.2503E-01  9.2000E+02  5.6092E+01  5.7380E+01  1.5543E+00 -4.7227E-01 -3.8132E-02
  3.5631E-01  9.6000E+02  5.8942E+01  6.0071E+01  1.4378E+00 -4.3211E-01 -3.3614E-02
  7.0931E-04  1.0000E+03  6.3105E+01  6.3421E+01  1.3167E+00 -2.2857E+00 -1.7149E-01
