  26  3.9900000E+00
  3.1115E+01  1.0000E-03  4.5936E+00  1.1009E+01  4.5936E+00  0.0000E+00  0.0000E+00
  2.2009E+01  4.0000E+01  4.0320E+00  1.1017E+01  4.0127E+00  6.2522E-02  1.2012E-01
  1.6982E+01  8.0000E+01  3.8066E+00  1.1027E+01  3.6926E+00  4.6924E-02  4.9765E-02
  1.4321E+01  1.2000E+02  3.7780E+00  1.1030E+01  3.5739E+00  1.1817E-02  6.6345E-03
  1.2452E+01  1.6000E+02  3.7585E+00  1.1043E+01  3.4655E+00  1.7334E-02  6.8359E-03
  1.1031E+01  2.0000E+02  3.7318E+00  1.1087E+01  3.3306E+00  4.9851E-02  1.4940E-02
  9.8880E+00  2.4000E+02  3.6955E+00  1.1191E+01  3.1509E+00  1.2219E-01  2.9471E-02
  8.9236E+00  2.8000E+02  3.6820E+00  1.1371E+01  2.9560E+00  2.0085E-01  4.0866E-02
  8.0808E+00  3.2000E+02  3.7307E+00  1.1642E+01  2.7520E+00  2.6398E-01  4.6941E-02
  7.3261E+00  3.6000E+02  3.8919E+00  1.2003E+01  2.5397E+00  2.6422E-01  4.2073E-02
  6.6391E+00  4.0000E+02  4.2054E+00  1.2460E+01  2.3268E+00  2.0899E-01  3.0291E-02
  6.0066E+00  4.4000E+02  4.6927E+00  1.3023E+01  2.1211E+00  1.1934E-01  1.5925E-02
  5.4193E+00  4.8000E+02  5.3652E+00  1.3703E+01  1.9298E+00  1.3239E-02  1.6405E-03
  4.8699E+00  5.2000E+02  6.2366E+00  1.4511E+01  1.7578E+00 -1.1457E-01 -1.3280E-02
  4.3528E+00  5.6000E+02  7.3106E+00  1.5449E+01  1.6050E+00 -2.6403E-01 -2.8804E-02
  3.8637E+00  6.0000E+02  8.5749E+00  1.6507E+01  1.4682E+00 -4.2163E-01 -4.3507E-02
  3.3992E+00  6.4000E+02  1.0007E+01  1.7672E+01  1.3448E+00 -5.7358E-01 -5.6211E-02
  2.9566E+00  6.8000E+02  1.1578E+01  1.8928E+01  1.2329E+00 -7.1361E-01 -6.6635E-02
  2.5338E+00  7.2000E+02  1.3264E+01  2.0257E+01  1.1312E+00 -8.4428E-01 -7.5324E-02
  2.1288E+00  7.6000E+02  1.5039E+01  2.1639E+01  1.0388E+00 -9.7103E-01 -8.2966E-02
  1.7402E+00  8.0000E+02  1.6881E+01  2.3055E+01  9.5415E-01 -1.0960E+00 -8.9861E-02
  1.3666E+00  8.4000E+02  1.8769E+01  2.4489E+01  8.7581E-01 -1.2138E+00 -9.5668E-02
  1.0069E+00  8.8000E+02  2.0696E+01  2.5940E+01  8.0259E-01 -1.3242E+00 -1.0049E-01
  6.6002E-01  9.2000E+02  2.2691E+01  2.7437E+01  7.3347E-01 -1.4363E+00 -1.0511E-01
  3.2474E-01  9.6000E+02  2.4894E+01  2.9074E+01  6.6791E-01 -1.6858E+00 -1.1925E-01
  4.4445E-04  1.0000E+03  2.7471E+01  3.0402E+01  6.0661E-01 -3.8526E+00 -2.6359E-01
