  26  3.9900000E+00
  2.9834E+01  1.0000E-03  5.6886E-01  1.0654E+01  5.6886E-01  0.0000E+00  0.0000E+00
  2.1230E+01  4.0000E+01  4.8094E-01  1.0655E+01  4.7209E-01  1.0337E-02  1.8766E-02
  1.6506E+01  8.0000E+01  4.6818E-01  1.0685E+01  4.1253E-01  8.9393E-03  8.9099E-03
  1.4000E+01  1.2000E+02  4.8849E-01  1.0718E+01  3.8057E-01  4.9512E-03  2.6173E-03
  1.2222E+01  1.6000E+02  5.1142E-01  1.0761E+01  3.4490E-01  1.1621E-02  4.3608E-03
  1.0863E+01  2.0000E+02  5.4993E-01  1.0840E+01  3.0033E-01  3.0030E-02  8.6089E-03
  9.7593E+00  2.4000E+02  6.1691E-01  1.0978E+01  2.5668E-01  6.4182E-02  1.4942E-02
  8.8193E+00  2.8000E+02  7.2374E-01  1.1178E+01  2.1893E-01  9.8331E-02  1.9500E-02
  7.9929E+00  3.2000E+02  8.9572E-01  1.1435E+01  1.8707E-01  1.0394E-01  1.8124E-02
  7.2510E+00  3.6000E+02  1.1602E+00  1.1758E+01  1.5972E-01  7.7957E-02  1.2202E-02
  6.5755E+00  4.0000E+02  1.5367E+00  1.2157E+01  1.3627E-01  3.3532E-02  4.7785E-03
  5.9540E+00  4.4000E+02  2.0361E+00  1.2651E+01  1.1621E-01 -8.4793E-03 -1.1118E-03
  5.3768E+00  4.8000E+02  2.6801E+00  1.3263E+01  9.9042E-02 -5.6151E-02 -6.8382E-03
  4.8361E+00  5.2000E+02  3.5155E+00  1.4006E+01  8.4203E-02 -1.7025E-01 -1.9422E-02
  4.3261E+00  5.6000E+02  4.5824E+00  1.4880E+01  7.1213E-02 -3.7765E-01 -4.0638E-02
  3.8426E+00  6.0000E+02  5.8845E+00  1.5881E+01  5.9777E-02 -6.2386E-01 -6.3635E-02
  3.3826E+00  6.4000E+02  7.3928E+00  1.6999E+01  4.9694E-02 -8.4814E-01 -8.2308E-02
  2.9437E+00  6.8000E+02  9.0655E+00  1.8221E+01  4.0853E-02 -1.0269E+00 -9.5092E-02
  2.5238E+00  7.2000E+02  1.0864E+01  1.9530E+01  3.3230E-02 -1.1649E+00 -1.0319E-01
  2.1213E+00  7.6000E+02  1.2757E+01  2.0909E+01  2.6791E-02 -1.2780E+00 -1.0852E-01
  1.7348E+00  8.0000E+02  1.4720E+01  2.2338E+01  2.1448E-02 -1.3812E+00 -1.1265E-01
  1.3628E+00  8.4000E+02  1.6732E+01  2.3796E+01  1.7075E-02 -1.4891E+00 -1.1685E-01
  1.0045E+00  8.8000E+02  1.8772E+01  2.5263E+01  1.3511E-02 -1.5996E+00 -1.2094E-01
  6.5868E-01  9.2000E+02  2.0902E+01  2.6802E+01  1.0558E-02 -1.7074E+00 -1.2456E-01
  3.2421E-01  9.6000E+02  2.3295E+01  2.8555E+01  8.1320E-03 -1.9151E+00 -1.3514E-01
  4.1140E-04  1.0000E+03  2.6089E+01  3.0319E+01  6.2427E-03 -3.1794E+00 -2.1720E-01
