  26  8.5995000E+01
  3.2102E+01  1.0000E-03  2.8741E-01  1.2160E+02  2.8739E-01  0.0000E+00  0.0000E+00
  2.2934E+01  4.0000E+01  7.8523E+00  1.1942E+02  2.4889E-01 -1.0626E+00 -2.0554E+00
  1.8102E+01  8.0000E+01  1.2294E+01  1.1679E+02  1.9211E-01 -1.4632E+00 -1.4917E+00
  1.5664E+01  1.2000E+02  1.5242E+01  1.1756E+02  1.7919E-01 -8.9529E-01 -4.6043E-01
  1.3894E+01  1.6000E+02  2.4855E+01  1.2136E+02  1.6602E-01 -3.2805E+00 -1.2253E+00
  1.2457E+01  2.0000E+02  3.9607E+01  1.2702E+02  1.5066E-01 -6.3311E+00 -1.9191E+00
  1.1229E+01  2.4000E+02  5.7012E+01  1.3387E+02  1.3378E-01 -8.5921E+00 -2.2267E+00
  1.0148E+01  2.8000E+02  7.4633E+01  1.4074E+02  1.1618E-01 -9.9487E+00 -2.2677E+00
  9.1827E+00  3.2000E+02  9.1207E+01  1.4738E+02  9.9314E-02 -1.0288E+01 -2.0959E+00
  8.3093E+00  3.6000E+02  1.0647E+02  1.5374E+02  8.3903E-02 -1.0201E+01 -1.8798E+00
  7.5114E+00  4.0000E+02  1.2044E+02  1.5987E+02  7.0195E-02 -9.8189E+00 -1.6530E+00
  6.7763E+00  4.4000E+02  1.3306E+02  1.6573E+02  5.8294E-02 -9.1923E+00 -1.4257E+00
  6.0943E+00  4.8000E+02  1.4438E+02  1.7123E+02  4.7997E-02 -8.5424E+00 -1.2291E+00
  5.4580E+00  5.2000E+02  1.5452E+02  1.7631E+02  3.9035E-02 -7.9378E+00 -1.0656E+00
  4.8616E+00  5.6000E+02  1.6350E+02  1.8093E+02  3.1263E-02 -7.3211E+00 -9.2121E-01
  4.3004E+00  6.0000E+02  1.7135E+02  1.8503E+02  2.4596E-02 -6.6785E+00 -7.9074E-01
  3.7706E+00  6.4000E+02  1.7812E+02  1.8859E+02  1.8896E-02 -6.0701E+00 -6.7844E-01
  3.2692E+00  6.8000E+02  1.8395E+02  1.9166E+02  1.3939E-02 -5.5077E+00 -5.8266E-01
  2.7934E+00  7.2000E+02  1.8908E+02  1.9447E+02  9.5822E-03 -4.8647E+00 -4.8835E-01
  2.3406E+00  7.6000E+02  1.9370E+02  1.9729E+02  5.9681E-03 -3.9802E+00 -3.8021E-01
  1.9086E+00  8.0000E+02  1.9779E+02  2.0012E+02  3.3561E-03 -2.9013E+00 -2.6445E-01
  1.4954E+00  8.4000E+02  2.0133E+02  2.0282E+02  1.7277E-03 -2.0287E+00 -1.7688E-01
  1.0994E+00  8.8000E+02  2.0412E+02  2.0507E+02  7.8004E-04 -1.3845E+00 -1.1567E-01
  7.1936E-01  9.2000E+02  2.0661E+02  2.0734E+02  2.7208E-04 -5.5959E-01 -4.4865E-02
  3.5349E-01  9.6000E+02  2.0999E+02  2.1076E+02  6.6392E-05  7.2387E-02  5.5876E-03
  7.3286E-04  1.0000E+03  2.1500E+02  2.1467E+02  1.0841E-05 -3.1092E+00 -2.3141E-01
