  26  8.5995000E+01
  3.2091E+01  1.0000E-03  2.9277E-01  1.1900E+02  2.9275E-01  0.0000E+00  0.0000E+00
  2.2946E+01  4.0000E+01  7.7738E+00  1.1700E+02  2.5390E-01 -1.0370E+00 -2.0010E+00
  1.8127E+01  8.0000E+01  1.2177E+01  1.1423E+02  1.9600E-01 -1.4877E+00 -1.5124E+00
  1.5701E+01  1.2000E+02  1.4863E+01  1.1495E+02  1.8293E-01 -8.0961E-01 -4.1444E-01
  1.3939E+01  1.6000E+02  2.4375E+01  1.1889E+02  1.6971E-01 -3.1624E+00 -1.1758E+00
  1.2504E+01  2.0000E+02  4.0126E+01  1.2478E+02  1.5327E-01 -6.8733E+00 -2.0805E+00
  1.1275E+01  2.4000E+02  5.9669E+01  1.3209E+02  1.3366E-01 -9.9522E+00 -2.5812E+00
  1.0192E+01  2.8000E+02  7.9486E+01  1.3963E+02  1.1275E-01 -1.1337E+01 -2.5904E+00
  9.2223E+00  3.2000E+02  9.7811E+01  1.4694E+02  9.3183E-02 -1.1361E+01 -2.3232E+00
  8.3446E+00  3.6000E+02  1.1444E+02  1.5386E+02  7.5713E-02 -1.1074E+01 -2.0505E+00
  7.5425E+00  4.0000E+02  1.2942E+02  1.6031E+02  6.0238E-02 -1.0625E+01 -1.7982E+00
  6.8036E+00  4.4000E+02  1.4266E+02  1.6624E+02  4.6650E-02 -9.8936E+00 -1.5423E+00
  6.1187E+00  4.8000E+02  1.5424E+02  1.7168E+02  3.4785E-02 -8.9655E+00 -1.2955E+00
  5.4803E+00  5.2000E+02  1.6419E+02  1.7666E+02  2.4712E-02 -7.7807E+00 -1.0479E+00
  4.8825E+00  5.6000E+02  1.7261E+02  1.8127E+02  1.6627E-02 -6.3645E+00 -8.0273E-01
  4.3203E+00  6.0000E+02  1.7964E+02  1.8555E+02  1.0570E-02 -4.8973E+00 -5.8087E-01
  3.7896E+00  6.4000E+02  1.8552E+02  1.8955E+02  6.3444E-03 -3.5584E+00 -3.9840E-01
  3.2871E+00  6.8000E+02  1.9051E+02  1.9329E+02  3.5914E-03 -2.4606E+00 -2.6092E-01
  2.8096E+00  7.2000E+02  1.9483E+02  1.9683E+02  1.9143E-03 -1.6424E+00 -1.6543E-01
  2.3549E+00  7.6000E+02  1.9868E+02  2.0019E+02  9.5798E-04 -1.0839E+00 -1.0399E-01
  1.9206E+00  8.0000E+02  2.0219E+02  2.0338E+02  4.4829E-04 -7.3443E-01 -6.7286E-02
  1.5050E+00  8.4000E+02  2.0543E+02  2.0640E+02  1.9478E-04 -5.4156E-01 -4.7482E-02
  1.1066E+00  8.8000E+02  2.0846E+02  2.0923E+02  7.7123E-05 -4.9297E-01 -4.1445E-02
  7.2383E-01  9.2000E+02  2.1116E+02  2.1177E+02  2.5880E-05 -3.9660E-01 -3.2024E-02
  3.5547E-01  9.6000E+02  2.1405E+02  2.1460E+02  6.0631E-06 -1.8677E-01 -1.4515E-02
  7.3812E-04  1.0000E+03  2.1790E+02  2.1867E+02  6.8533E-07  6.1829E-01  4.6274E-02
