  26  3.9900000E+00
  3.1941E+01  1.0000E-03  7.1310E+00  1.2011E+01  7.1310E+00  0.0000E+00  0.0000E+00
  2.2591E+01  4.0000E+01  6.3147E+00  1.2023E+01  6.2882E+00  8.8650E-02  1.7489E-01
  1.7445E+01  8.0000E+01  5.9565E+00  1.2027E+01  5.8077E+00  7.0328E-02  7.6350E-02
  1.4745E+01  1.2000E+02  5.9024E+00  1.2028E+01  5.6313E+00  2.0245E-02  1.1534E-02
  1.2852E+01  1.6000E+02  5.8901E+00  1.2064E+01  5.4353E+00  2.5748E-02  1.0283E-02
  1.1394E+01  2.0000E+02  5.8900E+00  1.2150E+01  5.1770E+00  5.9434E-02  1.8272E-02
  1.0205E+01  2.4000E+02  5.9112E+00  1.2302E+01  4.9003E+00  1.0999E-01  2.7593E-02
  9.1963E+00  2.8000E+02  5.9754E+00  1.2539E+01  4.6168E+00  1.7063E-01  3.6328E-02
  8.3146E+00  3.2000E+02  6.1279E+00  1.2876E+01  4.3171E+00  2.0927E-01  3.8927E-02
  7.5272E+00  3.6000E+02  6.4290E+00  1.3330E+01  4.0022E+00  1.9461E-01  3.2330E-02
  6.8124E+00  4.0000E+02  6.9297E+00  1.3916E+01  3.6815E+00  1.1941E-01  1.8008E-02
  6.1557E+00  4.4000E+02  7.6557E+00  1.4640E+01  3.3690E+00 -2.7351E-03 -3.7896E-04
  5.5468E+00  4.8000E+02  8.6045E+00  1.5501E+01  3.0810E+00 -1.4426E-01 -1.8532E-02
  4.9783E+00  5.2000E+02  9.7498E+00  1.6493E+01  2.8258E+00 -2.7000E-01 -3.2387E-02
  4.4442E+00  5.6000E+02  1.1058E+01  1.7604E+01  2.6013E+00 -3.6949E-01 -4.1631E-02
  3.9402E+00  6.0000E+02  1.2499E+01  1.8815E+01  2.4027E+00 -4.5567E-01 -4.8457E-02
  3.4626E+00  6.4000E+02  1.4047E+01  2.0104E+01  2.2256E+00 -5.4306E-01 -5.4724E-02
  3.0085E+00  6.8000E+02  1.5680E+01  2.1446E+01  2.0666E+00 -6.4129E-01 -6.1443E-02
  2.5755E+00  7.2000E+02  1.7378E+01  2.2816E+01  1.9227E+00 -7.5606E-01 -6.9070E-02
  2.1616E+00  7.6000E+02  1.9119E+01  2.4190E+01  1.7908E+00 -8.8885E-01 -7.7611E-02
  1.7652E+00  8.0000E+02  2.0872E+01  2.5537E+01  1.6679E+00 -1.0239E+00 -8.5627E-02
  1.3850E+00  8.4000E+02  2.2593E+01  2.6839E+01  1.5514E+00 -1.1017E+00 -8.8375E-02
  1.0197E+00  8.8000E+02  2.4296E+01  2.8149E+01  1.4405E+00 -1.0761E+00 -8.2932E-02
  6.6808E-01  9.2000E+02  2.6112E+01  2.9596E+01  1.3356E+00 -1.0499E+00 -7.7896E-02
  3.2857E-01  9.6000E+02  2.8191E+01  3.1246E+01  1.2376E+00 -1.2620E+00 -9.0399E-02
  4.9443E-04  1.0000E+03  3.0617E+01  3.2498E+01  1.1473E+00 -3.5784E+00 -2.4768E-01
