  26  3.9900000E+00
  3.2000E+01  1.0000E-03  8.2033E+00  1.3024E+01  8.2033E+00  0.0000E+00  0.0000E+00
  2.2695E+01  4.0000E+01  7.2832E+00  1.3034E+01  7.2598E+00  9.9952E-02  1.9622E-01
  1.7609E+01  8.0000E+01  6.8420E+00  1.3050E+01  6.7131E+00  8.9903E-02  9.6469E-02
  1.4962E+01  1.2000E+02  6.7547E+00  1.3083E+01  6.5073E+00  4.5584E-02  2.5457E-02
  1.3099E+01  1.6000E+02  6.7111E+00  1.3190E+01  6.2388E+00  8.0883E-02  3.1788E-02
  1.1647E+01  2.0000E+02  6.7206E+00  1.3398E+01  5.8826E+00  1.3666E-01  4.1876E-02
  1.0446E+01  2.4000E+02  6.8386E+00  1.3710E+01  5.5099E+00  1.6083E-01  4.0746E-02
  9.4174E+00  2.8000E+02  7.0713E+00  1.4123E+01  5.1291E+00  1.7572E-01  3.8141E-02
  8.5135E+00  3.2000E+02  7.4529E+00  1.4656E+01  4.7521E+00  1.6759E-01  3.1960E-02
  7.7039E+00  3.6000E+02  8.0339E+00  1.5328E+01  4.3842E+00  1.1197E-01  1.9125E-02
  6.9682E+00  4.0000E+02  8.8494E+00  1.6148E+01  4.0310E+00  6.4992E-03  1.0088E-03
  6.2922E+00  4.4000E+02  9.8958E+00  1.7113E+01  3.7065E+00 -1.2059E-01 -1.7199E-02
  5.6657E+00  4.8000E+02  1.1135E+01  1.8206E+01  3.4200E+00 -2.3409E-01 -3.0942E-02
  5.0811E+00  5.2000E+02  1.2524E+01  1.9403E+01  3.1693E+00 -3.2790E-01 -4.0443E-02
  4.5325E+00  5.6000E+02  1.4032E+01  2.0683E+01  2.9475E+00 -4.1572E-01 -4.8112E-02
  4.0154E+00  6.0000E+02  1.5636E+01  2.2024E+01  2.7486E+00 -5.0761E-01 -5.5378E-02
  3.5261E+00  6.4000E+02  1.7314E+01  2.3405E+01  2.5685E+00 -6.0661E-01 -6.2628E-02
  3.0615E+00  6.8000E+02  1.9044E+01  2.4804E+01  2.4042E+00 -7.1245E-01 -6.9840E-02
  2.6191E+00  7.2000E+02  2.0805E+01  2.6200E+01  2.2532E+00 -8.2531E-01 -7.7034E-02
  2.1968E+00  7.6000E+02  2.2579E+01  2.7575E+01  2.1127E+00 -9.4710E-01 -8.4379E-02
  1.7929E+00  8.0000E+02  2.4354E+01  2.8912E+01  1.9797E+00 -1.0824E+00 -9.2239E-02
  1.4058E+00  8.4000E+02  2.6097E+01  3.0187E+01  1.8511E+00 -1.2076E+00 -9.8614E-02
  1.0343E+00  8.8000E+02  2.7774E+01  3.1406E+01  1.7248E+00 -1.2366E+00 -9.6912E-02
  6.7725E-01  9.2000E+02  2.9496E+01  3.2720E+01  1.6002E+00 -1.1412E+00 -8.5973E-02
  3.3295E-01  9.6000E+02  3.1552E+01  3.4384E+01  1.4794E+00 -1.1392E+00 -8.2750E-02
  6.0097E-04  1.0000E+03  3.4200E+01  3.6430E+01  1.3668E+00 -1.8098E+00 -1.2690E-01
