  26  3.9900000E+00
  3.2071E+01  1.0000E-03  1.0005E+01  1.5912E+01  1.0005E+01  0.0000E+00  0.0000E+00
  2.2881E+01  4.0000E+01  8.9253E+00  1.5904E+01  8.9026E+00  1.1657E-01  2.2602E-01
  1.7976E+01  8.0000E+01  8.3374E+00  1.5957E+01  8.2486E+00  1.3085E-01  1.3540E-01
  1.5473E+01  1.2000E+02  8.1748E+00  1.6082E+01  8.0022E+00  1.1471E-01  6.0568E-02
  1.3672E+01  1.6000E+02  8.0490E+00  1.6358E+01  7.6332E+00  2.2292E-01  8.4718E-02
  1.2228E+01  2.0000E+02  8.1157E+00  1.6891E+01  7.1048E+00  3.2323E-01  9.8493E-02
  1.1007E+01  2.4000E+02  8.6043E+00  1.7741E+01  6.4883E+00  2.9605E-01  7.6280E-02
  9.9415E+00  2.8000E+02  9.5957E+00  1.8891E+01  5.8518E+00  1.4893E-01  3.3468E-02
  8.9942E+00  3.2000E+02  1.1050E+01  2.0307E+01  5.2705E+00 -4.0821E-02 -8.1589E-03
  8.1393E+00  3.6000E+02  1.2881E+01  2.1972E+01  4.7753E+00 -1.9466E-01 -3.5108E-02
  7.3589E+00  4.0000E+02  1.5009E+01  2.3864E+01  4.3696E+00 -3.0117E-01 -4.9587E-02
  6.6398E+00  4.4000E+02  1.7356E+01  2.5929E+01  4.0341E+00 -3.9216E-01 -5.9501E-02
  5.9722E+00  4.8000E+02  1.9836E+01  2.8078E+01  3.7511E+00 -4.9703E-01 -7.0008E-02
  5.3489E+00  5.2000E+02  2.2349E+01  3.0207E+01  3.5090E+00 -6.1408E-01 -8.0759E-02
  4.7643E+00  5.6000E+02  2.4789E+01  3.2219E+01  3.3006E+00 -7.3352E-01 -9.0471E-02
  4.2140E+00  6.0000E+02  2.7079E+01  3.4039E+01  3.1191E+00 -8.5465E-01 -9.9212E-02
  3.6946E+00  6.4000E+02  2.9188E+01  3.5638E+01  2.9573E+00 -9.8277E-01 -1.0769E-01
  3.2031E+00  6.8000E+02  3.1146E+01  3.7041E+01  2.8063E+00 -1.1288E+00 -1.1707E-01
  2.7367E+00  7.2000E+02  3.3042E+01  3.8332E+01  2.6558E+00 -1.2969E+00 -1.2762E-01
  2.2931E+00  7.6000E+02  3.4963E+01  3.9611E+01  2.4967E+00 -1.4464E+00 -1.3537E-01
  1.8700E+00  8.0000E+02  3.6967E+01  4.0972E+01  2.3274E+00 -1.5201E+00 -1.3569E-01
  1.4654E+00  8.4000E+02  3.9088E+01  4.2463E+01  2.1538E+00 -1.5566E+00 -1.3287E-01
  1.0776E+00  8.8000E+02  4.1181E+01  4.3959E+01  1.9831E+00 -1.5402E+00 -1.2601E-01
  7.0526E-01  9.2000E+02  4.3208E+01  4.5504E+01  1.8184E+00 -1.2956E+00 -1.0179E-01
  3.4661E-01  9.6000E+02  4.5699E+01  4.7633E+01  1.6617E+00 -1.0066E+00 -7.6167E-02
  7.1369E-04  1.0000E+03  4.9284E+01  5.0852E+01  1.5168E+00 -1.0593E+00 -7.7306E-02
