  26  8.5995000E+01
  3.2103E+01  1.0000E-03  2.8492E-01  1.2156E+02  2.8490E-01  0.0000E+00  0.0000E+00
  2.2928E+01  4.0000E+01  7.8543E+00  1.1944E+02  2.4655E-01 -1.0568E+00 -2.0458E+00
  1.8087E+01  8.0000E+01  1.2426E+01  1.1688E+02  1.9026E-01 -1.4726E+00 -1.5042E+00
  1.5641E+01  1.2000E+02  1.5402E+01  1.1762E+02  1.7748E-01 -9.1478E-01 -4.7206E-01
  1.3866E+01  1.6000E+02  2.4927E+01  1.2128E+02  1.6447E-01 -3.3040E+00 -1.2373E+00
  1.2428E+01  2.0000E+02  3.9474E+01  1.2674E+02  1.4932E-01 -6.3169E+00 -1.9162E+00
  1.1200E+01  2.4000E+02  5.6597E+01  1.3340E+02  1.3272E-01 -8.5249E+00 -2.2078E+00
  1.0122E+01  2.8000E+02  7.3886E+01  1.4005E+02  1.1542E-01 -9.8604E+00 -2.2440E+00
  9.1586E+00  3.2000E+02  9.0104E+01  1.4648E+02  9.8810E-02 -1.0167E+01 -2.0660E+00
  8.2879E+00  3.6000E+02  1.0503E+02  1.5271E+02  8.3653E-02 -9.9888E+00 -1.8350E+00
  7.4926E+00  4.0000E+02  1.1871E+02  1.5883E+02  7.0253E-02 -9.5065E+00 -1.5951E+00
  6.7598E+00  4.4000E+02  1.3115E+02  1.6479E+02  5.8699E-02 -8.8425E+00 -1.3671E+00
  6.0796E+00  4.8000E+02  1.4238E+02  1.7045E+02  4.8799E-02 -8.1841E+00 -1.1744E+00
  5.4447E+00  5.2000E+02  1.5243E+02  1.7569E+02  4.0306E-02 -7.5764E+00 -1.0149E+00
  4.8493E+00  5.6000E+02  1.6129E+02  1.8040E+02  3.3083E-02 -6.9598E+00 -8.7430E-01
  4.2889E+00  6.0000E+02  1.6893E+02  1.8449E+02  2.7013E-02 -6.3455E+00 -7.5029E-01
  3.7598E+00  6.4000E+02  1.7544E+02  1.8791E+02  2.1886E-02 -5.8355E+00 -6.5137E-01
  3.2591E+00  6.8000E+02  1.8098E+02  1.9069E+02  1.7341E-02 -5.5131E+00 -5.8234E-01
  2.7843E+00  7.2000E+02  1.8594E+02  1.9313E+02  1.2995E-02 -5.3150E+00 -5.3246E-01
  2.3328E+00  7.6000E+02  1.9062E+02  1.9559E+02  8.8464E-03 -4.9151E+00 -4.6823E-01
  1.9021E+00  8.0000E+02  1.9496E+02  1.9820E+02  5.3783E-03 -4.0106E+00 -3.6438E-01
  1.4903E+00  8.4000E+02  1.9878E+02  2.0081E+02  2.9506E-03 -2.9356E+00 -2.5506E-01
  1.0957E+00  8.8000E+02  2.0188E+02  2.0311E+02  1.4107E-03 -2.0270E+00 -1.6876E-01
  7.1696E-01  9.2000E+02  2.0456E+02  2.0542E+02  5.2476E-04 -9.9516E-01 -7.9521E-02
  3.5230E-01  9.6000E+02  2.0794E+02  2.0876E+02  1.3891E-04 -1.0040E-01 -7.7246E-03
  7.3676E-04  1.0000E+03  2.1290E+02  2.1298E+02  2.5632E-05 -2.1099E+00 -1.5650E-01
