  26  8.5995000E+01
  3.1766E+01  1.0000E-03  1.6919E-01  1.1459E+02  1.6918E-01  0.0000E+00  0.0000E+00
  2.2445E+01  4.0000E+01  7.9080E+00  1.1579E+02  1.3998E-01 -7.0194E-01 -1.3805E+00
  1.7299E+01  8.0000E+01  1.8761E+01  1.1563E+02  1.0710E-01 -2.1409E+00 -2.3241E+00
  1.4585E+01  1.2000E+02  2.0522E+01  1.1418E+02  1.0075E-01 -1.1798E+00 -6.7559E-01
  1.2683E+01  1.6000E+02  2.2608E+01  1.1294E+02  9.6209E-02 -1.7493E+00 -7.0207E-01
  1.1229E+01  2.0000E+02  2.5996E+01  1.1209E+02  9.1648E-02 -2.9186E+00 -8.9521E-01
  1.0053E+01  2.4000E+02  3.0576E+01  1.1203E+02  8.6771E-02 -3.9414E+00 -9.7777E-01
  9.0613E+00  2.8000E+02  3.6181E+01  1.1278E+02  8.1573E-02 -4.8998E+00 -1.0256E+00
  8.1967E+00  3.2000E+02  4.2868E+01  1.1446E+02  7.6019E-02 -5.7823E+00 -1.0547E+00
  7.4248E+00  3.6000E+02  5.0532E+01  1.1685E+02  6.9992E-02 -6.8342E+00 -1.1129E+00
  6.7238E+00  4.0000E+02  5.8911E+01  1.1976E+02  6.3637E-02 -7.8104E+00 -1.1552E+00
  6.0791E+00  4.4000E+02  6.7608E+01  1.2303E+02  5.7211E-02 -8.4157E+00 -1.1446E+00
  5.4809E+00  4.8000E+02  7.6383E+01  1.2657E+02  5.0924E-02 -8.7457E+00 -1.1038E+00
  4.9217E+00  5.2000E+02  8.5118E+01  1.3033E+02  4.4928E-02 -8.9081E+00 -1.0509E+00
  4.3960E+00  5.6000E+02  9.3742E+01  1.3423E+02  3.9290E-02 -8.9868E+00 -9.9675E-01
  3.8994E+00  6.0000E+02  1.0219E+02  1.3820E+02  3.4035E-02 -9.0160E+00 -9.4470E-01
  3.4283E+00  6.4000E+02  1.1040E+02  1.4218E+02  2.9161E-02 -8.9794E+00 -8.9239E-01
  2.9801E+00  6.8000E+02  1.1832E+02  1.4611E+02  2.4653E-02 -8.8850E+00 -8.4030E-01
  2.5523E+00  7.2000E+02  1.2590E+02  1.4995E+02  2.0503E-02 -8.7561E+00 -7.9028E-01
  2.1431E+00  7.6000E+02  1.3312E+02  1.5364E+02  1.6708E-02 -8.6171E+00 -7.4398E-01
  1.7508E+00  8.0000E+02  1.3994E+02  1.5715E+02  1.3274E-02 -8.4474E+00 -6.9907E-01
  1.3742E+00  8.4000E+02  1.4630E+02  1.6044E+02  1.0217E-02 -8.1267E+00 -6.4569E-01
  1.0121E+00  8.8000E+02  1.5223E+02  1.6365E+02  7.5663E-03 -7.5259E+00 -5.7498E-01
  6.6323E-01  9.2000E+02  1.5792E+02  1.6698E+02  5.3700E-03 -6.7505E+00 -4.9688E-01
  3.2623E-01  9.6000E+02  1.6358E+02  1.7052E+02  3.6470E-03 -6.3022E+00 -4.4809E-01
  4.6563E-04  1.0000E+03  1.6937E+02  1.7277E+02  2.3726E-03 -1.0877E+01 -7.4757E-01
