  26  8.5995000E+01
  3.2071E+01  1.0000E-03  2.7152E-01  1.2037E+02  2.7150E-01  0.0000E+00  0.0000E+00
  2.2881E+01  4.0000E+01  7.6757E+00  1.1922E+02  2.3400E-01 -9.3132E-01 -1.8058E+00
  1.7976E+01  8.0000E+01  1.3604E+01  1.1707E+02  1.8014E-01 -1.6473E+00 -1.7046E+00
  1.5473E+01  1.2000E+02  1.6829E+01  1.1739E+02  1.6789E-01 -1.1582E+00 -6.1156E-01
  1.3672E+01  1.6000E+02  2.5793E+01  1.2023E+02  1.5573E-01 -3.4010E+00 -1.2925E+00
  1.2228E+01  2.0000E+02  3.8926E+01  1.2456E+02  1.4195E-01 -6.0977E+00 -1.8581E+00
  1.1007E+01  2.4000E+02  5.3789E+01  1.2974E+02  1.2717E-01 -7.9303E+00 -2.0433E+00
  9.9415E+00  2.8000E+02  6.8609E+01  1.3519E+02  1.1206E-01 -8.7910E+00 -1.9755E+00
  8.9942E+00  3.2000E+02  8.2507E+01  1.4071E+02  9.7738E-02 -8.8444E+00 -1.7677E+00
  8.1393E+00  3.6000E+02  9.5485E+01  1.4630E+02  8.4711E-02 -8.6404E+00 -1.5583E+00
  7.3589E+00  4.0000E+02  1.0765E+02  1.5195E+02  7.3120E-02 -8.3588E+00 -1.3763E+00
  6.6398E+00  4.4000E+02  1.1899E+02  1.5752E+02  6.2975E-02 -8.0167E+00 -1.2163E+00
  5.9722E+00  4.8000E+02  1.2939E+02  1.6285E+02  5.4235E-02 -7.5893E+00 -1.0690E+00
  5.3489E+00  5.2000E+02  1.3870E+02  1.6775E+02  4.6817E-02 -7.0680E+00 -9.2952E-01
  4.7643E+00  5.6000E+02  1.4684E+02  1.7210E+02  4.0599E-02 -6.4970E+00 -8.0134E-01
  4.2140E+00  6.0000E+02  1.5385E+02  1.7582E+02  3.5395E-02 -5.9724E+00 -6.9331E-01
  3.6946E+00  6.4000E+02  1.5989E+02  1.7895E+02  3.0947E-02 -5.6019E+00 -6.1386E-01
  3.2031E+00  6.8000E+02  1.6526E+02  1.8160E+02  2.6891E-02 -5.5365E+00 -5.7419E-01
  2.7367E+00  7.2000E+02  1.7037E+02  1.8396E+02  2.2767E-02 -5.9143E+00 -5.8196E-01
  2.2931E+00  7.6000E+02  1.7554E+02  1.8621E+02  1.8224E-02 -6.5688E+00 -6.1482E-01
  1.8700E+00  8.0000E+02  1.8079E+02  1.8854E+02  1.3349E-02 -6.8962E+00 -6.1556E-01
  1.4654E+00  8.4000E+02  1.8587E+02  1.9103E+02  8.7379E-03 -6.4104E+00 -5.4717E-01
  1.0776E+00  8.8000E+02  1.9030E+02  1.9345E+02  4.9985E-03 -5.1765E+00 -4.2351E-01
  7.0526E-01  9.2000E+02  1.9397E+02  1.9589E+02  2.3954E-03 -3.3131E+00 -2.6028E-01
  3.4661E-01  9.6000E+02  1.9785E+02  1.9927E+02  9.2132E-04 -1.3987E+00 -1.0584E-01
  7.1369E-04  1.0000E+03  2.0304E+02  2.0432E+02  2.8449E-04 -3.7425E-01 -2.7311E-02
