  26  3.9900000E+00
  2.9875E+01  1.0000E-03  9.4733E-01  1.0662E+01  9.4733E-01  0.0000E+00  0.0000E+00
  2.1254E+01  4.0000E+01  8.0621E-01  1.0663E+01  7.9716E-01  1.6513E-02  3.0035E-02
  1.6520E+01  8.0000E+01  7.6853E-01  1.0692E+01  7.1150E-01  1.4075E-02  1.4058E-02
  1.4009E+01  1.2000E+02  7.7850E-01  1.0724E+01  6.6827E-01  8.7788E-03  4.6501E-03
  1.2228E+01  1.6000E+02  7.9066E-01  1.0767E+01  6.2123E-01  1.7184E-02  6.4583E-03
  1.0867E+01  2.0000E+02  8.1133E-01  1.0845E+01  5.5831E-01  4.2392E-02  1.2168E-02
  9.7627E+00  2.4000E+02  8.5840E-01  1.0982E+01  4.9391E-01  8.1550E-02  1.9003E-02
  8.8222E+00  2.8000E+02  9.4437E-01  1.1181E+01  4.3425E-01  1.2036E-01  2.3885E-02
  7.9953E+00  3.2000E+02  1.0965E+00  1.1440E+01  3.8101E-01  1.2875E-01  2.2462E-02
  7.2530E+00  3.6000E+02  1.3428E+00  1.1763E+01  3.3312E-01  1.0387E-01  1.6267E-02
  6.5772E+00  4.0000E+02  1.7040E+00  1.2164E+01  2.9049E-01  5.8579E-02  8.3522E-03
  5.9553E+00  4.4000E+02  2.1913E+00  1.2660E+01  2.5339E-01  1.3450E-02  1.7646E-03
  5.3778E+00  4.8000E+02  2.8256E+00  1.3273E+01  2.2124E-01 -3.6980E-02 -4.5058E-03
  4.8369E+00  5.2000E+02  3.6523E+00  1.4017E+01  1.9302E-01 -1.5144E-01 -1.7284E-02
  4.3267E+00  5.6000E+02  4.7102E+00  1.4893E+01  1.6780E-01 -3.5678E-01 -3.8406E-02
  3.8430E+00  6.0000E+02  6.0027E+00  1.5896E+01  1.4513E-01 -6.0021E-01 -6.1240E-02
  3.3830E+00  6.4000E+02  7.5010E+00  1.7015E+01  1.2488E-01 -8.2306E-01 -7.9892E-02
  2.9440E+00  6.8000E+02  9.1642E+00  1.8239E+01  1.0685E-01 -1.0017E+00 -9.2778E-02
  2.5241E+00  7.2000E+02  1.0953E+01  1.9549E+01  9.0829E-02 -1.1405E+00 -1.0104E-01
  2.1215E+00  7.6000E+02  1.2838E+01  2.0928E+01  7.6738E-02 -1.2552E+00 -1.0660E-01
  1.7349E+00  8.0000E+02  1.4793E+01  2.2357E+01  6.4514E-02 -1.3607E+00 -1.1100E-01
  1.3629E+00  8.4000E+02  1.6798E+01  2.3815E+01  5.4029E-02 -1.4710E+00 -1.1544E-01
  1.0045E+00  8.8000E+02  1.8832E+01  2.5282E+01  4.5068E-02 -1.5839E+00 -1.1977E-01
  6.5871E-01  9.2000E+02  2.0956E+01  2.6820E+01  3.7268E-02 -1.6932E+00 -1.2354E-01
  3.2422E-01  9.6000E+02  2.3343E+01  2.8571E+01  3.0475E-02 -1.9014E+00 -1.3418E-01
  4.1283E-04  1.0000E+03  2.6133E+01  3.0322E+01  2.4845E-02 -3.2080E+00 -2.1916E-01
