  26  3.9900000E+00
  3.2100E+01  1.0000E-03  1.0670E+01  1.6772E+01  1.0670E+01  0.0000E+00  0.0000E+00
  2.2939E+01  4.0000E+01  9.5360E+00  1.6749E+01  9.5105E+00  1.2127E-01  2.3439E-01
  1.8113E+01  8.0000E+01  8.8975E+00  1.6818E+01  8.8182E+00  1.4659E-01  1.4926E-01
  1.5680E+01  1.2000E+02  8.7075E+00  1.6973E+01  8.5654E+00  1.4202E-01  7.2880E-02
  1.3913E+01  1.6000E+02  8.5423E+00  1.7315E+01  8.1790E+00  2.8688E-01  1.0695E-01
  1.2477E+01  2.0000E+02  8.6262E+00  1.8018E+01  7.5848E+00  4.3091E-01  1.3056E-01
  1.1248E+01  2.4000E+02  9.3795E+00  1.9213E+01  6.8597E+00  3.5964E-01  9.3240E-02
  1.0167E+01  2.8000E+02  1.0977E+01  2.0850E+01  6.1035E+00  3.6612E-02  8.3534E-03
  9.2000E+00  3.2000E+02  1.3282E+01  2.2826E+01  5.4260E+00 -3.4049E-01 -6.9467E-02
  8.3248E+00  3.6000E+02  1.6031E+01  2.5042E+01  4.8724E+00 -6.0907E-01 -1.1246E-01
  7.5251E+00  4.0000E+02  1.9013E+01  2.7425E+01  4.4268E+00 -7.4842E-01 -1.2628E-01
  6.7883E+00  4.4000E+02  2.2106E+01  2.9892E+01  4.0565E+00 -8.4922E-01 -1.3201E-01
  6.1050E+00  4.8000E+02  2.5233E+01  3.2365E+01  3.7381E+00 -9.5803E-01 -1.3812E-01
  5.4678E+00  5.2000E+02  2.8341E+01  3.4800E+01  3.4576E+00 -1.0552E+00 -1.4186E-01
  4.8708E+00  5.6000E+02  3.1391E+01  3.7178E+01  3.2065E+00 -1.1276E+00 -1.4203E-01
  4.3092E+00  6.0000E+02  3.4344E+01  3.9468E+01  2.9781E+00 -1.1784E+00 -1.3961E-01
  3.7791E+00  6.4000E+02  3.7162E+01  4.1648E+01  2.7676E+00 -1.2054E+00 -1.3481E-01
  3.2772E+00  6.8000E+02  3.9829E+01  4.3714E+01  2.5715E+00 -1.1975E+00 -1.2680E-01
  2.8007E+00  7.2000E+02  4.2378E+01  4.5714E+01  2.3880E+00 -1.1505E+00 -1.1567E-01
  2.3469E+00  7.6000E+02  4.4853E+01  4.7698E+01  2.2166E+00 -1.0837E+00 -1.0373E-01
  1.9139E+00  8.0000E+02  4.7253E+01  4.9658E+01  2.0580E+00 -1.0158E+00 -9.2807E-02
  1.4996E+00  8.4000E+02  4.9554E+01  5.1552E+01  1.9121E+00 -9.8176E-01 -8.5807E-02
  1.1026E+00  8.8000E+02  5.1659E+01  5.3291E+01  1.7749E+00 -9.2283E-01 -7.7299E-02
  7.2146E-01  9.2000E+02  5.3751E+01  5.5104E+01  1.6416E+00 -7.3286E-01 -5.8933E-02
  3.5446E-01  9.6000E+02  5.6385E+01  5.7491E+01  1.5101E+00 -6.7151E-01 -5.1995E-02
  7.0863E-04  1.0000E+03  5.9968E+01  6.0184E+01  1.3775E+00 -2.5170E+00 -1.8786E-01
