  26  8.5995000E+01
  3.2100E+01  1.0000E-03  2.8208E-01  1.2127E+02  2.8206E-01  0.0000E+00  0.0000E+00
  2.2920E+01  4.0000E+01  7.8354E+00  1.1927E+02  2.4389E-01 -1.0397E+00 -2.0138E+00
  1.8066E+01  8.0000E+01  1.2634E+01  1.1681E+02  1.8812E-01 -1.4972E+00 -1.5333E+00
  1.5609E+01  1.2000E+02  1.5656E+01  1.1749E+02  1.7548E-01 -9.5138E-01 -4.9324E-01
  1.3828E+01  1.6000E+02  2.5065E+01  1.2097E+02  1.6267E-01 -3.3309E+00 -1.2515E+00
  1.2389E+01  2.0000E+02  3.9365E+01  1.2617E+02  1.4775E-01 -6.3215E+00 -1.9195E+00
  1.1162E+01  2.4000E+02  5.6154E+01  1.3254E+02  1.3138E-01 -8.4945E+00 -2.1976E+00
  1.0087E+01  2.8000E+02  7.3035E+01  1.3893E+02  1.1434E-01 -9.7504E+00 -2.2133E+00
  9.1268E+00  3.2000E+02  8.8810E+01  1.4516E+02  9.8051E-02 -9.9513E+00 -2.0151E+00
  8.2595E+00  3.6000E+02  1.0334E+02  1.5129E+02  8.3251E-02 -9.6801E+00 -1.7711E+00
  7.4675E+00  4.0000E+02  1.1672E+02  1.5741E+02  7.0229E-02 -9.1676E+00 -1.5320E+00
  6.7375E+00  4.4000E+02  1.2897E+02  1.6343E+02  5.9020E-02 -8.5433E+00 -1.3158E+00
  6.0597E+00  4.8000E+02  1.4009E+02  1.6917E+02  4.9456E-02 -7.9239E+00 -1.1331E+00
  5.4267E+00  5.2000E+02  1.5004E+02  1.7448E+02  4.1323E-02 -7.3351E+00 -9.7956E-01
  4.8329E+00  5.6000E+02  1.5876E+02  1.7921E+02  3.4490E-02 -6.7268E+00 -8.4270E-01
  4.2739E+00  6.0000E+02  1.6622E+02  1.8324E+02  2.8820E-02 -6.1292E+00 -7.2284E-01
  3.7462E+00  6.4000E+02  1.7249E+02  1.8653E+02  2.4082E-02 -5.6481E+00 -6.2881E-01
  3.2470E+00  6.8000E+02  1.7780E+02  1.8914E+02  1.9879E-02 -5.4085E+00 -5.6971E-01
  2.7736E+00  7.2000E+02  1.8257E+02  1.9133E+02  1.5713E-02 -5.4558E+00 -5.4490E-01
  2.3236E+00  7.6000E+02  1.8722E+02  1.9351E+02  1.1384E-02 -5.4732E+00 -5.1958E-01
  1.8947E+00  8.0000E+02  1.9173E+02  1.9591E+02  7.3440E-03 -4.9081E+00 -4.4417E-01
  1.4846E+00  8.4000E+02  1.9582E+02  1.9843E+02  4.2040E-03 -3.8298E+00 -3.3136E-01
  1.0916E+00  8.8000E+02  1.9926E+02  2.0082E+02  2.0704E-03 -2.6930E+00 -2.2328E-01
  7.1433E-01  9.2000E+02  2.0224E+02  2.0326E+02  8.0888E-04 -1.4255E+00 -1.1347E-01
  3.5102E-01  9.6000E+02  2.0571E+02  2.0661E+02  2.3514E-04 -3.2593E-01 -2.4983E-02
  7.2421E-04  1.0000E+03  2.1064E+02  2.1095E+02  4.9333E-05 -1.6897E+00 -1.2487E-01
