  26  8.5995000E+01
  3.2084E+01  1.0000E-03  2.7538E-01  1.2060E+02  2.7536E-01  0.0000E+00  0.0000E+00
  2.2897E+01  4.0000E+01  7.7422E+00  1.1911E+02  2.3761E-01 -9.7486E-01 -1.8897E+00
  1.8010E+01  8.0000E+01  1.3236E+01  1.1685E+02  1.8305E-01 -1.5875E+00 -1.6365E+00
  1.5524E+01  1.2000E+02  1.6402E+01  1.1733E+02  1.7066E-01 -1.0803E+00 -5.6673E-01
  1.3729E+01  1.6000E+02  2.5548E+01  1.2039E+02  1.5826E-01 -3.3890E+00 -1.2831E+00
  1.2287E+01  2.0000E+02  3.9138E+01  1.2499E+02  1.4401E-01 -6.2305E+00 -1.8963E+00
  1.1064E+01  2.4000E+02  5.4773E+01  1.3059E+02  1.2852E-01 -8.2103E+00 -2.1183E+00
  9.9951E+00  2.8000E+02  7.0393E+01  1.3638E+02  1.1256E-01 -9.1944E+00 -2.0732E+00
  9.0436E+00  3.2000E+02  8.4990E+01  1.4218E+02  9.7438E-02 -9.2459E+00 -1.8562E+00
  8.1845E+00  3.6000E+02  9.8544E+01  1.4803E+02  8.3740E-02 -8.9665E+00 -1.6252E+00
  7.3999E+00  4.0000E+02  1.1118E+02  1.5393E+02  7.1645E-02 -8.5840E+00 -1.4209E+00
  6.6767E+00  4.4000E+02  1.2291E+02  1.5976E+02  6.1140E-02 -8.1494E+00 -1.2434E+00
  6.0052E+00  4.8000E+02  1.3362E+02  1.6533E+02  5.2148E-02 -7.6568E+00 -1.0849E+00
  5.3780E+00  5.2000E+02  1.4319E+02  1.7044E+02  4.4538E-02 -7.1126E+00 -9.4118E-01
  4.7896E+00  5.6000E+02  1.5153E+02  1.7495E+02  3.8188E-02 -6.5226E+00 -8.0963E-01
  4.2359E+00  6.0000E+02  1.5865E+02  1.7876E+02  3.2925E-02 -5.9632E+00 -6.9673E-01
  3.7131E+00  6.4000E+02  1.6466E+02  1.8188E+02  2.8490E-02 -5.5412E+00 -6.1111E-01
  3.2185E+00  6.8000E+02  1.6987E+02  1.8442E+02  2.4503E-02 -5.3990E+00 -5.6337E-01
  2.7495E+00  7.2000E+02  1.7473E+02  1.8661E+02  2.0457E-02 -5.6923E+00 -5.6330E-01
  2.3036E+00  7.6000E+02  1.7963E+02  1.8873E+02  1.5980E-02 -6.2289E+00 -5.8601E-01
  1.8785E+00  8.0000E+02  1.8461E+02  1.9102E+02  1.1263E-02 -6.3334E+00 -5.6804E-01
  1.4720E+00  8.4000E+02  1.8939E+02  1.9352E+02  7.0152E-03 -5.6054E+00 -4.8068E-01
  1.0825E+00  8.8000E+02  1.9349E+02  1.9595E+02  3.7787E-03 -4.2826E+00 -3.5198E-01
  7.0842E-01  9.2000E+02  1.9690E+02  1.9842E+02  1.6820E-03 -2.5267E+00 -1.9940E-01
  3.4815E-01  9.6000E+02  2.0062E+02  2.0181E+02  5.9114E-04 -8.9510E-01 -6.8036E-02
  7.1423E-04  1.0000E+03  2.0571E+02  2.0670E+02  1.6163E-04 -5.8322E-01 -4.2751E-02
