  26  3.9900000E+00
  3.1275E+01  1.0000E-03  4.9346E+00  1.1077E+01  4.9346E+00  0.0000E+00  0.0000E+00
  2.2111E+01  4.0000E+01  4.3379E+00  1.1086E+01  4.3168E+00  6.6085E-02  1.2777E-01
  1.7050E+01  8.0000E+01  4.0984E+00  1.1094E+01  3.9749E+00  4.8866E-02  5.2174E-02
  1.4372E+01  1.2000E+02  4.0690E+00  1.1092E+01  3.8493E+00  1.0395E-02  5.8735E-03
  1.2492E+01  1.6000E+02  4.0504E+00  1.1101E+01  3.7348E+00  1.4742E-02  5.8471E-03
  1.1063E+01  2.0000E+02  4.0256E+00  1.1141E+01  3.5942E+00  4.5246E-02  1.3643E-02
  9.9131E+00  2.4000E+02  3.9895E+00  1.1239E+01  3.4082E+00  1.1682E-01  2.8343E-02
  8.9439E+00  2.8000E+02  3.9736E+00  1.1415E+01  3.2033E+00  1.9813E-01  4.0515E-02
  8.0977E+00  3.2000E+02  4.0196E+00  1.1685E+01  2.9866E+00  2.6471E-01  4.7258E-02
  7.3405E+00  3.6000E+02  4.1801E+00  1.2050E+01  2.7588E+00  2.7013E-01  4.3156E-02
  6.6515E+00  4.0000E+02  4.4987E+00  1.2517E+01  2.5294E+00  2.1477E-01  3.1222E-02
  6.0171E+00  4.4000E+02  4.9987E+00  1.3093E+01  2.3073E+00  1.1999E-01  1.6058E-02
  5.4281E+00  4.8000E+02  5.6909E+00  1.3788E+01  2.1004E+00  5.0435E-03  6.2679E-04
  4.8772E+00  5.2000E+02  6.5844E+00  1.4611E+01  1.9146E+00 -1.2874E-01 -1.4964E-02
  4.3587E+00  5.6000E+02  7.6772E+00  1.5561E+01  1.7497E+00 -2.7497E-01 -3.0076E-02
  3.8685E+00  6.0000E+02  8.9531E+00  1.6630E+01  1.6026E+00 -4.2256E-01 -4.3707E-02
  3.4030E+00  6.4000E+02  1.0389E+01  1.7803E+01  1.4703E+00 -5.6362E-01 -5.5350E-02
  2.9596E+00  6.8000E+02  1.1958E+01  1.9064E+01  1.3504E+00 -6.9561E-01 -6.5074E-02
  2.5360E+00  7.2000E+02  1.3636E+01  2.0394E+01  1.2417E+00 -8.2232E-01 -7.3484E-02
  2.1305E+00  7.6000E+02  1.5400E+01  2.1773E+01  1.1427E+00 -9.4831E-01 -8.1140E-02
  1.7414E+00  8.0000E+02  1.7225E+01  2.3180E+01  1.0521E+00 -1.0741E+00 -8.8170E-02
  1.3674E+00  8.4000E+02  1.9089E+01  2.4600E+01  9.6800E-01 -1.1888E+00 -9.3793E-02
  1.0075E+00  8.8000E+02  2.0990E+01  2.6038E+01  8.8925E-01 -1.2860E+00 -9.7668E-02
  6.6035E-01  9.2000E+02  2.2961E+01  2.7528E+01  8.1496E-01 -1.3844E+00 -1.0138E-01
  3.2488E-01  9.6000E+02  2.5137E+01  2.9155E+01  7.4473E-01 -1.6360E+00 -1.1579E-01
  4.4719E-04  1.0000E+03  2.7672E+01  3.0414E+01  6.7905E-01 -3.9330E+00 -2.6921E-01
