  26  8.5995000E+01
  3.2081E+01  1.0000E-03  2.9456E-01  1.1791E+02  2.9455E-01  0.0000E+00  0.0000E+00
  2.2946E+01  4.0000E+01  7.7237E+00  1.1600E+02  2.5559E-01 -1.0223E+00 -1.9703E+00
  1.8130E+01  8.0000E+01  1.2165E+01  1.1324E+02  1.9731E-01 -1.4961E+00 -1.5201E+00
  1.5706E+01  1.2000E+02  1.4654E+01  1.1389E+02  1.8427E-01 -7.5441E-01 -3.8592E-01
  1.3946E+01  1.6000E+02  2.4050E+01  1.1780E+02  1.7109E-01 -3.1202E+00 -1.1584E+00
  1.2512E+01  2.0000E+02  4.0501E+01  1.2387E+02  1.5394E-01 -7.2399E+00 -2.1904E+00
  1.1282E+01  2.4000E+02  6.1168E+01  1.3140E+02  1.3285E-01 -1.0676E+01 -2.7712E+00
  1.0198E+01  2.8000E+02  8.1799E+01  1.3915E+02  1.1048E-01 -1.1882E+01 -2.7184E+00
  9.2270E+00  3.2000E+02  1.0068E+02  1.4663E+02  8.9805E-02 -1.1741E+01 -2.4041E+00
  8.3483E+00  3.6000E+02  1.1767E+02  1.5368E+02  7.1467E-02 -1.1318E+01 -2.0981E+00
  7.5454E+00  4.0000E+02  1.3274E+02  1.6023E+02  5.5409E-02 -1.0620E+01 -1.7991E+00
  6.8060E+00  4.4000E+02  1.4580E+02  1.6623E+02  4.1600E-02 -9.5510E+00 -1.4899E+00
  6.1208E+00  4.8000E+02  1.5696E+02  1.7171E+02  2.9972E-02 -8.2717E+00 -1.1959E+00
  5.4822E+00  5.2000E+02  1.6635E+02  1.7675E+02  2.0591E-02 -6.8239E+00 -9.1937E-01
  4.8842E+00  5.6000E+02  1.7419E+02  1.8139E+02  1.3455E-02 -5.3436E+00 -6.7414E-01
  4.3219E+00  6.0000E+02  1.8075E+02  1.8570E+02  8.3498E-03 -3.9921E+00 -4.7361E-01
  3.7911E+00  6.4000E+02  1.8628E+02  1.8972E+02  4.9084E-03 -2.8621E+00 -3.2051E-01
  3.2884E+00  6.8000E+02  1.9105E+02  1.9349E+02  2.7234E-03 -1.9854E+00 -2.1057E-01
  2.8108E+00  7.2000E+02  1.9524E+02  1.9703E+02  1.4193E-03 -1.3500E+00 -1.3602E-01
  2.3560E+00  7.6000E+02  1.9900E+02  2.0037E+02  6.9069E-04 -9.1529E-01 -8.7839E-02
  1.9217E+00  8.0000E+02  2.0244E+02  2.0354E+02  3.1216E-04 -6.3654E-01 -5.8328E-02
  1.5060E+00  8.4000E+02  2.0563E+02  2.0653E+02  1.2996E-04 -4.8121E-01 -4.2195E-02
  1.1075E+00  8.8000E+02  2.0862E+02  2.0935E+02  4.8470E-05 -4.1587E-01 -3.4964E-02
  7.2476E-01  9.2000E+02  2.1142E+02  2.1206E+02  1.4904E-05 -2.4298E-01 -1.9623E-02
  3.5611E-01  9.6000E+02  2.1479E+02  2.1544E+02  3.2009E-06  1.8447E-02  1.4348E-03
  7.2624E-04  1.0000E+03  2.1965E+02  2.2000E+02  3.7026E-07 -8.3649E-01 -6.2719E-02
