  26  3.9900000E+00
  3.2043E+01  1.0000E-03  9.6848E+00  1.5457E+01  9.6848E+00  0.0000E+00  0.0000E+00
  2.2844E+01  4.0000E+01  8.6311E+00  1.5456E+01  8.6098E+00  1.1443E-01  2.2209E-01
  1.7900E+01  8.0000E+01  8.0696E+00  1.5502E+01  7.9739E+00  1.2287E-01  1.2816E-01
  1.5365E+01  1.2000E+02  7.9216E+00  1.5610E+01  7.7307E+00  1.0092E-01  5.3982E-02
  1.3551E+01  1.6000E+02  7.8110E+00  1.5857E+01  7.3743E+00  1.9714E-01  7.5452E-02
  1.2104E+01  2.0000E+02  7.8681E+00  1.6325E+01  6.8857E+00  2.8393E-01  8.6692E-02
  1.0886E+01  2.4000E+02  8.2535E+00  1.7034E+01  6.3347E+00  2.6538E-01  6.8206E-02
  9.8273E+00  2.8000E+02  9.0148E+00  1.7981E+01  5.7674E+00  1.7584E-01  3.9258E-02
  8.8884E+00  3.2000E+02  1.0149E+01  1.9146E+01  5.2393E+00  3.2479E-02  6.4338E-03
  8.0425E+00  3.6000E+02  1.1619E+01  2.0519E+01  4.7717E+00 -1.1483E-01 -2.0494E-02
  7.2711E+00  4.0000E+02  1.3367E+01  2.2083E+01  4.3749E+00 -2.3897E-01 -3.8892E-02
  6.5610E+00  4.4000E+02  1.5321E+01  2.3799E+01  4.0421E+00 -3.3316E-01 -4.9914E-02
  5.9023E+00  4.8000E+02  1.7400E+01  2.5607E+01  3.7606E+00 -4.1283E-01 -5.7372E-02
  5.2876E+00  5.2000E+02  1.9529E+01  2.7431E+01  3.5199E+00 -4.9604E-01 -6.4328E-02
  4.7113E+00  5.6000E+02  2.1639E+01  2.9200E+01  3.3119E+00 -5.9270E-01 -7.2069E-02
  4.1688E+00  6.0000E+02  2.3692E+01  3.0867E+01  3.1288E+00 -7.1042E-01 -8.1312E-02
  3.6564E+00  6.4000E+02  2.5679E+01  3.2415E+01  2.9635E+00 -8.5662E-01 -9.2599E-02
  3.1711E+00  6.8000E+02  2.7622E+01  3.3856E+01  2.8081E+00 -1.0345E+00 -1.0593E-01
  2.7101E+00  7.2000E+02  2.9556E+01  3.5222E+01  2.6552E+00 -1.2321E+00 -1.1982E-01
  2.2713E+00  7.6000E+02  3.1500E+01  3.6549E+01  2.4991E+00 -1.4068E+00 -1.3026E-01
  1.8524E+00  8.0000E+02  3.3464E+01  3.7881E+01  2.3371E+00 -1.5072E+00 -1.3319E-01
  1.4518E+00  8.4000E+02  3.5484E+01  3.9277E+01  2.1709E+00 -1.5598E+00 -1.3185E-01
  1.0677E+00  8.8000E+02  3.7500E+01  4.0687E+01  2.0047E+00 -1.5767E+00 -1.2777E-01
  6.9876E-01  9.2000E+02  3.9474E+01  4.2142E+01  1.8410E+00 -1.4057E+00 -1.0940E-01
  3.4341E-01  9.6000E+02  4.1852E+01  4.4113E+01  1.6832E+00 -1.1446E+00 -8.5813E-02
  7.0410E-04  1.0000E+03  4.5219E+01  4.7316E+01  1.5378E+00 -4.8213E-01 -3.4860E-02
