  26  3.9900000E+00
  3.0331E+01  1.0000E-03  2.8132E+00  1.0765E+01  2.8132E+00  0.0000E+00  0.0000E+00
  2.1526E+01  4.0000E+01  2.4436E+00  1.0768E+01  2.4318E+00  4.2348E-02  7.8669E-02
  1.6680E+01  8.0000E+01  2.2997E+00  1.0791E+01  2.2253E+00  3.4499E-02  3.5270E-02
  1.4113E+01  1.2000E+02  2.2806E+00  1.0814E+01  2.1413E+00  1.6281E-02  8.8188E-03
  1.2300E+01  1.6000E+02  2.2661E+00  1.0847E+01  2.0596E+00  2.5953E-02  9.9284E-03
  1.0919E+01  2.0000E+02  2.2445E+00  1.0913E+01  1.9479E+00  6.3910E-02  1.8621E-02
  9.8020E+00  2.4000E+02  2.2302E+00  1.1041E+01  1.8123E+00  1.2692E-01  2.9903E-02
  8.8542E+00  2.8000E+02  2.2514E+00  1.1236E+01  1.6768E+00  1.8414E-01  3.6820E-02
  8.0225E+00  3.2000E+02  2.3358E+00  1.1502E+01  1.5409E+00  2.1721E-01  3.8118E-02
  7.2761E+00  3.6000E+02  2.5212E+00  1.1838E+01  1.4056E+00  2.0253E-01  3.1890E-02
  6.5966E+00  4.0000E+02  2.8350E+00  1.2257E+01  1.2742E+00  1.5397E-01  2.2076E-02
  5.9711E+00  4.4000E+02  3.2921E+00  1.2772E+01  1.1506E+00  9.3082E-02  1.2284E-02
  5.3903E+00  4.8000E+02  3.9103E+00  1.3404E+01  1.0384E+00  2.4052E-02  2.9474E-03
  4.8466E+00  5.2000E+02  4.7235E+00  1.4169E+01  9.3837E-01 -8.9540E-02 -1.0271E-02
  4.3343E+00  5.6000E+02  5.7587E+00  1.5066E+01  8.4854E-01 -2.6875E-01 -2.9049E-02
  3.8490E+00  6.0000E+02  7.0145E+00  1.6089E+01  7.6703E-01 -4.7972E-01 -4.9112E-02
  3.3877E+00  6.4000E+02  8.4649E+00  1.7226E+01  6.9281E-01 -6.7928E-01 -6.6120E-02
  2.9476E+00  6.8000E+02  1.0075E+01  1.8462E+01  6.2541E-01 -8.4900E-01 -7.8818E-02
  2.5269E+00  7.2000E+02  1.1811E+01  1.9781E+01  5.6444E-01 -9.9133E-01 -8.8003E-02
  2.1236E+00  7.6000E+02  1.3644E+01  2.1164E+01  5.0923E-01 -1.1166E+00 -9.4995E-02
  1.7364E+00  8.0000E+02  1.5551E+01  2.2593E+01  4.5887E-01 -1.2346E+00 -1.0086E-01
  1.3640E+00  8.4000E+02  1.7512E+01  2.4050E+01  4.1268E-01 -1.3542E+00 -1.0641E-01
  1.0052E+00  8.8000E+02  1.9510E+01  2.5517E+01  3.7019E-01 -1.4770E+00 -1.1180E-01
  6.5908E-01  9.2000E+02  2.1583E+01  2.7039E+01  3.3051E-01 -1.5960E+00 -1.1655E-01
  3.2436E-01  9.6000E+02  2.3903E+01  2.8749E+01  2.9334E-01 -1.8208E+00 -1.2859E-01
  4.2666E-04  1.0000E+03  2.6633E+01  3.0352E+01  2.5977E-01 -3.4798E+00 -2.3782E-01
