  26  3.9900000E+00
  3.2081E+01  1.0000E-03  1.0855E+01  1.5535E+01  1.0855E+01  0.0000E+00  0.0000E+00
  2.2946E+01  4.0000E+01  9.7043E+00  1.5516E+01  9.6800E+00  1.2384E-01  2.3869E-01
  1.8130E+01  8.0000E+01  9.0553E+00  1.5580E+01  8.9757E+00  1.4794E-01  1.5031E-01
  1.5706E+01  1.2000E+02  8.8623E+00  1.5727E+01  8.7249E+00  1.4042E-01  7.1830E-02
  1.3946E+01  1.6000E+02  8.6935E+00  1.6045E+01  8.3498E+00  2.7628E-01  1.0257E-01
  1.2512E+01  2.0000E+02  8.7804E+00  1.6746E+01  7.6946E+00  4.2853E-01  1.2965E-01
  1.1282E+01  2.4000E+02  9.6925E+00  1.8050E+01  6.8182E+00  3.1888E-01  8.2772E-02
  1.0198E+01  2.8000E+02  1.1650E+01  1.9911E+01  5.9208E+00 -8.9581E-02 -2.0495E-02
  9.2270E+00  3.2000E+02  1.4364E+01  2.2159E+01  5.1821E+00 -4.8002E-01 -9.8290E-02
  8.3483E+00  3.6000E+02  1.7440E+01  2.4634E+01  4.6218E+00 -6.8306E-01 -1.2662E-01
  7.5454E+00  4.0000E+02  2.0645E+01  2.7217E+01  4.1774E+00 -7.7575E-01 -1.3141E-01
  6.8060E+00  4.4000E+02  2.3866E+01  2.9821E+01  3.8088E+00 -8.3472E-01 -1.3021E-01
  6.1208E+00  4.8000E+02  2.7040E+01  3.2399E+01  3.4952E+00 -8.6942E-01 -1.2569E-01
  5.4822E+00  5.2000E+02  3.0135E+01  3.4932E+01  3.2224E+00 -8.8036E-01 -1.1861E-01
  4.8842E+00  5.6000E+02  3.3138E+01  3.7411E+01  2.9798E+00 -8.7508E-01 -1.1040E-01
  4.3219E+00  6.0000E+02  3.6044E+01  3.9835E+01  2.7609E+00 -8.5799E-01 -1.0179E-01
  3.7911E+00  6.4000E+02  3.8854E+01  4.2205E+01  2.5622E+00 -8.2986E-01 -9.2932E-02
  3.2884E+00  6.8000E+02  4.1570E+01  4.4522E+01  2.3814E+00 -7.9326E-01 -8.4135E-02
  2.8108E+00  7.2000E+02  4.4196E+01  4.6788E+01  2.2161E+00 -7.5228E-01 -7.5795E-02
  2.3560E+00  7.6000E+02  4.6734E+01  4.9004E+01  2.0645E+00 -7.0979E-01 -6.8118E-02
  1.9217E+00  8.0000E+02  4.9189E+01  5.1168E+01  1.9249E+00 -6.7032E-01 -6.1423E-02
  1.5060E+00  8.4000E+02  5.1566E+01  5.3277E+01  1.7957E+00 -6.4389E-01 -5.6460E-02
  1.1075E+00  8.8000E+02  5.3867E+01  5.5324E+01  1.6746E+00 -6.3586E-01 -5.3461E-02
  7.2476E-01  9.2000E+02  5.6096E+01  5.7345E+01  1.5575E+00 -5.4422E-01 -4.3950E-02
  3.5611E-01  9.6000E+02  5.8795E+01  5.9875E+01  1.4397E+00 -4.5782E-01 -3.5608E-02
  7.2624E-04  1.0000E+03  6.2717E+01  6.3250E+01  1.3177E+00 -1.5404E+00 -1.1550E-01
