  26  3.9900000E+00
  3.2002E+01  1.0000E-03  8.4471E+00  1.3354E+01  8.4471E+00  0.0000E+00  0.0000E+00
  2.2716E+01  4.0000E+01  7.5041E+00  1.3363E+01  7.4816E+00  1.0254E-01  2.0089E-01
  1.7650E+01  8.0000E+01  7.0430E+00  1.3383E+01  6.9199E+00  9.5035E-02  1.0157E-01
  1.5019E+01  1.2000E+02  6.9471E+00  1.3427E+01  6.7072E+00  5.2987E-02  2.9413E-02
  1.3164E+01  1.6000E+02  6.8925E+00  1.3554E+01  6.4224E+00  9.8102E-02  3.8394E-02
  1.1713E+01  2.0000E+02  6.9063E+00  1.3800E+01  6.0456E+00  1.5974E-01  4.8918E-02
  1.0509E+01  2.4000E+02  7.0559E+00  1.4159E+01  5.6489E+00  1.7395E-01  4.4176E-02
  9.4753E+00  2.8000E+02  7.3446E+00  1.4630E+01  5.2435E+00  1.7632E-01  3.8446E-02
  8.5660E+00  3.2000E+02  7.8031E+00  1.5227E+01  4.8464E+00  1.5306E-01  2.9364E-02
  7.7510E+00  3.6000E+02  8.4756E+00  1.5970E+01  4.4641E+00  8.6658E-02  1.4901E-02
  7.0101E+00  4.0000E+02  9.3900E+00  1.6868E+01  4.1031E+00 -2.2694E-02 -3.5475E-03
  6.3292E+00  4.4000E+02  1.0532E+01  1.7913E+01  3.7771E+00 -1.4346E-01 -2.0608E-02
  5.6982E+00  4.8000E+02  1.1857E+01  1.9082E+01  3.4925E+00 -2.4611E-01 -3.2765E-02
  5.1094E+00  5.2000E+02  1.3318E+01  2.0346E+01  3.2445E+00 -3.3521E-01 -4.1639E-02
  4.5570E+00  5.6000E+02  1.4887E+01  2.1679E+01  3.0253E+00 -4.2733E-01 -4.9802E-02
  4.0364E+00  6.0000E+02  1.6542E+01  2.3058E+01  2.8283E+00 -5.2900E-01 -5.8102E-02
  3.5439E+00  6.4000E+02  1.8262E+01  2.4464E+01  2.6490E+00 -6.3881E-01 -6.6381E-02
  3.0764E+00  6.8000E+02  2.0026E+01  2.5876E+01  2.4843E+00 -7.5293E-01 -7.4263E-02
  2.6314E+00  7.2000E+02  2.1812E+01  2.7275E+01  2.3320E+00 -8.6902E-01 -8.1586E-02
  2.2068E+00  7.6000E+02  2.3603E+01  2.8647E+01  2.1893E+00 -9.8698E-01 -8.8414E-02
  1.8008E+00  8.0000E+02  2.5390E+01  2.9982E+01  2.0536E+00 -1.1131E+00 -9.5349E-02
  1.4119E+00  8.4000E+02  2.7151E+01  3.1261E+01  1.9218E+00 -1.2394E+00 -1.0170E-01
  1.0386E+00  8.8000E+02  2.8854E+01  3.2481E+01  1.7916E+00 -1.2939E+00 -1.0188E-01
  6.7997E-01  9.2000E+02  3.0577E+01  3.3770E+01  1.6615E+00 -1.2100E+00 -9.1562E-02
  3.3425E-01  9.6000E+02  3.2637E+01  3.5429E+01  1.5338E+00 -1.1595E+00 -8.4574E-02
  6.3005E-04  1.0000E+03  3.5360E+01  3.7680E+01  1.4142E+00 -1.4143E+00 -9.9549E-02
