  26  3.9900000E+00
  3.0009E+01  1.0000E-03  1.7004E+00  1.0688E+01  1.7004E+00  0.0000E+00  0.0000E+00
  2.1334E+01  4.0000E+01  1.4620E+00  1.0690E+01  1.4523E+00  2.7741E-02  5.0778E-02
  1.6566E+01  8.0000E+01  1.3791E+00  1.0717E+01  1.3173E+00  2.3051E-02  2.3186E-02
  1.4039E+01  1.2000E+02  1.3741E+00  1.0747E+01  1.2560E+00  1.3681E-02  7.2949E-03
  1.2248E+01  1.6000E+02  1.3721E+00  1.0786E+01  1.1926E+00  2.3427E-02  8.8502E-03
  1.0882E+01  2.0000E+02  1.3692E+00  1.0862E+01  1.1043E+00  5.7063E-02  1.6450E-02
  9.7740E+00  2.4000E+02  1.3865E+00  1.0996E+01  1.0073E+00  1.0590E-01  2.4753E-02
  8.8314E+00  2.8000E+02  1.4411E+00  1.1195E+01  9.1310E-01  1.5269E-01  3.0366E-02
  8.0031E+00  3.2000E+02  1.5608E+00  1.1455E+01  8.2297E-01  1.7003E-01  2.9714E-02
  7.2597E+00  3.6000E+02  1.7775E+00  1.1782E+01  7.3753E-01  1.4868E-01  2.3322E-02
  6.5828E+00  4.0000E+02  2.1136E+00  1.2188E+01  6.5764E-01  1.0298E-01  1.4707E-02
  5.9598E+00  4.4000E+02  2.5821E+00  1.2689E+01  5.8531E-01  5.2610E-02  6.9141E-03
  5.3813E+00  4.8000E+02  3.2032E+00  1.3308E+01  5.2155E-01 -4.6895E-03 -5.7235E-04
  4.8396E+00  5.2000E+02  4.0186E+00  1.4059E+01  4.6516E-01 -1.1952E-01 -1.3660E-02
  4.3288E+00  5.6000E+02  5.0630E+00  1.4941E+01  4.1439E-01 -3.1702E-01 -3.4166E-02
  3.8447E+00  6.0000E+02  6.3381E+00  1.5950E+01  3.6820E-01 -5.5048E-01 -5.6220E-02
  3.3843E+00  6.4000E+02  7.8162E+00  1.7075E+01  3.2627E-01 -7.6647E-01 -7.4458E-02
  2.9450E+00  6.8000E+02  9.4579E+00  1.8302E+01  2.8852E-01 -9.4321E-01 -8.7417E-02
  2.5248E+00  7.2000E+02  1.1226E+01  1.9615E+01  2.5460E-01 -1.0840E+00 -9.6093E-02
  2.1221E+00  7.6000E+02  1.3091E+01  2.0995E+01  2.2401E-01 -1.2026E+00 -1.0219E-01
  1.7353E+00  8.0000E+02  1.5028E+01  2.2424E+01  1.9643E-01 -1.3128E+00 -1.0713E-01
  1.3632E+00  8.4000E+02  1.7016E+01  2.3882E+01  1.7171E-01 -1.4271E+00 -1.1203E-01
  1.0047E+00  8.8000E+02  1.9037E+01  2.5350E+01  1.4963E-01 -1.5439E+00 -1.1677E-01
  6.5882E-01  9.2000E+02  2.1144E+01  2.6883E+01  1.2959E-01 -1.6562E+00 -1.2087E-01
  3.2426E-01  9.6000E+02  2.3511E+01  2.8624E+01  1.1138E-01 -1.8697E+00 -1.3197E-01
  4.1680E-04  1.0000E+03  2.6284E+01  3.0331E+01  9.5554E-02 -3.2953E+00 -2.2515E-01
