  26  3.7500000E+00
  3.2092E+01  1.0000E-03  1.3633E+03  1.1538E+02  1.3633E+03  0.0000E+00  0.0000E+00
  2.2946E+01  4.0000E+01  1.3613E+03  1.1516E+02  1.3607E+03  1.9111E-01  3.6878E-01
  1.8127E+01  8.0000E+01  1.3540E+03  1.1326E+02  1.3484E+03  1.1275E+00  1.1461E+00
  1.5701E+01  1.2000E+02  1.3490E+03  1.1148E+02  1.3392E+03  1.3190E+00  6.7517E-01
  1.3939E+01  1.6000E+02  1.3427E+03  1.0963E+02  1.3290E+03  2.4896E+00  9.2564E-01
  1.2504E+01  2.0000E+02  1.3340E+03  1.0770E+02  1.3165E+03  4.7292E+00  1.4315E+00
  1.1275E+01  2.4000E+02  1.3222E+03  1.0572E+02  1.3010E+03  8.0252E+00  2.0815E+00
  1.0192E+01  2.8000E+02  1.3075E+03  1.0369E+02  1.2829E+03  1.1725E+01  2.6792E+00
  9.2224E+00  3.2000E+02  1.2910E+03  1.0162E+02  1.2631E+03  1.4887E+01  3.0445E+00
  8.3447E+00  3.6000E+02  1.2738E+03  9.9511E+01  1.2428E+03  1.7147E+01  3.1751E+00
  7.5425E+00  4.0000E+02  1.2567E+03  9.7364E+01  1.2228E+03  1.8659E+01  3.1579E+00
  6.8036E+00  4.4000E+02  1.2400E+03  9.5186E+01  1.2033E+03  1.9687E+01  3.0690E+00
  6.1187E+00  4.8000E+02  1.2237E+03  9.2979E+01  1.1844E+03  2.0485E+01  2.9601E+00
  5.4803E+00  5.2000E+02  1.2080E+03  9.0748E+01  1.1661E+03  2.1143E+01  2.8476E+00
  4.8825E+00  5.6000E+02  1.1928E+03  8.8495E+01  1.1486E+03  2.1656E+01  2.7315E+00
  4.3203E+00  6.0000E+02  1.1781E+03  8.6223E+01  1.1317E+03  2.2036E+01  2.6138E+00
  3.7897E+00  6.4000E+02  1.1640E+03  8.3936E+01  1.1154E+03  2.2310E+01  2.4979E+00
  3.2871E+00  6.8000E+02  1.1504E+03  8.1636E+01  1.0998E+03  2.2512E+01  2.3871E+00
  2.8096E+00  7.2000E+02  1.1373E+03  7.9325E+01  1.0847E+03  2.2667E+01  2.2832E+00
  2.3549E+00  7.6000E+02  1.1246E+03  7.7009E+01  1.0703E+03  2.2796E+01  2.1872E+00
  1.9206E+00  8.0000E+02  1.1123E+03  7.4690E+01  1.0563E+03  2.2918E+01  2.0997E+00
  1.5050E+00  8.4000E+02  1.1004E+03  7.2377E+01  1.0429E+03  2.3091E+01  2.0245E+00
  1.1066E+00  8.8000E+02  1.0887E+03  7.0080E+01  1.0297E+03  2.3493E+01  1.9751E+00
  7.2384E-01  9.2000E+02  1.0770E+03  6.7831E+01  1.0167E+03  2.4781E+01  2.0010E+00
  3.5547E-01  9.6000E+02  1.0646E+03  6.5716E+01  1.0030E+03  2.7986E+01  2.1750E+00
  7.3801E-04  1.0000E+03  1.0509E+03  6.3948E+01  9.8819E+02  3.3565E+01  2.5121E+00
