  26  3.7500000E+00
  3.2019E+01  1.0000E-03  1.3633E+03  1.1990E+02  1.3633E+03  0.0000E+00  0.0000E+00
  2.2801E+01  4.0000E+01  1.3613E+03  1.1969E+02  1.3607E+03  1.9190E-01  3.7321E-01
  1.7818E+01  8.0000E+01  1.3538E+03  1.1781E+02  1.3483E+03  1.1176E+00  1.1750E+00
  1.5251E+01  1.2000E+02  1.3487E+03  1.1603E+02  1.3390E+03  1.2940E+00  7.0091E-01
  1.3424E+01  1.6000E+02  1.3427E+03  1.1417E+02  1.3289E+03  2.2884E+00  8.8202E-01
  1.1975E+01  2.0000E+02  1.3354E+03  1.1225E+02  1.3178E+03  3.6951E+00  1.1298E+00
  1.0760E+01  2.4000E+02  1.3271E+03  1.1026E+02  1.3058E+03  5.2243E+00  1.3385E+00
  9.7095E+00  2.8000E+02  1.3179E+03  1.0822E+02  1.2932E+03  6.7888E+00  1.5052E+00
  8.7797E+00  3.2000E+02  1.3080E+03  1.0613E+02  1.2800E+03  8.4084E+00  1.6495E+00
  7.9435E+00  3.6000E+02  1.2974E+03  1.0400E+02  1.2663E+03  1.0076E+01  1.7775E+00
  7.1820E+00  4.0000E+02  1.2864E+03  1.0182E+02  1.2523E+03  1.1655E+01  1.8725E+00
  6.4816E+00  4.4000E+02  1.2751E+03  9.9607E+01  1.2382E+03  1.2894E+01  1.9053E+00
  5.8323E+00  4.8000E+02  1.2641E+03  9.7355E+01  1.2245E+03  1.3605E+01  1.8638E+00
  5.2265E+00  5.2000E+02  1.2534E+03  9.5066E+01  1.2113E+03  1.3841E+01  1.7690E+00
  4.6584E+00  5.6000E+02  1.2432E+03  9.2739E+01  1.1987E+03  1.3852E+01  1.6601E+00
  4.1235E+00  6.0000E+02  1.2334E+03  9.0378E+01  1.1866E+03  1.3924E+01  1.5714E+00
  3.6180E+00  6.4000E+02  1.2238E+03  8.7985E+01  1.1748E+03  1.4295E+01  1.5246E+00
  3.1388E+00  6.8000E+02  1.2141E+03  8.5565E+01  1.1631E+03  1.5138E+01  1.5305E+00
  2.6833E+00  7.2000E+02  1.2041E+03  8.3126E+01  1.1512E+03  1.6553E+01  1.5908E+00
  2.2492E+00  7.6000E+02  1.1936E+03  8.0675E+01  1.1389E+03  1.8587E+01  1.7021E+00
  1.8347E+00  8.0000E+02  1.1823E+03  7.8227E+01  1.1259E+03  2.1234E+01  1.8569E+00
  1.4380E+00  8.4000E+02  1.1702E+03  7.5799E+01  1.1123E+03  2.4365E+01  2.0393E+00
  1.0576E+00  8.8000E+02  1.1573E+03  7.3417E+01  1.0978E+03  2.7889E+01  2.2383E+00
  6.9220E-01  9.2000E+02  1.1432E+03  7.1132E+01  1.0825E+03  3.2123E+01  2.4765E+00
  3.4019E-01  9.6000E+02  1.1284E+03  6.9032E+01  1.0664E+03  3.6304E+01  2.6962E+00
  6.8857E-04  1.0000E+03  1.1134E+03  6.7285E+01  1.0503E+03  3.8861E+01  2.7835E+00
