  26  3.7500000E+00
  3.2019E+01  1.0000E-03  1.3633E+03  1.1989E+02  1.3633E+03  0.0000E+00  0.0000E+00
  2.2802E+01  4.0000E+01  1.3613E+03  1.1968E+02  1.3607E+03  1.9184E-01  3.7306E-01
  1.7818E+01  8.0000E+01  1.3538E+03  1.1780E+02  1.3483E+03  1.1172E+00  1.1747E+00
  1.5250E+01  1.2000E+02  1.3487E+03  1.1602E+02  1.3390E+03  1.2941E+00  7.0123E-01
  1.3423E+01  1.6000E+02  1.3427E+03  1.1417E+02  1.3289E+03  2.2900E+00  8.8281E-01
  1.1974E+01  2.0000E+02  1.3354E+03  1.1224E+02  1.3178E+03  3.6949E+00  1.1297E+00
  1.0759E+01  2.4000E+02  1.3271E+03  1.1025E+02  1.3058E+03  5.2154E+00  1.3366E+00
  9.7078E+00  2.8000E+02  1.3179E+03  1.0821E+02  1.2932E+03  6.7611E+00  1.4995E+00
  8.7779E+00  3.2000E+02  1.3081E+03  1.0612E+02  1.2801E+03  8.3473E+00  1.6377E+00
  7.9417E+00  3.6000E+02  1.2976E+03  1.0399E+02  1.2665E+03  9.9799E+00  1.7606E+00
  7.1804E+00  4.0000E+02  1.2866E+03  1.0181E+02  1.2526E+03  1.1559E+01  1.8567E+00
  6.4802E+00  4.4000E+02  1.2754E+03  9.9597E+01  1.2385E+03  1.2849E+01  1.8982E+00
  5.8310E+00  4.8000E+02  1.2643E+03  9.7345E+01  1.2247E+03  1.3640E+01  1.8679E+00
  5.2254E+00  5.2000E+02  1.2536E+03  9.5055E+01  1.2115E+03  1.3934E+01  1.7803E+00
  4.6575E+00  5.6000E+02  1.2433E+03  9.2729E+01  1.1988E+03  1.3955E+01  1.6720E+00
  4.1228E+00  6.0000E+02  1.2335E+03  9.0368E+01  1.1867E+03  1.4000E+01  1.5795E+00
  3.6174E+00  6.4000E+02  1.2239E+03  8.7975E+01  1.1749E+03  1.4329E+01  1.5279E+00
  3.1383E+00  6.8000E+02  1.2142E+03  8.5555E+01  1.1632E+03  1.5136E+01  1.5299E+00
  2.6829E+00  7.2000E+02  1.2042E+03  8.3114E+01  1.1513E+03  1.6547E+01  1.5898E+00
  2.2489E+00  7.6000E+02  1.1937E+03  8.0664E+01  1.1390E+03  1.8631E+01  1.7057E+00
  1.8345E+00  8.0000E+02  1.1824E+03  7.8216E+01  1.1260E+03  2.1359E+01  1.8675E+00
  1.4379E+00  8.4000E+02  1.1702E+03  7.5789E+01  1.1122E+03  2.4550E+01  2.0543E+00
  1.0576E+00  8.8000E+02  1.1572E+03  7.3409E+01  1.0977E+03  2.8064E+01  2.2520E+00
  6.9218E-01  9.2000E+02  1.1431E+03  7.1126E+01  1.0823E+03  3.2221E+01  2.4838E+00
  3.4018E-01  9.6000E+02  1.1282E+03  6.9026E+01  1.0662E+03  3.6308E+01  2.6964E+00
  6.8619E-04  1.0000E+03  1.1133E+03  6.7278E+01  1.0502E+03  3.8800E+01  2.7791E+00
