  26  3.7500000E+00
  3.2006E+01  1.0000E-03  1.3633E+03  1.2038E+02  1.3633E+03  0.0000E+00  0.0000E+00
  2.2758E+01  4.0000E+01  1.3613E+03  1.2017E+02  1.3607E+03  1.9187E-01  3.7439E-01
  1.7733E+01  8.0000E+01  1.3538E+03  1.1830E+02  1.3483E+03  1.1104E+00  1.1770E+00
  1.5134E+01  1.2000E+02  1.3488E+03  1.1652E+02  1.3390E+03  1.2601E+00  6.9096E-01
  1.3294E+01  1.6000E+02  1.3429E+03  1.1466E+02  1.3291E+03  2.1895E+00  8.5011E-01
  1.1844E+01  2.0000E+02  1.3359E+03  1.1273E+02  1.3183E+03  3.4797E+00  1.0647E+00
  1.0634E+01  2.4000E+02  1.3281E+03  1.1074E+02  1.3068E+03  4.8254E+00  1.2312E+00
  9.5919E+00  2.8000E+02  1.3196E+03  1.0870E+02  1.2949E+03  6.1771E+00  1.3588E+00
  8.6720E+00  3.2000E+02  1.3105E+03  1.0661E+02  1.2825E+03  7.6352E+00  1.4818E+00
  7.8462E+00  3.6000E+02  1.3007E+03  1.0447E+02  1.2696E+03  9.2687E+00  1.6148E+00
  7.0950E+00  4.0000E+02  1.2903E+03  1.0229E+02  1.2562E+03  1.0971E+01  1.7388E+00
  6.4044E+00  4.4000E+02  1.2795E+03  1.0007E+02  1.2425E+03  1.2446E+01  1.8133E+00
  5.7643E+00  4.8000E+02  1.2686E+03  9.7818E+01  1.2290E+03  1.3448E+01  1.8161E+00
  5.1671E+00  5.2000E+02  1.2579E+03  9.5528E+01  1.2158E+03  1.4023E+01  1.7668E+00
  4.6070E+00  5.6000E+02  1.2475E+03  9.3203E+01  1.2030E+03  1.4419E+01  1.7040E+00
  4.0793E+00  6.0000E+02  1.2373E+03  9.0846E+01  1.1905E+03  1.4868E+01  1.6552E+00
  3.5804E+00  6.4000E+02  1.2272E+03  8.8461E+01  1.1782E+03  1.5491E+01  1.6307E+00
  3.1071E+00  6.8000E+02  1.2171E+03  8.6051E+01  1.1661E+03  1.6325E+01  1.6301E+00
  2.6569E+00  7.2000E+02  1.2068E+03  8.3621E+01  1.1539E+03  1.7392E+01  1.6519E+00
  2.2276E+00  7.6000E+02  1.1963E+03  8.1177E+01  1.1416E+03  1.8753E+01  1.6985E+00
  1.8174E+00  8.0000E+02  1.1855E+03  7.8731E+01  1.1290E+03  2.0521E+01  1.7760E+00
  1.4246E+00  8.4000E+02  1.1741E+03  7.6296E+01  1.1161E+03  2.2827E+01  1.8917E+00
  1.0478E+00  8.8000E+02  1.1619E+03  7.3900E+01  1.1025E+03  2.5849E+01  2.0547E+00
  6.8586E-01  9.2000E+02  1.1488E+03  7.1592E+01  1.0880E+03  2.9915E+01  2.2847E+00
  3.3709E-01  9.6000E+02  1.1347E+03  6.9457E+01  1.0727E+03  3.4156E+01  2.5134E+00
  6.6961E-04  1.0000E+03  1.1205E+03  6.7651E+01  1.0573E+03  3.6945E+01  2.6223E+00
