  26  3.7500000E+00
  3.2084E+01  1.0000E-03  1.3633E+03  1.1806E+02  1.3633E+03  0.0000E+00  0.0000E+00
  2.2897E+01  4.0000E+01  1.3613E+03  1.1785E+02  1.3607E+03  1.9127E-01  3.7076E-01
  1.8010E+01  8.0000E+01  1.3539E+03  1.1596E+02  1.3483E+03  1.1236E+00  1.1583E+00
  1.5524E+01  1.2000E+02  1.3488E+03  1.1418E+02  1.3391E+03  1.3222E+00  6.9365E-01
  1.3729E+01  1.6000E+02  1.3426E+03  1.1232E+02  1.3288E+03  2.4499E+00  9.2756E-01
  1.2287E+01  2.0000E+02  1.3345E+03  1.1040E+02  1.3169E+03  4.2770E+00  1.3018E+00
  1.1064E+01  2.4000E+02  1.3245E+03  1.0842E+02  1.3033E+03  6.5463E+00  1.6890E+00
  9.9951E+00  2.8000E+02  1.3129E+03  1.0638E+02  1.2882E+03  8.9711E+00  2.0228E+00
  9.0436E+00  3.2000E+02  1.3001E+03  1.0431E+02  1.2722E+03  1.1260E+01  2.2605E+00
  8.1845E+00  3.6000E+02  1.2867E+03  1.0218E+02  1.2556E+03  1.3148E+01  2.3831E+00
  7.3999E+00  4.0000E+02  1.2732E+03  1.0002E+02  1.2392E+03  1.4440E+01  2.3901E+00
  6.6767E+00  4.4000E+02  1.2601E+03  9.7824E+01  1.2232E+03  1.5112E+01  2.3057E+00
  6.0052E+00  4.8000E+02  1.2476E+03  9.5587E+01  1.2081E+03  1.5291E+01  2.1665E+00
  5.3780E+00  5.2000E+02  1.2358E+03  9.3312E+01  1.1938E+03  1.5089E+01  1.9966E+00
  4.7896E+00  5.6000E+02  1.2249E+03  9.0998E+01  1.1805E+03  1.4571E+01  1.8087E+00
  4.2359E+00  6.0000E+02  1.2149E+03  8.8646E+01  1.1682E+03  1.3935E+01  1.6281E+00
  3.7131E+00  6.4000E+02  1.2054E+03  8.6256E+01  1.1566E+03  1.3510E+01  1.4899E+00
  3.2185E+00  6.8000E+02  1.1961E+03  8.3834E+01  1.1453E+03  1.3872E+01  1.4475E+00
  2.7495E+00  7.2000E+02  1.1862E+03  8.1395E+01  1.1335E+03  1.5885E+01  1.5719E+00
  2.3036E+00  7.6000E+02  1.1749E+03  7.8958E+01  1.1204E+03  1.9862E+01  1.8686E+00
  1.8785E+00  8.0000E+02  1.1620E+03  7.6545E+01  1.1058E+03  2.4684E+01  2.2139E+00
  1.4720E+00  8.4000E+02  1.1480E+03  7.4170E+01  1.0902E+03  2.8699E+01  2.4610E+00
  1.0825E+00  8.8000E+02  1.1333E+03  7.1854E+01  1.0740E+03  3.1761E+01  2.6103E+00
  7.0842E-01  9.2000E+02  1.1181E+03  6.9638E+01  1.0575E+03  3.4603E+01  2.7308E+00
  3.4815E-01  9.6000E+02  1.1027E+03  6.7599E+01  1.0409E+03  3.7096E+01  2.8197E+00
  7.1423E-04  1.0000E+03  1.0874E+03  6.5912E+01  1.0245E+03  3.9171E+01  2.8713E+00
