  26  3.7500000E+00
  3.2100E+01  1.0000E-03  1.3633E+03  1.1733E+02  1.3633E+03  0.0000E+00  0.0000E+00
  2.2920E+01  4.0000E+01  1.3613E+03  1.1712E+02  1.3607E+03  1.9102E-01  3.6999E-01
  1.8066E+01  8.0000E+01  1.3539E+03  1.1522E+02  1.3483E+03  1.1240E+00  1.1510E+00
  1.5609E+01  1.2000E+02  1.3489E+03  1.1344E+02  1.3391E+03  1.3232E+00  6.8603E-01
  1.3828E+01  1.6000E+02  1.3426E+03  1.1159E+02  1.3288E+03  2.4850E+00  9.3369E-01
  1.2389E+01  2.0000E+02  1.3344E+03  1.0966E+02  1.3168E+03  4.3988E+00  1.3356E+00
  1.1162E+01  2.4000E+02  1.3241E+03  1.0768E+02  1.3029E+03  6.7901E+00  1.7567E+00
  1.0087E+01  2.8000E+02  1.3119E+03  1.0565E+02  1.2873E+03  9.4103E+00  2.1361E+00
  9.1268E+00  3.2000E+02  1.2983E+03  1.0357E+02  1.2704E+03  1.1965E+01  2.4229E+00
  8.2595E+00  3.6000E+02  1.2840E+03  1.0145E+02  1.2530E+03  1.4073E+01  2.5749E+00
  7.4675E+00  4.0000E+02  1.2697E+03  9.9296E+01  1.2357E+03  1.5411E+01  2.5753E+00
  6.7375E+00  4.4000E+02  1.2558E+03  9.7100E+01  1.2190E+03  1.6004E+01  2.4650E+00
  6.0597E+00  4.8000E+02  1.2426E+03  9.4868E+01  1.2032E+03  1.6162E+01  2.3111E+00
  5.4267E+00  5.2000E+02  1.2302E+03  9.2599E+01  1.1882E+03  1.6059E+01  2.1445E+00
  4.8329E+00  5.6000E+02  1.2185E+03  9.0294E+01  1.1742E+03  1.5713E+01  1.9685E+00
  4.2739E+00  6.0000E+02  1.2077E+03  8.7952E+01  1.1610E+03  1.5231E+01  1.7962E+00
  3.7462E+00  6.4000E+02  1.1974E+03  8.5575E+01  1.1486E+03  1.4923E+01  1.6614E+00
  3.2470E+00  6.8000E+02  1.1873E+03  8.3169E+01  1.1365E+03  1.5470E+01  1.6295E+00
  2.7736E+00  7.2000E+02  1.1765E+03  8.0751E+01  1.1237E+03  1.7776E+01  1.7754E+00
  2.3236E+00  7.6000E+02  1.1643E+03  7.8340E+01  1.1097E+03  2.1753E+01  2.0650E+00
  1.8947E+00  8.0000E+02  1.1509E+03  7.5952E+01  1.0947E+03  2.5680E+01  2.3240E+00
  1.4846E+00  8.4000E+02  1.1369E+03  7.3593E+01  1.0792E+03  2.8265E+01  2.4456E+00
  1.0916E+00  8.8000E+02  1.1226E+03  7.1284E+01  1.0634E+03  3.0582E+01  2.5356E+00
  7.1433E-01  9.2000E+02  1.1077E+03  6.9076E+01  1.0472E+03  3.3592E+01  2.6739E+00
  3.5102E-01  9.6000E+02  1.0925E+03  6.7046E+01  1.0307E+03  3.6376E+01  2.7883E+00
  7.2421E-04  1.0000E+03  1.0772E+03  6.5370E+01  1.0143E+03  3.8842E+01  2.8706E+00
