  26  3.7500000E+00
  3.2071E+01  1.0000E-03  1.3633E+03  1.1843E+02  1.3633E+03  0.0000E+00  0.0000E+00
  2.2882E+01  4.0000E+01  1.3613E+03  1.1822E+02  1.3607E+03  1.9143E-01  3.7114E-01
  1.7976E+01  8.0000E+01  1.3539E+03  1.1633E+02  1.3483E+03  1.1237E+00  1.1631E+00
  1.5472E+01  1.2000E+02  1.3488E+03  1.1455E+02  1.3390E+03  1.3260E+00  7.0045E-01
  1.3671E+01  1.6000E+02  1.3425E+03  1.1269E+02  1.3287E+03  2.4377E+00  9.2649E-01
  1.2226E+01  2.0000E+02  1.3346E+03  1.1077E+02  1.3170E+03  4.1788E+00  1.2734E+00
  1.1005E+01  2.4000E+02  1.3249E+03  1.0879E+02  1.3037E+03  6.2839E+00  1.6193E+00
  9.9399E+00  2.8000E+02  1.3138E+03  1.0675E+02  1.2892E+03  8.4989E+00  1.9099E+00
  8.9926E+00  3.2000E+02  1.3017E+03  1.0467E+02  1.2738E+03  1.0608E+01  2.1200E+00
  8.1379E+00  3.6000E+02  1.2890E+03  1.0255E+02  1.2579E+03  1.2439E+01  2.2430E+00
  7.3577E+00  4.0000E+02  1.2760E+03  1.0038E+02  1.2420E+03  1.3817E+01  2.2746E+00
  6.6387E+00  4.4000E+02  1.2633E+03  9.8179E+01  1.2264E+03  1.4647E+01  2.2218E+00
  5.9713E+00  4.8000E+02  1.2510E+03  9.5938E+01  1.2115E+03  1.4963E+01  2.1070E+00
  5.3481E+00  5.2000E+02  1.2395E+03  9.3660E+01  1.1975E+03  1.4847E+01  1.9520E+00
  4.7636E+00  5.6000E+02  1.2288E+03  9.1343E+01  1.1844E+03  1.4387E+01  1.7741E+00
  4.2135E+00  6.0000E+02  1.2188E+03  8.8987E+01  1.1721E+03  1.3821E+01  1.6041E+00
  3.6942E+00  6.4000E+02  1.2094E+03  8.6595E+01  1.1606E+03  1.3473E+01  1.4762E+00
  3.2028E+00  6.8000E+02  1.2002E+03  8.4171E+01  1.1493E+03  1.3883E+01  1.4395E+00
  2.7365E+00  7.2000E+02  1.1904E+03  8.1729E+01  1.1376E+03  1.5780E+01  1.5524E+00
  2.2929E+00  7.6000E+02  1.1793E+03  7.9287E+01  1.1247E+03  1.9436E+01  1.8188E+00
  1.8699E+00  8.0000E+02  1.1667E+03  7.6864E+01  1.1104E+03  2.4059E+01  2.1472E+00
  1.4654E+00  8.4000E+02  1.1529E+03  7.4479E+01  1.0951E+03  2.8231E+01  2.4094E+00
  1.0776E+00  8.8000E+02  1.1384E+03  7.2152E+01  1.0791E+03  3.1548E+01  2.5810E+00
  7.0527E-01  9.2000E+02  1.1233E+03  6.9928E+01  1.0626E+03  3.4598E+01  2.7180E+00
  3.4661E-01  9.6000E+02  1.1079E+03  6.7881E+01  1.0460E+03  3.7237E+01  2.8177E+00
  7.1165E-04  1.0000E+03  1.0926E+03  6.6183E+01  1.0296E+03  3.9147E+01  2.8569E+00
