  26  3.7500000E+00
  3.1677E+01  1.0000E-03  1.3633E+03  1.2161E+02  1.3633E+03  0.0000E+00  0.0000E+00
  2.2381E+01  4.0000E+01  1.3613E+03  1.2139E+02  1.3607E+03  1.9232E-01  3.7719E-01
  1.7245E+01  8.0000E+01  1.3539E+03  1.1954E+02  1.3484E+03  1.0768E+00  1.1668E+00
  1.4530E+01  1.2000E+02  1.3493E+03  1.1776E+02  1.3396E+03  1.0237E+00  5.8642E-01
  1.2626E+01  1.6000E+02  1.3448E+03  1.1590E+02  1.3311E+03  1.3741E+00  5.5212E-01
  1.1174E+01  2.0000E+02  1.3401E+03  1.1397E+02  1.3225E+03  1.9567E+00  5.9920E-01
  1.0004E+01  2.4000E+02  1.3348E+03  1.1198E+02  1.3137E+03  2.7756E+00  6.8510E-01
  9.0190E+00  2.8000E+02  1.3291E+03  1.0993E+02  1.3044E+03  3.7796E+00  7.8566E-01
  8.1608E+00  3.2000E+02  1.3227E+03  1.0783E+02  1.2948E+03  4.9721E+00  9.0035E-01
  7.3942E+00  3.6000E+02  1.3156E+03  1.0568E+02  1.2846E+03  6.4220E+00  1.0386E+00
  6.6977E+00  4.0000E+02  1.3078E+03  1.0349E+02  1.2738E+03  8.1548E+00  1.1985E+00
  6.0569E+00  4.4000E+02  1.2991E+03  1.0127E+02  1.2623E+03  1.0099E+01  1.3654E+00
  5.4620E+00  4.8000E+02  1.2896E+03  9.9006E+01  1.2501E+03  1.2125E+01  1.5218E+00
  4.9058E+00  5.2000E+02  1.2794E+03  9.6713E+01  1.2375E+03  1.4101E+01  1.6547E+00
  4.3827E+00  5.6000E+02  1.2688E+03  9.4392E+01  1.2244E+03  1.5934E+01  1.7586E+00
  3.8883E+00  6.0000E+02  1.2578E+03  9.2046E+01  1.2111E+03  1.7571E+01  1.8327E+00
  3.4192E+00  6.4000E+02  1.2465E+03  8.9677E+01  1.1977E+03  1.8992E+01  1.8796E+00
  2.9726E+00  6.8000E+02  1.2351E+03  8.7289E+01  1.1842E+03  2.0210E+01  1.9041E+00
  2.5463E+00  7.2000E+02  1.2236E+03  8.4887E+01  1.1708E+03  2.1273E+01  1.9133E+00
  2.1384E+00  7.6000E+02  1.2121E+03  8.2475E+01  1.1575E+03  2.2273E+01  1.9169E+00
  1.7473E+00  8.0000E+02  1.2006E+03  8.0063E+01  1.1443E+03  2.3343E+01  1.9262E+00
  1.3716E+00  8.4000E+02  1.1889E+03  7.7663E+01  1.1311E+03  2.4613E+01  1.9506E+00
  1.0103E+00  8.8000E+02  1.1771E+03  7.5295E+01  1.1179E+03  2.6013E+01  1.9830E+00
  6.6211E-01  9.2000E+02  1.1653E+03  7.2983E+01  1.1047E+03  2.7318E+01  2.0069E+00
  3.2570E-01  9.6000E+02  1.1535E+03  7.0770E+01  1.0916E+03  2.8474E+01  2.0210E+00
  4.5620E-04  1.0000E+03  1.1419E+03  6.8765E+01  1.0788E+03  2.9717E+01  2.0392E+00
