  26  3.7500000E+00
  3.0665E+01  1.0000E-03  1.3633E+03  1.2219E+02  1.3633E+03  0.0000E+00  0.0000E+00
  2.1721E+01  4.0000E+01  1.3613E+03  1.2198E+02  1.3607E+03  1.9183E-01  3.6198E-01
  1.6793E+01  8.0000E+01  1.3541E+03  1.2013E+02  1.3486E+03  1.0874E+00  1.1307E+00
  1.4182E+01  1.2000E+02  1.3497E+03  1.1835E+02  1.3400E+03  1.0095E+00  5.5601E-01
  1.2344E+01  1.6000E+02  1.3454E+03  1.1649E+02  1.3317E+03  1.3371E+00  5.1861E-01
  1.0947E+01  2.0000E+02  1.3407E+03  1.1456E+02  1.3231E+03  2.0046E+00  5.9050E-01
  9.8226E+00  2.4000E+02  1.3354E+03  1.1257E+02  1.3142E+03  2.9006E+00  6.8839E-01
  8.8707E+00  2.8000E+02  1.3298E+03  1.1052E+02  1.3052E+03  3.7600E+00  7.5511E-01
  8.0366E+00  3.2000E+02  1.3238E+03  1.0842E+02  1.2959E+03  4.6307E+00  8.1495E-01
  7.2885E+00  3.6000E+02  1.3174E+03  1.0628E+02  1.2864E+03  5.7096E+00  9.0117E-01
  6.6072E+00  4.0000E+02  1.3104E+03  1.0409E+02  1.2764E+03  7.0596E+00  1.0147E+00
  5.9801E+00  4.4000E+02  1.3028E+03  1.0186E+02  1.2660E+03  8.5990E+00  1.1378E+00
  5.3977E+00  4.8000E+02  1.2946E+03  9.9590E+01  1.2551E+03  1.0230E+01  1.2570E+00
  4.8525E+00  5.2000E+02  1.2858E+03  9.7290E+01  1.2438E+03  1.1928E+01  1.3719E+00
  4.3390E+00  5.6000E+02  1.2764E+03  9.4959E+01  1.2320E+03  1.3737E+01  1.4884E+00
  3.8528E+00  6.0000E+02  1.2664E+03  9.2601E+01  1.2197E+03  1.5647E+01  1.6051E+00
  3.3906E+00  6.4000E+02  1.2559E+03  9.0221E+01  1.2071E+03  1.7557E+01  1.7119E+00
  2.9499E+00  6.8000E+02  1.2450E+03  8.7822E+01  1.1941E+03  1.9352E+01  1.7993E+00
  2.5286E+00  7.2000E+02  1.2337E+03  8.5408E+01  1.1810E+03  2.0965E+01  1.8635E+00
  2.1250E+00  7.6000E+02  1.2223E+03  8.2986E+01  1.1677E+03  2.2377E+01  1.9058E+00
  1.7374E+00  8.0000E+02  1.2107E+03  8.0561E+01  1.1545E+03  2.3626E+01  1.9318E+00
  1.3647E+00  8.4000E+02  1.1990E+03  7.8145E+01  1.1412E+03  2.4793E+01  1.9496E+00
  1.0057E+00  8.8000E+02  1.1873E+03  7.5752E+01  1.1280E+03  2.6029E+01  1.9715E+00
  6.5932E-01  9.2000E+02  1.1753E+03  7.3419E+01  1.1146E+03  2.7981E+01  2.0446E+00
  3.2445E-01  9.6000E+02  1.1628E+03  7.1212E+01  1.1009E+03  3.0607E+01  2.1624E+00
  4.3280E-04  1.0000E+03  1.1503E+03  6.9267E+01  1.0872E+03  3.2757E+01  2.2393E+00
