  26  3.7500000E+00
  3.1986E+01  1.0000E-03  1.3633E+03  1.2096E+02  1.3633E+03  0.0000E+00  0.0000E+00
  2.2650E+01  4.0000E+01  1.3613E+03  1.2074E+02  1.3606E+03  1.9205E-01  3.7828E-01
  1.7528E+01  8.0000E+01  1.3538E+03  1.1888E+02  1.3483E+03  1.0894E+00  1.1771E+00
  1.4852E+01  1.2000E+02  1.3490E+03  1.1710E+02  1.3392E+03  1.1462E+00  6.4728E-01
  1.2973E+01  1.6000E+02  1.3437E+03  1.1524E+02  1.3299E+03  1.8318E+00  7.2609E-01
  1.1518E+01  2.0000E+02  1.3377E+03  1.1331E+02  1.3201E+03  2.7984E+00  8.5900E-01
  1.0323E+01  2.4000E+02  1.3311E+03  1.1132E+02  1.3099E+03  3.7897E+00  9.5562E-01
  9.3037E+00  2.8000E+02  1.3242E+03  1.0927E+02  1.2995E+03  4.7857E+00  1.0291E+00
  8.4107E+00  3.2000E+02  1.3168E+03  1.0717E+02  1.2888E+03  5.9683E+00  1.1244E+00
  7.6122E+00  3.6000E+02  1.3086E+03  1.0502E+02  1.2775E+03  7.5159E+00  1.2662E+00
  6.8870E+00  4.0000E+02  1.2996E+03  1.0283E+02  1.2655E+03  9.4268E+00  1.4423E+00
  6.2207E+00  4.4000E+02  1.2897E+03  1.0061E+02  1.2528E+03  1.1493E+01  1.6155E+00
  5.6032E+00  4.8000E+02  1.2792E+03  9.8351E+01  1.2396E+03  1.3455E+01  1.7529E+00
  5.0269E+00  5.2000E+02  1.2681E+03  9.6062E+01  1.2260E+03  1.5150E+01  1.8421E+00
  4.4859E+00  5.6000E+02  1.2569E+03  9.3744E+01  1.2124E+03  1.6538E+01  1.8876E+00
  3.9756E+00  6.0000E+02  1.2455E+03  9.1399E+01  1.1988E+03  1.7638E+01  1.8988E+00
  3.4924E+00  6.4000E+02  1.2342E+03  8.9030E+01  1.1853E+03  1.8493E+01  1.8853E+00
  3.0333E+00  6.8000E+02  1.2230E+03  8.6640E+01  1.1721E+03  1.9184E+01  1.8582E+00
  2.5959E+00  7.2000E+02  1.2119E+03  8.4232E+01  1.1591E+03  1.9845E+01  1.8316E+00
  2.1780E+00  7.6000E+02  1.2009E+03  8.1813E+01  1.1462E+03  2.0658E+01  1.8212E+00
  1.7781E+00  8.0000E+02  1.1897E+03  7.9392E+01  1.1334E+03  2.1824E+01  1.8415E+00
  1.3946E+00  8.4000E+02  1.1783E+03  7.6984E+01  1.1204E+03  2.3460E+01  1.8979E+00
  1.0265E+00  8.8000E+02  1.1666E+03  7.4611E+01  1.1072E+03  2.5450E+01  1.9768E+00
  6.7232E-01  9.2000E+02  1.1545E+03  7.2304E+01  1.0938E+03  2.7502E+01  2.0549E+00
  3.3060E-01  9.6000E+02  1.1424E+03  7.0111E+01  1.0804E+03  2.9196E+01  2.1049E+00
  5.3940E-04  1.0000E+03  1.1304E+03  6.8133E+01  1.0673E+03  3.0339E+01  2.1127E+00
