  26  3.7500000E+00
  3.0949E+01  1.0000E-03  1.3633E+03  1.2205E+02  1.3633E+03  0.0000E+00  0.0000E+00
  2.1905E+01  4.0000E+01  1.3613E+03  1.2184E+02  1.3607E+03  1.9233E-01  3.6701E-01
  1.6915E+01  8.0000E+01  1.3540E+03  1.1998E+02  1.3485E+03  1.0857E+00  1.1430E+00
  1.4273E+01  1.2000E+02  1.3496E+03  1.1821E+02  1.3399E+03  1.0101E+00  5.6304E-01
  1.2415E+01  1.6000E+02  1.3453E+03  1.1635E+02  1.3316E+03  1.3288E+00  5.2078E-01
  1.1003E+01  2.0000E+02  1.3406E+03  1.1441E+02  1.3230E+03  1.9575E+00  5.8305E-01
  9.8664E+00  2.4000E+02  1.3353E+03  1.1242E+02  1.3142E+03  2.8583E+00  6.8558E-01
  8.9062E+00  2.8000E+02  1.3296E+03  1.1038E+02  1.3050E+03  3.8031E+00  7.7045E-01
  8.0663E+00  3.2000E+02  1.3235E+03  1.0828E+02  1.2956E+03  4.7770E+00  8.4658E-01
  7.3136E+00  3.6000E+02  1.3169E+03  1.0613E+02  1.2859E+03  5.9411E+00  9.4340E-01
  6.6284E+00  4.0000E+02  1.3097E+03  1.0395E+02  1.2757E+03  7.3747E+00  1.0661E+00
  5.9976E+00  4.4000E+02  1.3017E+03  1.0172E+02  1.2650E+03  9.0143E+00  1.1997E+00
  5.4118E+00  4.8000E+02  1.2932E+03  9.9453E+01  1.2538E+03  1.0748E+01  1.3284E+00
  4.8638E+00  5.2000E+02  1.2840E+03  9.7155E+01  1.2421E+03  1.2507E+01  1.4461E+00
  4.3479E+00  5.6000E+02  1.2743E+03  9.4827E+01  1.2300E+03  1.4284E+01  1.5547E+00
  3.8598E+00  6.0000E+02  1.2641E+03  9.2473E+01  1.2175E+03  1.6074E+01  1.6553E+00
  3.3961E+00  6.4000E+02  1.2535E+03  9.0095E+01  1.2047E+03  1.7823E+01  1.7436E+00
  2.9542E+00  6.8000E+02  1.2425E+03  8.7699E+01  1.1917E+03  1.9460E+01  1.8143E+00
  2.5319E+00  7.2000E+02  1.2312E+03  8.5288E+01  1.1785E+03  2.0936E+01  1.8654E+00
  2.1274E+00  7.6000E+02  1.2198E+03  8.2868E+01  1.1653E+03  2.2246E+01  1.8985E+00
  1.7392E+00  8.0000E+02  1.2083E+03  8.0446E+01  1.1521E+03  2.3437E+01  1.9197E+00
  1.3659E+00  8.4000E+02  1.1967E+03  7.8033E+01  1.1389E+03  2.4610E+01  1.9381E+00
  1.0065E+00  8.8000E+02  1.1850E+03  7.5644E+01  1.1257E+03  2.5878E+01  1.9625E+00
  6.5976E-01  9.2000E+02  1.1731E+03  7.3313E+01  1.1125E+03  2.7666E+01  2.0237E+00
  3.2463E-01  9.6000E+02  1.1608E+03  7.1102E+01  1.0989E+03  3.0055E+01  2.1251E+00
  4.4159E-04  1.0000E+03  1.1483E+03  6.9152E+01  1.0853E+03  3.2425E+01  2.2178E+00
