  26  3.7500000E+00
  3.1567E+01  1.0000E-03  1.3633E+03  1.2170E+02  1.3633E+03  0.0000E+00  0.0000E+00
  2.2304E+01  4.0000E+01  1.3613E+03  1.2149E+02  1.3607E+03  1.9231E-01  3.7584E-01
  1.7185E+01  8.0000E+01  1.3539E+03  1.1964E+02  1.3484E+03  1.0767E+00  1.1628E+00
  1.4477E+01  1.2000E+02  1.3494E+03  1.1786E+02  1.3397E+03  1.0140E+00  5.7944E-01
  1.2576E+01  1.6000E+02  1.3450E+03  1.1600E+02  1.3313E+03  1.3407E+00  5.3753E-01
  1.1131E+01  2.0000E+02  1.3403E+03  1.1407E+02  1.3227E+03  1.9103E+00  5.8278E-01
  9.9670E+00  2.4000E+02  1.3351E+03  1.1208E+02  1.3139E+03  2.7515E+00  6.7541E-01
  8.9878E+00  2.8000E+02  1.3293E+03  1.1003E+02  1.3047E+03  3.7765E+00  7.8025E-01
  8.1344E+00  3.2000E+02  1.3230E+03  1.0793E+02  1.2951E+03  4.9462E+00  8.9053E-01
  7.3718E+00  3.6000E+02  1.3160E+03  1.0578E+02  1.2850E+03  6.3328E+00  1.0189E+00
  6.6785E+00  4.0000E+02  1.3083E+03  1.0360E+02  1.2744E+03  7.9859E+00  1.1682E+00
  6.0405E+00  4.4000E+02  1.2998E+03  1.0137E+02  1.2630E+03  9.8520E+00  1.3262E+00
  5.4480E+00  4.8000E+02  1.2905E+03  9.9108E+01  1.2511E+03  1.1812E+01  1.4764E+00
  4.8940E+00  5.2000E+02  1.2806E+03  9.6814E+01  1.2387E+03  1.3748E+01  1.6070E+00
  4.3727E+00  5.6000E+02  1.2702E+03  9.4492E+01  1.2258E+03  1.5580E+01  1.7133E+00
  3.8800E+00  6.0000E+02  1.2593E+03  9.2144E+01  1.2127E+03  1.7260E+01  1.7942E+00
  3.4124E+00  6.4000E+02  1.2482E+03  8.9774E+01  1.1994E+03  1.8762E+01  1.8511E+00
  2.9671E+00  6.8000E+02  1.2369E+03  8.7385E+01  1.1860E+03  2.0082E+01  1.8866E+00
  2.5419E+00  7.2000E+02  1.2254E+03  8.4981E+01  1.1727E+03  2.1242E+01  1.9055E+00
  2.1350E+00  7.6000E+02  1.2139E+03  8.2568E+01  1.1594E+03  2.2304E+01  1.9150E+00
  1.7447E+00  8.0000E+02  1.2024E+03  8.0154E+01  1.1462E+03  2.3381E+01  1.9252E+00
  1.3698E+00  8.4000E+02  1.1908E+03  7.7752E+01  1.1330E+03  2.4618E+01  1.9473E+00
  1.0090E+00  8.8000E+02  1.1790E+03  7.5379E+01  1.1197E+03  2.6008E+01  1.9795E+00
  6.6131E-01  9.2000E+02  1.1672E+03  7.3063E+01  1.1065E+03  2.7410E+01  2.0109E+00
  3.2532E-01  9.6000E+02  1.1553E+03  7.0851E+01  1.0934E+03  2.8788E+01  2.0406E+00
  4.5197E-04  1.0000E+03  1.1434E+03  6.8859E+01  1.0804E+03  3.0319E+01  2.0781E+00
