  26  3.7500000E+00
  3.0331E+01  1.0000E-03  1.3633E+03  1.2229E+02  1.3633E+03  0.0000E+00  0.0000E+00
  2.1526E+01  4.0000E+01  1.3614E+03  1.2208E+02  1.3608E+03  1.9222E-01  3.5707E-01
  1.6680E+01  8.0000E+01  1.3542E+03  1.2022E+02  1.3487E+03  1.0993E+00  1.1239E+00
  1.4113E+01  1.2000E+02  1.3498E+03  1.1845E+02  1.3401E+03  1.0271E+00  5.5633E-01
  1.2300E+01  1.6000E+02  1.3454E+03  1.1659E+02  1.3317E+03  1.3799E+00  5.2789E-01
  1.0919E+01  2.0000E+02  1.3406E+03  1.1466E+02  1.3230E+03  2.0811E+00  6.0636E-01
  9.8020E+00  2.4000E+02  1.3353E+03  1.1267E+02  1.3141E+03  2.9458E+00  6.9403E-01
  8.8542E+00  2.8000E+02  1.3297E+03  1.1062E+02  1.3051E+03  3.7365E+00  7.4714E-01
  8.0225E+00  3.2000E+02  1.3238E+03  1.0852E+02  1.2959E+03  4.5617E+00  8.0053E-01
  7.2761E+00  3.6000E+02  1.3175E+03  1.0637E+02  1.2865E+03  5.6114E+00  8.8356E-01
  6.5966E+00  4.0000E+02  1.3106E+03  1.0418E+02  1.2766E+03  6.9194E+00  9.9209E-01
  5.9711E+00  4.4000E+02  1.3031E+03  1.0195E+02  1.2663E+03  8.3936E+00  1.1077E+00
  5.3903E+00  4.8000E+02  1.2951E+03  9.9682E+01  1.2556E+03  9.9412E+00  1.2182E+00
  4.8466E+00  5.2000E+02  1.2865E+03  9.7380E+01  1.2445E+03  1.1568E+01  1.3269E+00
  4.3343E+00  5.6000E+02  1.2773E+03  9.5046E+01  1.2329E+03  1.3359E+01  1.4439E+00
  3.8490E+00  6.0000E+02  1.2675E+03  9.2686E+01  1.2208E+03  1.5314E+01  1.5678E+00
  3.3877E+00  6.4000E+02  1.2572E+03  9.0303E+01  1.2083E+03  1.7305E+01  1.6845E+00
  2.9476E+00  6.8000E+02  1.2463E+03  8.7901E+01  1.1954E+03  1.9193E+01  1.7818E+00
  2.5269E+00  7.2000E+02  1.2351E+03  8.5485E+01  1.1823E+03  2.0896E+01  1.8550E+00
  2.1236E+00  7.6000E+02  1.2236E+03  8.3060E+01  1.1691E+03  2.2387E+01  1.9045E+00
  1.7364E+00  8.0000E+02  1.2120E+03  8.0633E+01  1.1558E+03  2.3688E+01  1.9351E+00
  1.3640E+00  8.4000E+02  1.2004E+03  7.8213E+01  1.1425E+03  2.4869E+01  1.9541E+00
  1.0052E+00  8.8000E+02  1.1886E+03  7.5818E+01  1.1293E+03  2.6115E+01  1.9768E+00
  6.5908E-01  9.2000E+02  1.1765E+03  7.3483E+01  1.1158E+03  2.8185E+01  2.0583E+00
  3.2436E-01  9.6000E+02  1.1640E+03  7.1278E+01  1.1020E+03  3.0916E+01  2.1833E+00
  4.2666E-04  1.0000E+03  1.1514E+03  6.9333E+01  1.0883E+03  3.2857E+01  2.2456E+00
