  26  3.7500000E+00
  3.2086E+01  1.0000E-03  1.3633E+03  1.1523E+02  1.3633E+03  0.0000E+00  0.0000E+00
  2.2946E+01  4.0000E+01  1.3613E+03  1.1501E+02  1.3607E+03  1.9116E-01  3.6862E-01
  1.8130E+01  8.0000E+01  1.3540E+03  1.1312E+02  1.3484E+03  1.1269E+00  1.1452E+00
  1.5704E+01  1.2000E+02  1.3490E+03  1.1134E+02  1.3392E+03  1.3078E+00  6.6919E-01
  1.3944E+01  1.6000E+02  1.3428E+03  1.0948E+02  1.3290E+03  2.4799E+00  9.2117E-01
  1.2510E+01  2.0000E+02  1.3339E+03  1.0756E+02  1.3163E+03  4.8809E+00  1.4769E+00
  1.1280E+01  2.4000E+02  1.3214E+03  1.0558E+02  1.3002E+03  8.5278E+00  2.2129E+00
  1.0196E+01  2.8000E+02  1.3058E+03  1.0355E+02  1.2812E+03  1.2515E+01  2.8621E+00
  9.2257E+00  3.2000E+02  1.2884E+03  1.0148E+02  1.2606E+03  1.5769E+01  3.2274E+00
  8.3474E+00  3.6000E+02  1.2706E+03  9.9376E+01  1.2396E+03  1.7965E+01  3.3289E+00
  7.5447E+00  4.0000E+02  1.2529E+03  9.7236E+01  1.2191E+03  1.9296E+01  3.2675E+00
  6.8056E+00  4.4000E+02  1.2359E+03  9.5063E+01  1.1993E+03  2.0074E+01  3.1306E+00
  6.1204E+00  4.8000E+02  1.2196E+03  9.2863E+01  1.1803E+03  2.0594E+01  2.9768E+00
  5.4819E+00  5.2000E+02  1.2040E+03  9.0637E+01  1.1622E+03  2.0987E+01  2.8272E+00
  4.8840E+00  5.6000E+02  1.1890E+03  8.8388E+01  1.1448E+03  2.1298E+01  2.6868E+00
  4.3217E+00  6.0000E+02  1.1746E+03  8.6120E+01  1.1282E+03  2.1561E+01  2.5578E+00
  3.7909E+00  6.4000E+02  1.1608E+03  8.3836E+01  1.1122E+03  2.1795E+01  2.4406E+00
  3.2882E+00  6.8000E+02  1.1474E+03  8.1537E+01  1.0968E+03  2.2005E+01  2.3338E+00
  2.8107E+00  7.2000E+02  1.1345E+03  7.9228E+01  1.0820E+03  2.2190E+01  2.2356E+00
  2.3559E+00  7.6000E+02  1.1220E+03  7.6913E+01  1.0677E+03  2.2349E+01  2.1448E+00
  1.9215E+00  8.0000E+02  1.1099E+03  7.4595E+01  1.0540E+03  2.2491E+01  2.0612E+00
  1.5058E+00  8.4000E+02  1.0982E+03  7.2281E+01  1.0407E+03  2.2688E+01  1.9899E+00
  1.1072E+00  8.8000E+02  1.0866E+03  6.9985E+01  1.0276E+03  2.3238E+01  1.9542E+00
  7.2436E-01  9.2000E+02  1.0749E+03  6.7743E+01  1.0145E+03  2.4842E+01  2.0064E+00
  3.5582E-01  9.6000E+02  1.0624E+03  6.5639E+01  1.0009E+03  2.8047E+01  2.1807E+00
  7.3912E-04  1.0000E+03  1.0490E+03  6.3852E+01  9.8634E+02  3.2674E+01  2.4478E+00
