  26  3.7500000E+00
  3.2078E+01  1.0000E-03  1.3633E+03  1.1512E+02  1.3633E+03  0.0000E+00  0.0000E+00
  2.2946E+01  4.0000E+01  1.3613E+03  1.1491E+02  1.3607E+03  1.9121E-01  3.6843E-01
  1.8131E+01  8.0000E+01  1.3540E+03  1.1301E+02  1.3484E+03  1.1263E+00  1.1442E+00
  1.5706E+01  1.2000E+02  1.3491E+03  1.1123E+02  1.3393E+03  1.2986E+00  6.6421E-01
  1.3947E+01  1.6000E+02  1.3429E+03  1.0937E+02  1.3291E+03  2.4592E+00  9.1276E-01
  1.2513E+01  2.0000E+02  1.3339E+03  1.0745E+02  1.3164E+03  4.9012E+00  1.4828E+00
  1.1282E+01  2.4000E+02  1.3213E+03  1.0547E+02  1.3001E+03  8.6689E+00  2.2505E+00
  1.0198E+01  2.8000E+02  1.3053E+03  1.0344E+02  1.2807E+03  1.2822E+01  2.9339E+00
  9.2271E+00  3.2000E+02  1.2875E+03  1.0138E+02  1.2597E+03  1.6224E+01  3.3227E+00
  8.3483E+00  3.6000E+02  1.2692E+03  9.9273E+01  1.2382E+03  1.8470E+01  3.4246E+00
  7.5452E+00  4.0000E+02  1.2512E+03  9.7135E+01  1.2173E+03  1.9751E+01  3.3465E+00
  6.8057E+00  4.4000E+02  1.2339E+03  9.4966E+01  1.1973E+03  2.0420E+01  3.1859E+00
  6.1204E+00  4.8000E+02  1.2175E+03  9.2769E+01  1.1782E+03  2.0768E+01  3.0027E+00
  5.4818E+00  5.2000E+02  1.2019E+03  9.0545E+01  1.1601E+03  2.0962E+01  2.8242E+00
  4.8839E+00  5.6000E+02  1.1870E+03  8.8299E+01  1.1428E+03  2.1109E+01  2.6631E+00
  4.3215E+00  6.0000E+02  1.1728E+03  8.6031E+01  1.1263E+03  2.1268E+01  2.5232E+00
  3.7907E+00  6.4000E+02  1.1591E+03  8.3746E+01  1.1105E+03  2.1465E+01  2.4038E+00
  3.2880E+00  6.8000E+02  1.1459E+03  8.1447E+01  1.0953E+03  2.1717E+01  2.3034E+00
  2.8105E+00  7.2000E+02  1.1331E+03  7.9138E+01  1.0806E+03  2.2036E+01  2.2202E+00
  2.3557E+00  7.6000E+02  1.1206E+03  7.6824E+01  1.0663E+03  2.2400E+01  2.1494E+00
  1.9215E+00  8.0000E+02  1.1084E+03  7.4512E+01  1.0524E+03  2.2758E+01  2.0847E+00
  1.5061E+00  8.4000E+02  1.0964E+03  7.2208E+01  1.0389E+03  2.3128E+01  2.0270E+00
  1.1077E+00  8.8000E+02  1.0847E+03  6.9925E+01  1.0258E+03  2.3705E+01  1.9921E+00
  7.2503E-01  9.2000E+02  1.0730E+03  6.7695E+01  1.0126E+03  2.4933E+01  2.0131E+00
  3.5631E-01  9.6000E+02  1.0607E+03  6.5588E+01  9.9917E+02  2.7457E+01  2.1359E+00
  7.0919E-04  1.0000E+03  1.0476E+03  6.3782E+01  9.8491E+02  3.1808E+01  2.3864E+00
