  26  3.7500000E+00
  2.9895E+01  1.0000E-03  1.3633E+03  1.2246E+02  1.3633E+03  0.0000E+00  0.0000E+00
  2.1256E+01  4.0000E+01  1.3614E+03  1.2225E+02  1.3608E+03  1.9210E-01  3.5013E-01
  1.6512E+01  8.0000E+01  1.3543E+03  1.2038E+02  1.3487E+03  1.1087E+00  1.1096E+00
  1.3997E+01  1.2000E+02  1.3499E+03  1.1861E+02  1.3402E+03  1.0417E+00  5.5278E-01
  1.2214E+01  1.6000E+02  1.3455E+03  1.1675E+02  1.3317E+03  1.4241E+00  5.3576E-01
  1.0854E+01  2.0000E+02  1.3406E+03  1.1482E+02  1.3231E+03  2.1563E+00  6.1853E-01
  9.7520E+00  2.4000E+02  1.3354E+03  1.1283E+02  1.3142E+03  2.9586E+00  6.8814E-01
  8.8133E+00  2.8000E+02  1.3299E+03  1.1078E+02  1.3053E+03  3.6382E+00  7.2048E-01
  7.9881E+00  3.2000E+02  1.3242E+03  1.0868E+02  1.2963E+03  4.3774E+00  7.6217E-01
  7.2472E+00  3.6000E+02  1.3181E+03  1.0653E+02  1.2870E+03  5.3516E+00  8.3652E-01
  6.5726E+00  4.0000E+02  1.3115E+03  1.0434E+02  1.2775E+03  6.5593E+00  9.3354E-01
  5.9518E+00  4.4000E+02  1.3043E+03  1.0211E+02  1.2675E+03  7.8904E+00  1.0335E+00
  5.3751E+00  4.8000E+02  1.2967E+03  9.9833E+01  1.2572E+03  9.2710E+00  1.1280E+00
  4.8348E+00  5.2000E+02  1.2885E+03  9.7526E+01  1.2465E+03  1.0816E+01  1.2331E+00
  4.3250E+00  5.6000E+02  1.2797E+03  9.5188E+01  1.2353E+03  1.2704E+01  1.3664E+00
  3.8417E+00  6.0000E+02  1.2702E+03  9.2824E+01  1.2235E+03  1.4882E+01  1.5174E+00
  3.3819E+00  6.4000E+02  1.2599E+03  9.0437E+01  1.2111E+03  1.7119E+01  1.6607E+00
  2.9431E+00  6.8000E+02  1.2491E+03  8.8032E+01  1.1982E+03  1.9227E+01  1.7799E+00
  2.5234E+00  7.2000E+02  1.2378E+03  8.5613E+01  1.1850E+03  2.1108E+01  1.8692E+00
  2.1210E+00  7.6000E+02  1.2262E+03  8.3186E+01  1.1716E+03  2.2724E+01  1.9292E+00
  1.7345E+00  8.0000E+02  1.2145E+03  8.0758E+01  1.1582E+03  2.4079E+01  1.9634E+00
  1.3626E+00  8.4000E+02  1.2027E+03  7.8336E+01  1.1448E+03  2.5206E+01  1.9775E+00
  1.0044E+00  8.8000E+02  1.1908E+03  7.5938E+01  1.1315E+03  2.6400E+01  1.9956E+00
  6.5862E-01  9.2000E+02  1.1786E+03  7.3604E+01  1.1179E+03  2.8641E+01  2.0892E+00
  3.2419E-01  9.6000E+02  1.1659E+03  7.1405E+01  1.1040E+03  3.1409E+01  2.2161E+00
  4.0786E-04  1.0000E+03  1.1534E+03  6.9454E+01  1.0903E+03  3.2690E+01  2.2331E+00
