  26  3.7500000E+00
  3.1556E+01  1.0000E-03  1.3633E+03  1.2169E+02  1.3633E+03  0.0000E+00  0.0000E+00
  2.2297E+01  4.0000E+01  1.3613E+03  1.2148E+02  1.3607E+03  1.9244E-01  3.7596E-01
  1.7182E+01  8.0000E+01  1.3539E+03  1.1963E+02  1.3484E+03  1.0786E+00  1.1640E+00
  1.4478E+01  1.2000E+02  1.3494E+03  1.1785E+02  1.3397E+03  1.0204E+00  5.8206E-01
  1.2582E+01  1.6000E+02  1.3449E+03  1.1599E+02  1.3312E+03  1.3583E+00  5.4336E-01
  1.1138E+01  2.0000E+02  1.3402E+03  1.1406E+02  1.3227E+03  1.9343E+00  5.8936E-01
  9.9743E+00  2.4000E+02  1.3350E+03  1.1206E+02  1.3138E+03  2.7637E+00  6.7849E-01
  8.9941E+00  2.8000E+02  1.3292E+03  1.1002E+02  1.3046E+03  3.7776E+00  7.8123E-01
  8.1397E+00  3.2000E+02  1.3229E+03  1.0792E+02  1.2950E+03  4.9551E+00  8.9327E-01
  7.3761E+00  3.6000E+02  1.3159E+03  1.0577E+02  1.2849E+03  6.3595E+00  1.0245E+00
  6.6820E+00  4.0000E+02  1.3081E+03  1.0358E+02  1.2742E+03  8.0301E+00  1.1760E+00
  6.0433E+00  4.4000E+02  1.2996E+03  1.0136E+02  1.2628E+03  9.9113E+00  1.3357E+00
  5.4502E+00  4.8000E+02  1.2903E+03  9.9096E+01  1.2508E+03  1.1881E+01  1.4865E+00
  4.8957E+00  5.2000E+02  1.2803E+03  9.6803E+01  1.2383E+03  1.3817E+01  1.6166E+00
  4.3740E+00  5.6000E+02  1.2698E+03  9.4481E+01  1.2255E+03  1.5637E+01  1.7210E+00
  3.8810E+00  6.0000E+02  1.2590E+03  9.2134E+01  1.2123E+03  1.7299E+01  1.7995E+00
  3.4131E+00  6.4000E+02  1.2478E+03  8.9764E+01  1.1990E+03  1.8779E+01  1.8538E+00
  2.9676E+00  6.8000E+02  1.2365E+03  8.7375E+01  1.1857E+03  2.0075E+01  1.8868E+00
  2.5423E+00  7.2000E+02  1.2251E+03  8.4972E+01  1.1723E+03  2.1215E+01  1.9037E+00
  2.1352E+00  7.6000E+02  1.2136E+03  8.2559E+01  1.1590E+03  2.2259E+01  1.9116E+00
  1.7449E+00  8.0000E+02  1.2021E+03  8.0146E+01  1.1458E+03  2.3316E+01  1.9203E+00
  1.3699E+00  8.4000E+02  1.1905E+03  7.7744E+01  1.1327E+03  2.4527E+01  1.9405E+00
  1.0091E+00  8.8000E+02  1.1788E+03  7.5371E+01  1.1195E+03  2.5893E+01  1.9710E+00
  6.6132E-01  9.2000E+02  1.1669E+03  7.3054E+01  1.1063E+03  2.7298E+01  2.0028E+00
  3.2532E-01  9.6000E+02  1.1551E+03  7.0841E+01  1.0932E+03  2.8708E+01  2.0351E+00
  4.5519E-04  1.0000E+03  1.1433E+03  6.8848E+01  1.0802E+03  3.0276E+01  2.0751E+00
