  26  3.7500000E+00
  3.2094E+01  1.0000E-03  1.3633E+03  1.1766E+02  1.3633E+03  0.0000E+00  0.0000E+00
  2.2910E+01  4.0000E+01  1.3613E+03  1.1745E+02  1.3607E+03  1.9112E-01  3.7033E-01
  1.8040E+01  8.0000E+01  1.3539E+03  1.1555E+02  1.3483E+03  1.1239E+00  1.1547E+00
  1.5569E+01  1.2000E+02  1.3489E+03  1.1378E+02  1.3391E+03  1.3243E+00  6.9064E-01
  1.3781E+01  1.6000E+02  1.3426E+03  1.1192E+02  1.3288E+03  2.4729E+00  9.3269E-01
  1.2340E+01  2.0000E+02  1.3344E+03  1.0999E+02  1.3168E+03  4.3538E+00  1.3235E+00
  1.1115E+01  2.4000E+02  1.3242E+03  1.0801E+02  1.3030E+03  6.7045E+00  1.7323E+00
  1.0043E+01  2.8000E+02  1.3122E+03  1.0598E+02  1.2876E+03  9.2552E+00  2.0943E+00
  9.0871E+00  3.2000E+02  1.2990E+03  1.0390E+02  1.2710E+03  1.1712E+01  2.3617E+00
  8.2239E+00  3.6000E+02  1.2850E+03  1.0178E+02  1.2540E+03  1.3731E+01  2.5005E+00
  7.4357E+00  4.0000E+02  1.2710E+03  9.9626E+01  1.2370E+03  1.5042E+01  2.5016E+00
  6.7090E+00  4.4000E+02  1.2574E+03  9.7429E+01  1.2206E+03  1.5672E+01  2.4025E+00
  6.0343E+00  4.8000E+02  1.2445E+03  9.5195E+01  1.2050E+03  1.5840E+01  2.2550E+00
  5.4040E+00  5.2000E+02  1.2323E+03  9.2924E+01  1.1903E+03  1.5674E+01  2.0842E+00
  4.8127E+00  5.6000E+02  1.2210E+03  9.0616E+01  1.1766E+03  1.5214E+01  1.8980E+00
  4.2560E+00  6.0000E+02  1.2105E+03  8.8269E+01  1.1639E+03  1.4611E+01  1.7161E+00
  3.7305E+00  6.4000E+02  1.2007E+03  8.5886E+01  1.1519E+03  1.4175E+01  1.5716E+00
  3.2333E+00  6.8000E+02  1.1911E+03  8.3472E+01  1.1402E+03  1.4538E+01  1.5251E+00
  2.7619E+00  7.2000E+02  1.1808E+03  8.1042E+01  1.1281E+03  1.6622E+01  1.6532E+00
  2.3138E+00  7.6000E+02  1.1691E+03  7.8617E+01  1.1146E+03  2.0616E+01  1.9487E+00
  1.8868E+00  8.0000E+02  1.1560E+03  7.6216E+01  1.0998E+03  2.5111E+01  2.2625E+00
  1.4785E+00  8.4000E+02  1.1420E+03  7.3851E+01  1.0842E+03  2.8563E+01  2.4604E+00
  1.0872E+00  8.8000E+02  1.1274E+03  7.1541E+01  1.0682E+03  3.1361E+01  2.5889E+00
  7.1150E-01  9.2000E+02  1.1124E+03  6.9333E+01  1.0518E+03  3.4183E+01  2.7096E+00
  3.4964E-01  9.6000E+02  1.0971E+03  6.7298E+01  1.0353E+03  3.6604E+01  2.7945E+00
  7.1306E-04  1.0000E+03  1.0818E+03  6.5614E+01  1.0189E+03  3.8852E+01  2.8602E+00
