  26  3.7500000E+00
  3.2086E+01  1.0000E-03  1.3633E+03  1.1523E+02  1.3633E+03  0.0000E+00  0.0000E+00
  2.2946E+01  4.0000E+01  1.3613E+03  1.1501E+02  1.3607E+03  1.9117E-01  3.6864E-01
  1.8130E+01  8.0000E+01  1.3540E+03  1.1312E+02  1.3484E+03  1.1271E+00  1.1454E+00
  1.5704E+01  1.2000E+02  1.3490E+03  1.1134E+02  1.3392E+03  1.3081E+00  6.6931E-01
  1.3944E+01  1.6000E+02  1.3428E+03  1.0948E+02  1.3290E+03  2.4790E+00  9.2088E-01
  1.2509E+01  2.0000E+02  1.3339E+03  1.0756E+02  1.3163E+03  4.8784E+00  1.4761E+00
  1.1280E+01  2.4000E+02  1.3214E+03  1.0558E+02  1.3002E+03  8.5273E+00  2.2127E+00
  1.0196E+01  2.8000E+02  1.3058E+03  1.0355E+02  1.2812E+03  1.2517E+01  2.8625E+00
  9.2256E+00  3.2000E+02  1.2885E+03  1.0148E+02  1.2606E+03  1.5767E+01  3.2268E+00
  8.3473E+00  3.6000E+02  1.2706E+03  9.9378E+01  1.2396E+03  1.7960E+01  3.3280E+00
  7.5447E+00  4.0000E+02  1.2530E+03  9.7237E+01  1.2191E+03  1.9291E+01  3.2666E+00
  6.8055E+00  4.4000E+02  1.2359E+03  9.5065E+01  1.1993E+03  2.0069E+01  3.1299E+00
  6.1204E+00  4.8000E+02  1.2196E+03  9.2864E+01  1.1803E+03  2.0594E+01  2.9768E+00
  5.4819E+00  5.2000E+02  1.2040E+03  9.0638E+01  1.1622E+03  2.0987E+01  2.8272E+00
  4.8839E+00  5.6000E+02  1.1890E+03  8.8389E+01  1.1448E+03  2.1297E+01  2.6866E+00
  4.3216E+00  6.0000E+02  1.1746E+03  8.6121E+01  1.1282E+03  2.1562E+01  2.5579E+00
  3.7909E+00  6.4000E+02  1.1608E+03  8.3837E+01  1.1122E+03  2.1798E+01  2.4409E+00
  3.2882E+00  6.8000E+02  1.1474E+03  8.1538E+01  1.0968E+03  2.2009E+01  2.3341E+00
  2.8107E+00  7.2000E+02  1.1345E+03  7.9229E+01  1.0820E+03  2.2194E+01  2.2359E+00
  2.3558E+00  7.6000E+02  1.1220E+03  7.6914E+01  1.0677E+03  2.2353E+01  2.1452E+00
  1.9215E+00  8.0000E+02  1.1099E+03  7.4596E+01  1.0540E+03  2.2493E+01  2.0614E+00
  1.5058E+00  8.4000E+02  1.0982E+03  7.2282E+01  1.0407E+03  2.2688E+01  1.9899E+00
  1.1072E+00  8.8000E+02  1.0866E+03  6.9986E+01  1.0277E+03  2.3232E+01  1.9538E+00
  7.2435E-01  9.2000E+02  1.0749E+03  6.7744E+01  1.0146E+03  2.4833E+01  2.0056E+00
  3.5582E-01  9.6000E+02  1.0625E+03  6.5640E+01  1.0009E+03  2.8041E+01  2.1803E+00
  7.3913E-04  1.0000E+03  1.0491E+03  6.3853E+01  9.8636E+02  3.2678E+01  2.4481E+00
