  26  3.7500000E+00
  3.2100E+01  1.0000E-03  1.3633E+03  1.1731E+02  1.3633E+03  0.0000E+00  0.0000E+00
  2.2920E+01  4.0000E+01  1.3613E+03  1.1710E+02  1.3607E+03  1.9103E-01  3.6999E-01
  1.8066E+01  8.0000E+01  1.3539E+03  1.1520E+02  1.3483E+03  1.1242E+00  1.1515E+00
  1.5608E+01  1.2000E+02  1.3489E+03  1.1343E+02  1.3391E+03  1.3256E+00  6.8743E-01
  1.3827E+01  1.6000E+02  1.3426E+03  1.1157E+02  1.3288E+03  2.4907E+00  9.3585E-01
  1.2388E+01  2.0000E+02  1.3343E+03  1.0965E+02  1.3167E+03  4.4053E+00  1.3375E+00
  1.1162E+01  2.4000E+02  1.3240E+03  1.0766E+02  1.3028E+03  6.7925E+00  1.7573E+00
  1.0086E+01  2.8000E+02  1.3119E+03  1.0563E+02  1.2872E+03  9.4102E+00  2.1362E+00
  9.1258E+00  3.2000E+02  1.2983E+03  1.0355E+02  1.2704E+03  1.1979E+01  2.4257E+00
  8.2587E+00  3.6000E+02  1.2840E+03  1.0144E+02  1.2529E+03  1.4108E+01  2.5810E+00
  7.4667E+00  4.0000E+02  1.2696E+03  9.9278E+01  1.2356E+03  1.5457E+01  2.5825E+00
  6.7369E+00  4.4000E+02  1.2556E+03  9.7083E+01  1.2189E+03  1.6064E+01  2.4737E+00
  6.0592E+00  4.8000E+02  1.2424E+03  9.4851E+01  1.2030E+03  1.6243E+01  2.3223E+00
  5.4264E+00  5.2000E+02  1.2299E+03  9.2582E+01  1.1879E+03  1.6159E+01  2.1575E+00
  4.8327E+00  5.6000E+02  1.2182E+03  9.0278E+01  1.1738E+03  1.5825E+01  1.9822E+00
  4.2738E+00  6.0000E+02  1.2073E+03  8.7937E+01  1.1607E+03  1.5346E+01  1.8095E+00
  3.7462E+00  6.4000E+02  1.1970E+03  8.5562E+01  1.1482E+03  1.5035E+01  1.6737E+00
  3.2469E+00  6.8000E+02  1.1868E+03  8.3157E+01  1.1360E+03  1.5560E+01  1.6389E+00
  2.7736E+00  7.2000E+02  1.1760E+03  8.0739E+01  1.1232E+03  1.7796E+01  1.7773E+00
  2.3236E+00  7.6000E+02  1.1638E+03  7.8329E+01  1.1093E+03  2.1683E+01  2.0583E+00
  1.8947E+00  8.0000E+02  1.1504E+03  7.5941E+01  1.0943E+03  2.5564E+01  2.3135E+00
  1.4846E+00  8.4000E+02  1.1365E+03  7.3582E+01  1.0788E+03  2.8145E+01  2.4351E+00
  1.0916E+00  8.8000E+02  1.1222E+03  7.1274E+01  1.0631E+03  3.0487E+01  2.5278E+00
  7.1435E-01  9.2000E+02  1.1074E+03  6.9066E+01  1.0469E+03  3.3518E+01  2.6681E+00
  3.5103E-01  9.6000E+02  1.0922E+03  6.7035E+01  1.0304E+03  3.6280E+01  2.7810E+00
  7.2256E-04  1.0000E+03  1.0769E+03  6.5356E+01  1.0141E+03  3.8716E+01  2.8614E+00
