  26  3.7500000E+00
  3.2084E+01  1.0000E-03  1.3633E+03  1.1803E+02  1.3633E+03  0.0000E+00  0.0000E+00
  2.2897E+01  4.0000E+01  1.3613E+03  1.1782E+02  1.3607E+03  1.9126E-01  3.7071E-01
  1.8010E+01  8.0000E+01  1.3539E+03  1.1593E+02  1.3483E+03  1.1238E+00  1.1588E+00
  1.5523E+01  1.2000E+02  1.3488E+03  1.1415E+02  1.3390E+03  1.3255E+00  6.9563E-01
  1.3728E+01  1.6000E+02  1.3426E+03  1.1229E+02  1.3288E+03  2.4571E+00  9.3040E-01
  1.2285E+01  2.0000E+02  1.3345E+03  1.1037E+02  1.3169E+03  4.2795E+00  1.3025E+00
  1.1062E+01  2.4000E+02  1.3245E+03  1.0839E+02  1.3033E+03  6.5336E+00  1.6858E+00
  9.9936E+00  2.8000E+02  1.3129E+03  1.0635E+02  1.2882E+03  8.9415E+00  2.0162E+00
  9.0422E+00  3.2000E+02  1.3001E+03  1.0428E+02  1.2722E+03  1.1231E+01  2.2545E+00
  8.1832E+00  3.6000E+02  1.2867E+03  1.0215E+02  1.2557E+03  1.3147E+01  2.3826E+00
  7.3988E+00  4.0000E+02  1.2732E+03  9.9993E+01  1.2392E+03  1.4480E+01  2.3962E+00
  6.6759E+00  4.4000E+02  1.2600E+03  9.7794E+01  1.2232E+03  1.5197E+01  2.3181E+00
  6.0045E+00  4.8000E+02  1.2474E+03  9.5557E+01  1.2080E+03  1.5415E+01  2.1835E+00
  5.3775E+00  5.2000E+02  1.2356E+03  9.3283E+01  1.1936E+03  1.5243E+01  2.0165E+00
  4.7892E+00  5.6000E+02  1.2246E+03  9.0970E+01  1.1802E+03  1.4740E+01  1.8293E+00
  4.2355E+00  6.0000E+02  1.2144E+03  8.8619E+01  1.1678E+03  1.4119E+01  1.6493E+00
  3.7129E+00  6.4000E+02  1.2049E+03  8.6230E+01  1.1561E+03  1.3700E+01  1.5107E+00
  3.2184E+00  6.8000E+02  1.1955E+03  8.3811E+01  1.1447E+03  1.4052E+01  1.4661E+00
  2.7494E+00  7.2000E+02  1.1856E+03  8.1373E+01  1.1328E+03  1.6038E+01  1.5868E+00
  2.3035E+00  7.6000E+02  1.1742E+03  7.8938E+01  1.1197E+03  1.9941E+01  1.8758E+00
  1.8785E+00  8.0000E+02  1.1614E+03  7.6526E+01  1.1051E+03  2.4651E+01  2.2107E+00
  1.4720E+00  8.4000E+02  1.1474E+03  7.4152E+01  1.0896E+03  2.8579E+01  2.4506E+00
  1.0825E+00  8.8000E+02  1.1327E+03  7.1837E+01  1.0735E+03  3.1623E+01  2.5990E+00
  7.0844E-01  9.2000E+02  1.1176E+03  6.9622E+01  1.0570E+03  3.4453E+01  2.7189E+00
  3.4816E-01  9.6000E+02  1.1023E+03  6.7581E+01  1.0405E+03  3.6898E+01  2.8047E+00
  7.1168E-04  1.0000E+03  1.0871E+03  6.5890E+01  1.0241E+03  3.8956E+01  2.8556E+00
