  26  3.7500000E+00
  3.1968E+01  1.0000E-03  1.3633E+03  1.2105E+02  1.3633E+03  0.0000E+00  0.0000E+00
  2.2623E+01  4.0000E+01  1.3613E+03  1.2084E+02  1.3606E+03  1.9210E-01  3.7879E-01
  1.7487E+01  8.0000E+01  1.3538E+03  1.1898E+02  1.3483E+03  1.0862E+00  1.1768E+00
  1.4798E+01  1.2000E+02  1.3490E+03  1.1720E+02  1.3393E+03  1.1226E+00  6.3703E-01
  1.2912E+01  1.6000E+02  1.3439E+03  1.1534E+02  1.3301E+03  1.7450E+00  6.9443E-01
  1.1455E+01  2.0000E+02  1.3381E+03  1.1341E+02  1.3205E+03  2.6305E+00  8.0818E-01
  1.0263E+01  2.4000E+02  1.3319E+03  1.1142E+02  1.3107E+03  3.5567E+00  8.9464E-01
  9.2489E+00  2.8000E+02  1.3252E+03  1.0937E+02  1.3006E+03  4.5089E+00  9.6489E-01
  8.3615E+00  3.2000E+02  1.3181E+03  1.0727E+02  1.2902E+03  5.6670E+00  1.0609E+00
  7.5685E+00  3.6000E+02  1.3103E+03  1.0512E+02  1.2792E+03  7.2106E+00  1.2063E+00
  6.8486E+00  4.0000E+02  1.3015E+03  1.0293E+02  1.2674E+03  9.1441E+00  1.3889E+00
  6.1872E+00  4.4000E+02  1.2918E+03  1.0070E+02  1.2549E+03  1.1277E+01  1.5737E+00
  5.5741E+00  4.8000E+02  1.2813E+03  9.8445E+01  1.2418E+03  1.3363E+01  1.7285E+00
  5.0017E+00  5.2000E+02  1.2703E+03  9.6156E+01  1.2283E+03  1.5218E+01  1.8376E+00
  4.4643E+00  5.6000E+02  1.2590E+03  9.3838E+01  1.2145E+03  1.6759E+01  1.9002E+00
  3.9573E+00  6.0000E+02  1.2476E+03  9.1494E+01  1.2008E+03  1.7974E+01  1.9228E+00
  3.4769E+00  6.4000E+02  1.2361E+03  8.9127E+01  1.1872E+03  1.8902E+01  1.9155E+00
  3.0204E+00  6.8000E+02  1.2248E+03  8.6740E+01  1.1738E+03  1.9633E+01  1.8910E+00
  2.5853E+00  7.2000E+02  1.2135E+03  8.4335E+01  1.1607E+03  2.0313E+01  1.8649E+00
  2.1695E+00  7.6000E+02  1.2023E+03  8.1920E+01  1.1477E+03  2.1128E+01  1.8534E+00
  1.7714E+00  8.0000E+02  1.1910E+03  7.9504E+01  1.1347E+03  2.2266E+01  1.8701E+00
  1.3896E+00  8.4000E+02  1.1796E+03  7.7102E+01  1.1216E+03  2.3806E+01  1.9175E+00
  1.0230E+00  8.8000E+02  1.1678E+03  7.4733E+01  1.1084E+03  2.5568E+01  1.9779E+00
  6.7012E-01  9.2000E+02  1.1559E+03  7.2428E+01  1.0952E+03  2.7253E+01  2.0288E+00
  3.2955E-01  9.6000E+02  1.1439E+03  7.0227E+01  1.0820E+03  2.8598E+01  2.0549E+00
  5.1399E-04  1.0000E+03  1.1322E+03  6.8228E+01  1.0691E+03  2.9581E+01  2.0535E+00
