  26  3.7500000E+00
  3.0382E+01  1.0000E-03  1.3633E+03  1.2230E+02  1.3633E+03  0.0000E+00  0.0000E+00
  2.1548E+01  4.0000E+01  1.3614E+03  1.2209E+02  1.3607E+03  1.9175E-01  3.5740E-01
  1.6686E+01  8.0000E+01  1.3542E+03  1.2023E+02  1.3487E+03  1.0940E+00  1.1221E+00
  1.4110E+01  1.2000E+02  1.3498E+03  1.1845E+02  1.3401E+03  1.0191E+00  5.5372E-01
  1.2293E+01  1.6000E+02  1.3454E+03  1.1659E+02  1.3317E+03  1.3660E+00  5.2380E-01
  1.0911E+01  2.0000E+02  1.3407E+03  1.1466E+02  1.3231E+03  2.0641E+00  6.0187E-01
  9.7948E+00  2.4000E+02  1.3354E+03  1.1267E+02  1.3142E+03  2.9303E+00  6.8992E-01
  8.8483E+00  2.8000E+02  1.3298E+03  1.1063E+02  1.3052E+03  3.7158E+00  7.4207E-01
  8.0176E+00  3.2000E+02  1.3240E+03  1.0853E+02  1.2961E+03  4.5293E+00  7.9375E-01
  7.2723E+00  3.6000E+02  1.3177E+03  1.0638E+02  1.2867E+03  5.5664E+00  8.7530E-01
  6.5936E+00  4.0000E+02  1.3108E+03  1.0419E+02  1.2769E+03  6.8620E+00  9.8260E-01
  5.9689E+00  4.4000E+02  1.3034E+03  1.0196E+02  1.2666E+03  8.3235E+00  1.0971E+00
  5.3887E+00  4.8000E+02  1.2954E+03  9.9689E+01  1.2559E+03  9.8654E+00  1.2077E+00
  4.8454E+00  5.2000E+02  1.2868E+03  9.7386E+01  1.2449E+03  1.1510E+01  1.3192E+00
  4.3334E+00  5.6000E+02  1.2777E+03  9.5052E+01  1.2333E+03  1.3344E+01  1.4415E+00
  3.8483E+00  6.0000E+02  1.2679E+03  9.2692E+01  1.2212E+03  1.5341E+01  1.5699E+00
  3.3871E+00  6.4000E+02  1.2575E+03  9.0309E+01  1.2087E+03  1.7358E+01  1.6891E+00
  2.9472E+00  6.8000E+02  1.2466E+03  8.7908E+01  1.1958E+03  1.9261E+01  1.7876E+00
  2.5265E+00  7.2000E+02  1.2354E+03  8.5492E+01  1.1826E+03  2.0971E+01  1.8612E+00
  2.1234E+00  7.6000E+02  1.2239E+03  8.3067E+01  1.1693E+03  2.2462E+01  1.9106E+00
  1.7362E+00  8.0000E+02  1.2123E+03  8.0641E+01  1.1560E+03  2.3761E+01  1.9407E+00
  1.3639E+00  8.4000E+02  1.2006E+03  7.8222E+01  1.1427E+03  2.4935E+01  1.9590E+00
  1.0051E+00  8.8000E+02  1.1888E+03  7.5827E+01  1.1295E+03  2.6171E+01  1.9807E+00
  6.5904E-01  9.2000E+02  1.1767E+03  7.3493E+01  1.1160E+03  2.8240E+01  2.0621E+00
  3.2435E-01  9.6000E+02  1.1641E+03  7.1289E+01  1.1022E+03  3.0952E+01  2.1856E+00
  4.2419E-04  1.0000E+03  1.1515E+03  6.9344E+01  1.0885E+03  3.2812E+01  2.2424E+00
