  25  3.7500000E+00
  2.7065E+01  2.0000E+01  1.3618E+03  1.2128E+02  1.3601E+03  0.0000E+00  0.0000E+00
  1.9657E+01  6.0000E+01  1.3586E+03  1.1953E+02  1.3523E+03  2.0074E-01  3.1376E-01
  1.6308E+01  1.0000E+02  1.3550E+03  1.1771E+02  1.3445E+03  5.1961E-01  3.6714E-01
  1.4153E+01  1.4000E+02  1.3505E+03  1.1583E+02  1.3360E+03  1.2419E+00  5.6471E-01
  1.2532E+01  1.8000E+02  1.3445E+03  1.1389E+02  1.3262E+03  2.4630E+00  8.4194E-01
  1.1214E+01  2.2000E+02  1.3375E+03  1.1189E+02  1.3156E+03  3.8084E+00  1.0593E+00
  1.0094E+01  2.6000E+02  1.3297E+03  1.0984E+02  1.3044E+03  5.1124E+00  1.2074E+00
  9.1175E+00  3.0000E+02  1.3213E+03  1.0773E+02  1.2927E+03  6.4427E+00  1.3280E+00
  8.2477E+00  3.4000E+02  1.3123E+03  1.0559E+02  1.2806E+03  7.9228E+00  1.4539E+00
  7.4614E+00  3.8000E+02  1.3026E+03  1.0340E+02  1.2679E+03  9.5752E+00  1.5885E+00
  6.7421E+00  4.2000E+02  1.2923E+03  1.0117E+02  1.2548E+03  1.1210E+01  1.7011E+00
  6.0780E+00  4.6000E+02  1.2817E+03  9.8910E+01  1.2416E+03  1.2509E+01  1.7527E+00
  5.4603E+00  5.0000E+02  1.2712E+03  9.6615E+01  1.2286E+03  1.3312E+01  1.7348E+00
  4.8824E+00  5.4000E+02  1.2609E+03  9.4286E+01  1.2159E+03  1.3762E+01  1.6780E+00
  4.3390E+00  5.8000E+02  1.2509E+03  9.1924E+01  1.2036E+03  1.4140E+01  1.6209E+00
  3.8262E+00  6.2000E+02  1.2410E+03  8.9534E+01  1.1915E+03  1.4653E+01  1.5854E+00
  3.3405E+00  6.6000E+02  1.2311E+03  8.7117E+01  1.1796E+03  1.5385E+01  1.5767E+00
  2.8790E+00  7.0000E+02  1.2211E+03  8.4680E+01  1.1677E+03  1.6370E+01  1.5937E+00
  2.4396E+00  7.4000E+02  1.2109E+03  8.2229E+01  1.1557E+03  1.7655E+01  1.6370E+00
  2.0201E+00  7.8000E+02  1.2003E+03  7.9773E+01  1.1435E+03  1.9335E+01  1.7112E+00
  1.6188E+00  8.2000E+02  1.1892E+03  7.7326E+01  1.1308E+03  2.1524E+01  1.8222E+00
  1.2342E+00  8.6000E+02  1.1775E+03  7.4913E+01  1.1176E+03  2.4347E+01  1.9755E+00
  8.6504E-01  9.0000E+02  1.1648E+03  7.2578E+01  1.1036E+03  2.8005E+01  2.1814E+00
  5.0994E-01  9.4000E+02  1.1510E+03  7.0414E+01  1.0886E+03  3.2748E+01  2.4534E+00
  1.6729E-01  9.8000E+02  1.1365E+03  6.8612E+01  1.0730E+03  3.6960E+01  2.6719E+00
