  25  3.7500000E+00
  2.7201E+01  2.0000E+01  1.3618E+03  1.1580E+02  1.3601E+03  0.0000E+00  0.0000E+00
  1.9933E+01  6.0000E+01  1.3586E+03  1.1404E+02  1.3524E+03  1.9997E-01  3.0664E-01
  1.6806E+01  1.0000E+02  1.3552E+03  1.1222E+02  1.3447E+03  5.2329E-01  3.4515E-01
  1.4777E+01  1.4000E+02  1.3507E+03  1.1034E+02  1.3362E+03  1.2967E+00  5.5504E-01
  1.3200E+01  1.8000E+02  1.3438E+03  1.0840E+02  1.3256E+03  3.1384E+00  1.0444E+00
  1.1877E+01  2.2000E+02  1.3332E+03  1.0641E+02  1.3114E+03  6.4630E+00  1.8040E+00
  1.0724E+01  2.6000E+02  1.3189E+03  1.0437E+02  1.2937E+03  1.0669E+01  2.5952E+00
  9.6998E+00  3.0000E+02  1.3020E+03  1.0229E+02  1.2735E+03  1.4494E+01  3.1328E+00
  8.7774E+00  3.4000E+02  1.2840E+03  1.0017E+02  1.2525E+03  1.7201E+01  3.3477E+00
  7.9381E+00  3.8000E+02  1.2660E+03  9.8027E+01  1.2316E+03  1.8858E+01  3.3391E+00
  7.1682E+00  4.2000E+02  1.2486E+03  9.5848E+01  1.2114E+03  1.9787E+01  3.2144E+00
  6.4568E+00  4.6000E+02  1.2319E+03  9.3643E+01  1.1921E+03  2.0306E+01  3.0476E+00
  5.7957E+00  5.0000E+02  1.2161E+03  9.1412E+01  1.1738E+03  2.0608E+01  2.8745E+00
  5.1781E+00  5.4000E+02  1.2010E+03  8.9159E+01  1.1563E+03  2.0813E+01  2.7120E+00
  4.5985E+00  5.8000E+02  1.1865E+03  8.6886E+01  1.1396E+03  2.1006E+01  2.5686E+00
  4.0524E+00  6.2000E+02  1.1726E+03  8.4597E+01  1.1236E+03  2.1224E+01  2.4453E+00
  3.5361E+00  6.6000E+02  1.1593E+03  8.2294E+01  1.1082E+03  2.1484E+01  2.3406E+00
  3.0463E+00  7.0000E+02  1.1463E+03  7.9982E+01  1.0933E+03  2.1806E+01  2.2534E+00
  2.5804E+00  7.4000E+02  1.1336E+03  7.7666E+01  1.0789E+03  2.2188E+01  2.1810E+00
  2.1361E+00  7.8000E+02  1.1213E+03  7.5354E+01  1.0649E+03  2.2591E+01  2.1174E+00
  1.7115E+00  8.2000E+02  1.1092E+03  7.3053E+01  1.0513E+03  2.2974E+01  2.0580E+00
  1.3049E+00  8.6000E+02  1.0974E+03  7.0774E+01  1.0381E+03  2.3443E+01  2.0114E+00
  9.1450E-01  9.0000E+02  1.0857E+03  6.8543E+01  1.0250E+03  2.4321E+01  2.0030E+00
  5.3907E-01  9.4000E+02  1.0737E+03  6.6423E+01  1.0118E+03  2.6241E+01  2.0786E+00
  1.7683E-01  9.8000E+02  1.0610E+03  6.4584E+01  9.9795E+02  3.0022E+01  2.2944E+00
