  25  3.7500000E+00
  2.7163E+01  2.0000E+01  1.3618E+03  1.1927E+02  1.3601E+03  0.0000E+00  0.0000E+00
  1.9829E+01  6.0000E+01  1.3586E+03  1.1751E+02  1.3523E+03  2.0052E-01  3.1026E-01
  1.6608E+01  1.0000E+02  1.3551E+03  1.1569E+02  1.3446E+03  5.3725E-01  3.6513E-01
  1.4517E+01  1.4000E+02  1.3503E+03  1.1382E+02  1.3358E+03  1.3694E+00  6.0410E-01
  1.2916E+01  1.8000E+02  1.3437E+03  1.1188E+02  1.3254E+03  2.9146E+00  9.8465E-01
  1.1593E+01  2.2000E+02  1.3352E+03  1.0988E+02  1.3133E+03  4.9160E+00  1.3715E+00
  1.0456E+01  2.6000E+02  1.3251E+03  1.0784E+02  1.2998E+03  7.1134E+00  1.7072E+00
  9.4534E+00  3.0000E+02  1.3137E+03  1.0575E+02  1.2851E+03  9.2597E+00  1.9586E+00
  8.5550E+00  3.4000E+02  1.3015E+03  1.0361E+02  1.2699E+03  1.1191E+01  2.1212E+00
  7.7394E+00  3.8000E+02  1.2889E+03  1.0144E+02  1.2543E+03  1.2767E+01  2.1969E+00
  6.9912E+00  4.2000E+02  1.2764E+03  9.9231E+01  1.2390E+03  1.3838E+01  2.1845E+00
  6.2991E+00  4.6000E+02  1.2642E+03  9.6985E+01  1.2241E+03  1.4385E+01  2.1007E+00
  5.6545E+00  5.0000E+02  1.2526E+03  9.4703E+01  1.2100E+03  1.4472E+01  1.9680E+00
  5.0513E+00  5.4000E+02  1.2417E+03  9.2385E+01  1.1968E+03  1.4182E+01  1.8049E+00
  4.4845E+00  5.8000E+02  1.2316E+03  9.0028E+01  1.1844E+03  1.3647E+01  1.6320E+00
  3.9502E+00  6.2000E+02  1.2222E+03  8.7634E+01  1.1729E+03  1.3119E+01  1.4789E+00
  3.4452E+00  6.6000E+02  1.2132E+03  8.5206E+01  1.1618E+03  1.3076E+01  1.3933E+00
  2.9666E+00  7.0000E+02  1.2039E+03  8.2754E+01  1.1507E+03  1.4224E+01  1.4362E+00
  2.5120E+00  7.4000E+02  1.1936E+03  8.0294E+01  1.1386E+03  1.7156E+01  1.6455E+00
  2.0790E+00  7.8000E+02  1.1818E+03  7.7851E+01  1.1251E+03  2.1660E+01  1.9787E+00
  1.6655E+00  8.2000E+02  1.1685E+03  7.5446E+01  1.1102E+03  2.6432E+01  2.3061E+00
  1.2695E+00  8.6000E+02  1.1541E+03  7.3102E+01  1.0945E+03  3.0269E+01  2.5288E+00
  8.8959E-01  9.0000E+02  1.1392E+03  7.0857E+01  1.0781E+03  3.3528E+01  2.6874E+00
  5.2438E-01  9.4000E+02  1.1237E+03  6.8797E+01  1.0615E+03  3.6726E+01  2.8298E+00
  1.7202E-01  9.8000E+02  1.1081E+03  6.7114E+01  1.0448E+03  3.9410E+01  2.9297E+00
