  25  3.7500000E+00
  2.7207E+01  2.0000E+01  1.3618E+03  1.1638E+02  1.3601E+03  0.0000E+00  0.0000E+00
  1.9924E+01  6.0000E+01  1.3586E+03  1.1461E+02  1.3524E+03  1.9970E-01  3.0686E-01
  1.6796E+01  1.0000E+02  1.3551E+03  1.1280E+02  1.3447E+03  5.3037E-01  3.5002E-01
  1.4761E+01  1.4000E+02  1.3505E+03  1.1092E+02  1.3360E+03  1.3669E+00  5.8686E-01
  1.3181E+01  1.8000E+02  1.3436E+03  1.0898E+02  1.3254E+03  3.1108E+00  1.0374E+00
  1.1858E+01  2.2000E+02  1.3341E+03  1.0699E+02  1.3123E+03  5.7078E+00  1.5928E+00
  1.0707E+01  2.6000E+02  1.3218E+03  1.0494E+02  1.2966E+03  8.8691E+00  2.1537E+00
  9.6849E+00  3.0000E+02  1.3075E+03  1.0285E+02  1.2791E+03  1.1953E+01  2.5773E+00
  8.7649E+00  3.4000E+02  1.2921E+03  1.0073E+02  1.2606E+03  1.4415E+01  2.7981E+00
  7.9277E+00  3.8000E+02  1.2764E+03  9.8562E+01  1.2419E+03  1.6270E+01  2.8735E+00
  7.1594E+00  4.2000E+02  1.2606E+03  9.6364E+01  1.2234E+03  1.7587E+01  2.8508E+00
  6.4492E+00  4.6000E+02  1.2452E+03  9.4136E+01  1.2053E+03  1.8591E+01  2.7857E+00
  5.7889E+00  5.0000E+02  1.2300E+03  9.1882E+01  1.1877E+03  1.9576E+01  2.7272E+00
  5.1719E+00  5.4000E+02  1.2151E+03  8.9605E+01  1.1703E+03  2.0555E+01  2.6759E+00
  4.5927E+00  5.8000E+02  1.2004E+03  8.7311E+01  1.1534E+03  2.1458E+01  2.6218E+00
  4.0470E+00  6.2000E+02  1.1859E+03  8.5004E+01  1.1368E+03  2.2238E+01  2.5602E+00
  3.5311E+00  6.6000E+02  1.1718E+03  8.2686E+01  1.1207E+03  2.2868E+01  2.4894E+00
  3.0417E+00  7.0000E+02  1.1580E+03  8.0362E+01  1.1051E+03  2.3342E+01  2.4100E+00
  2.5763E+00  7.4000E+02  1.1447E+03  7.8035E+01  1.0899E+03  2.3701E+01  2.3275E+00
  2.1324E+00  7.8000E+02  1.1317E+03  7.5712E+01  1.0753E+03  2.3992E+01  2.2467E+00
  1.7082E+00  8.2000E+02  1.1191E+03  7.3399E+01  1.0612E+03  2.4244E+01  2.1698E+00
  1.3020E+00  8.6000E+02  1.1068E+03  7.1111E+01  1.0474E+03  2.4707E+01  2.1177E+00
  9.1214E-01  9.0000E+02  1.0945E+03  6.8880E+01  1.0337E+03  2.5897E+01  2.1298E+00
  5.3740E-01  9.4000E+02  1.0819E+03  6.6771E+01  1.0199E+03  2.8011E+01  2.2146E+00
  1.7619E-01  9.8000E+02  1.0684E+03  6.4976E+01  1.0053E+03  3.2210E+01  2.4546E+00
