  25  3.7500000E+00
  2.6906E+01  2.0000E+01  1.3618E+03  1.2208E+02  1.3601E+03  0.0000E+00  0.0000E+00
  1.9391E+01  6.0000E+01  1.3586E+03  1.2034E+02  1.3523E+03  2.0050E-01  3.1788E-01
  1.5916E+01  1.0000E+02  1.3552E+03  1.1853E+02  1.3447E+03  4.6120E-01  3.3821E-01
  1.3674E+01  1.4000E+02  1.3514E+03  1.1665E+02  1.3369E+03  8.5382E-01  4.0384E-01
  1.2024E+01  1.8000E+02  1.3469E+03  1.1471E+02  1.3287E+03  1.4936E+00  5.1998E-01
  1.0717E+01  2.2000E+02  1.3420E+03  1.1270E+02  1.3201E+03  2.2724E+00  6.2663E-01
  9.6304E+00  2.6000E+02  1.3365E+03  1.1064E+02  1.3113E+03  3.1049E+00  7.1154E-01
  8.6958E+00  3.0000E+02  1.3306E+03  1.0853E+02  1.3021E+03  4.0983E+00  8.0809E-01
  7.8702E+00  3.4000E+02  1.3239E+03  1.0637E+02  1.2923E+03  5.4413E+00  9.4783E-01
  7.1264E+00  3.8000E+02  1.3164E+03  1.0417E+02  1.2818E+03  7.2031E+00  1.1303E+00
  6.4468E+00  4.2000E+02  1.3078E+03  1.0194E+02  1.2705E+03  9.2784E+00  1.3304E+00
  5.8192E+00  4.6000E+02  1.2984E+03  9.9667E+01  1.2583E+03  1.1476E+01  1.5194E+00
  5.2350E+00  5.0000E+02  1.2881E+03  9.7367E+01  1.2456E+03  1.3598E+01  1.6761E+00
  4.6876E+00  5.4000E+02  1.2773E+03  9.5039E+01  1.2324E+03  1.5498E+01  1.7899E+00
  4.1720E+00  5.8000E+02  1.2662E+03  9.2687E+01  1.2189E+03  1.7099E+01  1.8601E+00
  3.6842E+00  6.2000E+02  1.2548E+03  9.0313E+01  1.2055E+03  1.8384E+01  1.8921E+00
  3.2209E+00  6.6000E+02  1.2434E+03  8.7919E+01  1.1921E+03  1.9403E+01  1.8963E+00
  2.7797E+00  7.0000E+02  1.2321E+03  8.5510E+01  1.1788E+03  2.0263E+01  1.8863E+00
  2.3583E+00  7.4000E+02  1.2208E+03  8.3090E+01  1.1657E+03  2.1116E+01  1.8772E+00
  1.9551E+00  7.8000E+02  1.2094E+03  8.0669E+01  1.1527E+03  2.2137E+01  1.8835E+00
  1.5684E+00  8.2000E+02  1.1979E+03  7.8260E+01  1.1397E+03  2.3457E+01  1.9137E+00
  1.1971E+00  8.6000E+02  1.1863E+03  7.5882E+01  1.1265E+03  2.5024E+01  1.9603E+00
  8.3992E-01  9.0000E+02  1.1745E+03  7.3563E+01  1.1134E+03  2.6535E+01  1.9995E+00
  4.9556E-01  9.4000E+02  1.1627E+03  7.1346E+01  1.1004E+03  2.7824E+01  2.0215E+00
  1.6263E-01  9.8000E+02  1.1510E+03  6.9332E+01  1.0876E+03  2.8996E+01  2.0368E+00
