  25  3.7500000E+00
  2.7162E+01  2.0000E+01  1.3618E+03  1.1930E+02  1.3601E+03  0.0000E+00  0.0000E+00
  1.9829E+01  6.0000E+01  1.3586E+03  1.1754E+02  1.3523E+03  2.0066E-01  3.1048E-01
  1.6609E+01  1.0000E+02  1.3551E+03  1.1573E+02  1.3446E+03  5.3619E-01  3.6423E-01
  1.4518E+01  1.4000E+02  1.3503E+03  1.1385E+02  1.3358E+03  1.3623E+00  6.0082E-01
  1.2917E+01  1.8000E+02  1.3437E+03  1.1191E+02  1.3255E+03  2.9077E+00  9.8235E-01
  1.1595E+01  2.2000E+02  1.3352E+03  1.0992E+02  1.3134E+03  4.9239E+00  1.3735E+00
  1.0458E+01  2.6000E+02  1.3251E+03  1.0787E+02  1.2998E+03  7.1443E+00  1.7145E+00
  9.4550E+00  3.0000E+02  1.3136E+03  1.0578E+02  1.2851E+03  9.3061E+00  1.9685E+00
  8.5565E+00  3.4000E+02  1.3014E+03  1.0365E+02  1.2698E+03  1.1227E+01  2.1282E+00
  7.7408E+00  3.8000E+02  1.2888E+03  1.0148E+02  1.2543E+03  1.2765E+01  2.1968E+00
  6.9924E+00  4.2000E+02  1.2763E+03  9.9268E+01  1.2389E+03  1.3786E+01  2.1766E+00
  6.3001E+00  4.6000E+02  1.2642E+03  9.7023E+01  1.2242E+03  1.4277E+01  2.0854E+00
  5.6554E+00  5.0000E+02  1.2527E+03  9.4741E+01  1.2101E+03  1.4317E+01  1.9473E+00
  5.0520E+00  5.4000E+02  1.2419E+03  9.2421E+01  1.1970E+03  1.3994E+01  1.7814E+00
  4.4851E+00  5.8000E+02  1.2319E+03  9.0063E+01  1.1847E+03  1.3444E+01  1.6081E+00
  3.9507E+00  6.2000E+02  1.2226E+03  8.7668E+01  1.1733E+03  1.2923E+01  1.4571E+00
  3.4456E+00  6.6000E+02  1.2137E+03  8.5238E+01  1.1623E+03  1.2902E+01  1.3750E+00
  2.9669E+00  7.0000E+02  1.2045E+03  8.2784E+01  1.1512E+03  1.4064E+01  1.4203E+00
  2.5122E+00  7.4000E+02  1.1943E+03  8.0323E+01  1.1393E+03  1.6997E+01  1.6306E+00
  2.0791E+00  7.8000E+02  1.1825E+03  7.7878E+01  1.1258E+03  2.1535E+01  1.9677E+00
  1.6655E+00  8.2000E+02  1.1692E+03  7.5471E+01  1.1109E+03  2.6403E+01  2.3038E+00
  1.2695E+00  8.6000E+02  1.1548E+03  7.3124E+01  1.0951E+03  3.0348E+01  2.5355E+00
  8.8958E-01  9.0000E+02  1.1398E+03  7.0879E+01  1.0788E+03  3.3673E+01  2.6991E+00
  5.2437E-01  9.4000E+02  1.1243E+03  6.8819E+01  1.0620E+03  3.6940E+01  2.8463E+00
  1.7202E-01  9.8000E+02  1.1086E+03  6.7142E+01  1.0452E+03  3.9679E+01  2.9497E+00
