  25  3.7500000E+00
  2.5415E+01  2.0000E+01  1.3618E+03  1.2331E+02  1.3600E+03  0.0000E+00  0.0000E+00
  1.8418E+01  6.0000E+01  1.3587E+03  1.2156E+02  1.3524E+03  1.9571E-01  2.8893E-01
  1.5192E+01  1.0000E+02  1.3556E+03  1.1976E+02  1.3450E+03  4.1967E-01  2.8568E-01
  1.3072E+01  1.4000E+02  1.3523E+03  1.1788E+02  1.3377E+03  6.8052E-01  3.0434E-01
  1.1517E+01  1.8000E+02  1.3484E+03  1.1593E+02  1.3301E+03  1.2417E+00  4.0739E-01
  1.0295E+01  2.2000E+02  1.3438E+03  1.1393E+02  1.3219E+03  2.0884E+00  5.3816E-01
  9.2794E+00  2.6000E+02  1.3389E+03  1.1187E+02  1.3136E+03  2.8186E+00  6.0415E-01
  8.3997E+00  3.0000E+02  1.3337E+03  1.0976E+02  1.3052E+03  3.4710E+00  6.4420E-01
  7.6177E+00  3.4000E+02  1.3282E+03  1.0761E+02  1.2965E+03  4.3121E+00  7.1149E-01
  6.9102E+00  3.8000E+02  1.3222E+03  1.0540E+02  1.2875E+03  5.4283E+00  8.1017E-01
  6.2625E+00  4.2000E+02  1.3156E+03  1.0316E+02  1.2781E+03  6.7444E+00  9.2169E-01
  5.6636E+00  4.6000E+02  1.3084E+03  1.0088E+02  1.2683E+03  8.1514E+00  1.0300E+00
  5.1049E+00  5.0000E+02  1.3007E+03  9.8567E+01  1.2581E+03  9.6353E+00  1.1358E+00
  4.5795E+00  5.4000E+02  1.2924E+03  9.6221E+01  1.2474E+03  1.1364E+01  1.2596E+00
  4.0828E+00  5.8000E+02  1.2833E+03  9.3847E+01  1.2361E+03  1.3412E+01  1.4057E+00
  3.6110E+00  6.2000E+02  1.2736E+03  9.1451E+01  1.2242E+03  1.5615E+01  1.5541E+00
  3.1616E+00  6.6000E+02  1.2632E+03  8.9036E+01  1.2118E+03  1.7775E+01  1.6855E+00
  2.7322E+00  7.0000E+02  1.2523E+03  8.6607E+01  1.1990E+03  1.9771E+01  1.7911E+00
  2.3211E+00  7.4000E+02  1.2410E+03  8.4169E+01  1.1859E+03  2.1543E+01  1.8688E+00
  1.9265E+00  7.8000E+02  1.2294E+03  8.1731E+01  1.1727E+03  2.3076E+01  1.9207E+00
  1.5473E+00  8.2000E+02  1.2177E+03  7.9300E+01  1.1594E+03  2.4411E+01  1.9531E+00
  1.1822E+00  8.6000E+02  1.2060E+03  7.6893E+01  1.1462E+03  2.5647E+01  1.9756E+00
  8.3019E-01  9.0000E+02  1.1940E+03  7.4538E+01  1.1329E+03  2.7242E+01  2.0232E+00
  4.9020E-01  9.4000E+02  1.1815E+03  7.2313E+01  1.1191E+03  3.0240E+01  2.1692E+00
  1.6097E-01  9.8000E+02  1.1687E+03  7.0373E+01  1.1052E+03  3.3052E+01  2.2959E+00
