  25  8.5995000E+01
  2.7207E+01  2.0000E+01  4.8049E+00  1.2409E+02  2.7065E-01  0.0000E+00  0.0000E+00
  1.9924E+01  6.0000E+01  8.1121E+00  1.2232E+02  2.4397E-01 -6.9722E-01 -1.0714E+00
  1.6796E+01  1.0000E+02  9.1559E+00  1.2222E+02  2.2782E-01 -3.6607E-01 -2.4159E-01
  1.4761E+01  1.4000E+02  1.4795E+01  1.2457E+02  2.1271E-01 -1.6160E+00 -6.9382E-01
  1.3181E+01  1.8000E+02  2.6521E+01  1.2859E+02  1.9489E-01 -4.8743E+00 -1.6255E+00
  1.1858E+01  2.2000E+02  4.2838E+01  1.3425E+02  1.7491E-01 -8.0528E+00 -2.2471E+00
  1.0707E+01  2.6000E+02  6.1166E+01  1.4056E+02  1.5331E-01 -1.0447E+01 -2.5368E+00
  9.6849E+00  3.0000E+02  7.9146E+01  1.4700E+02  1.3194E-01 -1.1293E+01 -2.4351E+00
  8.7649E+00  3.4000E+02  9.5967E+01  1.5328E+02  1.1215E-01 -1.1450E+01 -2.2225E+00
  7.9277E+00  3.8000E+02  1.1158E+02  1.5932E+02  9.4158E-02 -1.1435E+01 -2.0196E+00
  7.1594E+00  4.2000E+02  1.2589E+02  1.6502E+02  7.7999E-02 -1.1214E+01 -1.8178E+00
  6.4492E+00  4.6000E+02  1.3884E+02  1.7030E+02  6.3539E-02 -1.0798E+01 -1.6179E+00
  5.7889E+00  5.0000E+02  1.5050E+02  1.7517E+02  5.0433E-02 -1.0288E+01 -1.4332E+00
  5.1719E+00  5.4000E+02  1.6092E+02  1.7969E+02  3.8595E-02 -9.5584E+00 -1.2443E+00
  4.5927E+00  5.8000E+02  1.7005E+02  1.8390E+02  2.8260E-02 -8.4953E+00 -1.0380E+00
  4.0470E+00  6.2000E+02  1.7789E+02  1.8784E+02  1.9716E-02 -7.1455E+00 -8.2264E-01
  3.5311E+00  6.6000E+02  1.8452E+02  1.9154E+02  1.3083E-02 -5.6762E+00 -6.1788E-01
  3.0417E+00  7.0000E+02  1.9009E+02  1.9502E+02  8.2554E-03 -4.2778E+00 -4.4168E-01
  2.5763E+00  7.4000E+02  1.9481E+02  1.9830E+02  4.9495E-03 -3.0929E+00 -3.0373E-01
  2.1324E+00  7.8000E+02  1.9886E+02  2.0138E+02  2.8132E-03 -2.1663E+00 -2.0286E-01
  1.7082E+00  8.2000E+02  2.0241E+02  2.0430E+02  1.5111E-03 -1.4996E+00 -1.3421E-01
  1.3020E+00  8.6000E+02  2.0559E+02  2.0704E+02  7.5725E-04 -1.0789E+00 -9.2472E-02
  9.1214E-01  9.0000E+02  2.0851E+02  2.0966E+02  3.4009E-04 -7.6823E-01 -6.3181E-02
  5.3740E-01  9.4000E+02  2.1139E+02  2.1240E+02  1.2883E-04 -3.7289E-01 -2.9482E-02
  1.7619E-01  9.8000E+02  2.1498E+02  2.1745E+02  3.5221E-05  4.0359E+00  3.0757E-01
