  25  3.9900000E+00
  2.7206E+01  2.0000E+01  9.7914E+00  1.7344E+01  9.7592E+00  0.0000E+00  0.0000E+00
  1.9909E+01  6.0000E+01  9.3835E+00  1.7367E+01  9.3009E+00  5.9057E-02  9.0910E-02
  1.6772E+01  1.0000E+02  9.1992E+00  1.7467E+01  9.0768E+00  9.0739E-02  6.0054E-02
  1.4729E+01  1.4000E+02  9.0421E+00  1.7687E+01  8.8143E+00  1.8427E-01  7.9453E-02
  1.3145E+01  1.8000E+02  8.9496E+00  1.8167E+01  8.3226E+00  3.6135E-01  1.2075E-01
  1.1822E+01  2.2000E+02  9.3166E+00  1.9082E+01  7.6887E+00  4.1485E-01  1.1576E-01
  1.0673E+01  2.6000E+02  1.0428E+01  2.0437E+01  6.9653E+00  2.1151E-01  5.1301E-02
  9.6528E+00  3.0000E+02  1.2300E+01  2.2164E+01  6.2655E+00 -1.4174E-01 -3.0494E-02
  8.7357E+00  3.4000E+02  1.4722E+01  2.4163E+01  5.6586E+00 -4.6157E-01 -8.9313E-02
  7.9018E+00  3.8000E+02  1.7467E+01  2.6382E+01  5.1680E+00 -6.3118E-01 -1.1104E-01
  7.1367E+00  4.2000E+02  2.0384E+01  2.8762E+01  4.7703E+00 -7.0136E-01 -1.1322E-01
  6.4291E+00  4.6000E+02  2.3399E+01  3.1228E+01  4.4375E+00 -7.7692E-01 -1.1597E-01
  5.7708E+00  5.0000E+02  2.6454E+01  3.3701E+01  4.1496E+00 -8.8342E-01 -1.2270E-01
  5.1551E+00  5.4000E+02  2.9488E+01  3.6122E+01  3.8959E+00 -9.9523E-01 -1.2928E-01
  4.5769E+00  5.8000E+02  3.2431E+01  3.8426E+01  3.6691E+00 -1.1050E+00 -1.3482E-01
  4.0318E+00  6.2000E+02  3.5221E+01  4.0555E+01  3.4627E+00 -1.2124E+00 -1.3941E-01
  3.5166E+00  6.6000E+02  3.7813E+01  4.2473E+01  3.2689E+00 -1.3078E+00 -1.4217E-01
  3.0283E+00  7.0000E+02  4.0214E+01  4.4220E+01  3.0797E+00 -1.3420E+00 -1.3825E-01
  2.5643E+00  7.4000E+02  4.2569E+01  4.5967E+01  2.8909E+00 -1.3082E+00 -1.2806E-01
  2.1222E+00  7.8000E+02  4.4949E+01  4.7792E+01  2.7057E+00 -1.2550E+00 -1.1706E-01
  1.6998E+00  8.2000E+02  4.7293E+01  4.9631E+01  2.5303E+00 -1.1953E+00 -1.0653E-01
  1.2953E+00  8.6000E+02  4.9521E+01  5.1374E+01  2.3671E+00 -1.1989E+00 -1.0231E-01
  9.0744E-01  9.0000E+02  5.1382E+01  5.2826E+01  2.2062E+00 -1.0549E+00 -8.6322E-02
  5.3483E-01  9.4000E+02  5.3584E+01  5.4774E+01  2.0430E+00 -6.8129E-01 -5.3559E-02
  1.7543E-01  9.8000E+02  5.6869E+01  5.8728E+01  1.8815E+00  1.8610E+00  1.4111E-01
