  25  8.5995000E+01
  2.5315E+01  2.0000E+01  2.9730E+00  1.0982E+02  2.9461E-02  0.0000E+00  0.0000E+00
  1.8370E+01  6.0000E+01  6.4046E+00  1.0987E+02  2.5010E-02 -4.8608E-01 -7.1222E-01
  1.5169E+01  1.0000E+02  8.7534E+00  1.1001E+02  2.3224E-02 -6.9007E-01 -4.6596E-01
  1.3063E+01  1.4000E+02  1.0411E+01  1.0962E+02  2.2048E-02 -9.7145E-01 -4.3169E-01
  1.1515E+01  1.8000E+02  1.2974E+01  1.0922E+02  2.0611E-02 -1.9136E+00 -6.2501E-01
  1.0296E+01  2.2000E+02  1.7325E+01  1.0960E+02  1.8883E-02 -3.2577E+00 -8.3779E-01
  9.2804E+00  2.6000E+02  2.2237E+01  1.1076E+02  1.7233E-02 -3.7009E+00 -7.9294E-01
  8.4004E+00  3.0000E+02  2.7568E+01  1.1245E+02  1.5709E-02 -4.1305E+00 -7.6682E-01
  7.6180E+00  3.4000E+02  3.3422E+01  1.1450E+02  1.4250E-02 -4.8691E+00 -8.0379E-01
  6.9103E+00  3.8000E+02  3.9821E+01  1.1680E+02  1.2811E-02 -5.7917E+00 -8.6481E-01
  6.2623E+00  4.2000E+02  4.6635E+01  1.1935E+02  1.1394E-02 -6.5753E+00 -8.9891E-01
  5.6632E+00  4.6000E+02  5.3691E+01  1.2222E+02  1.0028E-02 -6.9843E+00 -8.8271E-01
  5.1045E+00  5.0000E+02  6.1056E+01  1.2549E+02  8.7282E-03 -7.3294E+00 -8.6403E-01
  4.5792E+00  5.4000E+02  6.8861E+01  1.2906E+02  7.4807E-03 -8.0658E+00 -8.9388E-01
  4.0825E+00  5.8000E+02  7.7100E+01  1.3281E+02  6.2719E-03 -9.0428E+00 -9.4763E-01
  3.6108E+00  6.2000E+02  8.5642E+01  1.3666E+02  5.1092E-03 -9.9467E+00 -9.8983E-01
  3.1615E+00  6.6000E+02  9.4321E+01  1.4055E+02  4.0180E-03 -1.0647E+01 -1.0095E+00
  2.7321E+00  7.0000E+02  1.0298E+02  1.4444E+02  3.0330E-03 -1.1114E+01 -1.0067E+00
  2.3210E+00  7.4000E+02  1.1150E+02  1.4829E+02  2.1863E-03 -1.1361E+01 -9.8542E-01
  1.9265E+00  7.8000E+02  1.1977E+02  1.5206E+02  1.4951E-03 -1.1423E+01 -9.5077E-01
  1.5473E+00  8.2000E+02  1.2774E+02  1.5572E+02  9.5960E-04 -1.1353E+01 -9.0827E-01
  1.1822E+00  8.6000E+02  1.3536E+02  1.5925E+02  5.7002E-04 -1.1193E+01 -8.6217E-01
  8.3017E-01  9.0000E+02  1.4266E+02  1.6267E+02  3.0296E-04 -1.1034E+01 -8.1947E-01
  4.9018E-01  9.4000E+02  1.5001E+02  1.6623E+02  1.3150E-04 -1.1143E+01 -7.9930E-01
  1.6096E-01  9.8000E+02  1.5765E+02  1.7127E+02  4.4320E-05 -7.8916E+00 -5.4815E-01
