  25  3.9900000E+00
  2.6251E+01  2.0000E+01  4.1546E+00  1.1207E+01  4.1350E+00  0.0000E+00  0.0000E+00
  1.8927E+01  6.0000E+01  4.0186E+00  1.1223E+01  3.9399E+00  2.0756E-02  3.2072E-02
  1.5528E+01  1.0000E+02  3.9856E+00  1.1226E+01  3.8246E+00  1.0667E-02  7.6500E-03
  1.3317E+01  1.4000E+02  3.9736E+00  1.1233E+01  3.7289E+00  8.5533E-03  3.9900E-03
  1.1699E+01  1.8000E+02  3.9604E+00  1.1258E+01  3.6241E+00  2.3477E-02  8.0148E-03
  1.0433E+01  2.2000E+02  3.9345E+00  1.1326E+01  3.4749E+00  7.4268E-02  1.9837E-02
  9.3880E+00  2.6000E+02  3.9109E+00  1.1464E+01  3.2933E+00  1.5470E-01  3.4095E-02
  8.4897E+00  3.0000E+02  3.9305E+00  1.1685E+01  3.1030E+00  2.2404E-01  4.2462E-02
  7.6940E+00  3.4000E+02  4.0348E+00  1.1992E+01  2.9017E+00  2.5535E-01  4.2866E-02
  6.9751E+00  3.8000E+02  4.2695E+00  1.2392E+01  2.6935E+00  2.2918E-01  3.4762E-02
  6.3167E+00  4.2000E+02  4.6670E+00  1.2892E+01  2.4865E+00  1.5551E-01  2.1601E-02
  5.7078E+00  4.6000E+02  5.2408E+00  1.3502E+01  2.2882E+00  5.9850E-02  7.6886E-03
  5.1402E+00  5.0000E+02  6.0047E+00  1.4236E+01  2.1060E+00 -5.3555E-02 -6.4130E-03
  4.6076E+00  5.4000E+02  6.9701E+00  1.5098E+01  1.9432E+00 -1.9275E-01 -2.1659E-02
  4.1050E+00  5.8000E+02  8.1324E+00  1.6086E+01  1.7974E+00 -3.4746E-01 -3.6845E-02
  3.6286E+00  6.2000E+02  9.4723E+00  1.7187E+01  1.6654E+00 -5.0125E-01 -5.0384E-02
  3.1753E+00  6.6000E+02  1.0964E+01  1.8387E+01  1.5445E+00 -6.4410E-01 -6.1592E-02
  2.7429E+00  7.0000E+02  1.2581E+01  1.9668E+01  1.4336E+00 -7.7564E-01 -7.0773E-02
  2.3291E+00  7.4000E+02  1.4298E+01  2.1013E+01  1.3317E+00 -9.0154E-01 -7.8690E-02
  1.9325E+00  7.8000E+02  1.6093E+01  2.2401E+01  1.2381E+00 -1.0264E+00 -8.5883E-02
  1.5516E+00  8.2000E+02  1.7944E+01  2.3813E+01  1.1513E+00 -1.1493E+00 -9.2367E-02
  1.1851E+00  8.6000E+02  1.9834E+01  2.5241E+01  1.0699E+00 -1.2624E+00 -9.7611E-02
  8.3192E-01  9.0000E+02  2.1774E+01  2.6695E+01  9.9252E-01 -1.3752E+00 -1.0247E-01
  4.9103E-01  9.4000E+02  2.3821E+01  2.8224E+01  9.1792E-01 -1.5176E+00 -1.0915E-01
  1.6119E-01  9.8000E+02  2.6187E+01  3.0325E+01  8.4595E-01 -8.0647E-01 -5.6123E-02
