  25  8.5995000E+01
  2.5857E+01  2.0000E+01  3.5002E+00  1.1228E+02  8.4406E-02  0.0000E+00  0.0000E+00
  1.8687E+01  6.0000E+01  7.8057E+00  1.1254E+02  7.3021E-02 -5.6504E-01 -8.5481E-01
  1.5367E+01  1.0000E+02  1.0518E+01  1.1230E+02  6.7183E-02 -8.8738E-01 -6.2148E-01
  1.3199E+01  1.4000E+02  1.2166E+01  1.1164E+02  6.3758E-02 -1.0639E+00 -4.8663E-01
  1.1611E+01  1.8000E+02  1.4264E+01  1.1094E+02  6.0710E-02 -1.7661E+00 -5.9174E-01
  1.0367E+01  2.2000E+02  1.8310E+01  1.1094E+02  5.7121E-02 -3.2522E+00 -8.5385E-01
  9.3361E+00  2.6000E+02  2.3349E+01  1.1181E+02  5.3361E-02 -4.0405E+00 -8.7846E-01
  8.4469E+00  3.0000E+02  2.9013E+01  1.1340E+02  4.9726E-02 -4.5792E+00 -8.5907E-01
  7.6576E+00  3.4000E+02  3.5273E+01  1.1548E+02  4.6099E-02 -5.3025E+00 -8.8298E-01
  6.9439E+00  3.8000E+02  4.2149E+01  1.1788E+02  4.2411E-02 -6.2758E+00 -9.4503E-01
  6.2902E+00  4.2000E+02  4.9489E+01  1.2053E+02  3.8701E-02 -7.1601E+00 -9.8747E-01
  5.6858E+00  4.6000E+02  5.7051E+01  1.2346E+02  3.5032E-02 -7.6668E+00 -9.7771E-01
  5.1223E+00  5.0000E+02  6.4795E+01  1.2671E+02  3.1461E-02 -7.9811E+00 -9.4883E-01
  4.5932E+00  5.4000E+02  7.2779E+01  1.3024E+02  2.8004E-02 -8.4264E+00 -9.4062E-01
  4.0935E+00  5.8000E+02  8.1002E+01  1.3395E+02  2.4657E-02 -9.0252E+00 -9.5146E-01
  3.6195E+00  6.2000E+02  8.9391E+01  1.3776E+02  2.1432E-02 -9.6464E+00 -9.6473E-01
  3.1682E+00  6.6000E+02  9.7840E+01  1.4162E+02  1.8348E-02 -1.0176E+01 -9.6885E-01
  2.7373E+00  7.0000E+02  1.0624E+02  1.4547E+02  1.5427E-02 -1.0555E+01 -9.5943E-01
  2.3250E+00  7.4000E+02  1.1448E+02  1.4927E+02  1.2691E-02 -1.0773E+01 -9.3729E-01
  1.9295E+00  7.8000E+02  1.2248E+02  1.5298E+02  1.0172E-02 -1.0853E+01 -9.0563E-01
  1.5494E+00  8.2000E+02  1.3021E+02  1.5659E+02  7.9080E-03 -1.0837E+01 -8.6896E-01
  1.1836E+00  8.6000E+02  1.3761E+02  1.6007E+02  5.9364E-03 -1.0733E+01 -8.2835E-01
  8.3102E-01  9.0000E+02  1.4471E+02  1.6343E+02  4.2588E-03 -1.0606E+01 -7.8896E-01
  4.9058E-01  9.4000E+02  1.5175E+02  1.6684E+02  2.8348E-03 -1.0641E+01 -7.6428E-01
  1.6106E-01  9.8000E+02  1.5906E+02  1.7135E+02  1.7158E-03 -8.4954E+00 -5.9061E-01
