  25  8.5995000E+01
  2.5356E+01  2.0000E+01  3.0371E+00  1.1006E+02  2.9439E-02  0.0000E+00  0.0000E+00
  1.8384E+01  6.0000E+01  6.5449E+00  1.1012E+02  2.4993E-02 -4.9548E-01 -7.2884E-01
  1.5170E+01  1.0000E+02  8.9140E+00  1.1022E+02  2.3218E-02 -7.0553E-01 -4.7830E-01
  1.3057E+01  1.4000E+02  1.0496E+01  1.0977E+02  2.2075E-02 -9.6107E-01 -4.2845E-01
  1.1507E+01  1.8000E+02  1.2864E+01  1.0928E+02  2.0668E-02 -1.8443E+00 -6.0341E-01
  1.0288E+01  2.2000E+02  1.7134E+01  1.0960E+02  1.8942E-02 -3.2363E+00 -8.3211E-01
  9.2735E+00  2.6000E+02  2.1984E+01  1.1073E+02  1.7296E-02 -3.6670E+00 -7.8481E-01
  8.3948E+00  3.0000E+02  2.7254E+01  1.1242E+02  1.5777E-02 -4.0848E+00 -7.5729E-01
  7.6135E+00  3.4000E+02  3.3061E+01  1.1445E+02  1.4323E-02 -4.8263E+00 -7.9559E-01
  6.9067E+00  3.8000E+02  3.9421E+01  1.1675E+02  1.2888E-02 -5.7531E+00 -8.5785E-01
  6.2596E+00  4.2000E+02  4.6202E+01  1.1930E+02  1.1474E-02 -6.5325E+00 -8.9186E-01
  5.6613E+00  4.6000E+02  5.3246E+01  1.2219E+02  1.0110E-02 -6.9459E+00 -8.7680E-01
  5.1030E+00  5.0000E+02  6.0631E+01  1.2548E+02  8.8092E-03 -7.3351E+00 -8.6389E-01
  4.5781E+00  5.4000E+02  6.8485E+01  1.2906E+02  7.5555E-03 -8.1364E+00 -9.0112E-01
  4.0816E+00  5.8000E+02  7.6784E+01  1.3282E+02  6.3369E-03 -9.1494E+00 -9.5835E-01
  3.6101E+00  6.2000E+02  8.5377E+01  1.3667E+02  5.1640E-03 -1.0051E+01 -9.9984E-01
  3.1609E+00  6.6000E+02  9.4095E+01  1.4057E+02  4.0635E-03 -1.0735E+01 -1.0175E+00
  2.7317E+00  7.0000E+02  1.0279E+02  1.4446E+02  3.0695E-03 -1.1193E+01 -1.0136E+00
  2.3206E+00  7.4000E+02  1.1134E+02  1.4831E+02  2.2142E-03 -1.1437E+01 -9.9178E-01
  1.9262E+00  7.8000E+02  1.1965E+02  1.5208E+02  1.5152E-03 -1.1495E+01 -9.5656E-01
  1.5471E+00  8.2000E+02  1.2764E+02  1.5575E+02  9.7321E-04 -1.1419E+01 -9.1337E-01
  1.1821E+00  8.6000E+02  1.3529E+02  1.5928E+02  5.7875E-04 -1.1248E+01 -8.6630E-01
  8.3010E-01  9.0000E+02  1.4260E+02  1.6270E+02  3.0814E-04 -1.1079E+01 -8.2270E-01
  4.9016E-01  9.4000E+02  1.4999E+02  1.6628E+02  1.3410E-04 -1.1201E+01 -8.0331E-01
  1.6095E-01  9.8000E+02  1.5766E+02  1.7127E+02  4.5476E-05 -8.1293E+00 -5.6462E-01
