  25  3.9900000E+00
  2.7113E+01  2.0000E+01  8.7592E+00  1.5484E+01  8.7341E+00  0.0000E+00  0.0000E+00
  1.9749E+01  6.0000E+01  8.4042E+00  1.5509E+01  8.3221E+00  5.1595E-02  8.0152E-02
  1.6462E+01  1.0000E+02  8.2587E+00  1.5566E+01  8.1092E+00  6.1793E-02  4.2859E-02
  1.4340E+01  1.4000E+02  8.1507E+00  1.5718E+01  7.8566E+00  1.2234E-01  5.4777E-02
  1.2729E+01  1.8000E+02  8.1059E+00  1.6038E+01  7.4428E+00  2.2669E-01  7.7060E-02
  1.1407E+01  2.2000E+02  8.3013E+00  1.6563E+01  6.9586E+00  2.4916E-01  6.9486E-02
  1.0277E+01  2.6000E+02  8.8000E+00  1.7297E+01  6.4347E+00  2.0862E-01  4.9717E-02
  9.2864E+00  3.0000E+02  9.6230E+00  1.8227E+01  5.9216E+00  1.0707E-01  2.2382E-02
  8.4013E+00  3.4000E+02  1.0758E+01  1.9341E+01  5.4484E+00 -2.2519E-02 -4.2054E-03
  7.5994E+00  3.8000E+02  1.2179E+01  2.0639E+01  5.0291E+00 -1.5421E-01 -2.6088E-02
  6.8651E+00  4.2000E+02  1.3838E+01  2.2103E+01  4.6712E+00 -2.6464E-01 -4.1000E-02
  6.1867E+00  4.6000E+02  1.5669E+01  2.3700E+01  4.3686E+00 -3.4641E-01 -4.9581E-02
  5.5556E+00  5.0000E+02  1.7603E+01  2.5370E+01  4.1107E+00 -4.1875E-01 -5.5756E-02
  4.9653E+00  5.4000E+02  1.9576E+01  2.7047E+01  3.8886E+00 -5.0064E-01 -6.2357E-02
  4.4105E+00  5.8000E+02  2.1538E+01  2.8675E+01  3.6941E+00 -6.0357E-01 -7.0642E-02
  3.8873E+00  6.2000E+02  2.3472E+01  3.0224E+01  3.5196E+00 -7.3460E-01 -8.1091E-02
  3.3922E+00  6.6000E+02  2.5383E+01  3.1690E+01  3.3576E+00 -8.9719E-01 -9.3712E-02
  2.9224E+00  7.0000E+02  2.7286E+01  3.3086E+01  3.2011E+00 -1.0810E+00 -1.0714E-01
  2.4755E+00  7.4000E+02  2.9195E+01  3.4432E+01  3.0442E+00 -1.2602E+00 -1.1883E-01
  2.0493E+00  7.8000E+02  3.1114E+01  3.5755E+01  2.8828E+00 -1.3965E+00 -1.2557E-01
  1.6419E+00  8.2000E+02  3.3056E+01  3.7098E+01  2.7157E+00 -1.4706E+00 -1.2639E-01
  1.2517E+00  8.6000E+02  3.5040E+01  3.8486E+01  2.5446E+00 -1.5267E+00 -1.2569E-01
  8.7719E-01  9.0000E+02  3.6977E+01  3.9860E+01  2.3718E+00 -1.5046E+00 -1.1888E-01
  5.1708E-01  9.4000E+02  3.8977E+01  4.1421E+01  2.1977E+00 -1.2201E+00 -9.2697E-02
  1.6963E-01  9.8000E+02  4.1755E+01  4.5470E+01  2.0286E+00  3.6599E+00  2.6829E-01
