  25  8.5995000E+01
  2.7026E+01  2.0000E+01  4.3754E+00  1.2053E+02  2.0437E-01  0.0000E+00  0.0000E+00
  1.9564E+01  6.0000E+01  9.5639E+00  1.2057E+02  1.8160E-01 -6.9043E-01 -1.0870E+00
  1.6156E+01  1.0000E+02  1.2378E+01  1.1966E+02  1.6773E-01 -1.0928E+00 -7.8570E-01
  1.3965E+01  1.4000E+02  1.6937E+01  1.1966E+02  1.5677E-01 -2.0787E+00 -9.6106E-01
  1.2334E+01  1.8000E+02  2.4505E+01  1.2061E+02  1.4585E-01 -4.0589E+00 -1.3966E+00
  1.1020E+01  2.2000E+02  3.3255E+01  1.2216E+02  1.3519E-01 -5.4799E+00 -1.5188E+00
  9.9129E+00  2.6000E+02  4.1898E+01  1.2410E+02  1.2515E-01 -6.0526E+00 -1.4139E+00
  8.9515E+00  3.0000E+02  5.0341E+01  1.2644E+02  1.1550E-01 -6.3552E+00 -1.2889E+00
  8.0983E+00  3.4000E+02  5.8851E+01  1.2918E+02  1.0605E-01 -6.7541E+00 -1.2159E+00
  7.3280E+00  3.8000E+02  6.7598E+01  1.3230E+02  9.6673E-02 -7.3111E+00 -1.1882E+00
  6.6237E+00  4.2000E+02  7.6536E+01  1.3569E+02  8.7438E-02 -7.8795E+00 -1.1708E+00
  5.9736E+00  4.6000E+02  8.5466E+01  1.3926E+02  7.8558E-02 -8.2379E+00 -1.1299E+00
  5.3689E+00  5.0000E+02  9.4207E+01  1.4293E+02  7.0224E-02 -8.3878E+00 -1.0702E+00
  4.8029E+00  5.4000E+02  1.0266E+02  1.4661E+02  6.2522E-02 -8.4280E+00 -1.0064E+00
  4.2705E+00  5.8000E+02  1.1078E+02  1.5025E+02  5.5436E-02 -8.4283E+00 -9.4667E-01
  3.7676E+00  6.2000E+02  1.1857E+02  1.5380E+02  4.8899E-02 -8.4160E+00 -8.9292E-01
  3.2909E+00  6.6000E+02  1.2600E+02  1.5724E+02  4.2836E-02 -8.3930E+00 -8.4414E-01
  2.8376E+00  7.0000E+02  1.3307E+02  1.6052E+02  3.7192E-02 -8.3529E+00 -7.9881E-01
  2.4055E+00  7.4000E+02  1.3979E+02  1.6363E+02  3.1906E-02 -8.3418E+00 -7.6053E-01
  1.9926E+00  7.8000E+02  1.4618E+02  1.6656E+02  2.6910E-02 -8.3945E+00 -7.3130E-01
  1.5972E+00  8.2000E+02  1.5228E+02  1.6929E+02  2.2139E-02 -8.5193E+00 -7.1057E-01
  1.2181E+00  8.6000E+02  1.5803E+02  1.7180E+02  1.7551E-02 -8.5463E+00 -6.8359E-01
  8.5402E-01  9.0000E+02  1.6344E+02  1.7426E+02  1.3190E-02 -8.0996E+00 -6.2220E-01
  5.0361E-01  9.4000E+02  1.6881E+02  1.7713E+02  9.2257E-03 -7.1127E+00 -5.2584E-01
  1.6524E-01  9.8000E+02  1.7460E+02  1.8228E+02  6.0054E-03 -1.9120E+00 -1.3649E-01
