  25  3.9900000E+00
  2.5857E+01  2.0000E+01  3.1811E+00  1.1048E+01  3.1652E+00  0.0000E+00  0.0000E+00
  1.8687E+01  6.0000E+01  3.0749E+00  1.1066E+01  3.0134E+00  1.7270E-02  2.6126E-02
  1.5367E+01  1.0000E+02  3.0471E+00  1.1080E+01  2.9199E+00  1.2805E-02  8.9679E-03
  1.3199E+01  1.4000E+02  3.0364E+00  1.1099E+01  2.8407E+00  1.3385E-02  6.1224E-03
  1.1611E+01  1.8000E+02  3.0223E+00  1.1136E+01  2.7494E+00  3.2267E-02  1.0811E-02
  1.0367E+01  2.2000E+02  2.9979E+00  1.1220E+01  2.6147E+00  8.7039E-02  2.2851E-02
  9.3361E+00  2.6000E+02  2.9885E+00  1.1372E+01  2.4625E+00  1.5709E-01  3.4152E-02
  8.4469E+00  3.0000E+02  3.0253E+00  1.1597E+01  2.3084E+00  2.1170E-01  3.9715E-02
  7.6576E+00  3.4000E+02  3.1433E+00  1.1896E+01  2.1492E+00  2.2886E-01  3.8109E-02
  6.9439E+00  3.8000E+02  3.3806E+00  1.2275E+01  1.9875E+00  1.9844E-01  2.9882E-02
  6.2902E+00  4.2000E+02  3.7624E+00  1.2745E+01  1.8287E+00  1.3536E-01  1.8668E-02
  5.6858E+00  4.6000E+02  4.3011E+00  1.3322E+01  1.6782E+00  6.2496E-02  7.9697E-03
  5.1223E+00  5.0000E+02  5.0190E+00  1.4023E+01  1.5410E+00 -2.9406E-02 -3.4960E-03
  4.5932E+00  5.4000E+02  5.9430E+00  1.4857E+01  1.4179E+00 -1.7071E-01 -1.9056E-02
  4.0935E+00  5.8000E+02  7.0809E+00  1.5818E+01  1.3065E+00 -3.5253E-01 -3.7165E-02
  3.6195E+00  6.2000E+02  8.4165E+00  1.6898E+01  1.2044E+00 -5.4014E-01 -5.4019E-02
  3.1682E+00  6.6000E+02  9.9206E+00  1.8082E+01  1.1103E+00 -7.0937E-01 -6.7539E-02
  2.7373E+00  7.0000E+02  1.1562E+01  1.9354E+01  1.0237E+00 -8.5591E-01 -7.7804E-02
  2.3250E+00  7.4000E+02  1.3311E+01  2.0697E+01  9.4431E-01 -9.8684E-01 -8.5857E-02
  1.9295E+00  7.8000E+02  1.5145E+01  2.2091E+01  8.7153E-01 -1.1105E+00 -9.2663E-02
  1.5494E+00  8.2000E+02  1.7042E+01  2.3520E+01  8.0422E-01 -1.2314E+00 -9.8734E-02
  1.1836E+00  8.6000E+02  1.8986E+01  2.4969E+01  7.4128E-01 -1.3539E+00 -1.0449E-01
  8.3102E-01  9.0000E+02  2.0973E+01  2.6433E+01  6.8174E-01 -1.4812E+00 -1.1019E-01
  4.9058E-01  9.4000E+02  2.3079E+01  2.7989E+01  6.2398E-01 -1.6193E+00 -1.1630E-01
  1.6106E-01  9.8000E+02  2.5539E+01  3.0286E+01  5.6832E-01 -4.9215E-01 -3.4215E-02
