  25  8.5995000E+01
  2.7207E+01  2.0000E+01  4.7795E+00  1.2278E+02  2.7206E-01  0.0000E+00  0.0000E+00
  1.9929E+01  6.0000E+01  8.1090E+00  1.2104E+02  2.4527E-01 -6.9713E-01 -1.0704E+00
  1.6803E+01  1.0000E+02  9.1259E+00  1.2091E+02  2.2905E-01 -3.6779E-01 -2.4260E-01
  1.4771E+01  1.4000E+02  1.4604E+01  1.2325E+02  2.1402E-01 -1.5415E+00 -6.6094E-01
  1.3191E+01  1.8000E+02  2.6410E+01  1.2727E+02  1.9606E-01 -4.9303E+00 -1.6428E+00
  1.1869E+01  2.2000E+02  4.3480E+01  1.3303E+02  1.7516E-01 -8.5538E+00 -2.3865E+00
  1.0717E+01  2.6000E+02  6.2848E+01  1.3955E+02  1.5198E-01 -1.1153E+01 -2.7097E+00
  9.6944E+00  3.0000E+02  8.1723E+01  1.4624E+02  1.2907E-01 -1.1920E+01 -2.5727E+00
  8.7732E+00  3.4000E+02  9.9270E+01  1.5275E+02  1.0798E-01 -1.1978E+01 -2.3279E+00
  7.9350E+00  3.8000E+02  1.1541E+02  1.5896E+02  8.8915E-02 -1.1857E+01 -2.0969E+00
  7.1658E+00  4.2000E+02  1.3005E+02  1.6477E+02  7.1873E-02 -1.1468E+01 -1.8612E+00
  6.4549E+00  4.6000E+02  1.4313E+02  1.7015E+02  5.6667E-02 -1.0829E+01 -1.6242E+00
  5.7941E+00  5.0000E+02  1.5470E+02  1.7513E+02  4.3118E-02 -9.9724E+00 -1.3904E+00
  5.1767E+00  5.4000E+02  1.6473E+02  1.7975E+02  3.1408E-02 -8.7747E+00 -1.1430E+00
  4.5973E+00  5.8000E+02  1.7327E+02  1.8406E+02  2.1838E-02 -7.2953E+00 -8.9186E-01
  4.0513E+00  6.2000E+02  1.8044E+02  1.8809E+02  1.4497E-02 -5.7398E+00 -6.6116E-01
  3.5350E+00  6.6000E+02  1.8644E+02  1.9187E+02  9.1991E-03 -4.3033E+00 -4.6870E-01
  3.0454E+00  7.0000E+02  1.9154E+02  1.9545E+02  5.5833E-03 -3.1033E+00 -3.2060E-01
  2.5796E+00  7.4000E+02  1.9595E+02  1.9885E+02  3.2393E-03 -2.1801E+00 -2.1426E-01
  2.1353E+00  7.8000E+02  1.9986E+02  2.0208E+02  1.7934E-03 -1.5211E+00 -1.4257E-01
  1.7106E+00  8.2000E+02  2.0339E+02  2.0515E+02  9.4487E-04 -1.0879E+00 -9.7475E-02
  1.3038E+00  8.6000E+02  2.0663E+02  2.0804E+02  4.7059E-04 -8.4490E-01 -7.2522E-02
  9.1330E-01  9.0000E+02  2.0962E+02  2.1073E+02  2.1657E-04 -7.7104E-01 -6.3519E-02
  5.3798E-01  9.4000E+02  2.1228E+02  2.1323E+02  8.3901E-05 -4.4141E-01 -3.4953E-02
  1.7636E-01  9.8000E+02  2.1570E+02  2.1854E+02  2.2325E-05  5.2185E+00  3.9814E-01
