  25  3.9900000E+00
  2.5281E+01  2.0000E+01  4.9549E-01  1.0881E+01  4.8386E-01  0.0000E+00  0.0000E+00
  1.8341E+01  6.0000E+01  4.9142E-01  1.0901E+01  4.4896E-01  3.5076E-03  5.1360E-03
  1.5144E+01  1.0000E+02  5.1097E-01  1.0928E+01  4.2248E-01  2.4658E-03  1.6630E-03
  1.3039E+01  1.4000E+02  5.3787E-01  1.0960E+01  3.9707E-01  2.1300E-03  9.4582E-04
  1.1494E+01  1.8000E+02  5.6459E-01  1.1012E+01  3.6036E-01  1.6719E-02  5.4508E-03
  1.0279E+01  2.2000E+02  6.1390E-01  1.1116E+01  3.1710E-01  4.4534E-02  1.1418E-02
  9.2663E+00  2.6000E+02  6.9437E-01  1.1280E+01  2.7690E-01  8.2531E-02  1.7629E-02
  8.3889E+00  3.0000E+02  8.2367E-01  1.1501E+01  2.4254E-01  1.0420E-01  1.9290E-02
  7.6085E+00  3.4000E+02  1.0298E+00  1.1781E+01  2.1256E-01  9.5230E-02  1.5679E-02
  6.9025E+00  3.8000E+02  1.3379E+00  1.2131E+01  1.8615E-01  5.9424E-02  8.8508E-03
  6.2561E+00  4.2000E+02  1.7629E+00  1.2566E+01  1.6296E-01  1.5589E-02  2.1259E-03
  5.6585E+00  4.6000E+02  2.3171E+00  1.3107E+01  1.4258E-01 -2.1996E-02 -2.7735E-03
  5.1008E+00  5.0000E+02  3.0388E+00  1.3774E+01  1.2455E-01 -9.8027E-02 -1.1533E-02
  4.5763E+00  5.4000E+02  3.9780E+00  1.4571E+01  1.0836E-01 -2.7226E-01 -3.0127E-02
  4.0802E+00  5.8000E+02  5.1567E+00  1.5495E+01  9.3795E-02 -5.1243E-01 -5.3635E-02
  3.6090E+00  6.2000E+02  6.5585E+00  1.6542E+01  8.0774E-02 -7.5244E-01 -7.4804E-02
  3.1600E+00  6.6000E+02  8.1451E+00  1.7701E+01  6.9135E-02 -9.5298E-01 -9.0279E-02
  2.7310E+00  7.0000E+02  9.8753E+00  1.8956E+01  5.8769E-02 -1.1085E+00 -1.0033E-01
  2.3201E+00  7.4000E+02  1.1715E+01  2.0289E+01  4.9631E-02 -1.2317E+00 -1.0677E-01
  1.9258E+00  7.8000E+02  1.3636E+01  2.1683E+01  4.1655E-02 -1.3383E+00 -1.1132E-01
  1.5468E+00  8.2000E+02  1.5617E+01  2.3118E+01  3.4739E-02 -1.4399E+00 -1.1515E-01
  1.1819E+00  8.6000E+02  1.7638E+01  2.4573E+01  2.8764E-02 -1.5508E+00 -1.1941E-01
  8.2998E-01  9.0000E+02  1.9693E+01  2.6045E+01  2.3545E-02 -1.6569E+00 -1.2301E-01
  4.9010E-01  9.4000E+02  2.1924E+01  2.7671E+01  1.8843E-02 -1.7806E+00 -1.2768E-01
  1.6094E-01  9.8000E+02  2.4520E+01  3.0225E+01  1.4758E-02 -1.2582E-01 -8.7375E-03
