  25  8.5995000E+01
  2.6790E+01  2.0000E+01  4.3522E+00  1.1745E+02  1.5309E-01  0.0000E+00  0.0000E+00
  1.9294E+01  6.0000E+01  1.0038E+01  1.1798E+02  1.3449E-01 -6.8713E-01 -1.0867E+00
  1.5813E+01  1.0000E+02  1.3372E+01  1.1717E+02  1.2369E-01 -1.1894E+00 -8.7337E-01
  1.3561E+01  1.4000E+02  1.5834E+01  1.1634E+02  1.1673E-01 -1.4614E+00 -6.9449E-01
  1.1908E+01  1.8000E+02  1.9099E+01  1.1563E+02  1.1091E-01 -2.4074E+00 -8.3965E-01
  1.0607E+01  2.2000E+02  2.3387E+01  1.1540E+02  1.0518E-01 -3.4753E+00 -9.5349E-01
  9.5326E+00  2.6000E+02  2.8569E+01  1.1586E+02  9.9282E-02 -4.3919E+00 -9.9575E-01
  8.6105E+00  3.0000E+02  3.4655E+01  1.1708E+02  9.3194E-02 -5.2769E+00 -1.0265E+00
  7.7965E+00  3.4000E+02  4.1625E+01  1.1897E+02  8.6768E-02 -6.2386E+00 -1.0714E+00
  7.0629E+00  3.8000E+02  4.9430E+01  1.2139E+02  7.9952E-02 -7.3386E+00 -1.1358E+00
  6.3922E+00  4.2000E+02  5.7767E+01  1.2422E+02  7.2944E-02 -8.2206E+00 -1.1634E+00
  5.7723E+00  4.6000E+02  6.6333E+01  1.2735E+02  6.5939E-02 -8.7719E+00 -1.1471E+00
  5.1949E+00  5.0000E+02  7.4978E+01  1.3072E+02  5.9102E-02 -9.1245E+00 -1.1116E+00
  4.6535E+00  5.4000E+02  8.3619E+01  1.3429E+02  5.2540E-02 -9.3667E+00 -1.0699E+00
  4.1432E+00  5.8000E+02  9.2195E+01  1.3799E+02  4.6322E-02 -9.5652E+00 -1.0299E+00
  3.6600E+00  6.2000E+02  1.0063E+02  1.4174E+02  4.0496E-02 -9.7046E+00 -9.8931E-01
  3.2009E+00  6.6000E+02  1.0886E+02  1.4548E+02  3.5071E-02 -9.7684E+00 -9.4623E-01
  2.7633E+00  7.0000E+02  1.1682E+02  1.4916E+02  3.0024E-02 -9.7729E+00 -9.0227E-01
  2.3451E+00  7.4000E+02  1.2448E+02  1.5274E+02  2.5323E-02 -9.7590E+00 -8.6095E-01
  1.9447E+00  7.8000E+02  1.3182E+02  1.5617E+02  2.0940E-02 -9.7656E+00 -8.2504E-01
  1.5605E+00  8.2000E+02  1.3880E+02  1.5942E+02  1.6886E-02 -9.7120E+00 -7.8719E-01
  1.1914E+00  8.6000E+02  1.4537E+02  1.6251E+02  1.3190E-02 -9.4239E+00 -7.3394E-01
  8.3607E-01  9.0000E+02  1.5163E+02  1.6564E+02  9.9366E-03 -8.8194E+00 -6.6110E-01
  4.9335E-01  9.4000E+02  1.5773E+02  1.6890E+02  7.2117E-03 -8.2765E+00 -5.9844E-01
  1.6192E-01  9.8000E+02  1.6385E+02  1.7244E+02  5.0435E-03 -7.7970E+00 -5.4521E-01
