  25  3.9900000E+00
  2.6118E+01  2.0000E+01  3.8340E+00  1.1148E+01  3.8157E+00  0.0000E+00  0.0000E+00
  1.8845E+01  6.0000E+01  3.7076E+00  1.1164E+01  3.6350E+00  1.9651E-02  3.0155E-02
  1.5472E+01  1.0000E+02  3.6759E+00  1.1172E+01  3.5269E+00  1.1562E-02  8.2284E-03
  1.3275E+01  1.4000E+02  3.6638E+00  1.1182E+01  3.4368E+00  1.0420E-02  4.8297E-03
  1.1667E+01  1.8000E+02  3.6496E+00  1.1211E+01  3.3368E+00  2.6851E-02  9.1090E-03
  1.0408E+01  2.2000E+02  3.6231E+00  1.1285E+01  3.1921E+00  7.9445E-02  2.1093E-02
  9.3688E+00  2.6000E+02  3.6028E+00  1.1428E+01  3.0194E+00  1.5740E-01  3.4519E-02
  8.4739E+00  3.0000E+02  3.6271E+00  1.1651E+01  2.8409E+00  2.2192E-01  4.1901E-02
  7.6806E+00  3.4000E+02  3.7349E+00  1.1956E+01  2.6536E+00  2.4829E-01  4.1556E-02
  6.9636E+00  3.8000E+02  3.9693E+00  1.2348E+01  2.4610E+00  2.2030E-01  3.3326E-02
  6.3069E+00  4.2000E+02  4.3600E+00  1.2837E+01  2.2702E+00  1.4994E-01  2.0773E-02
  5.6996E+00  4.6000E+02  4.9199E+00  1.3435E+01  2.0878E+00  6.2060E-02  7.9516E-03
  5.1335E+00  5.0000E+02  5.6657E+00  1.4156E+01  1.9205E+00 -4.3329E-02 -5.1751E-03
  4.6021E+00  5.4000E+02  6.6142E+00  1.5008E+01  1.7707E+00 -1.8215E-01 -2.0419E-02
  4.1006E+00  5.8000E+02  7.7655E+00  1.5986E+01  1.6362E+00 -3.4544E-01 -3.6552E-02
  3.6251E+00  6.2000E+02  9.1017E+00  1.7079E+01  1.5139E+00 -5.1064E-01 -5.1230E-02
  3.1726E+00  6.6000E+02  1.0596E+01  1.8274E+01  1.4017E+00 -6.6268E-01 -6.3264E-02
  2.7407E+00  7.0000E+02  1.2220E+01  1.9552E+01  1.2985E+00 -7.9960E-01 -7.2854E-02
  2.3275E+00  7.4000E+02  1.3947E+01  2.0897E+01  1.2038E+00 -9.2755E-01 -8.0861E-02
  1.9314E+00  7.8000E+02  1.5756E+01  2.2288E+01  1.1169E+00 -1.0525E+00 -8.7976E-02
  1.5508E+00  8.2000E+02  1.7623E+01  2.3708E+01  1.0364E+00 -1.1751E+00 -9.4361E-02
  1.1845E+00  8.6000E+02  1.9535E+01  2.5146E+01  9.6084E-01 -1.2930E+00 -9.9904E-02
  8.3157E-01  9.0000E+02  2.1494E+01  2.6606E+01  8.8923E-01 -1.4150E+00 -1.0537E-01
  4.9085E-01  9.4000E+02  2.3561E+01  2.8142E+01  8.1996E-01 -1.5579E+00 -1.1199E-01
  1.6114E-01  9.8000E+02  2.5960E+01  3.0311E+01  7.5303E-01 -6.9765E-01 -4.8531E-02
