  25  3.9900000E+00
  2.7065E+01  2.0000E+01  8.1880E+00  1.4382E+01  8.1638E+00  0.0000E+00  0.0000E+00
  1.9657E+01  6.0000E+01  7.8652E+00  1.4404E+01  7.7789E+00  4.6594E-02  7.2826E-02
  1.6308E+01  1.0000E+02  7.7408E+00  1.4441E+01  7.5762E+00  4.8076E-02  3.3969E-02
  1.4153E+01  1.4000E+02  7.6609E+00  1.4550E+01  7.3451E+00  8.7948E-02  3.9991E-02
  1.2532E+01  1.8000E+02  7.6265E+00  1.4789E+01  6.9768E+00  1.6849E-01  5.7597E-02
  1.1214E+01  2.2000E+02  7.7547E+00  1.5172E+01  6.5572E+00  1.9355E-01  5.3838E-02
  1.0094E+01  2.6000E+02  8.0729E+00  1.5694E+01  6.1158E+00  1.8160E-01  4.2890E-02
  9.1175E+00  3.0000E+02  8.5935E+00  1.6351E+01  5.6787E+00  1.4019E-01  2.8896E-02
  8.2477E+00  3.4000E+02  9.3394E+00  1.7158E+01  5.2630E+00  6.9684E-02  1.2788E-02
  7.4614E+00  3.8000E+02  1.0335E+01  1.8127E+01  4.8744E+00 -3.2750E-02 -5.4330E-03
  6.7421E+00  4.2000E+02  1.1572E+01  1.9258E+01  4.5252E+00 -1.4765E-01 -2.2406E-02
  6.0780E+00  4.6000E+02  1.3005E+01  2.0529E+01  4.2228E+00 -2.4392E-01 -3.4176E-02
  5.4603E+00  5.0000E+02  1.4575E+01  2.1899E+01  3.9634E+00 -3.2375E-01 -4.2191E-02
  4.8824E+00  5.4000E+02  1.6237E+01  2.3324E+01  3.7379E+00 -4.1082E-01 -5.0092E-02
  4.3390E+00  5.8000E+02  1.7963E+01  2.4769E+01  3.5374E+00 -5.1803E-01 -5.9382E-02
  3.8262E+00  6.2000E+02  1.9737E+01  2.6213E+01  3.3545E+00 -6.4320E-01 -6.9594E-02
  3.3405E+00  6.6000E+02  2.1545E+01  2.7642E+01  3.1844E+00 -7.7933E-01 -7.9866E-02
  2.8790E+00  7.0000E+02  2.3370E+01  2.9045E+01  3.0237E+00 -9.1631E-01 -8.9204E-02
  2.4396E+00  7.4000E+02  2.5195E+01  3.0410E+01  2.8700E+00 -1.0449E+00 -9.6878E-02
  2.0201E+00  7.8000E+02  2.7010E+01  3.1739E+01  2.7208E+00 -1.1575E+00 -1.0245E-01
  1.6188E+00  8.2000E+02  2.8818E+01  3.3042E+01  2.5735E+00 -1.2605E+00 -1.0671E-01
  1.2342E+00  8.6000E+02  3.0613E+01  3.4316E+01  2.4257E+00 -1.3551E+00 -1.0995E-01
  8.6504E-01  9.0000E+02  3.2380E+01  3.5574E+01  2.2752E+00 -1.3788E+00 -1.0740E-01
  5.0994E-01  9.4000E+02  3.4230E+01  3.6997E+01  2.1202E+00 -1.2025E+00 -9.0092E-02
  1.6729E-01  9.8000E+02  3.6728E+01  4.0532E+01  1.9664E+00  3.0271E+00  2.1884E-01
