  25  3.9900000E+00
  2.7130E+01  2.0000E+01  8.9284E+00  1.5778E+01  8.9024E+00  0.0000E+00  0.0000E+00
  1.9778E+01  6.0000E+01  8.5641E+00  1.5803E+01  8.4828E+00  5.2936E-02  8.2108E-02
  1.6512E+01  1.0000E+02  8.4122E+00  1.5867E+01  8.2674E+00  6.6269E-02  4.5663E-02
  1.4401E+01  1.4000E+02  8.2961E+00  1.6031E+01  8.0101E+00  1.3223E-01  5.8915E-02
  1.2792E+01  1.8000E+02  8.2469E+00  1.6374E+01  7.5815E+00  2.4446E-01  8.2938E-02
  1.1470E+01  2.2000E+02  8.4648E+00  1.6949E+01  7.0723E+00  2.6966E-01  7.5227E-02
  1.0338E+01  2.6000E+02  9.0344E+00  1.7764E+01  6.5158E+00  2.1716E-01  5.1877E-02
  9.3431E+00  3.0000E+02  9.9777E+00  1.8801E+01  5.9738E+00  9.3733E-02  1.9673E-02
  8.4534E+00  3.4000E+02  1.1269E+01  2.0045E+01  5.4799E+00 -5.3966E-02 -1.0131E-02
  7.6467E+00  3.8000E+02  1.2866E+01  2.1485E+01  5.0509E+00 -1.9325E-01 -3.2890E-02
  6.9075E+00  4.2000E+02  1.4705E+01  2.3100E+01  4.6904E+00 -3.0345E-01 -4.7325E-02
  6.2243E+00  4.6000E+02  1.6713E+01  2.4842E+01  4.3872E+00 -3.8897E-01 -5.6065E-02
  5.5886E+00  5.0000E+02  1.8813E+01  2.6644E+01  4.1290E+00 -4.6878E-01 -6.2872E-02
  4.9939E+00  5.4000E+02  2.0929E+01  2.8430E+01  3.9068E+00 -5.5525E-01 -6.9667E-02
  4.4352E+00  5.8000E+02  2.3000E+01  3.0135E+01  3.7132E+00 -6.5486E-01 -7.7199E-02
  3.9083E+00  6.2000E+02  2.5000E+01  3.1725E+01  3.5410E+00 -7.7731E-01 -8.6404E-02
  3.4100E+00  6.6000E+02  2.6938E+01  3.3198E+01  3.3822E+00 -9.3368E-01 -9.8169E-02
  2.9373E+00  7.0000E+02  2.8849E+01  3.4580E+01  3.2283E+00 -1.1213E+00 -1.1183E-01
  2.4878E+00  7.4000E+02  3.0769E+01  3.5909E+01  3.0713E+00 -1.3141E+00 -1.2463E-01
  2.0593E+00  7.8000E+02  3.2712E+01  3.7227E+01  2.9063E+00 -1.4570E+00 -1.3172E-01
  1.6498E+00  8.2000E+02  3.4699E+01  3.8592E+01  2.7326E+00 -1.5190E+00 -1.3121E-01
  1.2577E+00  8.6000E+02  3.6753E+01  4.0033E+01  2.5545E+00 -1.5625E+00 -1.2927E-01
  8.8135E-01  9.0000E+02  3.8735E+01  4.1446E+01  2.3761E+00 -1.5144E+00 -1.2024E-01
  5.1953E-01  9.4000E+02  4.0778E+01  4.3062E+01  2.1987E+00 -1.1808E+00 -9.0136E-02
  1.7044E-01  9.8000E+02  4.3647E+01  4.7221E+01  2.0277E+00  3.6972E+00  2.7231E-01
