  25  8.5995000E+01
  2.5770E+01  2.0000E+01  3.4420E+00  1.1189E+02  7.5284E-02  0.0000E+00  0.0000E+00
  1.8627E+01  6.0000E+01  7.6068E+00  1.1210E+02  6.4943E-02 -5.5458E-01 -8.3585E-01
  1.5323E+01  1.0000E+02  1.0250E+01  1.1192E+02  5.9802E-02 -8.5252E-01 -5.9427E-01
  1.3162E+01  1.4000E+02  1.1829E+01  1.1127E+02  5.6810E-02 -1.0330E+00 -4.7088E-01
  1.1580E+01  1.8000E+02  1.3832E+01  1.1054E+02  5.4065E-02 -1.7274E+00 -5.7643E-01
  1.0342E+01  2.2000E+02  1.7876E+01  1.1056E+02  5.0750E-02 -3.2452E+00 -8.4785E-01
  9.3163E+00  2.6000E+02  2.2839E+01  1.1148E+02  4.7324E-02 -3.9420E+00 -8.5312E-01
  8.4305E+00  3.0000E+02  2.8374E+01  1.1310E+02  4.4054E-02 -4.4278E+00 -8.2746E-01
  7.6439E+00  3.4000E+02  3.4495E+01  1.1516E+02  4.0805E-02 -5.1543E+00 -8.5539E-01
  6.9325E+00  3.8000E+02  4.1224E+01  1.1753E+02  3.7511E-02 -6.1276E+00 -9.1975E-01
  6.2809E+00  4.2000E+02  4.8415E+01  1.2016E+02  3.4202E-02 -6.9997E+00 -9.6226E-01
  5.6784E+00  4.6000E+02  5.5850E+01  1.2308E+02  3.0933E-02 -7.4940E+00 -9.5263E-01
  5.1165E+00  5.0000E+02  6.3521E+01  1.2635E+02  2.7750E-02 -7.8363E+00 -9.2892E-01
  4.5887E+00  5.4000E+02  7.1504E+01  1.2991E+02  2.4655E-02 -8.3889E+00 -9.3418E-01
  4.0900E+00  5.8000E+02  7.9781E+01  1.3364E+02  2.1641E-02 -9.1046E+00 -9.5797E-01
  3.6167E+00  6.2000E+02  8.8254E+01  1.3748E+02  1.8725E-02 -9.7973E+00 -9.7827E-01
  3.1661E+00  6.6000E+02  9.6798E+01  1.4135E+02  1.5933E-02 -1.0362E+01 -9.8529E-01
  2.7357E+00  7.0000E+02  1.0529E+02  1.4522E+02  1.3291E-02 -1.0754E+01 -9.7646E-01
  2.3237E+00  7.4000E+02  1.1362E+02  1.4903E+02  1.0826E-02 -1.0971E+01 -9.5359E-01
  1.9285E+00  7.8000E+02  1.2172E+02  1.5276E+02  8.5748E-03 -1.1039E+01 -9.2037E-01
  1.5487E+00  8.2000E+02  1.2952E+02  1.5639E+02  6.5736E-03 -1.1003E+01 -8.8160E-01
  1.1832E+00  8.6000E+02  1.3700E+02  1.5989E+02  4.8551E-03 -1.0882E+01 -8.3931E-01
  8.3075E-01  9.0000E+02  1.4417E+02  1.6327E+02  3.4146E-03 -1.0745E+01 -7.9893E-01
  4.9046E-01  9.4000E+02  1.5130E+02  1.6672E+02  2.2100E-03 -1.0814E+01 -7.7638E-01
  1.6103E-01  9.8000E+02  1.5873E+02  1.7133E+02  1.2899E-03 -8.5406E+00 -5.9359E-01
