  25  3.9900000E+00
  2.7112E+01  2.0000E+01  8.7592E+00  1.5489E+01  8.7340E+00  0.0000E+00  0.0000E+00
  1.9748E+01  6.0000E+01  8.4042E+00  1.5513E+01  8.3221E+00  5.1575E-02  8.0125E-02
  1.6462E+01  1.0000E+02  8.2584E+00  1.5571E+01  8.1092E+00  6.1976E-02  4.2967E-02
  1.4341E+01  1.4000E+02  8.1501E+00  1.5723E+01  7.8570E+00  1.2270E-01  5.4920E-02
  1.2730E+01  1.8000E+02  8.1055E+00  1.6042E+01  7.4434E+00  2.2557E-01  7.6681E-02
  1.1408E+01  2.2000E+02  8.2987E+00  1.6565E+01  6.9587E+00  2.4950E-01  6.9568E-02
  1.0279E+01  2.6000E+02  8.7955E+00  1.7301E+01  6.4335E+00  2.1168E-01  5.0429E-02
  9.2883E+00  3.0000E+02  9.6204E+00  1.8235E+01  5.9183E+00  1.1049E-01  2.3092E-02
  8.4032E+00  3.4000E+02  1.0763E+01  1.9360E+01  5.4428E+00 -1.9824E-02 -3.7019E-03
  7.6013E+00  3.8000E+02  1.2197E+01  2.0672E+01  5.0221E+00 -1.5176E-01 -2.5676E-02
  6.8668E+00  4.2000E+02  1.3868E+01  2.2152E+01  4.6644E+00 -2.6010E-01 -4.0306E-02
  6.1882E+00  4.6000E+02  1.5707E+01  2.3761E+01  4.3631E+00 -3.3936E-01 -4.8585E-02
  5.5569E+00  5.0000E+02  1.7643E+01  2.5438E+01  4.1073E+00 -4.1093E-01 -5.4732E-02
  4.9664E+00  5.4000E+02  1.9614E+01  2.7117E+01  3.8871E+00 -4.9509E-01 -6.1685E-02
  4.4114E+00  5.8000E+02  2.1577E+01  2.8745E+01  3.6940E+00 -6.0248E-01 -7.0535E-02
  3.8881E+00  6.2000E+02  2.3514E+01  3.0295E+01  3.5204E+00 -7.4013E-01 -8.1726E-02
  3.3928E+00  6.6000E+02  2.5430E+01  3.1762E+01  3.3587E+00 -9.0644E-01 -9.4707E-02
  2.9229E+00  7.0000E+02  2.7339E+01  3.3159E+01  3.2022E+00 -1.0891E+00 -1.0798E-01
  2.4758E+00  7.4000E+02  2.9251E+01  3.4504E+01  3.0454E+00 -1.2661E+00 -1.1942E-01
  2.0495E+00  7.8000E+02  3.1164E+01  3.5821E+01  2.8847E+00 -1.3993E+00 -1.2586E-01
  1.6421E+00  8.2000E+02  3.3094E+01  3.7151E+01  2.7186E+00 -1.4725E+00 -1.2658E-01
  1.2518E+00  8.6000E+02  3.5063E+01  3.8523E+01  2.5483E+00 -1.5305E+00 -1.2602E-01
  8.7722E-01  9.0000E+02  3.6986E+01  3.9881E+01  2.3757E+00 -1.5099E+00 -1.1932E-01
  5.1709E-01  9.4000E+02  3.8981E+01  4.1433E+01  2.2013E+00 -1.2286E+00 -9.3346E-02
  1.6963E-01  9.8000E+02  4.1757E+01  4.5471E+01  2.0315E+00  3.6309E+00  2.6617E-01
