  25  3.9900000E+00
  2.7041E+01  2.0000E+01  7.7567E+00  1.3611E+01  7.7320E+00  0.0000E+00  0.0000E+00
  1.9595E+01  6.0000E+01  7.4594E+00  1.3631E+01  7.3679E+00  4.2556E-02  6.6861E-02
  1.6207E+01  1.0000E+02  7.3511E+00  1.3654E+01  7.1737E+00  3.8728E-02  2.7683E-02
  1.4028E+01  1.4000E+02  7.2912E+00  1.3734E+01  6.9613E+00  6.4458E-02  2.9623E-02
  1.2401E+01  1.8000E+02  7.2667E+00  1.3915E+01  6.6286E+00  1.2618E-01  4.3315E-02
  1.1086E+01  2.2000E+02  7.3549E+00  1.4210E+01  6.2502E+00  1.5754E-01  4.3725E-02
  9.9743E+00  2.6000E+02  7.5760E+00  1.4616E+01  5.8578E+00  1.6566E-01  3.8853E-02
  9.0074E+00  3.0000E+02  7.9459E+00  1.5138E+01  5.4645E+00  1.5810E-01  3.2253E-02
  8.1482E+00  3.4000E+02  8.5054E+00  1.5797E+01  5.0819E+00  1.1491E-01  2.0829E-02
  7.3723E+00  3.8000E+02  9.2948E+00  1.6606E+01  4.7135E+00  2.5470E-02  4.1695E-03
  6.6629E+00  4.2000E+02  1.0322E+01  1.7567E+01  4.3715E+00 -9.3743E-02 -1.4031E-02
  6.0080E+00  4.6000E+02  1.1555E+01  1.8665E+01  4.0690E+00 -2.0622E-01 -2.8493E-02
  5.3989E+00  5.0000E+02  1.2946E+01  1.9873E+01  3.8066E+00 -2.9928E-01 -3.8458E-02
  4.8290E+00  5.4000E+02  1.4455E+01  2.1161E+01  3.5765E+00 -3.8720E-01 -4.6559E-02
  4.2930E+00  5.8000E+02  1.6058E+01  2.2506E+01  3.3706E+00 -4.8180E-01 -5.4482E-02
  3.7868E+00  6.2000E+02  1.7735E+01  2.3887E+01  3.1830E+00 -5.8526E-01 -6.2498E-02
  3.3072E+00  6.6000E+02  1.9466E+01  2.5285E+01  3.0101E+00 -6.9490E-01 -7.0324E-02
  2.8512E+00  7.0000E+02  2.1229E+01  2.6679E+01  2.8496E+00 -8.0760E-01 -7.7689E-02
  2.4167E+00  7.4000E+02  2.3004E+01  2.8053E+01  2.6990E+00 -9.2252E-01 -8.4577E-02
  2.0016E+00  7.8000E+02  2.4778E+01  2.9396E+01  2.5560E+00 -1.0409E+00 -9.1153E-02
  1.6043E+00  8.2000E+02  2.6543E+01  3.0697E+01  2.4172E+00 -1.1684E+00 -9.7938E-02
  1.2234E+00  8.6000E+02  2.8268E+01  3.1936E+01  2.2797E+00 -1.2739E+00 -1.0238E-01
  8.5756E-01  9.0000E+02  2.9942E+01  3.3150E+01  2.1411E+00 -1.2593E+00 -9.7188E-02
  5.0563E-01  9.4000E+02  3.1753E+01  3.4571E+01  2.0008E+00 -1.1073E+00 -8.2219E-02
  1.6589E-01  9.8000E+02  3.4129E+01  3.7606E+01  1.8635E+00  1.9399E+00  1.3905E-01
