  25  3.9900000E+00
  2.7205E+01  2.0000E+01  1.0017E+01  1.5990E+01  9.9855E+00  0.0000E+00  0.0000E+00
  1.9932E+01  6.0000E+01  9.5982E+00  1.6011E+01  9.5154E+00  6.0379E-02  9.2652E-02
  1.6805E+01  1.0000E+02  9.4095E+00  1.6107E+01  9.2872E+00  9.1020E-02  6.0032E-02
  1.4775E+01  1.4000E+02  9.2485E+00  1.6316E+01  9.0331E+00  1.8225E-01  7.8076E-02
  1.3197E+01  1.8000E+02  9.1455E+00  1.6775E+01  8.5289E+00  3.5611E-01  1.1856E-01
  1.1874E+01  2.2000E+02  9.5782E+00  1.7742E+01  7.7794E+00  4.0421E-01  1.1279E-01
  1.0722E+01  2.6000E+02  1.0983E+01  1.9301E+01  6.8813E+00  1.3349E-01  3.2454E-02
  9.6981E+00  3.0000E+02  1.3313E+01  2.1333E+01  6.0598E+00 -2.9060E-01 -6.2772E-02
  8.7762E+00  3.4000E+02  1.6192E+01  2.3668E+01  5.4193E+00 -5.9069E-01 -1.1489E-01
  7.9375E+00  3.8000E+02  1.9310E+01  2.6171E+01  4.9238E+00 -7.3300E-01 -1.2971E-01
  7.1679E+00  4.2000E+02  2.2507E+01  2.8742E+01  4.5174E+00 -8.1319E-01 -1.3204E-01
  6.4567E+00  4.6000E+02  2.5694E+01  3.1310E+01  4.1715E+00 -8.7081E-01 -1.3065E-01
  5.7957E+00  5.0000E+02  2.8823E+01  3.3842E+01  3.8709E+00 -9.0239E-01 -1.2585E-01
  5.1782E+00  5.4000E+02  3.1867E+01  3.6325E+01  3.6045E+00 -9.0928E-01 -1.1847E-01
  4.5986E+00  5.8000E+02  3.4817E+01  3.8754E+01  3.3645E+00 -8.9835E-01 -1.0984E-01
  4.0526E+00  6.2000E+02  3.7667E+01  4.1128E+01  3.1464E+00 -8.7100E-01 -1.0035E-01
  3.5363E+00  6.6000E+02  4.0419E+01  4.3453E+01  2.9471E+00 -8.2798E-01 -9.0194E-02
  3.0465E+00  7.0000E+02  4.3083E+01  4.5737E+01  2.7643E+00 -7.7593E-01 -8.0176E-02
  2.5806E+00  7.4000E+02  4.5673E+01  4.7988E+01  2.5958E+00 -7.2648E-01 -7.1410E-02
  2.1362E+00  7.8000E+02  4.8194E+01  5.0202E+01  2.4399E+00 -6.9122E-01 -6.4805E-02
  1.7114E+00  8.2000E+02  5.0640E+01  5.2360E+01  2.2950E+00 -6.7951E-01 -6.0906E-02
  1.3044E+00  8.6000E+02  5.2982E+01  5.4420E+01  2.1589E+00 -6.9107E-01 -5.9339E-02
  9.1385E-01  9.0000E+02  5.5198E+01  5.6365E+01  2.0281E+00 -6.9500E-01 -5.7268E-02
  5.3844E-01  9.4000E+02  5.7359E+01  5.8327E+01  1.8961E+00 -5.2869E-01 -4.1875E-02
  1.7656E-01  9.8000E+02  6.0400E+01  6.2669E+01  1.7570E+00  3.5944E+00  2.7443E-01
