  25  3.9900000E+00
  2.7080E+01  2.0000E+01  8.3888E+00  1.4767E+01  8.3645E+00  0.0000E+00  0.0000E+00
  1.9688E+01  6.0000E+01  8.0545E+00  1.4790E+01  7.9700E+00  4.8407E-02  7.5490E-02
  1.6359E+01  1.0000E+02  7.9227E+00  1.4834E+01  7.7634E+00  5.2692E-02  3.7006E-02
  1.4216E+01  1.4000E+02  7.8329E+00  1.4958E+01  7.5240E+00  9.9971E-02  4.5219E-02
  1.2598E+01  1.8000E+02  7.7952E+00  1.5226E+01  7.1401E+00  1.8860E-01  6.4354E-02
  1.1278E+01  2.2000E+02  7.9456E+00  1.5655E+01  6.7000E+00  2.1119E-01  5.8809E-02
  1.0155E+01  2.6000E+02  8.3196E+00  1.6242E+01  6.2331E+00  1.8996E-01  4.5012E-02
  9.1734E+00  3.0000E+02  8.9316E+00  1.6981E+01  5.7722E+00  1.2915E-01  2.6755E-02
  8.2982E+00  3.4000E+02  9.7927E+00  1.7877E+01  5.3384E+00  3.9730E-02  7.3355E-03
  7.5067E+00  3.8000E+02  1.0913E+01  1.8940E+01  4.9396E+00 -7.1461E-02 -1.1935E-02
  6.7823E+00  4.2000E+02  1.2272E+01  2.0166E+01  4.5873E+00 -1.8354E-01 -2.8048E-02
  6.1135E+00  4.6000E+02  1.3819E+01  2.1532E+01  4.2851E+00 -2.7176E-01 -3.8347E-02
  5.4914E+00  5.0000E+02  1.5493E+01  2.2990E+01  4.0268E+00 -3.4649E-01 -4.5475E-02
  4.9095E+00  5.4000E+02  1.7242E+01  2.4488E+01  3.8030E+00 -4.3164E-01 -5.2998E-02
  4.3624E+00  5.8000E+02  1.9036E+01  2.5987E+01  3.6049E+00 -5.4044E-01 -6.2373E-02
  3.8462E+00  6.2000E+02  2.0861E+01  2.7464E+01  3.4246E+00 -6.7276E-01 -7.3270E-02
  3.3575E+00  6.6000E+02  2.2707E+01  2.8909E+01  3.2565E+00 -8.2212E-01 -8.4779E-02
  2.8933E+00  7.0000E+02  2.4566E+01  3.0314E+01  3.0963E+00 -9.7585E-01 -9.5564E-02
  2.4514E+00  7.4000E+02  2.6424E+01  3.1678E+01  2.9410E+00 -1.1191E+00 -1.0434E-01
  2.0297E+00  7.8000E+02  2.8273E+01  3.3005E+01  2.7879E+00 -1.2377E+00 -1.1012E-01
  1.6264E+00  8.2000E+02  3.0119E+01  3.4314E+01  2.6346E+00 -1.3319E+00 -1.1332E-01
  1.2399E+00  8.6000E+02  3.1966E+01  3.5614E+01  2.4797E+00 -1.4135E+00 -1.1524E-01
  8.6900E-01  9.0000E+02  3.3789E+01  3.6906E+01  2.3218E+00 -1.4323E+00 -1.1209E-01
  5.1226E-01  9.4000E+02  3.5689E+01  3.8363E+01  2.1596E+00 -1.2413E+00 -9.3422E-02
  1.6805E-01  9.8000E+02  3.8273E+01  4.2017E+01  1.9991E+00  3.1057E+00  2.2554E-01
