  25  3.9900000E+00
  2.5628E+01  2.0000E+01  2.5159E+00  1.0968E+01  2.5020E+00  0.0000E+00  0.0000E+00
  1.8551E+01  6.0000E+01  2.4319E+00  1.0987E+01  2.3789E+00  1.4541E-02  2.1710E-02
  1.5281E+01  1.0000E+02  2.4104E+00  1.1007E+01  2.3005E+00  1.2831E-02  8.8521E-03
  1.3139E+01  1.4000E+02  2.4037E+00  1.1032E+01  2.2323E+00  1.4575E-02  6.5861E-03
  1.1568E+01  1.8000E+02  2.3930E+00  1.1076E+01  2.1497E+00  3.4974E-02  1.1591E-02
  1.0335E+01  2.2000E+02  2.3766E+00  1.1169E+01  2.0288E+00  8.8424E-02  2.3004E-02
  9.3113E+00  2.6000E+02  2.3829E+00  1.1327E+01  1.8997E+00  1.4880E-01  3.2137E-02
  8.4263E+00  3.0000E+02  2.4356E+00  1.1552E+01  1.7704E+00  1.9452E-01  3.6319E-02
  7.6401E+00  3.4000E+02  2.5681E+00  1.1845E+01  1.6393E+00  2.0359E-01  3.3772E-02
  6.9289E+00  3.8000E+02  2.8142E+00  1.2213E+01  1.5084E+00  1.7170E-01  2.5762E-02
  6.2777E+00  4.2000E+02  3.1951E+00  1.2669E+01  1.3817E+00  1.1556E-01  1.5877E-02
  5.6756E+00  4.6000E+02  3.7238E+00  1.3231E+01  1.2633E+00  5.4936E-02  6.9787E-03
  5.1142E+00  5.0000E+02  4.4278E+00  1.3919E+01  1.1565E+00 -2.8807E-02 -3.4121E-03
  4.5868E+00  5.4000E+02  5.3419E+00  1.4739E+01  1.0604E+00 -1.7725E-01 -1.9722E-02
  4.0885E+00  5.8000E+02  6.4792E+00  1.5689E+01  9.7275E-01 -3.7754E-01 -3.9694E-02
  3.6155E+00  6.2000E+02  7.8241E+00  1.6757E+01  8.9179E-01 -5.8398E-01 -5.8271E-02
  3.1651E+00  6.6000E+02  9.3446E+00  1.7933E+01  8.1696E-01 -7.6615E-01 -7.2805E-02
  2.7350E+00  7.0000E+02  1.1006E+01  1.9199E+01  7.4823E-01 -9.1874E-01 -8.3380E-02
  2.3232E+00  7.4000E+02  1.2778E+01  2.0538E+01  6.8546E-01 -1.0498E+00 -9.1205E-02
  1.9281E+00  7.8000E+02  1.4634E+01  2.1933E+01  6.2800E-01 -1.1697E+00 -9.7492E-02
  1.5484E+00  8.2000E+02  1.6554E+01  2.3364E+01  5.7488E-01 -1.2866E+00 -1.0306E-01
  1.1830E+00  8.6000E+02  1.8520E+01  2.4816E+01  5.2539E-01 -1.4076E+00 -1.0854E-01
  8.3063E-01  9.0000E+02  2.0526E+01  2.6283E+01  4.7880E-01 -1.5294E+00 -1.1369E-01
  4.9040E-01  9.4000E+02  2.2669E+01  2.7861E+01  4.3371E-01 -1.6607E+00 -1.1921E-01
  1.6102E-01  9.8000E+02  2.5175E+01  3.0264E+01  3.9062E-01 -3.1065E-01 -2.1588E-02
