  25  8.5995000E+01
  2.7203E+01  2.0000E+01  4.8265E+00  1.2558E+02  2.6442E-01  0.0000E+00  0.0000E+00
  1.9899E+01  6.0000E+01  8.1626E+00  1.2384E+02  2.3817E-01 -6.9476E-01 -1.0706E+00
  1.6753E+01  1.0000E+02  9.3328E+00  1.2379E+02  2.2227E-01 -3.8939E-01 -2.5850E-01
  1.4702E+01  1.4000E+02  1.5110E+01  1.2599E+02  2.0736E-01 -1.7442E+00 -7.5460E-01
  1.3116E+01  1.8000E+02  2.6608E+01  1.2975E+02  1.9005E-01 -4.8737E+00 -1.6311E+00
  1.1793E+01  2.2000E+02  4.1866E+01  1.3510E+02  1.7144E-01 -7.4981E+00 -2.0921E+00
  1.0645E+01  2.6000E+02  5.8616E+01  1.4090E+02  1.5203E-01 -9.5358E+00 -2.3102E+00
  9.6274E+00  3.0000E+02  7.5084E+01  1.4674E+02  1.3285E-01 -1.0443E+01 -2.2421E+00
  8.7129E+00  3.4000E+02  9.0594E+01  1.5248E+02  1.1481E-01 -1.0677E+01 -2.0601E+00
  7.8817E+00  3.8000E+02  1.0505E+02  1.5821E+02  9.8362E-02 -1.0503E+01 -1.8418E+00
  7.1191E+00  4.2000E+02  1.1838E+02  1.6387E+02  8.3800E-02 -1.0047E+01 -1.6167E+00
  6.4136E+00  4.6000E+02  1.3053E+02  1.6935E+02  7.1199E-02 -9.4581E+00 -1.4077E+00
  5.7569E+00  5.0000E+02  1.4156E+02  1.7451E+02  6.0273E-02 -8.9356E+00 -1.2381E+00
  5.1424E+00  5.4000E+02  1.5146E+02  1.7924E+02  5.0783E-02 -8.4310E+00 -1.0931E+00
  4.5649E+00  5.8000E+02  1.6020E+02  1.8341E+02  4.2596E-02 -7.8921E+00 -9.6146E-01
  4.0206E+00  6.2000E+02  1.6777E+02  1.8698E+02  3.5566E-02 -7.3631E+00 -8.4563E-01
  3.5061E+00  6.6000E+02  1.7430E+02  1.8991E+02  2.9384E-02 -6.9944E+00 -7.5928E-01
  3.0186E+00  7.0000E+02  1.8009E+02  1.9236E+02  2.3538E-02 -6.8592E+00 -7.0539E-01
  2.5558E+00  7.4000E+02  1.8556E+02  1.9470E+02  1.7674E-02 -6.7518E+00 -6.5934E-01
  2.1150E+00  7.8000E+02  1.9078E+02  1.9719E+02  1.2118E-02 -6.1912E+00 -5.7576E-01
  1.6940E+00  8.2000E+02  1.9548E+02  1.9978E+02  7.6029E-03 -5.0114E+00 -4.4511E-01
  1.2909E+00  8.6000E+02  1.9947E+02  2.0224E+02  4.4009E-03 -3.7985E+00 -3.2301E-01
  9.0442E-01  9.0000E+02  2.0263E+02  2.0439E+02  2.1869E-03 -2.6300E+00 -2.1448E-01
  5.3303E-01  9.4000E+02  2.0572E+02  2.0710E+02  8.5153E-04 -1.0015E+00 -7.8473E-02
  1.7484E-01  9.8000E+02  2.0998E+02  2.1281E+02  2.5622E-04  4.0201E+00  3.0381E-01
