  25  3.9900000E+00
  2.7026E+01  2.0000E+01  7.5267E+00  1.3263E+01  7.5019E+00  0.0000E+00  0.0000E+00
  1.9564E+01  6.0000E+01  7.2426E+00  1.3281E+01  7.1489E+00  4.0577E-02  6.3885E-02
  1.6156E+01  1.0000E+02  7.1429E+00  1.3298E+01  6.9597E+00  3.4103E-02  2.4520E-02
  1.3965E+01  1.4000E+02  7.0935E+00  1.3362E+01  6.7585E+00  5.2014E-02  2.4048E-02
  1.2334E+01  1.8000E+02  7.0742E+00  1.3513E+01  6.4461E+00  1.0406E-01  3.5805E-02
  1.1020E+01  2.2000E+02  7.1414E+00  1.3766E+01  6.0886E+00  1.4120E-01  3.9135E-02
  9.9129E+00  2.6000E+02  7.3160E+00  1.4118E+01  5.7210E+00  1.6077E-01  3.7554E-02
  8.9515E+00  3.0000E+02  7.6151E+00  1.4581E+01  5.3507E+00  1.7005E-01  3.4488E-02
  8.0983E+00  3.4000E+02  8.0869E+00  1.5174E+01  4.9859E+00  1.4212E-01  2.5585E-02
  7.3280E+00  3.8000E+02  8.7800E+00  1.5913E+01  4.6291E+00  6.0173E-02  9.7790E-03
  6.6237E+00  4.2000E+02  9.7116E+00  1.6801E+01  4.2914E+00 -6.1992E-02 -9.2110E-03
  5.9736E+00  4.6000E+02  1.0858E+01  1.7827E+01  3.9878E+00 -1.8506E-01 -2.5384E-02
  5.3689E+00  5.0000E+02  1.2174E+01  1.8970E+01  3.7225E+00 -2.8717E-01 -3.6640E-02
  4.8029E+00  5.4000E+02  1.3620E+01  2.0203E+01  3.4898E+00 -3.7552E-01 -4.4841E-02
  4.2705E+00  5.8000E+02  1.5167E+01  2.1504E+01  3.2821E+00 -4.6306E-01 -5.2011E-02
  3.7676E+00  6.2000E+02  1.6794E+01  2.2851E+01  3.0938E+00 -5.5667E-01 -5.9061E-02
  3.2909E+00  6.6000E+02  1.8482E+01  2.4225E+01  2.9212E+00 -6.5764E-01 -6.6143E-02
  2.8376E+00  7.0000E+02  2.0209E+01  2.5605E+01  2.7617E+00 -7.6577E-01 -7.3233E-02
  2.4055E+00  7.4000E+02  2.1958E+01  2.6973E+01  2.6131E+00 -8.8226E-01 -8.0436E-02
  1.9926E+00  7.8000E+02  2.3715E+01  2.8313E+01  2.4724E+00 -1.0089E+00 -8.7887E-02
  1.5972E+00  8.2000E+02  2.5462E+01  2.9607E+01  2.3366E+00 -1.1454E+00 -9.5536E-02
  1.2181E+00  8.6000E+02  2.7157E+01  3.0833E+01  2.2026E+00 -1.2394E+00 -9.9133E-02
  8.5402E-01  9.0000E+02  2.8807E+01  3.2048E+01  2.0685E+00 -1.1937E+00 -9.1698E-02
  5.0361E-01  9.4000E+02  3.0629E+01  3.3497E+01  1.9346E+00 -1.0631E+00 -7.8593E-02
  1.6524E-01  9.8000E+02  3.2964E+01  3.6356E+01  1.8048E+00  1.5465E+00  1.1040E-01
