  25  3.9900000E+00
  2.7205E+01  2.0000E+01  1.0017E+01  1.5991E+01  9.9855E+00  0.0000E+00  0.0000E+00
  1.9932E+01  6.0000E+01  9.5982E+00  1.6011E+01  9.5154E+00  6.0382E-02  9.2655E-02
  1.6805E+01  1.0000E+02  9.4095E+00  1.6107E+01  9.2871E+00  9.1022E-02  6.0035E-02
  1.4775E+01  1.4000E+02  9.2485E+00  1.6316E+01  9.0330E+00  1.8231E-01  7.8099E-02
  1.3197E+01  1.8000E+02  9.1456E+00  1.6775E+01  8.5291E+00  3.5578E-01  1.1846E-01
  1.1874E+01  2.2000E+02  9.5780E+00  1.7742E+01  7.7798E+00  4.0405E-01  1.1274E-01
  1.0722E+01  2.6000E+02  1.0983E+01  1.9301E+01  6.8815E+00  1.3365E-01  3.2492E-02
  9.6980E+00  3.0000E+02  1.3312E+01  2.1332E+01  6.0600E+00 -2.9025E-01 -6.2697E-02
  8.7761E+00  3.4000E+02  1.6190E+01  2.3667E+01  5.4196E+00 -5.9000E-01 -1.1475E-01
  7.9374E+00  3.8000E+02  1.9308E+01  2.6170E+01  4.9241E+00 -7.3252E-01 -1.2962E-01
  7.1678E+00  4.2000E+02  2.2505E+01  2.8741E+01  4.5178E+00 -8.1298E-01 -1.3200E-01
  6.4567E+00  4.6000E+02  2.5692E+01  3.1309E+01  4.1719E+00 -8.7119E-01 -1.3071E-01
  5.7957E+00  5.0000E+02  2.8821E+01  3.3841E+01  3.8712E+00 -9.0284E-01 -1.2591E-01
  5.1782E+00  5.4000E+02  3.1865E+01  3.6324E+01  3.6048E+00 -9.0934E-01 -1.1848E-01
  4.5986E+00  5.8000E+02  3.4815E+01  3.8753E+01  3.3648E+00 -8.9882E-01 -1.0990E-01
  4.0526E+00  6.2000E+02  3.7665E+01  4.1127E+01  3.1466E+00 -8.7150E-01 -1.0040E-01
  3.5362E+00  6.6000E+02  4.0417E+01  4.3451E+01  2.9473E+00 -8.2836E-01 -9.0235E-02
  3.0465E+00  7.0000E+02  4.3081E+01  4.5735E+01  2.7645E+00 -7.7623E-01 -8.0206E-02
  2.5806E+00  7.4000E+02  4.5670E+01  4.7986E+01  2.5960E+00 -7.2651E-01 -7.1414E-02
  2.1362E+00  7.8000E+02  4.8191E+01  5.0200E+01  2.4401E+00 -6.9096E-01 -6.4780E-02
  1.7114E+00  8.2000E+02  5.0637E+01  5.2357E+01  2.2951E+00 -6.7888E-01 -6.0849E-02
  1.3044E+00  8.6000E+02  5.2980E+01  5.4419E+01  2.1591E+00 -6.9035E-01 -5.9276E-02
  9.1385E-01  9.0000E+02  5.5197E+01  5.6365E+01  2.0283E+00 -6.9492E-01 -5.7261E-02
  5.3844E-01  9.4000E+02  5.7357E+01  5.8327E+01  1.8963E+00 -5.2926E-01 -4.1920E-02
  1.7656E-01  9.8000E+02  6.0399E+01  6.2669E+01  1.7572E+00  3.5950E+00  2.7447E-01
