  25  8.5995000E+01
  2.5281E+01  2.0000E+01  2.9564E+00  1.0974E+02  1.1694E-02  0.0000E+00  0.0000E+00
  1.8341E+01  6.0000E+01  6.3506E+00  1.0977E+02  9.9798E-03 -4.8479E-01 -7.0985E-01
  1.5144E+01  1.0000E+02  8.6797E+00  1.0992E+02  9.3252E-03 -6.7990E-01 -4.5853E-01
  1.3039E+01  1.4000E+02  1.0272E+01  1.0951E+02  8.8419E-03 -9.5406E-01 -4.2365E-01
  1.1494E+01  1.8000E+02  1.2714E+01  1.0906E+02  8.1008E-03 -1.8722E+00 -6.1040E-01
  1.0279E+01  2.2000E+02  1.7013E+01  1.0943E+02  7.1922E-03 -3.2263E+00 -8.2722E-01
  9.2663E+00  2.6000E+02  2.1840E+01  1.1060E+02  6.3553E-03 -3.6185E+00 -7.7291E-01
  8.3889E+00  3.0000E+02  2.7068E+01  1.1229E+02  5.6301E-03 -4.0287E+00 -7.4582E-01
  7.6085E+00  3.4000E+02  3.2828E+01  1.1432E+02  4.9572E-03 -4.7740E+00 -7.8603E-01
  6.9025E+00  3.8000E+02  3.9137E+01  1.1661E+02  4.3076E-03 -5.6962E+00 -8.4841E-01
  6.2561E+00  4.2000E+02  4.5863E+01  1.1916E+02  3.6860E-03 -6.4652E+00 -8.8168E-01
  5.6585E+00  4.6000E+02  5.2849E+01  1.2204E+02  3.1046E-03 -6.8619E+00 -8.6523E-01
  5.1008E+00  5.0000E+02  6.0185E+01  1.2534E+02  2.5668E-03 -7.2493E+00 -8.5292E-01
  4.5763E+00  5.4000E+02  6.8010E+01  1.2892E+02  2.0618E-03 -8.0887E+00 -8.9505E-01
  4.0802E+00  5.8000E+02  7.6306E+01  1.3268E+02  1.5866E-03 -9.1518E+00 -9.5790E-01
  3.6090E+00  6.2000E+02  8.4917E+01  1.3653E+02  1.1558E-03 -1.0091E+01 -1.0032E+00
  3.1600E+00  6.6000E+02  9.3665E+01  1.4043E+02  7.8988E-04 -1.0797E+01 -1.0229E+00
  2.7310E+00  7.0000E+02  1.0239E+02  1.4433E+02  5.0134E-04 -1.1265E+01 -1.0197E+00
  2.3201E+00  7.4000E+02  1.1098E+02  1.4818E+02  2.9085E-04 -1.1511E+01 -9.9787E-01
  1.9258E+00  7.8000E+02  1.1932E+02  1.5196E+02  1.5056E-04 -1.1568E+01 -9.6225E-01
  1.5468E+00  8.2000E+02  1.2734E+02  1.5564E+02  6.7081E-05 -1.1478E+01 -9.1786E-01
  1.1819E+00  8.6000E+02  1.3501E+02  1.5918E+02  2.4582E-05 -1.1290E+01 -8.6929E-01
  8.2998E-01  9.0000E+02  1.4234E+02  1.6260E+02  6.7745E-06 -1.1120E+01 -8.2555E-01
  4.9010E-01  9.4000E+02  1.4977E+02  1.6620E+02  1.1331E-06 -1.1260E+01 -8.0739E-01
  1.6094E-01  9.8000E+02  1.5747E+02  1.7126E+02  1.0386E-07 -8.0230E+00 -5.5717E-01
