  25  8.5995000E+01
  2.6712E+01  2.0000E+01  4.2980E+00  1.1687E+02  1.4498E-01  0.0000E+00  0.0000E+00
  1.9234E+01  6.0000E+01  9.9200E+00  1.1741E+02  1.2716E-01 -6.7892E-01 -1.0711E+00
  1.5760E+01  1.0000E+02  1.3248E+01  1.1667E+02  1.1691E-01 -1.1731E+00 -8.6002E-01
  1.3508E+01  1.4000E+02  1.5500E+01  1.1580E+02  1.1046E-01 -1.3866E+00 -6.5873E-01
  1.1857E+01  1.8000E+02  1.8261E+01  1.1496E+02  1.0520E-01 -2.1783E+00 -7.5870E-01
  1.0562E+01  2.2000E+02  2.2175E+01  1.1462E+02  9.9929E-02 -3.2844E+00 -8.9764E-01
  9.4931E+00  2.6000E+02  2.7178E+01  1.1503E+02  9.4347E-02 -4.2994E+00 -9.6925E-01
  8.5768E+00  3.0000E+02  3.3212E+01  1.1624E+02  8.8523E-02 -5.2636E+00 -1.0175E+00
  7.7677E+00  3.4000E+02  4.0136E+01  1.1814E+02  8.2402E-02 -6.2063E+00 -1.0594E+00
  7.0383E+00  3.8000E+02  4.7859E+01  1.2057E+02  7.5947E-02 -7.2613E+00 -1.1175E+00
  6.3710E+00  4.2000E+02  5.6107E+01  1.2339E+02  6.9335E-02 -8.1396E+00 -1.1459E+00
  5.7542E+00  4.6000E+02  6.4575E+01  1.2650E+02  6.2740E-02 -8.6814E+00 -1.1298E+00
  5.1794E+00  5.0000E+02  7.3128E+01  1.2986E+02  5.6302E-02 -9.0319E+00 -1.0952E+00
  4.6404E+00  5.4000E+02  8.1700E+01  1.3342E+02  5.0115E-02 -9.2942E+00 -1.0570E+00
  4.1321E+00  5.8000E+02  9.0236E+01  1.3712E+02  4.4234E-02 -9.5302E+00 -1.0220E+00
  3.6507E+00  6.2000E+02  9.8674E+01  1.4087E+02  3.8701E-02 -9.7267E+00 -9.8782E-01
  3.1932E+00  6.6000E+02  1.0694E+02  1.4463E+02  3.3528E-02 -9.8515E+00 -9.5093E-01
  2.7571E+00  7.0000E+02  1.1497E+02  1.4834E+02  2.8701E-02 -9.9054E+00 -9.1153E-01
  2.3402E+00  7.4000E+02  1.2272E+02  1.5196E+02  2.4197E-02 -9.9162E+00 -8.7220E-01
  1.9408E+00  7.8000E+02  1.3017E+02  1.5544E+02  2.0001E-02 -9.9216E+00 -8.3592E-01
  1.5576E+00  8.2000E+02  1.3726E+02  1.5875E+02  1.6124E-02 -9.8798E+00 -7.9881E-01
  1.1893E+00  8.6000E+02  1.4398E+02  1.6191E+02  1.2595E-02 -9.6482E+00 -7.4978E-01
  8.3465E-01  9.0000E+02  1.5038E+02  1.6507E+02  9.4833E-03 -9.1414E+00 -6.8392E-01
  4.9254E-01  9.4000E+02  1.5661E+02  1.6834E+02  6.8640E-03 -8.6571E+00 -6.2485E-01
  1.6165E-01  9.8000E+02  1.6287E+02  1.7190E+02  4.7682E-03 -8.1686E+00 -5.7025E-01
