  25  3.9900000E+00
  2.7207E+01  2.0000E+01  9.9791E+00  1.6293E+01  9.9476E+00  0.0000E+00  0.0000E+00
  1.9929E+01  6.0000E+01  9.5625E+00  1.6314E+01  9.4795E+00  6.0148E-02  9.2351E-02
  1.6803E+01  1.0000E+02  9.3743E+00  1.6411E+01  9.2518E+00  9.1362E-02  6.0264E-02
  1.4771E+01  1.4000E+02  9.2130E+00  1.6626E+01  8.9939E+00  1.8472E-01  7.9203E-02
  1.3191E+01  1.8000E+02  9.1135E+00  1.7090E+01  8.4945E+00  3.5720E-01  1.1903E-01
  1.1869E+01  2.2000E+02  9.5248E+00  1.8038E+01  7.7815E+00  4.0574E-01  1.1320E-01
  1.0717E+01  2.6000E+02  1.0853E+01  1.9547E+01  6.9279E+00  1.5701E-01  3.8143E-02
  9.6943E+00  3.0000E+02  1.3090E+01  2.1521E+01  6.1284E+00 -2.5762E-01 -5.5602E-02
  8.7732E+00  3.4000E+02  1.5902E+01  2.3798E+01  5.4886E+00 -5.8019E-01 -1.1276E-01
  7.9350E+00  3.8000E+02  1.8988E+01  2.6254E+01  4.9903E+00 -7.5146E-01 -1.3289E-01
  7.1658E+00  4.2000E+02  2.2177E+01  2.8787E+01  4.5808E+00 -8.5311E-01 -1.3845E-01
  6.4549E+00  4.6000E+02  2.5373E+01  3.1322E+01  4.2300E+00 -9.2972E-01 -1.3944E-01
  5.7941E+00  5.0000E+02  2.8520E+01  3.3825E+01  3.9230E+00 -9.7482E-01 -1.3591E-01
  5.1767E+00  5.4000E+02  3.1587E+01  3.6283E+01  3.6501E+00 -9.8550E-01 -1.2837E-01
  4.5972E+00  5.8000E+02  3.4562E+01  3.8694E+01  3.4037E+00 -9.7327E-01 -1.1898E-01
  4.0513E+00  6.2000E+02  3.7435E+01  4.1053E+01  3.1796E+00 -9.4196E-01 -1.0850E-01
  3.5350E+00  6.6000E+02  4.0205E+01  4.3362E+01  2.9751E+00 -8.9387E-01 -9.7356E-02
  3.0454E+00  7.0000E+02  4.2878E+01  4.5626E+01  2.7880E+00 -8.3599E-01 -8.6368E-02
  2.5795E+00  7.4000E+02  4.5464E+01  4.7848E+01  2.6160E+00 -7.7866E-01 -7.6525E-02
  2.1353E+00  7.8000E+02  4.7970E+01  5.0030E+01  2.4572E+00 -7.3181E-01 -6.8592E-02
  1.7106E+00  8.2000E+02  5.0400E+01  5.2161E+01  2.3098E+00 -7.0261E-01 -6.2955E-02
  1.3038E+00  8.6000E+02  5.2752E+01  5.4228E+01  2.1719E+00 -7.0113E-01 -6.0182E-02
  9.1329E-01  9.0000E+02  5.5013E+01  5.6199E+01  2.0407E+00 -7.4222E-01 -6.1144E-02
  5.3797E-01  9.4000E+02  5.7114E+01  5.8056E+01  1.9094E+00 -6.4931E-01 -5.1415E-02
  1.7636E-01  9.8000E+02  5.9862E+01  6.2051E+01  1.7693E+00  3.4457E+00  2.6289E-01
