  25  3.9900000E+00
  2.6619E+01  2.0000E+01  5.0873E+00  1.1437E+01  5.0639E+00  0.0000E+00  0.0000E+00
  1.9168E+01  6.0000E+01  4.9222E+00  1.1452E+01  4.8264E+00  2.4218E-02  3.8073E-02
  1.5704E+01  1.0000E+02  4.8853E+00  1.1445E+01  4.6902E+00  8.6223E-03  6.3015E-03
  1.3456E+01  1.4000E+02  4.8760E+00  1.1443E+01  4.5769E+00  2.8763E-03  1.3638E-03
  1.1810E+01  1.8000E+02  4.8708E+00  1.1456E+01  4.4530E+00  1.1388E-02  3.9551E-03
  1.0521E+01  2.2000E+02  4.8518E+00  1.1511E+01  4.2861E+00  5.7070E-02  1.5522E-02
  9.4589E+00  2.6000E+02  4.8277E+00  1.1634E+01  4.0824E+00  1.3866E-01  3.1072E-02
  8.5481E+00  3.0000E+02  4.8415E+00  1.1845E+01  3.8619E+00  2.1687E-01  4.1673E-02
  7.7435E+00  3.4000E+02  4.9423E+00  1.2155E+01  3.6213E+00  2.6039E-01  4.4206E-02
  7.0176E+00  3.8000E+02  5.1839E+00  1.2573E+01  3.3669E+00  2.4207E-01  3.7073E-02
  6.3533E+00  4.2000E+02  5.6063E+00  1.3105E+01  3.1114E+00  1.6496E-01  2.3120E-02
  5.7390E+00  4.6000E+02  6.2268E+00  1.3758E+01  2.8654E+00  5.2589E-02  6.8150E-03
  5.1666E+00  5.0000E+02  7.0546E+00  1.4538E+01  2.6392E+00 -8.2374E-02 -9.9490E-03
  4.6296E+00  5.4000E+02  8.0864E+00  1.5448E+01  2.4381E+00 -2.2787E-01 -2.5818E-02
  4.1231E+00  5.8000E+02  9.3021E+00  1.6477E+01  2.2598E+00 -3.6689E-01 -3.9207E-02
  3.6433E+00  6.2000E+02  1.0675E+01  1.7614E+01  2.0997E+00 -4.9321E-01 -4.9927E-02
  3.1871E+00  6.6000E+02  1.2179E+01  1.8840E+01  1.9545E+00 -6.1051E-01 -5.8755E-02
  2.7521E+00  7.0000E+02  1.3791E+01  2.0136E+01  1.8219E+00 -7.2624E-01 -6.6648E-02
  2.3363E+00  7.4000E+02  1.5489E+01  2.1481E+01  1.7005E+00 -8.4778E-01 -7.4381E-02
  1.9378E+00  7.8000E+02  1.7250E+01  2.2852E+01  1.5887E+00 -9.7694E-01 -8.2123E-02
  1.5554E+00  8.2000E+02  1.9046E+01  2.4227E+01  1.4846E+00 -1.1023E+00 -8.8941E-02
  1.1877E+00  8.6000E+02  2.0855E+01  2.5600E+01  1.3861E+00 -1.1863E+00 -9.2033E-02
  8.3361E-01  9.0000E+02  2.2711E+01  2.7019E+01  1.2924E+00 -1.2357E+00 -9.2316E-02
  4.9195E-01  9.4000E+02  2.4697E+01  2.8541E+01  1.2033E+00 -1.3560E+00 -9.7740E-02
  1.6147E-01  9.8000E+02  2.6963E+01  3.0456E+01  1.1188E+00 -1.0630E+00 -7.4118E-02
