  25  3.9900000E+00
  2.6854E+01  2.0000E+01  5.9671E+00  1.1829E+01  5.9418E+00  0.0000E+00  0.0000E+00
  1.9346E+01  6.0000E+01  5.7667E+00  1.1844E+01  5.6632E+00  2.8772E-02  4.5573E-02
  1.5865E+01  1.0000E+02  5.7165E+00  1.1836E+01  5.5072E+00  1.2000E-02  8.8129E-03
  1.3615E+01  1.4000E+02  5.7046E+00  1.1839E+01  5.3703E+00  6.7374E-03  3.1983E-03
  1.1962E+01  1.8000E+02  5.7094E+00  1.1865E+01  5.2016E+00  1.2439E-02  4.3391E-03
  1.0657E+01  2.2000E+02  5.7055E+00  1.1936E+01  4.9865E+00  5.7788E-02  1.5902E-02
  9.5770E+00  2.6000E+02  5.7094E+00  1.2077E+01  4.7535E+00  1.2697E-01  2.8940E-02
  8.6491E+00  3.0000E+02  5.7585E+00  1.2307E+01  4.5041E+00  1.9480E-01  3.8138E-02
  7.8298E+00  3.4000E+02  5.9060E+00  1.2641E+01  4.2295E+00  2.2836E-01  3.9475E-02
  7.0916E+00  3.8000E+02  6.2107E+00  1.3095E+01  3.9364E+00  2.0142E-01  3.1369E-02
  6.4168E+00  4.2000E+02  6.7144E+00  1.3677E+01  3.6397E+00  1.1596E-01  1.6507E-02
  5.7935E+00  4.6000E+02  7.4348E+00  1.4391E+01  3.3539E+00 -9.6262E-03 -1.2659E-03
  5.2130E+00  5.0000E+02  8.3706E+00  1.5239E+01  3.0933E+00 -1.5156E-01 -1.8562E-02
  4.6689E+00  5.4000E+02  9.5018E+00  1.6216E+01  2.8634E+00 -2.8288E-01 -3.2473E-02
  4.1562E+00  5.8000E+02  1.0798E+01  1.7310E+01  2.6605E+00 -3.9401E-01 -4.2622E-02
  3.6709E+00  6.2000E+02  1.2228E+01  1.8502E+01  2.4793E+00 -4.9178E-01 -5.0351E-02
  3.2100E+00  6.6000E+02  1.3768E+01  1.9771E+01  2.3160E+00 -5.8882E-01 -5.7268E-02
  2.7707E+00  7.0000E+02  1.5397E+01  2.1094E+01  2.1674E+00 -6.9570E-01 -6.4471E-02
  2.3511E+00  7.4000E+02  1.7093E+01  2.2446E+01  2.0315E+00 -8.1886E-01 -7.2493E-02
  1.9494E+00  7.8000E+02  1.8833E+01  2.3803E+01  1.9057E+00 -9.5500E-01 -8.0943E-02
  1.5641E+00  8.2000E+02  2.0580E+01  2.5136E+01  1.7874E+00 -1.0731E+00 -8.7234E-02
  1.1940E+00  8.6000E+02  2.2307E+01  2.6452E+01  1.6747E+00 -1.1101E+00 -8.6682E-02
  8.3783E-01  9.0000E+02  2.4085E+01  2.7840E+01  1.5673E+00 -1.0945E+00 -8.2238E-02
  4.9437E-01  9.4000E+02  2.6031E+01  2.9373E+01  1.4657E+00 -1.2031E+00 -8.7185E-02
  1.6224E-01  9.8000E+02  2.8251E+01  3.1217E+01  1.3705E+00 -1.1313E+00 -7.9270E-02
