  25  8.5995000E+01
  2.7177E+01  2.0000E+01  4.6735E+00  1.2457E+02  2.5527E-01  0.0000E+00  0.0000E+00
  1.9851E+01  6.0000E+01  8.3507E+00  1.2323E+02  2.2947E-01 -6.8583E-01 -1.0600E+00
  1.6652E+01  1.0000E+02  9.9554E+00  1.2304E+02  2.1368E-01 -5.6088E-01 -3.7859E-01
  1.4572E+01  1.4000E+02  1.5876E+01  1.2488E+02  1.9909E-01 -1.9598E+00 -8.6020E-01
  1.2974E+01  1.8000E+02  2.6894E+01  1.2811E+02  1.8271E-01 -4.8772E+00 -1.6438E+00
  1.1652E+01  2.2000E+02  4.1054E+01  1.3258E+02  1.6531E-01 -7.3295E+00 -2.0446E+00
  1.0512E+01  2.6000E+02  5.6292E+01  1.3758E+02  1.4736E-01 -8.9791E+00 -2.1604E+00
  9.5050E+00  3.0000E+02  7.1066E+01  1.4273E+02  1.2984E-01 -9.5518E+00 -2.0284E+00
  8.6024E+00  3.4000E+02  8.4990E+01  1.4803E+02  1.1352E-01 -9.5644E+00 -1.8214E+00
  7.7827E+00  3.8000E+02  9.8113E+01  1.5345E+02  9.8694E-02 -9.3880E+00 -1.6237E+00
  7.0304E+00  4.2000E+02  1.1046E+02  1.5894E+02  8.5495E-02 -9.1224E+00 -1.4478E+00
  6.3343E+00  4.6000E+02  1.2194E+02  1.6430E+02  7.3961E-02 -8.7875E+00 -1.2906E+00
  5.6858E+00  5.0000E+02  1.3241E+02  1.6935E+02  6.4037E-02 -8.3653E+00 -1.1444E+00
  5.0788E+00  5.4000E+02  1.4174E+02  1.7390E+02  5.5591E-02 -7.8695E+00 -1.0078E+00
  4.5083E+00  5.8000E+02  1.4986E+02  1.7784E+02  4.8467E-02 -7.3295E+00 -8.8218E-01
  3.9705E+00  6.2000E+02  1.5681E+02  1.8112E+02  4.2451E-02 -6.8277E+00 -7.7468E-01
  3.4623E+00  6.6000E+02  1.6279E+02  1.8378E+02  3.7191E-02 -6.5294E+00 -7.0015E-01
  2.9808E+00  7.0000E+02  1.6821E+02  1.8599E+02  3.2137E-02 -6.6529E+00 -6.7576E-01
  2.5237E+00  7.4000E+02  1.7358E+02  1.8804E+02  2.6677E-02 -7.2670E+00 -7.0084E-01
  2.0886E+00  7.8000E+02  1.7916E+02  1.9018E+02  2.0585E-02 -7.9095E+00 -7.2619E-01
  1.6731E+00  8.2000E+02  1.8477E+02  1.9256E+02  1.4416E-02 -7.7793E+00 -6.8194E-01
  1.2753E+00  8.6000E+02  1.8994E+02  1.9504E+02  9.0616E-03 -6.7414E+00 -5.6580E-01
  8.9360E-01  9.0000E+02  1.9421E+02  1.9740E+02  4.9772E-03 -5.0226E+00 -4.0442E-01
  5.2673E-01  9.4000E+02  1.9799E+02  2.0022E+02  2.2962E-03 -2.6215E+00 -2.0291E-01
  1.7279E-01  9.8000E+02  2.0259E+02  2.0651E+02  8.7514E-04  4.7892E+00  3.5763E-01
