  25  3.9900000E+00
  2.6999E+01  2.0000E+01  7.0398E+00  1.2682E+01  7.0143E+00  0.0000E+00  0.0000E+00
  1.9502E+01  6.0000E+01  6.7844E+00  1.2699E+01  6.6847E+00  3.6299E-02  5.7411E-02
  1.6060E+01  1.0000E+02  6.7026E+00  1.2704E+01  6.5053E+00  2.5128E-02  1.8249E-02
  1.3846E+01  1.4000E+02  6.6707E+00  1.2743E+01  6.3251E+00  3.2406E-02  1.5138E-02
  1.2207E+01  1.8000E+02  6.6652E+00  1.2843E+01  6.0583E+00  6.4164E-02  2.2193E-02
  1.0895E+01  2.2000E+02  6.7045E+00  1.3020E+01  5.7480E+00  1.0497E-01  2.9053E-02
  9.7951E+00  2.6000E+02  6.8087E+00  1.3280E+01  5.4323E+00  1.4194E-01  3.2932E-02
  8.8438E+00  3.0000E+02  7.0008E+00  1.3638E+01  5.1085E+00  1.7434E-01  3.4991E-02
  8.0012E+00  3.4000E+02  7.3338E+00  1.4112E+01  4.7782E+00  1.6667E-01  2.9629E-02
  7.2415E+00  3.8000E+02  7.8612E+00  1.4717E+01  4.4446E+00  1.0281E-01  1.6480E-02
  6.5472E+00  4.2000E+02  8.6142E+00  1.5463E+01  4.1171E+00 -1.0185E-02 -1.4917E-03
  5.9064E+00  4.6000E+02  9.5899E+00  1.6347E+01  3.8126E+00 -1.4424E-01 -1.9501E-02
  5.3103E+00  5.0000E+02  1.0758E+01  1.7357E+01  3.5417E+00 -2.6413E-01 -3.3218E-02
  4.7523E+00  5.4000E+02  1.2082E+01  1.8481E+01  3.3030E+00 -3.5840E-01 -4.2195E-02
  4.2272E+00  5.8000E+02  1.3532E+01  1.9701E+01  3.0906E+00 -4.3832E-01 -4.8562E-02
  3.7309E+00  6.2000E+02  1.5082E+01  2.0994E+01  2.8994E+00 -5.1851E-01 -5.4295E-02
  3.2600E+00  6.6000E+02  1.6712E+01  2.2338E+01  2.7260E+00 -6.0782E-01 -6.0378E-02
  2.8120E+00  7.0000E+02  1.8400E+01  2.3707E+01  2.5675E+00 -7.1086E-01 -6.7191E-02
  2.3846E+00  7.4000E+02  2.0126E+01  2.5078E+01  2.4215E+00 -8.3020E-01 -7.4865E-02
  1.9759E+00  7.8000E+02  2.1871E+01  2.6429E+01  2.2846E+00 -9.6531E-01 -8.3237E-02
  1.5844E+00  8.2000E+02  2.3605E+01  2.7733E+01  2.1537E+00 -1.0977E+00 -9.0678E-02
  1.2087E+00  8.6000E+02  2.5281E+01  2.8976E+01  2.0263E+00 -1.1507E+00 -9.1199E-02
  8.4773E-01  9.0000E+02  2.6949E+01  3.0257E+01  1.9018E+00 -1.0748E+00 -8.1856E-02
  5.0004E-01  9.4000E+02  2.8828E+01  3.1773E+01  1.7811E+00 -1.0425E+00 -7.6476E-02
  1.6408E-01  9.8000E+02  3.1100E+01  3.4159E+01  1.6665E+00  3.3837E-01  2.3984E-02
