  25  3.9900000E+00
  2.5568E+01  2.0000E+01  2.1804E+00  1.0961E+01  2.1667E+00  0.0000E+00  0.0000E+00
  1.8507E+01  6.0000E+01  2.1095E+00  1.0980E+01  2.0580E+00  1.2687E-02  1.8901E-02
  1.5247E+01  1.0000E+02  2.0941E+00  1.1001E+01  1.9875E+00  1.1273E-02  7.7537E-03
  1.3110E+01  1.4000E+02  2.0918E+00  1.1026E+01  1.9258E+00  1.2671E-02  5.7133E-03
  1.1543E+01  1.8000E+02  2.0843E+00  1.1070E+01  1.8500E+00  3.3226E-02  1.0980E-02
  1.0315E+01  2.2000E+02  2.0722E+00  1.1164E+01  1.7387E+00  8.6211E-02  2.2343E-02
  9.2948E+00  2.6000E+02  2.0841E+00  1.1323E+01  1.6220E+00  1.4406E-01  3.1000E-02
  8.4127E+00  3.0000E+02  2.1418E+00  1.1545E+01  1.5062E+00  1.8687E-01  3.4780E-02
  7.6287E+00  3.4000E+02  2.2770E+00  1.1833E+01  1.3900E+00  1.9416E-01  3.2115E-02
  6.9196E+00  3.8000E+02  2.5218E+00  1.2194E+01  1.2751E+00  1.6397E-01  2.4531E-02
  6.2702E+00  4.2000E+02  2.8962E+00  1.2642E+01  1.1647E+00  1.1388E-01  1.5601E-02
  5.6698E+00  4.6000E+02  3.4150E+00  1.3197E+01  1.0624E+00  6.0361E-02  7.6465E-03
  5.1097E+00  5.0000E+02  4.1118E+00  1.3880E+01  9.7036E-01 -2.4932E-02 -2.9459E-03
  4.5833E+00  5.4000E+02  5.0258E+00  1.4695E+01  8.8726E-01 -1.8783E-01 -2.0859E-02
  4.0858E+00  5.8000E+02  6.1704E+00  1.5639E+01  8.1094E-01 -4.0455E-01 -4.2470E-02
  3.6134E+00  6.2000E+02  7.5274E+00  1.6702E+01  7.4028E-01 -6.2144E-01 -6.1934E-02
  3.1634E+00  6.6000E+02  9.0620E+00  1.7873E+01  6.7502E-01 -8.0826E-01 -7.6730E-02
  2.7336E+00  7.0000E+02  1.0738E+01  1.9136E+01  6.1527E-01 -9.6114E-01 -8.7153E-02
  2.3221E+00  7.4000E+02  1.2524E+01  2.0474E+01  5.6088E-01 -1.0896E+00 -9.4600E-02
  1.9273E+00  7.8000E+02  1.4395E+01  2.1869E+01  5.1115E-01 -1.2057E+00 -1.0042E-01
  1.5479E+00  8.2000E+02  1.6329E+01  2.3302E+01  4.6526E-01 -1.3182E+00 -1.0553E-01
  1.1826E+00  8.6000E+02  1.8309E+01  2.4757E+01  4.2266E-01 -1.4370E+00 -1.1075E-01
  8.3042E-01  9.0000E+02  2.0328E+01  2.6228E+01  3.8274E-01 -1.5546E+00 -1.1551E-01
  4.9031E-01  9.4000E+02  2.2496E+01  2.7824E+01  3.4425E-01 -1.6859E+00 -1.2097E-01
  1.6099E-01  9.8000E+02  2.5031E+01  3.0256E+01  3.0773E-01 -3.1159E-01 -2.1649E-02
