  25  8.5995000E+01
  2.7162E+01  2.0000E+01  4.6035E+00  1.2448E+02  2.5158E-01  0.0000E+00  0.0000E+00
  1.9829E+01  6.0000E+01  8.4353E+00  1.2330E+02  2.2597E-01 -6.8322E-01 -1.0571E+00
  1.6609E+01  1.0000E+02  1.0197E+01  1.2303E+02  2.1023E-01 -6.3159E-01 -4.2904E-01
  1.4518E+01  1.4000E+02  1.6115E+01  1.2474E+02  1.9582E-01 -2.0129E+00 -8.8777E-01
  1.2917E+01  1.8000E+02  2.6897E+01  1.2779E+02  1.7987E-01 -4.8254E+00 -1.6303E+00
  1.1595E+01  2.2000E+02  4.0501E+01  1.3192E+02  1.6311E-01 -7.1654E+00 -1.9987E+00
  1.0458E+01  2.6000E+02  5.5007E+01  1.3662E+02  1.4598E-01 -8.6234E+00 -2.0694E+00
  9.4550E+00  3.0000E+02  6.9075E+01  1.4154E+02  1.2934E-01 -9.1297E+00 -1.9311E+00
  8.5565E+00  3.4000E+02  8.2365E+01  1.4660E+02  1.1386E-01 -9.1521E+00 -1.7349E+00
  7.7408E+00  3.8000E+02  9.4935E+01  1.5180E+02  9.9766E-02 -9.0387E+00 -1.5556E+00
  6.9924E+00  4.2000E+02  1.0681E+02  1.5704E+02  8.7147E-02 -8.8574E+00 -1.3985E+00
  6.3001E+00  4.6000E+02  1.1788E+02  1.6216E+02  7.6060E-02 -8.5909E+00 -1.2549E+00
  5.6554E+00  5.0000E+02  1.2797E+02  1.6698E+02  6.6502E-02 -8.1964E+00 -1.1149E+00
  5.0520E+00  5.4000E+02  1.3698E+02  1.7133E+02  5.8366E-02 -7.7070E+00 -9.8109E-01
  4.4851E+00  5.8000E+02  1.4485E+02  1.7513E+02  5.1489E-02 -7.1821E+00 -8.5906E-01
  3.9507E+00  6.2000E+02  1.5166E+02  1.7835E+02  4.5631E-02 -6.7314E+00 -7.5895E-01
  3.4456E+00  6.6000E+02  1.5766E+02  1.8105E+02  4.0432E-02 -6.5265E+00 -6.9555E-01
  2.9669E+00  7.0000E+02  1.6325E+02  1.8340E+02  3.5383E-02 -6.7699E+00 -6.8368E-01
  2.5122E+00  7.4000E+02  1.6886E+02  1.8558E+02  2.9929E-02 -7.5344E+00 -7.2283E-01
  2.0791E+00  7.8000E+02  1.7470E+02  1.8777E+02  2.3790E-02 -8.4203E+00 -7.6937E-01
  1.6655E+00  8.2000E+02  1.8062E+02  1.9012E+02  1.7334E-02 -8.6295E+00 -7.5298E-01
  1.2695E+00  8.6000E+02  1.8618E+02  1.9258E+02  1.1406E-02 -7.8501E+00 -6.5585E-01
  8.8958E-01  9.0000E+02  1.9085E+02  1.9491E+02  6.6241E-03 -6.1654E+00 -4.9420E-01
  5.2437E-01  9.4000E+02  1.9493E+02  1.9768E+02  3.2622E-03 -3.5726E+00 -2.7527E-01
  1.7202E-01  9.8000E+02  1.9975E+02  2.0413E+02  1.3417E-03  4.6191E+00  3.4338E-01
