  25  8.5995000E+01
  2.6787E+01  2.0000E+01  4.3555E+00  1.1747E+02  1.5308E-01  0.0000E+00  0.0000E+00
  1.9291E+01  6.0000E+01  1.0044E+01  1.1798E+02  1.3448E-01 -6.9050E-01 -1.0921E+00
  1.5813E+01  1.0000E+02  1.3351E+01  1.1713E+02  1.2369E-01 -1.1954E+00 -8.7708E-01
  1.3564E+01  1.4000E+02  1.5862E+01  1.1632E+02  1.1668E-01 -1.4796E+00 -7.0189E-01
  1.1914E+01  1.8000E+02  1.9259E+01  1.1567E+02  1.1079E-01 -2.4498E+00 -8.5317E-01
  1.0614E+01  2.2000E+02  2.3625E+01  1.1550E+02  1.0502E-01 -3.4867E+00 -9.5626E-01
  9.5387E+00  2.6000E+02  2.8827E+01  1.1600E+02  9.9124E-02 -4.3736E+00 -9.9213E-01
  8.6157E+00  3.0000E+02  3.4917E+01  1.1724E+02  9.3051E-02 -5.2587E+00 -1.0240E+00
  7.8009E+00  3.4000E+02  4.1907E+01  1.1913E+02  8.6619E-02 -6.2540E+00 -1.0752E+00
  7.0665E+00  3.8000E+02  4.9736E+01  1.2155E+02  7.9784E-02 -7.3679E+00 -1.1415E+00
  6.3951E+00  4.2000E+02  5.8100E+01  1.2438E+02  7.2753E-02 -8.2484E+00 -1.1684E+00
  5.7747E+00  4.6000E+02  6.6690E+01  1.2751E+02  6.5728E-02 -8.8003E+00 -1.1519E+00
  5.1968E+00  5.0000E+02  7.5355E+01  1.3088E+02  5.8874E-02 -9.1530E+00 -1.1160E+00
  4.6550E+00  5.4000E+02  8.4006E+01  1.3445E+02  5.2301E-02 -9.3901E+00 -1.0734E+00
  4.1443E+00  5.8000E+02  9.2580E+01  1.3813E+02  4.6079E-02 -9.5738E+00 -1.0315E+00
  3.6609E+00  6.2000E+02  1.0101E+02  1.4187E+02  4.0255E-02 -9.6967E+00 -9.8906E-01
  3.2015E+00  6.6000E+02  1.0921E+02  1.4560E+02  3.4837E-02 -9.7443E+00 -9.4434E-01
  2.7638E+00  7.0000E+02  1.1715E+02  1.4927E+02  2.9802E-02 -9.7366E+00 -8.9927E-01
  2.3455E+00  7.4000E+02  1.2478E+02  1.5284E+02  2.5116E-02 -9.7131E+00 -8.5718E-01
  1.9449E+00  7.8000E+02  1.3209E+02  1.5627E+02  2.0754E-02 -9.7074E+00 -8.2036E-01
  1.5606E+00  8.2000E+02  1.3903E+02  1.5950E+02  1.6729E-02 -9.6375E+00 -7.8133E-01
  1.1914E+00  8.6000E+02  1.4556E+02  1.6258E+02  1.3070E-02 -9.3473E+00 -7.2812E-01
  8.3609E-01  9.0000E+02  1.5177E+02  1.6568E+02  9.8488E-03 -8.7547E+00 -6.5634E-01
  4.9335E-01  9.4000E+02  1.5783E+02  1.6892E+02  7.1464E-03 -8.2180E+00 -5.9425E-01
  1.6191E-01  9.8000E+02  1.6392E+02  1.7244E+02  4.9936E-03 -7.7415E+00 -5.4134E-01
