  25  3.9900000E+00
  2.5315E+01  2.0000E+01  1.1671E+00  1.0876E+01  1.1554E+00  0.0000E+00  0.0000E+00
  1.8370E+01  6.0000E+01  1.1329E+00  1.0896E+01  1.0900E+00  7.8858E-03  1.1554E-02
  1.5169E+01  1.0000E+02  1.1332E+00  1.0924E+01  1.0436E+00  8.4795E-03  5.7257E-03
  1.3063E+01  1.4000E+02  1.1439E+00  1.0956E+01  1.0010E+00  1.0074E-02  4.4766E-03
  1.1515E+01  1.8000E+02  1.1516E+00  1.1009E+01  9.4227E-01  2.9433E-02  9.6135E-03
  1.0296E+01  2.2000E+02  1.1715E+00  1.1112E+01  8.6508E-01  6.8341E-02  1.7576E-02
  9.2804E+00  2.6000E+02  1.2213E+00  1.1277E+01  7.8837E-01  1.1303E-01  2.4217E-02
  8.4004E+00  3.0000E+02  1.3195E+00  1.1500E+01  7.1556E-01  1.4184E-01  2.6333E-02
  7.6180E+00  3.4000E+02  1.4970E+00  1.1784E+01  6.4708E-01  1.3625E-01  2.2492E-02
  6.9103E+00  3.8000E+02  1.7803E+00  1.2138E+01  5.8275E-01  1.0075E-01  1.5044E-02
  6.2623E+00  4.2000E+02  2.1863E+00  1.2578E+01  5.2384E-01  5.1889E-02  7.0937E-03
  5.6632E+00  4.6000E+02  2.7267E+00  1.3123E+01  4.7145E-01  6.9814E-03  8.8234E-04
  5.1045E+00  5.0000E+02  3.4357E+00  1.3794E+01  4.2493E-01 -6.7769E-02 -7.9889E-03
  4.5792E+00  5.4000E+02  4.3585E+00  1.4595E+01  3.8264E-01 -2.3042E-01 -2.5536E-02
  4.0825E+00  5.8000E+02  5.5159E+00  1.5525E+01  3.4346E-01 -4.5832E-01 -4.8029E-02
  3.6108E+00  6.2000E+02  6.8935E+00  1.6577E+01  3.0719E-01 -6.9081E-01 -6.8746E-02
  3.1615E+00  6.6000E+02  8.4553E+00  1.7739E+01  2.7412E-01 -8.8929E-01 -8.4316E-02
  2.7321E+00  7.0000E+02  1.0161E+01  1.8996E+01  2.4422E-01 -1.0457E+00 -9.4724E-02
  2.3210E+00  7.4000E+02  1.1976E+01  2.0330E+01  2.1709E-01 -1.1709E+00 -1.0156E-01
  1.9265E+00  7.8000E+02  1.3874E+01  2.1722E+01  1.9241E-01 -1.2807E+00 -1.0659E-01
  1.5473E+00  8.2000E+02  1.5833E+01  2.3155E+01  1.7000E-01 -1.3876E+00 -1.1101E-01
  1.1822E+00  8.6000E+02  1.7834E+01  2.4608E+01  1.4968E-01 -1.5029E+00 -1.1576E-01
  8.3017E-01  9.0000E+02  1.9872E+01  2.6077E+01  1.3108E-01 -1.6136E+00 -1.1984E-01
  4.9018E-01  9.4000E+02  2.2072E+01  2.7687E+01  1.1353E-01 -1.7344E+00 -1.2441E-01
  1.6096E-01  9.8000E+02  2.4638E+01  3.0232E+01  9.7312E-02 -6.5598E-02 -4.5564E-03
