  25  3.7500000E+00
  2.7417E+01  2.0000E+01  1.3023E+03  1.1470E+02  1.3006E+03  0.0000E+00  0.0000E+00
  1.9613E+01  6.0000E+01  1.2989E+03  1.1280E+02  1.2924E+03  1.8681E-01  3.0757E-01
  1.6598E+01  1.0000E+02  1.2957E+03  1.1106E+02  1.2852E+03  4.9208E-01  3.1305E-01
  1.4584E+01  1.4000E+02  1.2912E+03  1.0920E+02  1.2768E+03  1.2952E+00  5.5032E-01
  1.3019E+01  1.8000E+02  1.2846E+03  1.0727E+02  1.2665E+03  2.9875E+00  9.8613E-01
  1.1712E+01  2.2000E+02  1.2757E+03  1.0528E+02  1.2540E+03  5.3319E+00  1.4704E+00
  1.0577E+01  2.6000E+02  1.2645E+03  1.0323E+02  1.2395E+03  8.0085E+00  1.9184E+00
  9.5712E+00  3.0000E+02  1.2517E+03  1.0114E+02  1.2235E+03  1.0628E+01  2.2550E+00
  8.6679E+00  3.4000E+02  1.2381E+03  9.9016E+01  1.2067E+03  1.2794E+01  2.4382E+00
  7.8473E+00  3.8000E+02  1.2241E+03  9.6850E+01  1.1899E+03  1.4327E+01  2.4807E+00
  7.0942E+00  4.2000E+02  1.2104E+03  9.4649E+01  1.1735E+03  1.5271E+01  2.4261E+00
  6.3975E+00  4.6000E+02  1.1972E+03  9.2416E+01  1.1576E+03  1.5825E+01  2.3262E+00
  5.7485E+00  5.0000E+02  1.1844E+03  9.0150E+01  1.1424E+03  1.6122E+01  2.2074E+00
  5.1409E+00  5.4000E+02  1.1724E+03  8.7854E+01  1.1280E+03  1.6100E+01  2.0639E+00
  4.5698E+00  5.8000E+02  1.1610E+03  8.5526E+01  1.1145E+03  1.5790E+01  1.9027E+00
  4.0313E+00  6.2000E+02  1.1503E+03  8.3166E+01  1.1016E+03  1.5511E+01  1.7622E+00
  3.5223E+00  6.6000E+02  1.1398E+03  8.0781E+01  1.0892E+03  1.5984E+01  1.7162E+00
  3.0403E+00  7.0000E+02  1.1288E+03  7.8386E+01  1.0763E+03  1.7916E+01  1.8221E+00
  2.5824E+00  7.4000E+02  1.1168E+03  7.5997E+01  1.0626E+03  2.0903E+01  2.0194E+00
  2.1460E+00  7.8000E+02  1.1041E+03  7.3623E+01  1.0483E+03  2.3578E+01  2.1709E+00
  1.7289E+00  8.2000E+02  1.0913E+03  7.1268E+01  1.0339E+03  2.5215E+01  2.2186E+00
  1.3295E+00  8.6000E+02  1.0784E+03  6.8943E+01  1.0196E+03  2.6444E+01  2.2283E+00
  9.4646E-01  9.0000E+02  1.0650E+03  6.6700E+01  1.0049E+03  2.9146E+01  2.3557E+00
  5.7834E-01  9.4000E+02  1.0509E+03  6.4620E+01  9.8965E+02  3.2598E+01  2.5318E+00
  2.2317E-01  9.8000E+02  1.0365E+03  6.2849E+01  9.7423E+02  3.5381E+01  2.6512E+00
