  25  3.7500000E+00
  2.6886E+01  2.0000E+01  7.0077E+02  8.3351E+01  6.9914E+02  0.0000E+00  0.0000E+00
  1.8921E+01  6.0000E+01  6.9757E+02  8.1258E+01  6.9153E+02  1.3991E-01  2.3509E-01
  1.5581E+01  1.0000E+02  6.9463E+02  7.9340E+01  6.8493E+02  3.0565E-01  2.1541E-01
  1.3375E+01  1.4000E+02  6.9151E+02  7.7346E+01  6.7831E+02  5.0966E-01  2.3720E-01
  1.1763E+01  1.8000E+02  6.8816E+02  7.5318E+01  6.7168E+02  8.2123E-01  2.7939E-01
  1.0499E+01  2.2000E+02  6.8449E+02  7.3269E+01  6.6495E+02  1.2786E+00  3.4089E-01
  9.4537E+00  2.6000E+02  6.8046E+02  7.1202E+01  6.5804E+02  1.8798E+00  4.1455E-01
  8.5537E+00  3.0000E+02  6.7602E+02  6.9120E+01  6.5091E+02  2.6244E+00  4.9833E-01
  7.7561E+00  3.4000E+02  6.7110E+02  6.7028E+01  6.4348E+02  3.5356E+00  5.9498E-01
  7.0352E+00  3.8000E+02  6.6568E+02  6.4926E+01  6.3569E+02  4.6147E+00  7.0191E-01
  6.3747E+00  4.2000E+02  6.5973E+02  6.2818E+01  6.2753E+02  5.8082E+00  8.0938E-01
  5.7636E+00  4.6000E+02  6.5332E+02  6.0707E+01  6.1906E+02  7.0333E+00  9.0675E-01
  5.1939E+00  5.0000E+02  6.4653E+02  5.8592E+01  6.1033E+02  8.2128E+00  9.8717E-01
  4.6593E+00  5.4000E+02  6.3944E+02  5.6476E+01  6.0143E+02  9.3025E+00  1.0491E+00
  4.1552E+00  5.8000E+02  6.3214E+02  5.4360E+01  5.9244E+02  1.0283E+01  1.0938E+00
  3.6775E+00  6.2000E+02  6.2471E+02  5.2245E+01  5.8343E+02  1.1134E+01  1.1220E+00
  3.2234E+00  6.6000E+02  6.1721E+02  5.0133E+01  5.7447E+02  1.1854E+01  1.1358E+00
  2.7903E+00  7.0000E+02  6.0971E+02  4.8023E+01  5.6560E+02  1.2456E+01  1.1381E+00
  2.3762E+00  7.4000E+02  6.0223E+02  4.5919E+01  5.5686E+02  1.2977E+01  1.1338E+00
  1.9794E+00  7.8000E+02  5.9478E+02  4.3822E+01  5.4824E+02  1.3493E+01  1.1295E+00
  1.5986E+00  8.2000E+02  5.8732E+02  4.1736E+01  5.3971E+02  1.4101E+01  1.1331E+00
  1.2324E+00  8.6000E+02  5.7981E+02  3.9666E+01  5.3121E+02  1.4862E+01  1.1481E+00
  8.7988E-01  9.0000E+02  5.7224E+02  3.7620E+01  5.2275E+02  1.5659E+01  1.1648E+00
  5.3973E-01  9.4000E+02  5.6467E+02  3.5610E+01  5.1437E+02  1.6340E+01  1.1727E+00
  2.1065E-01  9.8000E+02  5.5715E+02  3.3656E+01  5.0612E+02  1.6939E+01  1.1760E+00
