  25  3.7500000E+00
  2.7398E+01  2.0000E+01  1.2876E+03  1.1427E+02  1.2859E+03  0.0000E+00  0.0000E+00
  1.9592E+01  6.0000E+01  1.2842E+03  1.1237E+02  1.2777E+03  1.8606E-01  3.0644E-01
  1.6555E+01  1.0000E+02  1.2810E+03  1.1062E+02  1.2705E+03  4.9533E-01  3.1728E-01
  1.4532E+01  1.4000E+02  1.2765E+03  1.0877E+02  1.2621E+03  1.3035E+00  5.5659E-01
  1.2965E+01  1.8000E+02  1.2699E+03  1.0684E+02  1.2518E+03  2.9377E+00  9.7121E-01
  1.1658E+01  2.2000E+02  1.2612E+03  1.0484E+02  1.2395E+03  5.1767E+00  1.4268E+00
  1.0526E+01  2.6000E+02  1.2504E+03  1.0279E+02  1.2254E+03  7.6983E+00  1.8387E+00
  9.5248E+00  3.0000E+02  1.2382E+03  1.0070E+02  1.2100E+03  1.0098E+01  2.1333E+00
  8.6262E+00  3.4000E+02  1.2252E+03  9.8573E+01  1.1940E+03  1.2095E+01  2.2932E+00
  7.8099E+00  3.8000E+02  1.2119E+03  9.6405E+01  1.1778E+03  1.3601E+01  2.3423E+00
  7.0608E+00  4.2000E+02  1.1988E+03  9.4203E+01  1.1619E+03  1.4626E+01  2.3115E+00
  6.3676E+00  4.6000E+02  1.1860E+03  9.1968E+01  1.1465E+03  1.5228E+01  2.2272E+00
  5.7218E+00  5.0000E+02  1.1737E+03  8.9700E+01  1.1318E+03  1.5464E+01  2.1070E+00
  5.1171E+00  5.4000E+02  1.1622E+03  8.7400E+01  1.1179E+03  1.5327E+01  1.9554E+00
  4.5487E+00  5.8000E+02  1.1514E+03  8.5067E+01  1.1049E+03  1.4884E+01  1.7848E+00
  4.0128E+00  6.2000E+02  1.1413E+03  8.2701E+01  1.0927E+03  1.4478E+01  1.6368E+00
  3.5064E+00  6.6000E+02  1.1313E+03  8.0308E+01  1.0808E+03  1.4888E+01  1.5907E+00
  3.0268E+00  7.0000E+02  1.1208E+03  7.7904E+01  1.0685E+03  1.6897E+01  1.7100E+00
  2.5711E+00  7.4000E+02  1.1092E+03  7.5505E+01  1.0551E+03  2.0222E+01  1.9441E+00
  2.1368E+00  7.8000E+02  1.0966E+03  7.3123E+01  1.0409E+03  2.3459E+01  2.1493E+00
  1.7218E+00  8.2000E+02  1.0836E+03  7.0765E+01  1.0264E+03  2.5655E+01  2.2465E+00
  1.3242E+00  8.6000E+02  1.0704E+03  6.8445E+01  1.0118E+03  2.7325E+01  2.2919E+00
  9.4282E-01  9.0000E+02  1.0568E+03  6.6206E+01  9.9695E+02  2.9811E+01  2.3989E+00
  5.7622E-01  9.4000E+02  1.0428E+03  6.4120E+01  9.8172E+02  3.2654E+01  2.5256E+00
  2.2249E-01  9.8000E+02  1.0285E+03  6.2334E+01  9.6642E+02  3.5192E+01  2.6264E+00
