  25  3.7500000E+00
  2.7467E+01  2.0000E+01  1.3517E+03  1.1552E+02  1.3500E+03  0.0000E+00  0.0000E+00
  1.9686E+01  6.0000E+01  1.3483E+03  1.1362E+02  1.3418E+03  1.8915E-01  3.1048E-01
  1.6719E+01  1.0000E+02  1.3451E+03  1.1189E+02  1.3346E+03  4.8969E-01  3.0657E-01
  1.4728E+01  1.4000E+02  1.3408E+03  1.1004E+02  1.3263E+03  1.2611E+00  5.2978E-01
  1.3165E+01  1.8000E+02  1.3340E+03  1.0811E+02  1.3158E+03  3.1230E+00  1.0295E+00
  1.1854E+01  2.2000E+02  1.3239E+03  1.0612E+02  1.3022E+03  6.1210E+00  1.6932E+00
  1.0710E+01  2.6000E+02  1.3107E+03  1.0408E+02  1.2855E+03  9.7737E+00  2.3589E+00
  9.6935E+00  3.0000E+02  1.2951E+03  1.0199E+02  1.2667E+03  1.3278E+01  2.8487E+00
  8.7776E+00  3.4000E+02  1.2784E+03  9.9869E+01  1.2469E+03  1.5944E+01  3.0810E+00
  7.9440E+00  3.8000E+02  1.2614E+03  9.7711E+01  1.2270E+03  1.7785E+01  3.1277E+00
  7.1790E+00  4.2000E+02  1.2447E+03  9.5521E+01  1.2075E+03  1.9014E+01  3.0690E+00
  6.4719E+00  4.6000E+02  1.2284E+03  9.3304E+01  1.1886E+03  1.9902E+01  2.9691E+00
  5.8145E+00  5.0000E+02  1.2126E+03  9.1062E+01  1.1703E+03  2.0642E+01  2.8628E+00
  5.2003E+00  5.4000E+02  1.1973E+03  8.8800E+01  1.1526E+03  2.1248E+01  2.7535E+00
  4.6239E+00  5.8000E+02  1.1825E+03  8.6520E+01  1.1356E+03  2.1701E+01  2.6392E+00
  4.0807E+00  6.2000E+02  1.1682E+03  8.4225E+01  1.1192E+03  2.2014E+01  2.5228E+00
  3.5671E+00  6.6000E+02  1.1545E+03  8.1917E+01  1.1035E+03  2.2246E+01  2.4106E+00
  3.0799E+00  7.0000E+02  1.1412E+03  7.9601E+01  1.0884E+03  2.2446E+01  2.3072E+00
  2.6164E+00  7.4000E+02  1.1284E+03  7.7281E+01  1.0738E+03  2.2637E+01  2.2135E+00
  2.1744E+00  7.8000E+02  1.1160E+03  7.4961E+01  1.0598E+03  2.2818E+01  2.1280E+00
  1.7518E+00  8.2000E+02  1.1040E+03  7.2648E+01  1.0462E+03  2.3003E+01  2.0508E+00
  1.3470E+00  8.6000E+02  1.0923E+03  7.0353E+01  1.0330E+03  2.3284E+01  1.9886E+00
  9.5851E-01  9.0000E+02  1.0807E+03  6.8098E+01  1.0201E+03  2.3992E+01  1.9667E+00
  5.8507E-01  9.4000E+02  1.0687E+03  6.5955E+01  1.0069E+03  2.6278E+01  2.0704E+00
  2.2521E-01  9.8000E+02  1.0557E+03  6.4115E+01  9.9279E+02  3.1103E+01  2.3614E+00
