  25  3.7500000E+00
  2.7167E+01  2.0000E+01  1.0275E+03  1.0283E+02  1.0258E+03  0.0000E+00  0.0000E+00
  1.9232E+01  6.0000E+01  1.0242E+03  1.0088E+02  1.0178E+03  1.6896E-01  2.8288E-01
  1.5973E+01  1.0000E+02  1.0210E+03  9.9068E+01  1.0107E+03  4.2660E-01  2.9336E-01
  1.3836E+01  1.4000E+02  1.0170E+03  9.7160E+01  1.0030E+03  9.7625E-01  4.4002E-01
  1.2240E+01  1.8000E+02  1.0120E+03  9.5189E+01  9.9446E+02  1.8662E+00  6.2847E-01
  1.0951E+01  2.2000E+02  1.0064E+03  9.3165E+01  9.8547E+02  2.7729E+00  7.5403E-01
  9.8636E+00  2.6000E+02  1.0005E+03  9.1095E+01  9.7633E+02  3.5654E+00  8.1814E-01
  8.9185E+00  3.0000E+02  9.9423E+02  8.8984E+01  9.6705E+02  4.3769E+00  8.7276E-01
  8.0787E+00  3.4000E+02  9.8753E+02  8.6838E+01  9.5749E+02  5.4284E+00  9.6181E-01
  7.3194E+00  3.8000E+02  9.8015E+02  8.4662E+01  9.4742E+02  6.8431E+00  1.0962E+00
  6.6242E+00  4.2000E+02  9.7203E+02  8.2459E+01  9.3674E+02  8.5158E+00  1.2491E+00
  5.9815E+00  4.6000E+02  9.6326E+02  8.0233E+01  9.2556E+02  1.0185E+01  1.3810E+00
  5.3831E+00  5.0000E+02  9.5406E+02  7.7986E+01  9.1409E+02  1.1624E+01  1.4676E+00
  4.8226E+00  5.4000E+02  9.4465E+02  7.5720E+01  9.0254E+02  1.2741E+01  1.5067E+00
  4.2950E+00  5.8000E+02  9.3521E+02  7.3437E+01  8.9109E+02  1.3565E+01  1.5100E+00
  3.7962E+00  6.2000E+02  9.2584E+02  7.1137E+01  8.7983E+02  1.4177E+01  1.4917E+00
  3.3231E+00  6.6000E+02  9.1659E+02  6.8823E+01  8.6880E+02  1.4663E+01  1.4637E+00
  2.8729E+00  7.0000E+02  9.0745E+02  6.6498E+01  8.5801E+02  1.5122E+01  1.4363E+00
  2.4434E+00  7.4000E+02  8.9839E+02  6.4163E+01  8.4740E+02  1.5661E+01  1.4190E+00
  2.0328E+00  7.8000E+02  8.8932E+02  6.1825E+01  8.3687E+02  1.6411E+01  1.4216E+00
  1.6395E+00  8.2000E+02  8.8009E+02  5.9490E+01  8.2631E+02  1.7520E+01  1.4538E+00
  1.2622E+00  8.6000E+02  8.7056E+02  5.7174E+01  8.1554E+02  1.9123E+01  1.5223E+00
  8.9982E-01  9.0000E+02  8.6058E+02  5.4901E+01  8.0443E+02  2.1257E+01  1.6254E+00
  5.5108E-01  9.4000E+02  8.5011E+02  5.2712E+01  7.9293E+02  2.3757E+01  1.7480E+00
  2.1429E-01  9.8000E+02  8.3940E+02  5.0679E+01  7.8129E+02  2.5770E+01  1.8311E+00
