  25  3.7500000E+00
  2.6257E+01  2.0000E+01  4.8722E+02  6.8198E+01  4.8562E+02  0.0000E+00  0.0000E+00
  1.8536E+01  6.0000E+01  4.8409E+02  6.5955E+01  4.7834E+02  1.1468E-01  1.8681E-01
  1.5309E+01  1.0000E+02  4.8133E+02  6.3955E+01  4.7218E+02  2.3789E-01  1.6197E-01
  1.3161E+01  1.4000E+02  4.7847E+02  6.1914E+01  4.6612E+02  3.8138E-01  1.7286E-01
  1.1591E+01  1.8000E+02  4.7541E+02  5.9879E+01  4.6010E+02  6.5281E-01  2.1617E-01
  1.0362E+01  2.2000E+02  4.7203E+02  5.7859E+01  4.5399E+02  1.1011E+00  2.8550E-01
  9.3424E+00  2.6000E+02  4.6839E+02  5.5853E+01  4.4782E+02  1.6064E+00  3.4562E-01
  8.4605E+00  3.0000E+02  4.6454E+02  5.3862E+01  4.4163E+02  2.1056E+00  3.9180E-01
  7.6762E+00  3.4000E+02  4.6046E+02  5.1885E+01  4.3538E+02  2.6818E+00  4.4376E-01
  6.9660E+00  3.8000E+02  4.5610E+02  4.9925E+01  4.2900E+02  3.3837E+00  5.0696E-01
  6.3152E+00  4.2000E+02  4.5144E+02  4.7981E+01  4.2246E+02  4.1690E+00  5.7246E-01
  5.7131E+00  4.6000E+02  4.4652E+02  4.6054E+01  4.1580E+02  4.9749E+00  6.3195E-01
  5.1517E+00  5.0000E+02  4.4137E+02  4.4143E+01  4.0904E+02  5.7610E+00  6.8240E-01
  4.6245E+00  5.4000E+02  4.3604E+02  4.2248E+01  4.0221E+02  6.5250E+00  7.2572E-01
  4.1267E+00  5.8000E+02  4.3053E+02  4.0369E+01  3.9531E+02  7.2913E+00  7.6578E-01
  3.6545E+00  6.2000E+02  4.2487E+02  3.8505E+01  3.8836E+02  8.0410E+00  8.0108E-01
  3.2050E+00  6.6000E+02  4.1910E+02  3.6658E+01  3.8140E+02  8.7279E+00  8.2773E-01
  2.7759E+00  7.0000E+02  4.1327E+02  3.4826E+01  3.7447E+02  9.3144E+00  8.4336E-01
  2.3651E+00  7.4000E+02  4.0743E+02  3.3010E+01  3.6761E+02  9.8011E+00  8.4934E-01
  1.9712E+00  7.8000E+02  4.0160E+02  3.1211E+01  3.6085E+02  1.0221E+01  8.4949E-01
  1.5927E+00  8.2000E+02  3.9579E+02  2.9429E+01  3.5419E+02  1.0635E+01  8.4929E-01
  1.2284E+00  8.6000E+02  3.8999E+02  2.7665E+01  3.4761E+02  1.1097E+01  8.5282E-01
  8.7731E-01  9.0000E+02  3.8416E+02  2.5925E+01  3.4108E+02  1.1639E+01  8.6222E-01
  5.3835E-01  9.4000E+02  3.7821E+02  2.4214E+01  3.3449E+02  1.2519E+01  8.9527E-01
  2.1027E-01  9.8000E+02  3.7214E+02  2.2547E+01  3.2786E+02  1.3413E+01  9.2842E-01
