  25  3.7500000E+00
  2.5419E+01  2.0000E+01  1.6483E+02  3.5918E+01  1.6340E+02  0.0000E+00  0.0000E+00
  1.8079E+01  6.0000E+01  1.6189E+02  3.3435E+01  1.5714E+02  6.2566E-02  9.6891E-02
  1.5031E+01  1.0000E+02  1.5954E+02  3.1462E+01  1.5232E+02  1.2396E-01  7.9713E-02
  1.2973E+01  1.4000E+02  1.5727E+02  2.9612E+01  1.4788E+02  2.0408E-01  8.8602E-02
  1.1462E+01  1.8000E+02  1.5498E+02  2.7903E+01  1.4370E+02  3.8416E-01  1.2249E-01
  1.0268E+01  2.2000E+02  1.5263E+02  2.6315E+01  1.3969E+02  6.3581E-01  1.6010E-01
  9.2682E+00  2.6000E+02  1.5030E+02  2.4827E+01  1.3589E+02  8.5031E-01  1.7943E-01
  8.3978E+00  3.0000E+02  1.4798E+02  2.3423E+01  1.3226E+02  1.0516E+00  1.9311E-01
  7.6218E+00  3.4000E+02  1.4563E+02  2.2093E+01  1.2874E+02  1.3071E+00  2.1399E-01
  6.9191E+00  3.8000E+02  1.4324E+02  2.0828E+01  1.2529E+02  1.6109E+00  2.3883E-01
  6.2756E+00  4.2000E+02  1.4079E+02  1.9621E+01  1.2190E+02  1.9253E+00  2.6142E-01
  5.6805E+00  4.6000E+02  1.3831E+02  1.8466E+01  1.1856E+02  2.2228E+00  2.7906E-01
  5.1254E+00  5.0000E+02  1.3582E+02  1.7356E+01  1.1528E+02  2.4978E+00  2.9254E-01
  4.6035E+00  5.4000E+02  1.3330E+02  1.6288E+01  1.1205E+02  2.7803E+00  3.0612E-01
  4.1100E+00  5.8000E+02  1.3074E+02  1.5258E+01  1.0885E+02  3.0940E+00  3.2216E-01
  3.6412E+00  6.2000E+02  1.2814E+02  1.4262E+01  1.0566E+02  3.4238E+00  3.3863E-01
  3.1945E+00  6.6000E+02  1.2551E+02  1.3298E+01  1.0250E+02  3.7223E+00  3.5085E-01
  2.7676E+00  7.0000E+02  1.2288E+02  1.2364E+01  9.9390E+01  3.9671E+00  3.5731E-01
  2.3587E+00  7.4000E+02  1.2027E+02  1.1458E+01  9.6344E+01  4.1665E+00  3.5940E-01
  1.9663E+00  7.8000E+02  1.1769E+02  1.0577E+01  9.3370E+01  4.3356E+00  3.5890E-01
  1.5892E+00  8.2000E+02  1.1514E+02  9.7205E+00  9.0470E+01  4.4811E+00  3.5660E-01
  1.2260E+00  8.6000E+02  1.1264E+02  8.8866E+00  8.7648E+01  4.6097E+00  3.5321E-01
  8.7581E-01  9.0000E+02  1.1014E+02  8.0745E+00  8.4876E+01  4.8010E+00  3.5469E-01
  5.3765E-01  9.4000E+02  1.0758E+02  7.2845E+00  8.2069E+01  5.2460E+00  3.7427E-01
  2.1010E-01  9.8000E+02  1.0500E+02  6.5153E+00  7.9281E+01  5.5204E+00  3.8149E-01
