  25  3.7500000E+00
  2.7355E+01  2.0000E+01  1.2535E+03  1.1319E+02  1.2518E+03  0.0000E+00  0.0000E+00
  1.9531E+01  6.0000E+01  1.2501E+03  1.1130E+02  1.2436E+03  1.8448E-01  3.0454E-01
  1.6452E+01  1.0000E+02  1.2468E+03  1.0954E+02  1.2364E+03  4.9906E-01  3.2416E-01
  1.4413E+01  1.4000E+02  1.2423E+03  1.0768E+02  1.2280E+03  1.2981E+00  5.5856E-01
  1.2840E+01  1.8000E+02  1.2360E+03  1.0574E+02  1.2180E+03  2.7805E+00  9.2256E-01
  1.1535E+01  2.2000E+02  1.2279E+03  1.0375E+02  1.2063E+03  4.7070E+00  1.2966E+00
  1.0409E+01  2.6000E+02  1.2182E+03  1.0170E+02  1.1933E+03  6.7830E+00  1.6112E+00
  9.4156E+00  3.0000E+02  1.2075E+03  9.9601E+01  1.1794E+03  8.6792E+00  1.8186E+00
  8.5258E+00  3.4000E+02  1.1962E+03  9.7464E+01  1.1651E+03  1.0287E+01  1.9311E+00
  7.7184E+00  3.8000E+02  1.1846E+03  9.5290E+01  1.1506E+03  1.1650E+01  1.9845E+00
  6.9780E+00  4.2000E+02  1.1729E+03  9.3081E+01  1.1362E+03  1.2757E+01  1.9927E+00
  6.2933E+00  4.6000E+02  1.1614E+03  9.0838E+01  1.1222E+03  1.3537E+01  1.9555E+00
  5.6559E+00  5.0000E+02  1.1503E+03  8.8563E+01  1.1086E+03  1.3939E+01  1.8746E+00
  5.0593E+00  5.4000E+02  1.1396E+03  8.6255E+01  1.0956E+03  1.3948E+01  1.7555E+00
  4.4988E+00  5.8000E+02  1.1296E+03  8.3915E+01  1.0834E+03  1.3676E+01  1.6173E+00
  3.9704E+00  6.2000E+02  1.1201E+03  8.1543E+01  1.0718E+03  1.3527E+01  1.5081E+00
  3.4708E+00  6.6000E+02  1.1106E+03  7.9146E+01  1.0604E+03  1.4211E+01  1.4980E+00
  2.9971E+00  7.0000E+02  1.1005E+03  7.6737E+01  1.0484E+03  1.6326E+01  1.6317E+00
  2.5467E+00  7.4000E+02  1.0892E+03  7.4331E+01  1.0354E+03  1.9711E+01  1.8731E+00
  2.1172E+00  7.8000E+02  1.0768E+03  7.1943E+01  1.0215E+03  2.3291E+01  2.1107E+00
  1.7064E+00  8.2000E+02  1.0638E+03  6.9581E+01  1.0069E+03  2.6012E+01  2.2541E+00
  1.3127E+00  8.6000E+02  1.0505E+03  6.7259E+01  9.9226E+02  2.7884E+01  2.3160E+00
  9.3484E-01  9.0000E+02  1.0369E+03  6.5011E+01  9.7745E+02  2.9910E+01  2.3846E+00
  5.7159E-01  9.4000E+02  1.0230E+03  6.2907E+01  9.6240E+02  3.2453E+01  2.4872E+00
  2.2100E-01  9.8000E+02  1.0090E+03  6.1091E+01  9.4732E+02  3.4831E+01  2.5763E+00
