  25  3.7500000E+00
  2.7177E+01  2.0000E+01  1.0580E+03  1.0451E+02  1.0563E+03  0.0000E+00  0.0000E+00
  1.9261E+01  6.0000E+01  1.0547E+03  1.0257E+02  1.0484E+03  1.7125E-01  2.8602E-01
  1.6021E+01  1.0000E+02  1.0515E+03  1.0077E+02  1.0412E+03  4.3829E-01  2.9958E-01
  1.3897E+01  1.4000E+02  1.0474E+03  9.8866E+01  1.0334E+03  1.0266E+00  4.6008E-01
  1.2303E+01  1.8000E+02  1.0423E+03  9.6900E+01  1.0247E+03  1.9820E+00  6.6637E-01
  1.1011E+01  2.2000E+02  1.0365E+03  9.4880E+01  1.0154E+03  2.9629E+00  8.0764E-01
  9.9180E+00  2.6000E+02  1.0302E+03  9.2812E+01  1.0060E+03  3.8213E+00  8.8125E-01
  8.9669E+00  3.0000E+02  1.0237E+03  9.0702E+01  9.9636E+02  4.6634E+00  9.3582E-01
  8.1215E+00  3.4000E+02  1.0167E+03  8.8555E+01  9.8651E+02  5.6952E+00  1.0158E+00
  7.3573E+00  3.8000E+02  1.0091E+03  8.6377E+01  9.7621E+02  7.0560E+00  1.1376E+00
  6.6576E+00  4.2000E+02  1.0009E+03  8.4170E+01  9.6536E+02  8.6739E+00  1.2804E+00
  6.0110E+00  4.6000E+02  9.9198E+02  8.1938E+01  9.5404E+02  1.0301E+01  1.4053E+00
  5.4090E+00  5.0000E+02  9.8269E+02  7.9685E+01  9.4245E+02  1.1693E+01  1.4852E+00
  4.8451E+00  5.4000E+02  9.7322E+02  7.7410E+01  9.3082E+02  1.2757E+01  1.5174E+00
  4.3145E+00  5.8000E+02  9.6374E+02  7.5116E+01  9.1930E+02  1.3544E+01  1.5163E+00
  3.8130E+00  6.2000E+02  9.5433E+02  7.2804E+01  9.0797E+02  1.4160E+01  1.4982E+00
  3.3374E+00  6.6000E+02  9.4501E+02  7.0478E+01  8.9685E+02  1.4694E+01  1.4744E+00
  2.8850E+00  7.0000E+02  9.3578E+02  6.8138E+01  8.8594E+02  1.5230E+01  1.4537E+00
  2.4535E+00  7.4000E+02  9.2658E+02  6.5788E+01  8.7517E+02  1.5867E+01  1.4445E+00
  2.0411E+00  7.8000E+02  9.1733E+02  6.3434E+01  8.6445E+02  1.6723E+01  1.4552E+00
  1.6461E+00  8.2000E+02  9.0790E+02  6.1084E+01  8.5365E+02  1.7932E+01  1.4945E+00
  1.2671E+00  8.6000E+02  8.9813E+02  5.8753E+01  8.4262E+02  1.9641E+01  1.5703E+00
  9.0316E-01  9.0000E+02  8.8784E+02  5.6467E+01  8.3118E+02  2.1984E+01  1.6882E+00
  5.5300E-01  9.4000E+02  8.7691E+02  5.4277E+01  8.1921E+02  2.4948E+01  1.8431E+00
  2.1491E-01  9.8000E+02  8.6562E+02  5.2269E+01  8.0697E+02  2.7473E+01  1.9596E+00
