  25  3.7500000E+00
  2.7467E+01  2.0000E+01  1.3517E+03  1.1552E+02  1.3500E+03  0.0000E+00  0.0000E+00
  1.9686E+01  6.0000E+01  1.3483E+03  1.1362E+02  1.3418E+03  1.8917E-01  3.1052E-01
  1.6719E+01  1.0000E+02  1.3451E+03  1.1189E+02  1.3346E+03  4.8964E-01  3.0656E-01
  1.4728E+01  1.4000E+02  1.3408E+03  1.1004E+02  1.3263E+03  1.2584E+00  5.2861E-01
  1.3165E+01  1.8000E+02  1.3340E+03  1.0811E+02  1.3158E+03  3.1172E+00  1.0276E+00
  1.1854E+01  2.2000E+02  1.3240E+03  1.0612E+02  1.3022E+03  6.1134E+00  1.6911E+00
  1.0710E+01  2.6000E+02  1.3108E+03  1.0408E+02  1.2856E+03  9.7521E+00  2.3537E+00
  9.6934E+00  3.0000E+02  1.2952E+03  1.0199E+02  1.2668E+03  1.3254E+01  2.8435E+00
  8.7775E+00  3.4000E+02  1.2785E+03  9.9871E+01  1.2470E+03  1.5958E+01  3.0835E+00
  7.9440E+00  3.8000E+02  1.2614E+03  9.7713E+01  1.2270E+03  1.7835E+01  3.1364E+00
  7.1790E+00  4.2000E+02  1.2447E+03  9.5523E+01  1.2075E+03  1.9030E+01  3.0715E+00
  6.4719E+00  4.6000E+02  1.2284E+03  9.3305E+01  1.1886E+03  1.9881E+01  2.9659E+00
  5.8145E+00  5.0000E+02  1.2126E+03  9.1063E+01  1.1703E+03  2.0620E+01  2.8597E+00
  5.2003E+00  5.4000E+02  1.1973E+03  8.8801E+01  1.1527E+03  2.1229E+01  2.7509E+00
  4.6239E+00  5.8000E+02  1.1825E+03  8.6521E+01  1.1357E+03  2.1692E+01  2.6382E+00
  4.0807E+00  6.2000E+02  1.1683E+03  8.4226E+01  1.1193E+03  2.2017E+01  2.5230E+00
  3.5671E+00  6.6000E+02  1.1545E+03  8.1918E+01  1.1036E+03  2.2253E+01  2.4114E+00
  3.0799E+00  7.0000E+02  1.1413E+03  7.9602E+01  1.0884E+03  2.2455E+01  2.3082E+00
  2.6164E+00  7.4000E+02  1.1285E+03  7.7281E+01  1.0739E+03  2.2645E+01  2.2143E+00
  2.1744E+00  7.8000E+02  1.1161E+03  7.4961E+01  1.0598E+03  2.2826E+01  2.1287E+00
  1.7518E+00  8.2000E+02  1.1040E+03  7.2649E+01  1.0462E+03  2.3010E+01  2.0514E+00
  1.3470E+00  8.6000E+02  1.0923E+03  7.0354E+01  1.0331E+03  2.3292E+01  1.9893E+00
  9.5851E-01  9.0000E+02  1.0807E+03  6.8099E+01  1.0201E+03  2.4007E+01  1.9679E+00
  5.8507E-01  9.4000E+02  1.0688E+03  6.5956E+01  1.0070E+03  2.6293E+01  2.0716E+00
  2.2521E-01  9.8000E+02  1.0557E+03  6.4116E+01  9.9280E+02  3.1110E+01  2.3619E+00
