  25  3.7500000E+00
  2.7164E+01  2.0000E+01  1.0275E+03  1.0283E+02  1.0258E+03  0.0000E+00  0.0000E+00
  1.9228E+01  6.0000E+01  1.0242E+03  1.0088E+02  1.0178E+03  1.6910E-01  2.8312E-01
  1.5969E+01  1.0000E+02  1.0210E+03  9.9065E+01  1.0107E+03  4.2699E-01  2.9358E-01
  1.3834E+01  1.4000E+02  1.0170E+03  9.7157E+01  1.0030E+03  9.7699E-01  4.4019E-01
  1.2238E+01  1.8000E+02  1.0120E+03  9.5186E+01  9.9445E+02  1.8666E+00  6.2842E-01
  1.0949E+01  2.2000E+02  1.0064E+03  9.3162E+01  9.8547E+02  2.7719E+00  7.5370E-01
  9.8617E+00  2.6000E+02  1.0005E+03  9.1091E+01  9.7633E+02  3.5620E+00  8.1736E-01
  8.9167E+00  3.0000E+02  9.9424E+02  8.8981E+01  9.6706E+02  4.3702E+00  8.7128E-01
  8.0772E+00  3.4000E+02  9.8754E+02  8.6835E+01  9.5750E+02  5.4235E+00  9.6064E-01
  7.3182E+00  3.8000E+02  9.8016E+02  8.4659E+01  9.4742E+02  6.8559E+00  1.0979E+00
  6.6231E+00  4.2000E+02  9.7201E+02  8.2456E+01  9.3673E+02  8.5517E+00  1.2541E+00
  5.9806E+00  4.6000E+02  9.6322E+02  8.0230E+01  9.2552E+02  1.0225E+01  1.3861E+00
  5.3823E+00  5.0000E+02  9.5401E+02  7.7983E+01  9.1404E+02  1.1641E+01  1.4693E+00
  4.8220E+00  5.4000E+02  9.4461E+02  7.5717E+01  9.0250E+02  1.2728E+01  1.5047E+00
  4.2945E+00  5.8000E+02  9.3518E+02  7.3434E+01  8.9107E+02  1.3536E+01  1.5064E+00
  3.7959E+00  6.2000E+02  9.2583E+02  7.1134E+01  8.7982E+02  1.4152E+01  1.4888E+00
  3.3228E+00  6.6000E+02  9.1658E+02  6.8820E+01  8.6880E+02  1.4657E+01  1.4627E+00
  2.8727E+00  7.0000E+02  9.0744E+02  6.6494E+01  8.5800E+02  1.5136E+01  1.4373E+00
  2.4433E+00  7.4000E+02  8.9837E+02  6.4160E+01  8.4737E+02  1.5690E+01  1.4214E+00
  2.0328E+00  7.8000E+02  8.8928E+02  6.1822E+01  8.3684E+02  1.6443E+01  1.4242E+00
  1.6395E+00  8.2000E+02  8.8005E+02  5.9488E+01  8.2627E+02  1.7548E+01  1.4560E+00
  1.2622E+00  8.6000E+02  8.7051E+02  5.7172E+01  8.1549E+02  1.9146E+01  1.5241E+00
  8.9981E-01  9.0000E+02  8.6053E+02  5.4899E+01  8.0438E+02  2.1267E+01  1.6261E+00
  5.5107E-01  9.4000E+02  8.5006E+02  5.2710E+01  7.9288E+02  2.3747E+01  1.7472E+00
  2.1429E-01  9.8000E+02  8.3936E+02  5.0676E+01  7.8125E+02  2.5737E+01  1.8288E+00
