  25  3.7500000E+00
  2.5610E+01  2.0000E+01  2.5881E+02  4.7441E+01  2.5730E+02  0.0000E+00  0.0000E+00
  1.8181E+01  6.0000E+01  2.5577E+02  4.5002E+01  2.5057E+02  8.0993E-02  1.2694E-01
  1.5092E+01  1.0000E+02  2.5322E+02  4.2956E+01  2.4516E+02  1.6262E-01  1.0596E-01
  1.3013E+01  1.4000E+02  2.5066E+02  4.0957E+01  2.3999E+02  2.6935E-01  1.1815E-01
  1.1489E+01  1.8000E+02  2.4799E+02  3.9046E+01  2.3497E+02  4.9994E-01  1.6082E-01
  1.0287E+01  2.2000E+02  2.4517E+02  3.7217E+01  2.3005E+02  8.2350E-01  2.0871E-01
  9.2831E+00  2.6000E+02  2.4229E+02  3.5459E+01  2.2527E+02  1.1159E+00  2.3642E-01
  8.4105E+00  3.0000E+02  2.3938E+02  3.3764E+01  2.2064E+02  1.3892E+00  2.5575E-01
  7.6329E+00  3.4000E+02  2.3640E+02  3.2126E+01  2.1609E+02  1.7335E+00  2.8439E-01
  6.9287E+00  3.8000E+02  2.3329E+02  3.0541E+01  2.1156E+02  2.1566E+00  3.2041E-01
  6.2836E+00  4.2000E+02  2.3007E+02  2.9004E+01  2.0703E+02  2.6112E+00  3.5541E-01
  5.6870E+00  4.6000E+02  2.2676E+02  2.7511E+01  2.0253E+02  3.0542E+00  3.8441E-01
  5.1306E+00  5.0000E+02  2.2338E+02  2.6059E+01  1.9805E+02  3.4701E+00  4.0736E-01
  4.6077E+00  5.4000E+02  2.1992E+02  2.4644E+01  1.9359E+02  3.8991E+00  4.3017E-01
  4.1133E+00  5.8000E+02  2.1638E+02  2.3263E+01  1.8913E+02  4.3763E+00  4.5646E-01
  3.6439E+00  6.2000E+02  2.1274E+02  2.1915E+01  1.8465E+02  4.8718E+00  4.8252E-01
  3.1966E+00  6.6000E+02  2.0905E+02  2.0597E+01  1.8018E+02  5.3187E+00  5.0191E-01
  2.7693E+00  7.0000E+02  2.0532E+02  1.9308E+01  1.7576E+02  5.6910E+00  5.1308E-01
  2.3601E+00  7.4000E+02  2.0161E+02  1.8045E+01  1.7140E+02  5.9869E+00  5.1689E-01
  1.9674E+00  7.8000E+02  1.9793E+02  1.6808E+01  1.6713E+02  6.2361E+00  5.1663E-01
  1.5899E+00  8.2000E+02  1.9427E+02  1.5596E+01  1.6295E+02  6.4621E+00  5.1462E-01
  1.2265E+00  8.6000E+02  1.9066E+02  1.4407E+01  1.5885E+02  6.6787E+00  5.1208E-01
  8.7612E-01  9.0000E+02  1.8705E+02  1.3242E+01  1.5481E+02  6.9781E+00  5.1585E-01
  5.3779E-01  9.4000E+02  1.8333E+02  1.2102E+01  1.5071E+02  7.6330E+00  5.4485E-01
  2.1014E-01  9.8000E+02  1.7955E+02  1.0989E+01  1.4660E+02  8.1241E+00  5.6160E-01
