  26  8.5995000E+01
  3.2071E+01  1.0000E-03  2.7150E-01  1.4685E+02  2.7150E-01  0.0000E+00  0.0000E+00
  2.2881E+01  4.0000E+01  2.7867E-01  1.4685E+02  2.7150E-01 -7.5647E-04 -1.4668E-03
  1.7976E+01  8.0000E+01  6.9668E-01  1.4686E+02  2.7120E-01 -8.2163E-02 -8.5022E-02
  1.5473E+01  1.2000E+02  3.2915E+00  1.4699E+02  2.6934E-01 -9.8446E-01 -5.1982E-01
  1.3672E+01  1.6000E+02  1.0134E+01  1.4775E+02  2.6334E-01 -3.3791E+00 -1.2842E+00
  1.2228E+01  2.0000E+02  2.0266E+01  1.4937E+02  2.5381E-01 -5.8949E+00 -1.7963E+00
  1.1007E+01  2.4000E+02  3.1864E+01  1.5171E+02  2.4196E-01 -7.5784E+00 -1.9526E+00
  9.9415E+00  2.8000E+02  4.3648E+01  1.5452E+02  2.2865E-01 -8.4269E+00 -1.8937E+00
  8.9942E+00  3.2000E+02  5.4999E+01  1.5765E+02  2.1495E-01 -8.6776E+00 -1.7344E+00
  8.1393E+00  3.6000E+02  6.5966E+01  1.6106E+02  2.0131E-01 -8.8374E+00 -1.5939E+00
  7.3589E+00  4.0000E+02  7.6625E+01  1.6469E+02  1.8793E-01 -9.0035E+00 -1.4824E+00
  6.6398E+00  4.4000E+02  8.6913E+01  1.6842E+02  1.7508E-01 -9.1256E+00 -1.3846E+00
  5.9722E+00  4.8000E+02  9.6649E+01  1.7207E+02  1.6309E-01 -9.1166E+00 -1.2841E+00
  5.3489E+00  5.2000E+02  1.0562E+02  1.7547E+02  1.5221E-01 -8.9254E+00 -1.1738E+00
  4.7643E+00  5.6000E+02  1.1368E+02  1.7851E+02  1.4254E-01 -8.5969E+00 -1.0603E+00
  4.2140E+00  6.0000E+02  1.2082E+02  1.8110E+02  1.3401E-01 -8.2644E+00 -9.5938E-01
  3.6946E+00  6.4000E+02  1.2722E+02  1.8328E+02  1.2631E-01 -8.1245E+00 -8.9029E-01
  3.2031E+00  6.8000E+02  1.3326E+02  1.8513E+02  1.1881E-01 -8.5293E+00 -8.8458E-01
  2.7367E+00  7.2000E+02  1.3960E+02  1.8682E+02  1.1049E-01 -9.9565E+00 -9.7971E-01
  2.2931E+00  7.6000E+02  1.4687E+02  1.8854E+02  1.0021E-01 -1.2538E+01 -1.1735E+00
  1.8700E+00  8.0000E+02  1.5531E+02  1.9041E+02  8.7372E-02 -1.5511E+01 -1.3845E+00
  1.4654E+00  8.4000E+02  1.6447E+02  1.9250E+02  7.2590E-02 -1.7486E+01 -1.4926E+00
  1.0776E+00  8.8000E+02  1.7348E+02  1.9462E+02  5.7032E-02 -1.7744E+01 -1.4517E+00
  7.0526E-01  9.2000E+02  1.8179E+02  1.9690E+02  4.1672E-02 -1.6218E+01 -1.2741E+00
  3.4661E-01  9.6000E+02  1.8964E+02  1.9999E+02  2.7894E-02 -1.3248E+01 -1.0025E+00
  7.1369E-04  1.0000E+03  1.9755E+02  2.0399E+02  1.7251E-02 -1.1324E+01 -8.2636E-01
