  26  3.9900000E+00
  3.2100E+01  1.0000E-03  1.0670E+01  1.7889E+01  1.0670E+01  0.0000E+00  0.0000E+00
  2.2939E+01  4.0000E+01  1.0674E+01  1.7890E+01  1.0667E+01 -2.9786E-04 -5.7571E-04
  1.8113E+01  8.0000E+01  1.0677E+01  1.7964E+01  1.0609E+01  1.4652E-02  1.4918E-02
  1.5681E+01  1.2000E+02  1.0643E+01  1.8112E+01  1.0513E+01  7.4836E-02  3.8402E-02
  1.3914E+01  1.6000E+02  1.0575E+01  1.8438E+01  1.0231E+01  2.2315E-01  8.3195E-02
  1.2477E+01  2.0000E+02  1.0721E+01  1.9114E+01  9.7173E+00  3.6885E-01  1.1175E-01
  1.1249E+01  2.4000E+02  1.1506E+01  2.0270E+01  9.0565E+00  3.0228E-01  7.8369E-02
  1.0167E+01  2.8000E+02  1.3104E+01  2.1860E+01  8.3468E+00 -8.5491E-03 -1.9506E-03
  9.2002E+00  3.2000E+02  1.5386E+01  2.3785E+01  7.6995E+00 -3.6915E-01 -7.5314E-02
  8.3250E+00  3.6000E+02  1.8096E+01  2.5946E+01  7.1652E+00 -6.2604E-01 -1.1559E-01
  7.5253E+00  4.0000E+02  2.1026E+01  2.8271E+01  6.7302E+00 -7.5733E-01 -1.2779E-01
  6.7884E+00  4.4000E+02  2.4056E+01  3.0676E+01  6.3610E+00 -8.4725E-01 -1.3171E-01
  6.1051E+00  4.8000E+02  2.7109E+01  3.3086E+01  6.0340E+00 -9.4152E-01 -1.3574E-01
  5.4678E+00  5.2000E+02  3.0138E+01  3.5461E+01  5.7358E+00 -1.0255E+00 -1.3787E-01
  4.8708E+00  5.6000E+02  3.3106E+01  3.7780E+01  5.4591E+00 -1.0882E+00 -1.3707E-01
  4.3092E+00  6.0000E+02  3.5977E+01  4.0015E+01  5.1992E+00 -1.1318E+00 -1.3410E-01
  3.7791E+00  6.4000E+02  3.8717E+01  4.2143E+01  4.9522E+00 -1.1543E+00 -1.2910E-01
  3.2772E+00  6.8000E+02  4.1308E+01  4.4161E+01  4.7156E+00 -1.1432E+00 -1.2106E-01
  2.8006E+00  7.2000E+02  4.3784E+01  4.6115E+01  4.4875E+00 -1.0934E+00 -1.0993E-01
  2.3469E+00  7.6000E+02  4.6185E+01  4.8052E+01  4.2675E+00 -1.0236E+00 -9.7988E-02
  1.9139E+00  8.0000E+02  4.8510E+01  4.9965E+01  4.0566E+00 -9.5199E-01 -8.6978E-02
  1.4996E+00  8.4000E+02  5.0739E+01  5.1815E+01  3.8548E+00 -9.1618E-01 -8.0075E-02
  1.1026E+00  8.8000E+02  5.2775E+01  5.3510E+01  3.6572E+00 -8.5692E-01 -7.1777E-02
  7.2146E-01  9.2000E+02  5.4800E+01  5.5281E+01  3.4572E+00 -6.6435E-01 -5.3422E-02
  3.5446E-01  9.6000E+02  5.7358E+01  5.7618E+01  3.2520E+00 -6.0268E-01 -4.6665E-02
  7.0854E-04  1.0000E+03  6.0851E+01  6.0237E+01  3.0373E+00 -2.4726E+00 -1.8454E-01
