  26  3.9900000E+00
  3.2057E+01  1.0000E-03  9.8511E+00  1.6591E+01  9.8511E+00  0.0000E+00  0.0000E+00
  2.2863E+01  4.0000E+01  9.8537E+00  1.6594E+01  9.8482E+00 -2.0511E-05 -3.9787E-05
  1.7939E+01  8.0000E+01  9.8670E+00  1.6649E+01  9.7916E+00  8.5234E-03  8.8548E-03
  1.5420E+01  1.2000E+02  9.8566E+00  1.6761E+01  9.6918E+00  4.8487E-02  2.5770E-02
  1.3612E+01  1.6000E+02  9.8256E+00  1.7010E+01  9.4221E+00  1.5495E-01  5.9097E-02
  1.2167E+01  2.0000E+02  9.9458E+00  1.7492E+01  8.9841E+00  2.5010E-01  7.6291E-02
  1.0947E+01  2.4000E+02  1.0416E+01  1.8246E+01  8.4551E+00  2.3262E-01  5.9861E-02
  9.8853E+00  2.8000E+02  1.1302E+01  1.9266E+01  7.8935E+00  1.2575E-01  2.8167E-02
  8.9421E+00  3.2000E+02  1.2588E+01  2.0524E+01  7.3654E+00 -2.9280E-02 -5.8263E-03
  8.0916E+00  3.6000E+02  1.4216E+01  2.2006E+01  6.8997E+00 -1.7150E-01 -3.0773E-02
  7.3156E+00  4.0000E+02  1.6121E+01  2.3693E+01  6.5077E+00 -2.8070E-01 -4.5957E-02
  6.6009E+00  4.4000E+02  1.8226E+01  2.5536E+01  6.1774E+00 -3.6585E-01 -5.5171E-02
  5.9376E+00  4.8000E+02  2.0448E+01  2.7461E+01  5.8934E+00 -4.4803E-01 -6.2696E-02
  5.3185E+00  5.2000E+02  2.2699E+01  2.9380E+01  5.6448E+00 -5.3564E-01 -6.9964E-02
  4.7379E+00  5.6000E+02  2.4897E+01  3.1213E+01  5.4247E+00 -6.3016E-01 -7.7182E-02
  4.1916E+00  6.0000E+02  2.6990E+01  3.2903E+01  5.2266E+00 -7.3719E-01 -8.4982E-02
  3.6757E+00  6.4000E+02  2.8962E+01  3.4429E+01  5.0434E+00 -8.6417E-01 -9.4058E-02
  3.1872E+00  6.8000E+02  3.0846E+01  3.5814E+01  4.8663E+00 -1.0216E+00 -1.0528E-01
  2.7235E+00  7.2000E+02  3.2706E+01  3.7114E+01  4.6848E+00 -1.2072E+00 -1.1810E-01
  2.2823E+00  7.6000E+02  3.4587E+01  3.8388E+01  4.4902E+00 -1.3760E+00 -1.2811E-01
  1.8613E+00  8.0000E+02  3.6515E+01  3.9699E+01  4.2792E+00 -1.4656E+00 -1.3017E-01
  1.4586E+00  8.4000E+02  3.8525E+01  4.1104E+01  4.0566E+00 -1.5037E+00 -1.2773E-01
  1.0727E+00  8.8000E+02  4.0523E+01  4.2523E+01  3.8299E+00 -1.4975E+00 -1.2195E-01
  7.0203E-01  9.2000E+02  4.2464E+01  4.3988E+01  3.6022E+00 -1.2848E+00 -1.0047E-01
  3.4502E-01  9.6000E+02  4.4822E+01  4.5987E+01  3.3765E+00 -1.0052E+00 -7.5717E-02
  7.1024E-04  1.0000E+03  4.8196E+01  4.9057E+01  3.1595E+00 -8.8512E-01 -6.4297E-02
