  26  3.9900000E+00
  3.1968E+01  1.0000E-03  7.4130E+00  1.2753E+01  7.4130E+00  0.0000E+00  0.0000E+00
  2.2623E+01  4.0000E+01  7.4149E+00  1.2755E+01  7.4101E+00  1.5643E-05  3.0844E-05
  1.7487E+01  8.0000E+01  7.4607E+00  1.2763E+01  7.3577E+00 -7.2414E-03 -7.8458E-03
  1.4798E+01  1.2000E+02  7.5108E+00  1.2779E+01  7.2839E+00 -1.2661E-02 -7.1845E-03
  1.2912E+01  1.6000E+02  7.5620E+00  1.2831E+01  7.1381E+00  2.9615E-04  1.1786E-04
  1.1455E+01  2.0000E+02  7.6105E+00  1.2939E+01  6.9026E+00  4.0610E-02  1.2477E-02
  1.0263E+01  2.4000E+02  7.6835E+00  1.3118E+01  6.6392E+00  8.9250E-02  2.2450E-02
  9.2489E+00  2.8000E+02  7.8027E+00  1.3382E+01  6.3592E+00  1.4283E-01  3.0566E-02
  8.3615E+00  3.2000E+02  8.0109E+00  1.3747E+01  6.0593E+00  1.7628E-01  3.3002E-02
  7.5685E+00  3.6000E+02  8.3678E+00  1.4230E+01  5.7421E+00  1.5882E-01  2.6570E-02
  6.8486E+00  4.0000E+02  8.9221E+00  1.4845E+01  5.4151E+00  8.4513E-02  1.2837E-02
  6.1872E+00  4.4000E+02  9.6957E+00  1.5597E+01  5.0926E+00 -3.2079E-02 -4.4764E-03
  5.5741E+00  4.8000E+02  1.0680E+01  1.6483E+01  4.7925E+00 -1.6026E-01 -2.0729E-02
  5.0017E+00  5.2000E+02  1.1844E+01  1.7494E+01  4.5223E+00 -2.6777E-01 -3.2334E-02
  4.4643E+00  5.6000E+02  1.3154E+01  1.8616E+01  4.2789E+00 -3.4947E-01 -3.9625E-02
  3.9573E+00  6.0000E+02  1.4582E+01  1.9831E+01  4.0566E+00 -4.1988E-01 -4.4918E-02
  3.4769E+00  6.4000E+02  1.6103E+01  2.1115E+01  3.8512E+00 -4.9387E-01 -5.0047E-02
  3.0204E+00  6.8000E+02  1.7696E+01  2.2443E+01  3.6595E+00 -5.8051E-01 -5.5914E-02
  2.5853E+00  7.2000E+02  1.9343E+01  2.3792E+01  3.4794E+00 -6.8468E-01 -6.2860E-02
  2.1695E+00  7.6000E+02  2.1024E+01  2.5137E+01  3.3081E+00 -8.0825E-01 -7.0902E-02
  1.7714E+00  8.0000E+02  2.2712E+01  2.6451E+01  3.1430E+00 -9.3977E-01 -7.8930E-02
  1.3896E+00  8.4000E+02  2.4363E+01  2.7712E+01  2.9816E+00 -1.0217E+00 -8.2290E-02
  1.0230E+00  8.8000E+02  2.5983E+01  2.8968E+01  2.8231E+00 -9.9276E-01 -7.6797E-02
  6.7012E-01  9.2000E+02  2.7708E+01  3.0362E+01  2.6684E+00 -9.3967E-01 -6.9952E-02
  3.2955E-01  9.6000E+02  2.9711E+01  3.1987E+01  2.5193E+00 -1.1094E+00 -7.9711E-02
  5.1399E-04  1.0000E+03  3.2092E+01  3.3394E+01  2.3779E+00 -2.9582E+00 -2.0536E-01
