  26  3.9900000E+00
  3.2002E+01  1.0000E-03  8.4472E+00  1.3990E+01  8.4472E+00  0.0000E+00  0.0000E+00
  2.2716E+01  4.0000E+01  8.4489E+00  1.3993E+01  8.4443E+00  8.8098E-05  1.7260E-04
  1.7650E+01  8.0000E+01  8.4821E+00  1.4017E+01  8.3900E+00 -1.7578E-03 -1.8787E-03
  1.5019E+01  1.2000E+02  8.5131E+00  1.4064E+01  8.3026E+00  6.1449E-03  3.4110E-03
  1.3164E+01  1.6000E+02  8.5341E+00  1.4186E+01  8.0962E+00  5.4452E-02  2.1311E-02
  1.1713E+01  2.0000E+02  8.5984E+00  1.4422E+01  7.7769E+00  1.1818E-01  3.6190E-02
  1.0509E+01  2.4000E+02  8.7825E+00  1.4770E+01  7.4239E+00  1.3563E-01  3.4444E-02
  9.4753E+00  2.8000E+02  9.0922E+00  1.5227E+01  7.0504E+00  1.4292E-01  3.1164E-02
  8.5660E+00  3.2000E+02  9.5591E+00  1.5809E+01  6.6751E+00  1.2641E-01  2.4252E-02
  7.7510E+00  3.6000E+02  1.0228E+01  1.6533E+01  6.3051E+00  6.8689E-02  1.1811E-02
  7.0101E+00  4.0000E+02  1.1127E+01  1.7410E+01  5.9483E+00 -3.0810E-02 -4.8161E-03
  6.3292E+00  4.4000E+02  1.2245E+01  1.8431E+01  5.6206E+00 -1.4234E-01 -2.0448E-02
  5.6982E+00  4.8000E+02  1.3537E+01  1.9574E+01  5.3300E+00 -2.3671E-01 -3.1514E-02
  5.1094E+00  5.2000E+02  1.4960E+01  2.0810E+01  5.0721E+00 -3.1698E-01 -3.9375E-02
  4.5570E+00  5.6000E+02  1.6483E+01  2.2113E+01  4.8386E+00 -3.9893E-01 -4.6491E-02
  4.0364E+00  6.0000E+02  1.8086E+01  2.3461E+01  4.6226E+00 -4.8949E-01 -5.3763E-02
  3.5439E+00  6.4000E+02  1.9749E+01  2.4834E+01  4.4194E+00 -5.8804E-01 -6.1105E-02
  3.0764E+00  6.8000E+02  2.1451E+01  2.6213E+01  4.2264E+00 -6.9149E-01 -6.8204E-02
  2.6314E+00  7.2000E+02  2.3173E+01  2.7579E+01  4.0418E+00 -7.9812E-01 -7.4930E-02
  2.2068E+00  7.6000E+02  2.4897E+01  2.8918E+01  3.8634E+00 -9.0808E-01 -8.1345E-02
  1.8008E+00  8.0000E+02  2.6617E+01  3.0222E+01  3.6886E+00 -1.0275E+00 -8.8014E-02
  1.4119E+00  8.4000E+02  2.8314E+01  3.1471E+01  3.5144E+00 -1.1482E+00 -9.4222E-02
  1.0386E+00  8.8000E+02  2.9953E+01  3.2663E+01  3.3382E+00 -1.1993E+00 -9.4435E-02
  6.7997E-01  9.2000E+02  3.1613E+01  3.3923E+01  3.1584E+00 -1.1150E+00 -8.4376E-02
  3.3425E-01  9.6000E+02  3.3601E+01  3.5543E+01  2.9778E+00 -1.0649E+00 -7.7676E-02
  6.3005E-04  1.0000E+03  3.6234E+01  3.7732E+01  2.8034E+00 -1.3276E+00 -9.3447E-02
