  26  8.5995000E+01
  3.2078E+01  1.0000E-03  2.9491E-01  1.4169E+02  2.9491E-01  0.0000E+00  0.0000E+00
  2.2946E+01  4.0000E+01  3.0141E-01  1.4169E+02  2.9490E-01 -7.0927E-04 -1.3666E-03
  1.8131E+01  8.0000E+01  6.3578E-01  1.4171E+02  2.9463E-01 -6.5632E-02 -6.6676E-02
  1.5706E+01  1.2000E+02  2.7030E+00  1.4186E+02  2.9308E-01 -7.8887E-01 -4.0351E-01
  1.3947E+01  1.6000E+02  9.3686E+00  1.4279E+02  2.8692E-01 -3.2603E+00 -1.2101E+00
  1.2513E+01  2.0000E+02  2.1739E+01  1.4503E+02  2.7476E-01 -7.0626E+00 -2.1367E+00
  1.1282E+01  2.4000E+02  3.7960E+01  1.4858E+02  2.5693E-01 -1.0298E+01 -2.6735E+00
  1.0198E+01  2.8000E+02  5.4941E+01  1.5288E+02  2.3565E-01 -1.1695E+01 -2.6760E+00
  9.2271E+00  3.2000E+02  7.1546E+01  1.5754E+02  2.1323E-01 -1.2306E+01 -2.5203E+00
  8.3483E+00  3.6000E+02  8.7753E+01  1.6233E+02  1.9019E-01 -1.2992E+01 -2.4090E+00
  7.5452E+00  4.0000E+02  1.0340E+02  1.6709E+02  1.6698E-01 -1.3551E+01 -2.2959E+00
  6.8057E+00  4.4000E+02  1.1812E+02  1.7170E+02  1.4424E-01 -1.3672E+01 -2.1330E+00
  6.1204E+00  4.8000E+02  1.3176E+02  1.7611E+02  1.2234E-01 -1.3462E+01 -1.9464E+00
  5.4818E+00  5.2000E+02  1.4416E+02  1.8033E+02  1.0181E-01 -1.2819E+01 -1.7272E+00
  4.8839E+00  5.6000E+02  1.5521E+02  1.8433E+02  8.3189E-02 -1.1783E+01 -1.4866E+00
  4.3215E+00  6.0000E+02  1.6493E+02  1.8815E+02  6.6790E-02 -1.0517E+01 -1.2477E+00
  3.7907E+00  6.4000E+02  1.7343E+02  1.9176E+02  5.2679E-02 -9.1899E+00 -1.0292E+00
  3.2880E+00  6.8000E+02  1.8084E+02  1.9519E+02  4.0757E-02 -7.9217E+00 -8.4022E-01
  2.8105E+00  7.2000E+02  1.8729E+02  1.9842E+02  3.0846E-02 -6.7455E+00 -6.7963E-01
  2.3557E+00  7.6000E+02  1.9289E+02  2.0146E+02  2.2771E-02 -5.6292E+00 -5.4016E-01
  1.9215E+00  8.0000E+02  1.9777E+02  2.0436E+02  1.6369E-02 -4.5531E+00 -4.1708E-01
  1.5061E+00  8.4000E+02  2.0208E+02  2.0718E+02  1.1444E-02 -3.5850E+00 -3.1421E-01
  1.1077E+00  8.8000E+02  2.0601E+02  2.0997E+02  7.7276E-03 -2.8598E+00 -2.4033E-01
  7.2503E-01  9.2000E+02  2.0966E+02  2.1278E+02  4.9261E-03 -2.1986E+00 -1.7752E-01
  3.5631E-01  9.6000E+02  2.1372E+02  2.1622E+02  2.7959E-03 -1.6843E+00 -1.3103E-01
  7.0919E-04  1.0000E+03  2.1918E+02  2.2015E+02  1.2534E-03 -4.3085E+00 -3.2324E-01
