  26  3.9900000E+00
  3.1995E+01  1.0000E-03  7.9494E+00  1.3304E+01  7.9494E+00  0.0000E+00  0.0000E+00
  2.2674E+01  4.0000E+01  7.9513E+00  1.3306E+01  7.9466E+00  4.8480E-05  9.5347E-05
  1.7569E+01  8.0000E+01  7.9912E+00  1.3322E+01  7.8932E+00 -4.7690E-03 -5.1363E-03
  1.4906E+01  1.2000E+02  8.0327E+00  1.3352E+01  7.8126E+00 -4.0990E-03 -2.3024E-03
  1.3036E+01  1.6000E+02  8.0716E+00  1.3437E+01  7.6350E+00  2.4439E-02  9.6460E-03
  1.1582E+01  2.0000E+02  8.1266E+00  1.3602E+01  7.3544E+00  7.5820E-02  2.3252E-02
  1.0384E+01  2.4000E+02  8.2488E+00  1.3860E+01  7.0461E+00  1.1300E-01  2.8561E-02
  9.3600E+00  2.8000E+02  8.4527E+00  1.4211E+01  6.7196E+00  1.4348E-01  3.1001E-02
  8.4616E+00  3.2000E+02  8.7752E+00  1.4672E+01  6.3825E+00  1.5456E-01  2.9299E-02
  7.6575E+00  3.6000E+02  9.2712E+00  1.5262E+01  6.0399E+00  1.1720E-01  1.9882E-02
  6.9270E+00  4.0000E+02  9.9822E+00  1.5993E+01  5.6978E+00  2.7330E-02  4.2120E-03
  6.2559E+00  4.4000E+02  1.0916E+01  1.6864E+01  5.3714E+00 -9.3051E-02 -1.3175E-02
  5.6339E+00  4.8000E+02  1.2045E+01  1.7864E+01  5.0749E+00 -2.0777E-01 -2.7265E-02
  5.0535E+00  5.2000E+02  1.3330E+01  1.8976E+01  4.8096E+00 -2.9898E-01 -3.6614E-02
  4.5087E+00  5.6000E+02  1.4738E+01  2.0180E+01  4.5694E+00 -3.7442E-01 -4.3031E-02
  3.9951E+00  6.0000E+02  1.6245E+01  2.1457E+01  4.3485E+00 -4.4762E-01 -4.8507E-02
  3.5089E+00  6.4000E+02  1.7829E+01  2.2784E+01  4.1428E+00 -5.2696E-01 -5.4057E-02
  3.0471E+00  6.8000E+02  1.9468E+01  2.4139E+01  3.9495E+00 -6.1662E-01 -6.0080E-02
  2.6072E+00  7.2000E+02  2.1145E+01  2.5500E+01  3.7666E+00 -7.1939E-01 -6.6764E-02
  2.1871E+00  7.6000E+02  2.2842E+01  2.6845E+01  3.5917E+00 -8.3756E-01 -7.4221E-02
  1.7852E+00  8.0000E+02  2.4541E+01  2.8154E+01  3.4218E+00 -9.7085E-01 -8.2320E-02
  1.4000E+00  8.4000E+02  2.6204E+01  2.9400E+01  3.2541E+00 -1.0807E+00 -8.7835E-02
  1.0303E+00  8.8000E+02  2.7808E+01  3.0605E+01  3.0868E+00 -1.0803E+00 -8.4280E-02
  6.7470E-01  9.2000E+02  2.9480E+01  3.1926E+01  2.9200E+00 -9.8579E-01 -7.3952E-02
  3.3174E-01  9.6000E+02  3.1470E+01  3.3559E+01  2.7564E+00 -1.0418E+00 -7.5381E-02
  5.6925E-04  1.0000E+03  3.3961E+01  3.5360E+01  2.6002E+00 -2.0816E+00 -1.4544E-01
