  26  3.9900000E+00
  3.0331E+01  1.0000E-03  2.8132E+00  1.1232E+01  2.8132E+00  0.0000E+00  0.0000E+00
  2.1526E+01  4.0000E+01  2.8135E+00  1.1234E+01  2.8104E+00  2.0713E-04  3.8478E-04
  1.6680E+01  8.0000E+01  2.8244E+00  1.1255E+01  2.7684E+00  2.0975E-03  2.1444E-03
  1.4113E+01  1.2000E+02  2.8414E+00  1.1278E+01  2.7243E+00  2.1827E-03  1.1823E-03
  1.2300E+01  1.6000E+02  2.8507E+00  1.1313E+01  2.6658E+00  1.4100E-02  5.3938E-03
  1.0919E+01  2.0000E+02  2.8436E+00  1.1380E+01  2.5673E+00  5.3423E-02  1.5565E-02
  9.8020E+00  2.4000E+02  2.8355E+00  1.1504E+01  2.4382E+00  1.1864E-01  2.7951E-02
  8.8542E+00  2.8000E+02  2.8560E+00  1.1694E+01  2.3040E+00  1.7927E-01  3.5845E-02
  8.0225E+00  3.2000E+02  2.9333E+00  1.1952E+01  2.1651E+00  2.1691E-01  3.8066E-02
  7.2761E+00  3.6000E+02  3.1053E+00  1.2279E+01  2.0225E+00  2.0821E-01  3.2784E-02
  6.5966E+00  4.0000E+02  3.4000E+00  1.2687E+01  1.8799E+00  1.6654E-01  2.3878E-02
  5.9711E+00  4.4000E+02  3.8328E+00  1.3190E+01  1.7413E+00  1.1243E-01  1.4837E-02
  5.3903E+00  4.8000E+02  4.4219E+00  1.3808E+01  1.6116E+00  4.9123E-02  6.0196E-03
  4.8466E+00  5.2000E+02  5.2011E+00  1.4555E+01  1.4923E+00 -5.9466E-02 -6.8210E-03
  4.3343E+00  5.6000E+02  6.1974E+00  1.5432E+01  1.3818E+00 -2.3328E-01 -2.5215E-02
  3.8490E+00  6.0000E+02  7.4094E+00  1.6431E+01  1.2780E+00 -4.3793E-01 -4.4833E-02
  3.3877E+00  6.4000E+02  8.8114E+00  1.7542E+01  1.1797E+00 -6.3068E-01 -6.1389E-02
  2.9476E+00  6.8000E+02  1.0369E+01  1.8750E+01  1.0870E+00 -7.9424E-01 -7.3734E-02
  2.5269E+00  7.2000E+02  1.2050E+01  2.0039E+01  1.0002E+00 -9.3243E-01 -8.2774E-02
  2.1236E+00  7.6000E+02  1.3827E+01  2.1390E+01  9.1912E-01 -1.0562E+00 -8.9858E-02
  1.7364E+00  8.0000E+02  1.5677E+01  2.2785E+01  8.4347E-01 -1.1753E+00 -9.6007E-02
  1.3640E+00  8.4000E+02  1.7582E+01  2.4207E+01  7.7267E-01 -1.2978E+00 -1.0198E-01
  1.0052E+00  8.8000E+02  1.9525E+01  2.5639E+01  7.0620E-01 -1.4256E+00 -1.0791E-01
  6.5908E-01  9.2000E+02  2.1546E+01  2.7122E+01  6.4271E-01 -1.5520E+00 -1.1334E-01
  3.2436E-01  9.6000E+02  2.3808E+01  2.8787E+01  5.8147E-01 -1.7844E+00 -1.2601E-01
  4.2666E-04  1.0000E+03  2.6471E+01  3.0342E+01  5.2390E-01 -3.4211E+00 -2.3381E-01
