  26  8.5995000E+01
  3.2086E+01  1.0000E-03  2.9383E-01  1.4220E+02  2.9383E-01  0.0000E+00  0.0000E+00
  2.2946E+01  4.0000E+01  3.0037E-01  1.4220E+02  2.9382E-01 -7.1401E-04 -1.3768E-03
  1.8130E+01  8.0000E+01  6.4333E-01  1.4222E+02  2.9355E-01 -6.7407E-02 -6.8502E-02
  1.5704E+01  1.2000E+02  2.7886E+00  1.4238E+02  2.9194E-01 -8.1873E-01 -4.1892E-01
  1.3944E+01  1.6000E+02  9.5451E+00  1.4332E+02  2.8569E-01 -3.3002E+00 -1.2259E+00
  1.2510E+01  2.0000E+02  2.1799E+01  1.4555E+02  2.7364E-01 -6.9887E+00 -2.1146E+00
  1.1280E+01  2.4000E+02  3.7726E+01  1.4908E+02  2.5619E-01 -1.0080E+01 -2.6157E+00
  1.0196E+01  2.8000E+02  5.4379E+01  1.5333E+02  2.3548E-01 -1.1445E+01 -2.6174E+00
  9.2257E+00  3.2000E+02  7.0614E+01  1.5792E+02  2.1380E-01 -1.2001E+01 -2.4563E+00
  8.3474E+00  3.6000E+02  8.6436E+01  1.6264E+02  1.9162E-01 -1.2646E+01 -2.3432E+00
  7.5447E+00  4.0000E+02  1.0176E+02  1.6733E+02  1.6927E-01 -1.3236E+01 -2.2414E+00
  6.8056E+00  4.4000E+02  1.1627E+02  1.7188E+02  1.4730E-01 -1.3480E+01 -2.1022E+00
  6.1204E+00  4.8000E+02  1.2988E+02  1.7625E+02  1.2588E-01 -1.3496E+01 -1.9509E+00
  5.4819E+00  5.2000E+02  1.4243E+02  1.8041E+02  1.0543E-01 -1.3129E+01 -1.7686E+00
  4.8840E+00  5.6000E+02  1.5375E+02  1.8438E+02  8.6540E-02 -1.2291E+01 -1.5506E+00
  4.3217E+00  6.0000E+02  1.6376E+02  1.8816E+02  6.9660E-02 -1.1089E+01 -1.3155E+00
  3.7909E+00  6.4000E+02  1.7251E+02  1.9177E+02  5.5016E-02 -9.6944E+00 -1.0856E+00
  3.2882E+00  6.8000E+02  1.8012E+02  1.9521E+02  4.2632E-02 -8.2694E+00 -8.7700E-01
  2.8107E+00  7.2000E+02  1.8673E+02  1.9852E+02  3.2405E-02 -6.9225E+00 -6.9742E-01
  2.3559E+00  7.6000E+02  1.9250E+02  2.0169E+02  2.4155E-02 -5.7167E+00 -5.4863E-01
  1.9215E+00  8.0000E+02  1.9756E+02  2.0471E+02  1.7659E-02 -4.6952E+00 -4.3029E-01
  1.5058E+00  8.4000E+02  2.0201E+02  2.0754E+02  1.2646E-02 -3.8980E+00 -3.4188E-01
  1.1072E+00  8.8000E+02  2.0593E+02  2.1014E+02  8.7824E-03 -3.3328E+00 -2.8028E-01
  7.2436E-01  9.2000E+02  2.0944E+02  2.1260E+02  5.7065E-03 -2.7456E+00 -2.2175E-01
  3.5582E-01  9.6000E+02  2.1319E+02  2.1556E+02  3.2295E-03 -2.1116E+00 -1.6419E-01
  7.3912E-04  1.0000E+03  2.1799E+02  2.1937E+02  1.4284E-03 -2.7763E+00 -2.0799E-01
