  26  3.9900000E+00
  2.9834E+01  1.0000E-03  5.6886E-01  1.1117E+01  5.6886E-01  0.0000E+00  0.0000E+00
  2.1230E+01  4.0000E+01  5.6893E-01  1.1120E+01  5.6624E-01  2.4035E-04  4.3632E-04
  1.6506E+01  8.0000E+01  5.8124E-01  1.1147E+01  5.3758E-01  3.1488E-03  3.1384E-03
  1.4000E+01  1.2000E+02  6.0319E-01  1.1178E+01  5.1080E-01  3.5961E-03  1.9010E-03
  1.2222E+01  1.6000E+02  6.2590E-01  1.1222E+01  4.7499E-01  1.2054E-02  4.5232E-03
  1.0863E+01  2.0000E+02  6.6063E-01  1.1300E+01  4.2634E-01  3.1906E-02  9.1468E-03
  9.7593E+00  2.4000E+02  7.1991E-01  1.1434E+01  3.7590E-01  6.7995E-02  1.5830E-02
  8.8193E+00  2.8000E+02  8.1583E-01  1.1628E+01  3.2981E-01  1.0412E-01  2.0648E-02
  7.9929E+00  3.2000E+02  9.7448E-01  1.1879E+01  2.8891E-01  1.1144E-01  1.9431E-02
  7.2510E+00  3.6000E+02  1.2238E+00  1.2192E+01  2.5236E-01  8.6747E-02  1.3578E-02
  6.5755E+00  4.0000E+02  1.5841E+00  1.2582E+01  2.1998E-01  4.2847E-02  6.1059E-03
  5.9540E+00  4.4000E+02  2.0662E+00  1.3064E+01  1.9152E-01  4.8461E-04  6.3544E-05
  5.3768E+00  4.8000E+02  2.6912E+00  1.3661E+01  1.6651E-01 -4.7980E-02 -5.8432E-03
  4.8361E+00  5.2000E+02  3.5046E+00  1.4387E+01  1.4441E-01 -1.6255E-01 -1.8543E-02
  4.3261E+00  5.6000E+02  4.5466E+00  1.5240E+01  1.2478E-01 -3.6997E-01 -3.9812E-02
  3.8426E+00  6.0000E+02  5.8214E+00  1.6217E+01  1.0743E-01 -6.1635E-01 -6.2870E-02
  3.3826E+00  6.4000E+02  7.3001E+00  1.7309E+01  9.2194E-02 -8.4099E-01 -8.1614E-02
  2.9437E+00  6.8000E+02  8.9414E+00  1.8502E+01  7.8837E-02 -1.0200E+00 -9.4458E-02
  2.5238E+00  7.2000E+02  1.0707E+01  1.9781E+01  6.7163E-02 -1.1586E+00 -1.0263E-01
  2.1213E+00  7.6000E+02  1.2566E+01  2.1128E+01  5.6943E-02 -1.2727E+00 -1.0808E-01
  1.7348E+00  8.0000E+02  1.4494E+01  2.2523E+01  4.7950E-02 -1.3781E+00 -1.1240E-01
  1.3628E+00  8.4000E+02  1.6470E+01  2.3946E+01  4.0015E-02 -1.4895E+00 -1.1688E-01
  1.0045E+00  8.8000E+02  1.8476E+01  2.5377E+01  3.2990E-02 -1.6058E+00 -1.2141E-01
  6.5868E-01  9.2000E+02  2.0572E+01  2.6876E+01  2.6624E-02 -1.7232E+00 -1.2572E-01
  3.2421E-01  9.6000E+02  2.2929E+01  2.8583E+01  2.0896E-02 -1.9419E+00 -1.3703E-01
  4.1140E-04  1.0000E+03  2.5675E+01  3.0294E+01  1.6124E-02 -3.1973E+00 -2.1842E-01
