  26  8.5995000E+01
  3.1900E+01  1.0000E-03  1.8562E-01  1.3390E+02  1.8562E-01  0.0000E+00  0.0000E+00
  2.2551E+01  4.0000E+01  1.9371E-01  1.3390E+02  1.8561E-01 -8.1423E-04 -1.6060E-03
  1.7400E+01  8.0000E+01  4.9993E-01  1.3389E+02  1.8539E-01 -6.0570E-02 -6.5826E-02
  1.4692E+01  1.2000E+02  1.6386E+00  1.3386E+02  1.8471E-01 -4.3108E-01 -2.4633E-01
  1.2793E+01  1.6000E+02  4.8203E+00  1.3382E+02  1.8268E-01 -1.6963E+00 -6.7934E-01
  1.1336E+01  2.0000E+02  9.5454E+00  1.3386E+02  1.7932E-01 -3.2160E+00 -9.8882E-01
  1.0151E+01  2.4000E+02  1.4862E+01  1.3409E+02  1.7515E-01 -4.2944E+00 -1.0739E+00
  9.1471E+00  2.8000E+02  2.0426E+01  1.3458E+02  1.7050E-01 -5.0574E+00 -1.0709E+00
  8.2712E+00  3.2000E+02  2.6330E+01  1.3541E+02  1.6526E-01 -5.7932E+00 -1.0705E+00
  7.4892E+00  3.6000E+02  3.2820E+01  1.3658E+02  1.5924E-01 -6.8050E+00 -1.1227E+00
  6.7794E+00  4.0000E+02  3.9832E+01  1.3808E+02  1.5251E-01 -7.7638E+00 -1.1627E+00
  6.1271E+00  4.4000E+02  4.7162E+01  1.3988E+02  1.4526E-01 -8.4737E+00 -1.1662E+00
  5.5221E+00  4.8000E+02  5.4685E+01  1.4195E+02  1.3766E-01 -9.0198E+00 -1.1512E+00
  4.9571E+00  5.2000E+02  6.2322E+01  1.4424E+02  1.2984E-01 -9.4606E+00 -1.1279E+00
  4.4261E+00  5.6000E+02  7.0033E+01  1.4671E+02  1.2190E-01 -9.8731E+00 -1.1060E+00
  3.9248E+00  6.0000E+02  7.7772E+01  1.4930E+02  1.1395E-01 -1.0266E+01 -1.0857E+00
  3.4497E+00  6.4000E+02  8.5479E+01  1.5196E+02  1.0605E-01 -1.0626E+01 -1.0653E+00
  2.9977E+00  6.8000E+02  9.3114E+01  1.5463E+02  9.8218E-02 -1.0982E+01 -1.0472E+00
  2.5667E+00  7.2000E+02  1.0067E+02  1.5727E+02  9.0416E-02 -1.1405E+01 -1.0372E+00
  2.1545E+00  7.6000E+02  1.0818E+02  1.5984E+02  8.2577E-02 -1.1982E+01 -1.0418E+00
  1.7597E+00  8.0000E+02  1.1565E+02  1.6231E+02  7.4671E-02 -1.2676E+01 -1.0559E+00
  1.3809E+00  8.4000E+02  1.2308E+02  1.6466E+02  6.6648E-02 -1.3384E+01 -1.0697E+00
  1.0168E+00  8.8000E+02  1.3046E+02  1.6701E+02  5.8580E-02 -1.3826E+01 -1.0620E+00
  6.6623E-01  9.2000E+02  1.3784E+02  1.6947E+02  5.0675E-02 -1.4018E+01 -1.0369E+00
  3.2768E-01  9.6000E+02  1.4527E+02  1.7200E+02  4.3194E-02 -1.4477E+01 -1.0340E+00
  4.8098E-04  1.0000E+03  1.5273E+02  1.7337E+02  3.6385E-02 -1.8623E+01 -1.2856E+00
