  26  8.5995000E+01
  3.1115E+01  1.0000E-03  1.2465E-01  1.3107E+02  1.2465E-01  0.0000E+00  0.0000E+00
  2.2009E+01  4.0000E+01  1.3015E-01  1.3107E+02  1.2465E-01 -5.6089E-04 -1.0776E-03
  1.6982E+01  8.0000E+01  2.8270E-01  1.3107E+02  1.2449E-01 -3.0115E-02 -3.1939E-02
  1.4321E+01  1.2000E+02  6.2193E-01  1.3107E+02  1.2420E-01 -1.2899E-01 -7.2417E-02
  1.2452E+01  1.6000E+02  1.7411E+00  1.3104E+02  1.2349E-01 -6.1207E-01 -2.4138E-01
  1.1031E+01  2.0000E+02  4.7337E+00  1.3101E+02  1.2168E-01 -2.1295E+00 -6.3822E-01
  9.8880E+00  2.4000E+02  9.2472E+00  1.3115E+02  1.1879E-01 -3.8273E+00 -9.2310E-01
  8.9236E+00  2.8000E+02  1.4418E+01  1.3160E+02  1.1531E-01 -4.8893E+00 -9.9482E-01
  8.0808E+00  3.2000E+02  1.9923E+01  1.3244E+02  1.1155E-01 -5.5336E+00 -9.8396E-01
  7.3261E+00  3.6000E+02  2.5781E+01  1.3358E+02  1.0745E-01 -6.2513E+00 -9.9543E-01
  6.6391E+00  4.0000E+02  3.2051E+01  1.3498E+02  1.0306E-01 -7.0941E+00 -1.0282E+00
  6.0066E+00  4.4000E+02  3.8588E+01  1.3661E+02  9.8440E-02 -7.7530E+00 -1.0345E+00
  5.4193E+00  4.8000E+02  4.5258E+01  1.3848E+02  9.3660E-02 -8.1743E+00 -1.0129E+00
  4.8699E+00  5.2000E+02  5.2062E+01  1.4058E+02  8.8766E-02 -8.5589E+00 -9.9208E-01
  4.3528E+00  5.6000E+02  5.9039E+01  1.4289E+02  8.3764E-02 -9.0347E+00 -9.8562E-01
  3.8637E+00  6.0000E+02  6.6218E+01  1.4535E+02  7.8648E-02 -9.6373E+00 -9.9447E-01
  3.3992E+00  6.4000E+02  7.3591E+01  1.4793E+02  7.3420E-02 -1.0323E+01 -1.0116E+00
  2.9566E+00  6.8000E+02  8.1121E+01  1.5059E+02  6.8082E-02 -1.1019E+01 -1.0289E+00
  2.5338E+00  7.2000E+02  8.8753E+01  1.5328E+02  6.2636E-02 -1.1691E+01 -1.0430E+00
  2.1288E+00  7.6000E+02  9.6440E+01  1.5596E+02  5.7100E-02 -1.2340E+01 -1.0543E+00
  1.7402E+00  8.0000E+02  1.0415E+02  1.5862E+02  5.1509E-02 -1.3010E+01 -1.0667E+00
  1.3666E+00  8.4000E+02  1.1188E+02  1.6123E+02  4.5923E-02 -1.3710E+01 -1.0806E+00
  1.0069E+00  8.8000E+02  1.1962E+02  1.6377E+02  4.0383E-02 -1.4459E+01 -1.0973E+00
  6.6002E-01  9.2000E+02  1.2749E+02  1.6629E+02  3.4843E-02 -1.5428E+01 -1.1291E+00
  3.2474E-01  9.6000E+02  1.3573E+02  1.6884E+02  2.9267E-02 -1.6940E+01 -1.1983E+00
  4.4445E-04  1.0000E+03  1.4439E+02  1.7047E+02  2.3846E-02 -2.1686E+01 -1.4838E+00
