  26  8.5995000E+01
  3.2000E+01  1.0000E-03  2.2260E-01  1.3825E+02  2.2260E-01  0.0000E+00  0.0000E+00
  2.2695E+01  4.0000E+01  2.3051E-01  1.3826E+02  2.2260E-01 -7.8773E-04 -1.5464E-03
  1.7609E+01  8.0000E+01  6.1213E-01  1.3826E+02  2.2233E-01 -7.5102E-02 -8.0586E-02
  1.4962E+01  1.2000E+02  2.6498E+00  1.3824E+02  2.2108E-01 -7.7403E-01 -4.3226E-01
  1.3099E+01  1.6000E+02  8.0146E+00  1.3841E+02  2.1713E-01 -2.7896E+00 -1.0963E+00
  1.1647E+01  2.0000E+02  1.5194E+01  1.3894E+02  2.1119E-01 -4.5788E+00 -1.4031E+00
  1.0446E+01  2.4000E+02  2.2710E+01  1.3979E+02  2.0448E-01 -5.5529E+00 -1.4069E+00
  9.4174E+00  2.8000E+02  2.9939E+01  1.4090E+02  1.9743E-01 -5.9468E+00 -1.2908E+00
  8.5135E+00  3.2000E+02  3.7050E+01  1.4229E+02  1.9000E-01 -6.3258E+00 -1.2064E+00
  7.7039E+00  3.6000E+02  4.4261E+01  1.4398E+02  1.8213E-01 -6.8181E+00 -1.1645E+00
  6.9682E+00  4.0000E+02  5.1708E+01  1.4596E+02  1.7379E-01 -7.4350E+00 -1.1541E+00
  6.2922E+00  4.4000E+02  5.9338E+01  1.4818E+02  1.6510E-01 -8.0032E+00 -1.1415E+00
  5.6657E+00  4.8000E+02  6.7014E+01  1.5058E+02  1.5627E-01 -8.4236E+00 -1.1134E+00
  5.0811E+00  5.2000E+02  7.4645E+01  1.5309E+02  1.4748E-01 -8.7598E+00 -1.0804E+00
  4.5325E+00  5.6000E+02  8.2195E+01  1.5566E+02  1.3881E-01 -9.0822E+00 -1.0511E+00
  4.0154E+00  6.0000E+02  8.9649E+01  1.5824E+02  1.3028E-01 -9.4224E+00 -1.0279E+00
  3.5261E+00  6.4000E+02  9.6996E+01  1.6080E+02  1.2186E-01 -9.7825E+00 -1.0100E+00
  3.0615E+00  6.8000E+02  1.0422E+02  1.6330E+02  1.1353E-01 -1.0164E+01 -9.9633E-01
  2.6191E+00  7.2000E+02  1.1132E+02  1.6572E+02  1.0525E-01 -1.0593E+01 -9.8877E-01
  2.1968E+00  7.6000E+02  1.1835E+02  1.6802E+02  9.6946E-02 -1.1171E+01 -9.9521E-01
  1.7929E+00  8.0000E+02  1.2538E+02  1.7022E+02  8.8453E-02 -1.1989E+01 -1.0217E+00
  1.4058E+00  8.4000E+02  1.3251E+02  1.7228E+02  7.9560E-02 -1.3073E+01 -1.0675E+00
  1.0343E+00  8.8000E+02  1.3977E+02  1.7427E+02  7.0055E-02 -1.4210E+01 -1.1136E+00
  6.7725E-01  9.2000E+02  1.4732E+02  1.7642E+02  5.9846E-02 -1.5113E+01 -1.1386E+00
  3.3295E-01  9.6000E+02  1.5528E+02  1.7900E+02  4.9382E-02 -1.5611E+01 -1.1340E+00
  6.0097E-04  1.0000E+03  1.6353E+02  1.8161E+02  3.9683E-02 -1.6985E+01 -1.1910E+00
