  26  3.7500000E+00
  2.7202E+01  1.7630E+01  9.6323E+02  9.9322E+01  9.6169E+02  0.0000E+00  0.0000E+00
  2.6783E+01  2.0000E+01  9.6308E+02  9.9267E+01  9.6140E+02  2.4212E-01  3.6164E-01
  1.9703E+01  6.0000E+01  9.5960E+02  9.7446E+01  9.5364E+02  2.3444E-01  3.5018E-01
  1.6371E+01  1.0000E+02  9.5625E+02  9.5556E+01  9.4627E+02  4.3814E-01  3.0802E-01
  1.4145E+01  1.4000E+02  9.5251E+02  9.3607E+01  9.3875E+02  8.0412E-01  3.7760E-01
  1.2459E+01  1.8000E+02  9.4796E+02  9.1608E+01  9.3064E+02  1.5124E+00  5.3798E-01
  1.1099E+01  2.2000E+02  9.4263E+02  8.9567E+01  9.2196E+02  2.4166E+00  6.9359E-01
  9.9583E+00  2.6000E+02  9.3678E+02  8.7487E+01  9.1295E+02  3.3042E+00  7.9500E-01
  8.9766E+00  3.0000E+02  9.3058E+02  8.5372E+01  9.0376E+02  4.1610E+00  8.6186E-01
  8.1138E+00  3.4000E+02  9.2404E+02  8.3226E+01  8.9441E+02  5.0922E+00  9.2693E-01
  7.3422E+00  3.8000E+02  9.1708E+02  8.1053E+01  8.8479E+02  6.2108E+00  1.0111E+00
  6.6415E+00  4.2000E+02  9.0959E+02  7.8857E+01  8.7481E+02  7.5502E+00  1.1162E+00
  5.9973E+00  4.6000E+02  9.0157E+02  7.6639E+01  8.6443E+02  9.0081E+00  1.2243E+00
  5.3997E+00  5.0000E+02  8.9310E+02  7.4404E+01  8.5374E+02  1.0432E+01  1.3152E+00
  4.8416E+00  5.4000E+02  8.8431E+02  7.2153E+01  8.4286E+02  1.1723E+01  1.3805E+00
  4.3174E+00  5.8000E+02  8.7531E+02  6.9888E+01  8.3191E+02  1.2837E+01  1.4196E+00
  3.8230E+00  6.2000E+02  8.6622E+02  6.7611E+01  8.2098E+02  1.3782E+01  1.4376E+00
  3.3548E+00  6.6000E+02  8.5710E+02  6.5326E+01  8.1014E+02  1.4590E+01  1.4413E+00
  2.9098E+00  7.0000E+02  8.4801E+02  6.3033E+01  7.9943E+02  1.5295E+01  1.4362E+00
  2.4853E+00  7.4000E+02  8.3895E+02  6.0736E+01  7.8887E+02  1.5928E+01  1.4266E+00
  2.0791E+00  7.8000E+02  8.2993E+02  5.8440E+01  7.7847E+02  1.6542E+01  1.4173E+00
  1.6897E+00  8.2000E+02  8.2094E+02  5.6148E+01  7.6818E+02  1.7207E+01  1.4139E+00
  1.3154E+00  8.6000E+02  8.1193E+02  5.3871E+01  7.5798E+02  1.7981E+01  1.4198E+00
  9.5519E-01  9.0000E+02  8.0281E+02  5.1622E+01  7.4777E+02  1.9069E+01  1.4493E+00
  6.0776E-01  9.4000E+02  7.9346E+02  4.9433E+01  7.3743E+02  2.0612E+01  1.5109E+00
  2.7164E-01  9.8000E+02  7.8406E+02  4.7349E+01  7.2713E+02  2.1773E+01  1.5440E+00
