  26  8.5995000E+01
  3.0067E+01  1.0000E-03  4.6158E-02  1.0570E+02  4.6141E-02  0.0000E+00  0.0000E+00
  2.1358E+01  4.0000E+01  7.2487E+00  1.0571E+02  3.2161E-02 -8.2588E-01 -1.5175E+00
  1.6572E+01  8.0000E+01  1.4418E+01  1.0597E+02  2.5850E-02 -1.4452E+00 -1.4593E+00
  1.4036E+01  1.2000E+02  1.6114E+01  1.0583E+02  2.4629E-02 -7.2290E-01 -3.8685E-01
  1.2241E+01  1.6000E+02  1.6911E+01  1.0464E+02  2.3521E-02 -1.1039E+00 -4.1807E-01
  1.0874E+01  2.0000E+02  1.9702E+01  1.0391E+02  2.1889E-02 -2.5789E+00 -7.4397E-01
  9.7666E+00  2.4000E+02  2.4188E+01  1.0445E+02  2.0056E-02 -3.5599E+00 -8.3150E-01
  8.8252E+00  2.8000E+02  2.9465E+01  1.0599E+02  1.8314E-02 -3.9785E+00 -7.9018E-01
  7.9981E+00  3.2000E+02  3.5380E+01  1.0816E+02  1.6643E-02 -4.5240E+00 -7.8948E-01
  7.2556E+00  3.6000E+02  4.1857E+01  1.1067E+02  1.5002E-02 -5.3420E+00 -8.3675E-01
  6.5796E+00  4.0000E+02  4.8800E+01  1.1342E+02  1.3379E-02 -6.1988E+00 -8.8407E-01
  5.9575E+00  4.4000E+02  5.6043E+01  1.1645E+02  1.1808E-02 -6.7679E+00 -8.8831E-01
  5.3797E+00  4.8000E+02  6.3559E+01  1.1989E+02  1.0318E-02 -7.0645E+00 -8.6128E-01
  4.8384E+00  5.2000E+02  7.1471E+01  1.2373E+02  8.8983E-03 -7.5180E+00 -8.5860E-01
  4.3278E+00  5.6000E+02  7.9781E+01  1.2782E+02  7.5227E-03 -8.2637E+00 -8.9010E-01
  3.8440E+00  6.0000E+02  8.8356E+01  1.3203E+02  6.1856E-03 -9.0219E+00 -9.2102E-01
  3.3837E+00  6.4000E+02  9.7026E+01  1.3628E+02  4.9152E-03 -9.5987E+00 -9.3214E-01
  2.9445E+00  6.8000E+02  1.0564E+02  1.4052E+02  3.7577E-03 -9.9620E+00 -9.2301E-01
  2.5245E+00  7.2000E+02  1.1408E+02  1.4471E+02  2.7548E-03 -1.0124E+01 -8.9723E-01
  2.1218E+00  7.6000E+02  1.2225E+02  1.4881E+02  1.9300E-03 -1.0114E+01 -8.5916E-01
  1.7351E+00  8.0000E+02  1.3008E+02  1.5279E+02  1.2838E-03 -9.9536E+00 -8.1209E-01
  1.3631E+00  8.4000E+02  1.3752E+02  1.5664E+02  8.0155E-04 -9.6658E+00 -7.5867E-01
  1.0046E+00  8.8000E+02  1.4453E+02  1.6032E+02  4.6075E-04 -9.2787E+00 -7.0168E-01
  6.5877E-01  9.2000E+02  1.5132E+02  1.6400E+02  2.3054E-04 -8.9785E+00 -6.5516E-01
  3.2425E-01  9.6000E+02  1.5826E+02  1.6802E+02  9.4089E-05 -8.7423E+00 -6.1701E-01
  4.1352E-04  1.0000E+03  1.6542E+02  1.7174E+02  3.1898E-05 -1.0627E+01 -7.2610E-01
