  26  8.5995000E+01
  3.0009E+01  1.0000E-03  4.6157E-02  1.0536E+02  4.6141E-02  0.0000E+00  0.0000E+00
  2.1334E+01  4.0000E+01  7.1004E+00  1.0537E+02  3.2186E-02 -8.1190E-01 -1.4861E+00
  1.6566E+01  8.0000E+01  1.4153E+01  1.0562E+02  2.5858E-02 -1.4262E+00 -1.4345E+00
  1.4039E+01  1.2000E+02  1.5893E+01  1.0555E+02  2.4619E-02 -7.1887E-01 -3.8332E-01
  1.2248E+01  1.6000E+02  1.6891E+01  1.0448E+02  2.3469E-02 -1.1513E+00 -4.3493E-01
  1.0882E+01  2.0000E+02  1.9882E+01  1.0389E+02  2.1819E-02 -2.6259E+00 -7.5697E-01
  9.7740E+00  2.4000E+02  2.4441E+01  1.0448E+02  1.9983E-02 -3.5812E+00 -8.3707E-01
  8.8314E+00  2.8000E+02  2.9789E+01  1.0604E+02  1.8234E-02 -4.0108E+00 -7.9761E-01
  8.0031E+00  3.2000E+02  3.5759E+01  1.0823E+02  1.6556E-02 -4.5659E+00 -7.9791E-01
  7.2597E+00  3.6000E+02  4.2279E+01  1.1075E+02  1.4910E-02 -5.3808E+00 -8.4401E-01
  6.5828E+00  4.0000E+02  4.9262E+01  1.1351E+02  1.3284E-02 -6.2380E+00 -8.9088E-01
  5.9598E+00  4.4000E+02  5.6527E+01  1.1654E+02  1.1711E-02 -6.8056E+00 -8.9442E-01
  5.3813E+00  4.8000E+02  6.4028E+01  1.1995E+02  1.0220E-02 -7.0779E+00 -8.6385E-01
  4.8396E+00  5.2000E+02  7.1892E+01  1.2376E+02  8.8048E-03 -7.4754E+00 -8.5441E-01
  4.3288E+00  5.6000E+02  8.0137E+01  1.2783E+02  7.4386E-03 -8.1671E+00 -8.8018E-01
  3.8447E+00  6.0000E+02  8.8650E+01  1.3203E+02  6.1135E-03 -8.9086E+00 -9.0982E-01
  3.3843E+00  6.4000E+02  9.7271E+01  1.3628E+02  4.8555E-03 -9.4964E+00 -9.2251E-01
  2.9450E+00  6.8000E+02  1.0585E+02  1.4052E+02  3.7100E-03 -9.8730E+00 -9.1503E-01
  2.5248E+00  7.2000E+02  1.1425E+02  1.4470E+02  2.7185E-03 -1.0044E+01 -8.9032E-01
  2.1221E+00  7.6000E+02  1.2239E+02  1.4880E+02  1.9037E-03 -1.0040E+01 -8.5308E-01
  1.7353E+00  8.0000E+02  1.3019E+02  1.5278E+02  1.2657E-03 -9.8864E+00 -8.0677E-01
  1.3632E+00  8.4000E+02  1.3760E+02  1.5661E+02  7.8963E-04 -9.6071E+00 -7.5420E-01
  1.0047E+00  8.8000E+02  1.4459E+02  1.6029E+02  4.5335E-04 -9.2304E+00 -6.9814E-01
  6.5882E-01  9.2000E+02  1.5135E+02  1.6396E+02  2.2647E-04 -8.9328E+00 -6.5191E-01
  3.2426E-01  9.6000E+02  1.5825E+02  1.6796E+02  9.2142E-05 -8.6899E+00 -6.1337E-01
  4.1680E-04  1.0000E+03  1.6539E+02  1.7173E+02  3.0991E-05 -1.0384E+01 -7.0951E-01
