  26  3.9900000E+00
  3.1941E+01  1.0000E-03  7.1310E+00  1.1897E+01  7.1310E+00  0.0000E+00  0.0000E+00
  2.2591E+01  4.0000E+01  6.2172E+00  1.1911E+01  6.1871E+00  9.9279E-02  1.9586E-01
  1.7445E+01  8.0000E+01  5.8575E+00  1.1914E+01  5.6994E+00  7.0534E-02  7.6574E-02
  1.4745E+01  1.2000E+02  5.7958E+00  1.1914E+01  5.5123E+00  2.2769E-02  1.2972E-02
  1.2852E+01  1.6000E+02  5.7716E+00  1.1951E+01  5.3023E+00  3.2407E-02  1.2942E-02
  1.1394E+01  2.0000E+02  5.7603E+00  1.2040E+01  5.0314E+00  6.8369E-02  2.1019E-02
  1.0205E+01  2.4000E+02  5.7714E+00  1.2194E+01  4.7436E+00  1.2068E-01  3.0273E-02
  9.1963E+00  2.8000E+02  5.8269E+00  1.2434E+01  4.4505E+00  1.8266E-01  3.8889E-02
  8.3146E+00  3.2000E+02  5.9724E+00  1.2775E+01  4.1427E+00  2.2179E-01  4.1256E-02
  7.5272E+00  3.6000E+02  6.2687E+00  1.3234E+01  3.8214E+00  2.0665E-01  3.4331E-02
  6.8124E+00  4.0000E+02  6.7668E+00  1.3825E+01  3.4962E+00  1.3023E-01  1.9639E-02
  6.1557E+00  4.4000E+02  7.4922E+00  1.4555E+01  3.1809E+00  6.3212E-03  8.7583E-04
  5.5468E+00  4.8000E+02  8.4423E+00  1.5422E+01  2.8913E+00 -1.3712E-01 -1.7614E-02
  4.9783E+00  5.2000E+02  9.5904E+00  1.6419E+01  2.6355E+00 -2.6478E-01 -3.1762E-02
  4.4442E+00  5.6000E+02  1.0903E+01  1.7536E+01  2.4116E+00 -3.6654E-01 -4.1298E-02
  3.9402E+00  6.0000E+02  1.2350E+01  1.8753E+01  2.2145E+00 -4.5530E-01 -4.8417E-02
  3.4626E+00  6.4000E+02  1.3905E+01  2.0048E+01  2.0398E+00 -5.4513E-01 -5.4932E-02
  3.0085E+00  6.8000E+02  1.5546E+01  2.1397E+01  1.8837E+00 -6.4525E-01 -6.1822E-02
  2.5755E+00  7.2000E+02  1.7253E+01  2.2773E+01  1.7430E+00 -7.6122E-01 -6.9541E-02
  2.1616E+00  7.6000E+02  1.9003E+01  2.4153E+01  1.6145E+00 -8.9471E-01 -7.8123E-02
  1.7652E+00  8.0000E+02  2.0764E+01  2.5506E+01  1.4951E+00 -1.0303E+00 -8.6155E-02
  1.3850E+00  8.4000E+02  2.2493E+01  2.6813E+01  1.3824E+00 -1.1083E+00 -8.8903E-02
  1.0197E+00  8.8000E+02  2.4204E+01  2.8129E+01  1.2755E+00 -1.0827E+00 -8.3440E-02
  6.6808E-01  9.2000E+02  2.6029E+01  2.9582E+01  1.1751E+00 -1.0569E+00 -7.8410E-02
  3.2857E-01  9.6000E+02  2.8117E+01  3.1238E+01  1.0818E+00 -1.2709E+00 -9.1037E-02
  4.9443E-04  1.0000E+03  3.0552E+01  3.2494E+01  9.9653E-01 -3.5974E+00 -2.4900E-01
