  26  8.5995000E+01
  3.0822E+01  1.0000E-03  1.0572E-01  1.0894E+02  1.0570E-01  0.0000E+00  0.0000E+00
  2.1819E+01  4.0000E+01  8.6453E+00  1.0962E+02  7.9148E-02 -8.7245E-01 -1.6572E+00
  1.6855E+01  8.0000E+01  1.7377E+01  1.0980E+02  6.2030E-02 -1.7241E+00 -1.8058E+00
  1.4225E+01  1.2000E+02  1.8937E+01  1.0912E+02  5.8956E-02 -8.5145E-01 -4.7239E-01
  1.2375E+01  1.6000E+02  1.9368E+01  1.0751E+02  5.6790E-02 -1.1015E+00 -4.2997E-01
  1.0970E+01  2.0000E+02  2.1353E+01  1.0617E+02  5.4099E-02 -2.3657E+00 -7.0102E-01
  9.8398E+00  2.4000E+02  2.5696E+01  1.0625E+02  5.0772E-02 -3.7742E+00 -9.0008E-01
  8.8845E+00  2.8000E+02  3.1087E+01  1.0731E+02  4.7283E-02 -4.5357E+00 -9.1412E-01
  8.0482E+00  3.2000E+02  3.7426E+01  1.0942E+02  4.3801E-02 -5.0578E+00 -8.9246E-01
  7.2984E+00  3.6000E+02  4.4432E+01  1.1201E+02  4.0224E-02 -5.8847E+00 -9.3090E-01
  6.6157E+00  4.0000E+02  5.1978E+01  1.1491E+02  3.6570E-02 -6.7981E+00 -9.7923E-01
  5.9871E+00  4.4000E+02  5.9822E+01  1.1807E+02  3.2928E-02 -7.4516E+00 -9.8818E-01
  5.4034E+00  4.8000E+02  6.7811E+01  1.2153E+02  2.9385E-02 -7.7673E+00 -9.5662E-01
  4.8571E+00  5.2000E+02  7.5967E+01  1.2530E+02  2.5997E-02 -8.0275E+00 -9.2517E-01
  4.3426E+00  5.6000E+02  8.4293E+01  1.2931E+02  2.2763E-02 -8.3892E+00 -9.1059E-01
  3.8557E+00  6.0000E+02  9.2719E+01  1.3345E+02  1.9668E-02 -8.7991E+00 -9.0403E-01
  3.3929E+00  6.4000E+02  1.0115E+02  1.3764E+02  1.6709E-02 -9.1585E+00 -8.9420E-01
  2.9517E+00  6.8000E+02  1.0947E+02  1.4182E+02  1.3905E-02 -9.3980E+00 -8.7476E-01
  2.5300E+00  7.2000E+02  1.1760E+02  1.4594E+02  1.1296E-02 -9.4999E+00 -8.4523E-01
  2.1260E+00  7.6000E+02  1.2545E+02  1.4996E+02  8.9319E-03 -9.4708E+00 -8.0729E-01
  1.7381E+00  8.0000E+02  1.3296E+02  1.5386E+02  6.8514E-03 -9.3222E+00 -7.6279E-01
  1.3652E+00  8.4000E+02  1.4010E+02  1.5763E+02  5.0781E-03 -9.0603E+00 -7.1291E-01
  1.0060E+00  8.8000E+02  1.4685E+02  1.6125E+02  3.6122E-03 -8.6996E+00 -6.5929E-01
  6.5951E-01  9.2000E+02  1.5331E+02  1.6482E+02  2.4144E-03 -8.3335E+00 -6.0920E-01
  3.2453E-01  9.6000E+02  1.5984E+02  1.6863E+02  1.4717E-03 -8.0995E+00 -5.7242E-01
  4.3682E-04  1.0000E+03  1.6664E+02  1.7181E+02  8.1177E-04 -1.1190E+01 -7.6512E-01
