  26  8.5995000E+01
  3.2096E+01  1.0000E-03  2.9135E-01  1.1980E+02  2.9132E-01  0.0000E+00  0.0000E+00
  2.2943E+01  4.0000E+01  9.8849E+00  1.1703E+02  2.3934E-01 -1.3499E+00 -2.6068E+00
  1.8121E+01  8.0000E+01  1.3308E+01  1.1383E+02  1.8446E-01 -1.3749E+00 -1.3986E+00
  1.5693E+01  1.2000E+02  1.6044E+01  1.1448E+02  1.7293E-01 -8.5909E-01 -4.4017E-01
  1.3928E+01  1.6000E+02  2.5848E+01  1.1860E+02  1.6070E-01 -3.2222E+00 -1.1995E+00
  1.2493E+01  2.0000E+02  4.1390E+01  1.2467E+02  1.4549E-01 -6.5962E+00 -1.9977E+00
  1.1264E+01  2.4000E+02  6.0172E+01  1.3205E+02  1.2769E-01 -9.2762E+00 -2.4055E+00
  1.0181E+01  2.8000E+02  7.9144E+01  1.3954E+02  1.0874E-01 -1.0609E+01 -2.4225E+00
  9.2133E+00  3.2000E+02  9.6734E+01  1.4678E+02  9.0939E-02 -1.0694E+01 -2.1844E+00
  8.3368E+00  3.6000E+02  1.1274E+02  1.5362E+02  7.5054E-02 -1.0452E+01 -1.9329E+00
  7.5356E+00  4.0000E+02  1.2726E+02  1.6006E+02  6.0995E-02 -1.0095E+01 -1.7063E+00
  6.7976E+00  4.4000E+02  1.4024E+02  1.6600E+02  4.8614E-02 -9.5369E+00 -1.4851E+00
  6.1132E+00  4.8000E+02  1.5174E+02  1.7142E+02  3.7646E-02 -8.8726E+00 -1.2810E+00
  5.4753E+00  5.2000E+02  1.6183E+02  1.7638E+02  2.7998E-02 -8.0508E+00 -1.0836E+00
  4.8778E+00  5.6000E+02  1.7057E+02  1.8095E+02  1.9799E-02 -6.9859E+00 -8.8058E-01
  4.3159E+00  6.0000E+02  1.7803E+02  1.8519E+02  1.3223E-02 -5.7204E+00 -6.7813E-01
  3.7856E+00  6.4000E+02  1.8430E+02  1.8913E+02  8.3022E-03 -4.3973E+00 -4.9205E-01
  3.2833E+00  6.8000E+02  1.8958E+02  1.9281E+02  4.8844E-03 -3.1752E+00 -3.3649E-01
  2.8062E+00  7.2000E+02  1.9407E+02  1.9627E+02  2.6846E-03 -2.1718E+00 -2.1861E-01
  2.3518E+00  7.6000E+02  1.9797E+02  1.9952E+02  1.3736E-03 -1.4290E+00 -1.3699E-01
  1.9180E+00  8.0000E+02  2.0143E+02  2.0257E+02  6.5171E-04 -9.2858E-01 -8.4985E-02
  1.5029E+00  8.4000E+02  2.0456E+02  2.0544E+02  2.8392E-04 -6.3331E-01 -5.5454E-02
  1.1051E+00  8.8000E+02  2.0746E+02  2.0815E+02  1.0966E-04 -4.6813E-01 -3.9295E-02
  7.2298E-01  9.2000E+02  2.1021E+02  2.1079E+02  3.4994E-05 -2.9294E-01 -2.3616E-02
  3.5511E-01  9.6000E+02  2.1330E+02  2.1383E+02  8.0116E-06 -1.5575E-01 -1.2088E-02
  7.0846E-04  1.0000E+03  2.1725E+02  2.1758E+02  9.2268E-07 -5.3725E-01 -4.0170E-02
