  26  3.9900000E+00
  3.1766E+01  1.0000E-03  6.2345E+00  1.1384E+01  6.2345E+00  0.0000E+00  0.0000E+00
  2.2445E+01  4.0000E+01  5.4221E+00  1.1399E+01  5.3922E+00  8.8708E-02  1.7446E-01
  1.7299E+01  8.0000E+01  5.1202E+00  1.1400E+01  4.9607E+00  5.8863E-02  6.3898E-02
  1.4585E+01  1.2000E+02  5.0747E+00  1.1389E+01  4.7952E+00  1.2623E-02  7.2281E-03
  1.2683E+01  1.6000E+02  5.0529E+00  1.1397E+01  4.6320E+00  1.5932E-02  6.3945E-03
  1.1229E+01  2.0000E+02  5.0311E+00  1.1440E+01  4.4326E+00  4.4376E-02  1.3611E-02
  1.0053E+01  2.4000E+02  5.0033E+00  1.1541E+01  4.2001E+00  1.0976E-01  2.7228E-02
  9.0613E+00  2.8000E+02  4.9979E+00  1.1720E+01  3.9534E+00  1.8586E-01  3.8901E-02
  8.1967E+00  3.2000E+02  5.0600E+00  1.2000E+01  3.6861E+00  2.5161E-01  4.5896E-02
  7.4248E+00  3.6000E+02  5.2511E+00  1.2391E+01  3.3980E+00  2.5960E-01  4.2276E-02
  6.7238E+00  4.0000E+02  5.6240E+00  1.2905E+01  3.1035E+00  2.0132E-01  2.9777E-02
  6.0791E+00  4.4000E+02  6.2083E+00  1.3549E+01  2.8171E+00  9.1721E-02  1.2475E-02
  5.4809E+00  4.8000E+02  7.0132E+00  1.4324E+01  2.5513E+00 -4.9403E-02 -6.2353E-03
  4.9217E+00  5.2000E+02  8.0300E+00  1.5231E+01  2.3153E+00 -1.9654E-01 -2.3186E-02
  4.3960E+00  5.6000E+02  9.2333E+00  1.6262E+01  2.1088E+00 -3.2761E-01 -3.6336E-02
  3.8994E+00  6.0000E+02  1.0594E+01  1.7403E+01  1.9273E+00 -4.4143E-01 -4.6253E-02
  3.4283E+00  6.4000E+02  1.2084E+01  1.8635E+01  1.7665E+00 -5.4693E-01 -5.4355E-02
  2.9801E+00  6.8000E+02  1.3680E+01  1.9938E+01  1.6230E+00 -6.5405E-01 -6.1857E-02
  2.5523E+00  7.2000E+02  1.5361E+01  2.1290E+01  1.4938E+00 -7.7112E-01 -6.9597E-02
  2.1431E+00  7.6000E+02  1.7105E+01  2.2665E+01  1.3766E+00 -9.0079E-01 -7.7772E-02
  1.7508E+00  8.0000E+02  1.8882E+01  2.4038E+01  1.2687E+00 -1.0321E+00 -8.5409E-02
  1.3742E+00  8.4000E+02  2.0657E+01  2.5389E+01  1.1680E+00 -1.1220E+00 -8.9143E-02
  1.0121E+00  8.8000E+02  2.2439E+01  2.6758E+01  1.0735E+00 -1.1424E+00 -8.7283E-02
  6.6323E-01  9.2000E+02  2.4315E+01  2.8225E+01  9.8519E-01 -1.1724E+00 -8.6299E-02
  3.2623E-01  9.6000E+02  2.6407E+01  2.9837E+01  9.0352E-01 -1.4221E+00 -1.0111E-01
  4.6563E-04  1.0000E+03  2.8810E+01  3.0907E+01  8.2877E-01 -4.0940E+00 -2.8138E-01
