  26  3.9900000E+00
  3.0156E+01  1.0000E-03  2.0740E+00  1.0619E+01  2.0740E+00  0.0000E+00  0.0000E+00
  2.1412E+01  4.0000E+01  1.7623E+00  1.0622E+01  1.7502E+00  3.5903E-02  6.6241E-02
  1.6604E+01  8.0000E+01  1.6552E+00  1.0648E+01  1.5840E+00  2.7646E-02  2.8040E-02
  1.4057E+01  1.2000E+02  1.6406E+00  1.0674E+01  1.5072E+00  1.6037E-02  8.6194E-03
  1.2255E+01  1.6000E+02  1.6292E+00  1.0710E+01  1.4324E+00  2.6241E-02  9.9725E-03
  1.0884E+01  2.0000E+02  1.6131E+00  1.0781E+01  1.3316E+00  6.3815E-02  1.8464E-02
  9.7744E+00  2.4000E+02  1.6123E+00  1.0914E+01  1.2176E+00  1.2056E-01  2.8223E-02
  8.8316E+00  2.8000E+02  1.6489E+00  1.1113E+01  1.1070E+00  1.7186E-01  3.4184E-02
  8.0035E+00  3.2000E+02  1.7494E+00  1.1376E+01  9.9964E-01  1.9634E-01  3.4303E-02
  7.2602E+00  3.6000E+02  1.9474E+00  1.1707E+01  8.9632E-01  1.7907E-01  2.8079E-02
  6.5835E+00  4.0000E+02  2.2668E+00  1.2118E+01  7.9865E-01  1.3544E-01  1.9338E-02
  5.9607E+00  4.4000E+02  2.7218E+00  1.2626E+01  7.0917E-01  8.5276E-02  1.1206E-02
  5.3821E+00  4.8000E+02  3.3355E+00  1.3253E+01  6.2985E-01  2.3294E-02  2.8431E-03
  4.8403E+00  5.2000E+02  4.1504E+00  1.4014E+01  5.5996E-01 -9.9784E-02 -1.1407E-02
  4.3293E+00  5.6000E+02  5.1985E+00  1.4907E+01  4.9759E-01 -3.0311E-01 -3.2675E-02
  3.8451E+00  6.0000E+02  6.4778E+00  1.5926E+01  4.4148E-01 -5.3703E-01 -5.4861E-02
  3.3846E+00  6.4000E+02  7.9584E+00  1.7061E+01  3.9102E-01 -7.5060E-01 -7.2932E-02
  2.9452E+00  6.8000E+02  9.6017E+00  1.8298E+01  3.4583E-01 -9.2571E-01 -8.5811E-02
  2.5250E+00  7.2000E+02  1.1372E+01  1.9620E+01  3.0545E-01 -1.0669E+00 -9.4588E-02
  2.1222E+00  7.6000E+02  1.3239E+01  2.1009E+01  2.6922E-01 -1.1871E+00 -1.0088E-01
  1.7354E+00  8.0000E+02  1.5179E+01  2.2446E+01  2.3659E-01 -1.2988E+00 -1.0600E-01
  1.3633E+00  8.4000E+02  1.7172E+01  2.3913E+01  2.0728E-01 -1.4137E+00 -1.1099E-01
  1.0048E+00  8.8000E+02  1.9198E+01  2.5391E+01  1.8101E-01 -1.5308E+00 -1.1579E-01
  6.5885E-01  9.2000E+02  2.1311E+01  2.6934E+01  1.5713E-01 -1.6447E+00 -1.2004E-01
  3.2428E-01  9.6000E+02  2.3683E+01  2.8682E+01  1.3544E-01 -1.8675E+00 -1.3182E-01
  4.1655E-04  1.0000E+03  2.6464E+01  3.0342E+01  1.1661E-01 -3.4610E+00 -2.3648E-01
