  26  3.9900000E+00
  3.1842E+01  1.0000E-03  6.5414E+00  1.1536E+01  6.5414E+00  0.0000E+00  0.0000E+00
  2.2503E+01  4.0000E+01  5.6942E+00  1.1551E+01  5.6638E+00  9.2301E-02  1.8187E-01
  1.7352E+01  8.0000E+01  5.3742E+00  1.1552E+01  5.2130E+00  6.2320E-02  6.7727E-02
  1.4639E+01  1.2000E+02  5.3245E+00  1.1542E+01  5.0403E+00  1.4911E-02  8.5351E-03
  1.2737E+01  1.6000E+02  5.3036E+00  1.1557E+01  4.8634E+00  1.8706E-02  7.5043E-03
  1.1281E+01  2.0000E+02  5.2852E+00  1.1610E+01  4.6427E+00  4.8843E-02  1.5007E-02
  1.0100E+01  2.4000E+02  5.2681E+00  1.1723E+01  4.3944E+00  1.1013E-01  2.7438E-02
  9.1020E+00  2.8000E+02  5.2770E+00  1.1913E+01  4.1359E+00  1.8132E-01  3.8178E-02
  8.2318E+00  3.2000E+02  5.3582E+00  1.2206E+01  3.8572E+00  2.4333E-01  4.4671E-02
  7.4551E+00  3.6000E+02  5.5747E+00  1.2611E+01  3.5578E+00  2.4371E-01  3.9938E-02
  6.7498E+00  4.0000E+02  5.9789E+00  1.3144E+01  3.2515E+00  1.8143E-01  2.6996E-02
  6.1016E+00  4.4000E+02  6.6003E+00  1.3809E+01  2.9531E+00  6.8023E-02  9.3036E-03
  5.5002E+00  4.8000E+02  7.4460E+00  1.4609E+01  2.6765E+00 -7.5597E-02 -9.5919E-03
  4.9382E+00  5.2000E+02  8.5019E+00  1.5542E+01  2.4314E+00 -2.1882E-01 -2.5943E-02
  4.4101E+00  5.6000E+02  9.7389E+00  1.6599E+01  2.2171E+00 -3.4114E-01 -3.8015E-02
  3.9112E+00  6.0000E+02  1.1126E+01  1.7764E+01  2.0289E+00 -4.4582E-01 -4.6919E-02
  3.4383E+00  6.4000E+02  1.2635E+01  1.9015E+01  1.8623E+00 -5.4437E-01 -5.4324E-02
  2.9883E+00  6.8000E+02  1.4244E+01  2.0333E+01  1.7137E+00 -6.4794E-01 -6.1515E-02
  2.5589E+00  7.2000E+02  1.5932E+01  2.1692E+01  1.5801E+00 -7.6470E-01 -6.9265E-02
  2.1484E+00  7.6000E+02  1.7676E+01  2.3068E+01  1.4585E+00 -8.9645E-01 -7.7654E-02
  1.7549E+00  8.0000E+02  1.9445E+01  2.4433E+01  1.3463E+00 -1.0284E+00 -8.5367E-02
  1.3773E+00  8.4000E+02  2.1200E+01  2.5769E+01  1.2413E+00 -1.1100E+00 -8.8433E-02
  1.0143E+00  8.8000E+02  2.2957E+01  2.7122E+01  1.1425E+00 -1.1111E+00 -8.5102E-02
  6.6461E-01  9.2000E+02  2.4817E+01  2.8588E+01  1.0502E+00 -1.1269E+00 -8.3132E-02
  3.2690E-01  9.6000E+02  2.6904E+01  3.0211E+01  9.6481E-01 -1.3759E+00 -9.8031E-02
  4.7204E-04  1.0000E+03  2.9305E+01  3.1281E+01  8.8680E-01 -4.0773E+00 -2.8080E-01
