  26  3.9900000E+00
  3.2010E+01  1.0000E-03  9.1159E+00  1.4311E+01  9.1159E+00  0.0000E+00  0.0000E+00
  2.2780E+01  4.0000E+01  7.9849E+00  1.4314E+01  7.9610E+00  1.2282E-01  2.3919E-01
  1.7776E+01  8.0000E+01  7.4648E+00  1.4350E+01  7.3523E+00  1.1117E-01  1.1737E-01
  1.5192E+01  1.2000E+02  7.3369E+00  1.4428E+01  7.1129E+00  7.9572E-02  4.3382E-02
  1.3358E+01  1.6000E+02  7.2399E+00  1.4620E+01  6.7731E+00  1.5756E-01  6.0962E-02
  1.1908E+01  2.0000E+02  7.2613E+00  1.4988E+01  6.3266E+00  2.3938E-01  7.3222E-02
  1.0696E+01  2.4000E+02  7.5109E+00  1.5514E+01  5.8466E+00  2.2735E-01  5.8146E-02
  9.6490E+00  2.8000E+02  7.9952E+00  1.6194E+01  5.3576E+00  1.8753E-01  4.1427E-02
  8.7240E+00  3.2000E+02  8.7286E+00  1.7029E+01  4.8931E+00  1.0961E-01  2.1392E-02
  7.8931E+00  3.6000E+02  9.7223E+00  1.8028E+01  4.4636E+00  6.0835E-03  1.0665E-03
  7.1369E+00  4.0000E+02  1.0973E+01  1.9195E+01  4.0777E+00 -1.1052E-01 -1.7633E-02
  6.4416E+00  4.4000E+02  1.2443E+01  2.0518E+01  3.7426E+00 -2.1265E-01 -3.1195E-02
  5.7971E+00  4.8000E+02  1.4073E+01  2.1958E+01  3.4558E+00 -2.9275E-01 -3.9807E-02
  5.1958E+00  5.2000E+02  1.5804E+01  2.3465E+01  3.2094E+00 -3.7335E-01 -4.7363E-02
  4.6319E+00  5.6000E+02  1.7597E+01  2.4991E+01  2.9949E+00 -4.7397E-01 -5.6391E-02
  4.1007E+00  6.0000E+02  1.9429E+01  2.6504E+01  2.8038E+00 -5.9929E-01 -6.7157E-02
  3.5986E+00  6.4000E+02  2.1288E+01  2.7990E+01  2.6299E+00 -7.4525E-01 -7.8948E-02
  3.1224E+00  6.8000E+02  2.3166E+01  2.9438E+01  2.4680E+00 -9.0212E-01 -9.0625E-02
  2.6697E+00  7.2000E+02  2.5050E+01  3.0844E+01  2.3147E+00 -1.0553E+00 -1.0081E-01
  2.2381E+00  7.6000E+02  2.6927E+01  3.2208E+01  2.1670E+00 -1.1892E+00 -1.0828E-01
  1.8258E+00  8.0000E+02  2.8796E+01  3.3542E+01  2.0225E+00 -1.2963E+00 -1.1276E-01
  1.4311E+00  8.4000E+02  3.0664E+01  3.4862E+01  1.8796E+00 -1.3884E+00 -1.1561E-01
  1.0526E+00  8.8000E+02  3.2513E+01  3.6162E+01  1.7373E+00 -1.4526E+00 -1.1600E-01
  6.8896E-01  9.2000E+02  3.4359E+01  3.7504E+01  1.5948E+00 -1.3834E+00 -1.0614E-01
  3.3861E-01  9.6000E+02  3.6552E+01  3.9262E+01  1.4547E+00 -1.2435E+00 -9.1919E-02
  6.7771E-04  1.0000E+03  3.9559E+01  4.2094E+01  1.3244E+00 -5.1743E-01 -3.6891E-02
