  26  8.5995000E+01
  3.2081E+01  1.0000E-03  2.9458E-01  1.1753E+02  2.9455E-01  0.0000E+00  0.0000E+00
  2.2946E+01  4.0000E+01  9.7874E+00  1.1501E+02  2.4226E-01 -1.3150E+00 -2.5346E+00
  1.8130E+01  8.0000E+01  1.3280E+01  1.1177E+02  1.8666E-01 -1.3978E+00 -1.4202E+00
  1.5706E+01  1.2000E+02  1.5686E+01  1.1231E+02  1.7518E-01 -7.6725E-01 -3.9249E-01
  1.3946E+01  1.6000E+02  2.5300E+01  1.1640E+02  1.6304E-01 -3.1425E+00 -1.1667E+00
  1.2512E+01  2.0000E+02  4.1989E+01  1.2271E+02  1.4667E-01 -7.2349E+00 -2.1889E+00
  1.1282E+01  2.4000E+02  6.2857E+01  1.3050E+02  1.2615E-01 -1.0629E+01 -2.7588E+00
  1.0197E+01  2.8000E+02  8.3569E+01  1.3846E+02  1.0431E-01 -1.1761E+01 -2.6908E+00
  9.2269E+00  3.2000E+02  1.0240E+02  1.4611E+02  8.4281E-02 -1.1528E+01 -2.3604E+00
  8.3483E+00  3.6000E+02  1.1926E+02  1.5328E+02  6.6691E-02 -1.1024E+01 -2.0435E+00
  7.5454E+00  4.0000E+02  1.3414E+02  1.5992E+02  5.1379E-02 -1.0272E+01 -1.7401E+00
  6.8060E+00  4.4000E+02  1.4700E+02  1.6598E+02  3.8257E-02 -9.1761E+00 -1.4314E+00
  6.1207E+00  4.8000E+02  1.5793E+02  1.7152E+02  2.7281E-02 -7.8779E+00 -1.1389E+00
  5.4822E+00  5.2000E+02  1.6711E+02  1.7659E+02  1.8524E-02 -6.4282E+00 -8.6605E-01
  4.8842E+00  5.6000E+02  1.7476E+02  1.8127E+02  1.1951E-02 -4.9744E+00 -6.2757E-01
  4.3219E+00  6.0000E+02  1.8115E+02  1.8560E+02  7.3128E-03 -3.6725E+00 -4.3570E-01
  3.7911E+00  6.4000E+02  1.8657E+02  1.8963E+02  4.2323E-03 -2.6019E+00 -2.9137E-01
  3.2884E+00  6.8000E+02  1.9124E+02  1.9341E+02  2.3077E-03 -1.7843E+00 -1.8925E-01
  2.8108E+00  7.2000E+02  1.9537E+02  1.9696E+02  1.1796E-03 -1.2012E+00 -1.2103E-01
  2.3560E+00  7.6000E+02  1.9909E+02  2.0031E+02  5.6209E-04 -8.0889E-01 -7.7627E-02
  1.9216E+00  8.0000E+02  2.0250E+02  2.0349E+02  2.4839E-04 -5.6149E-01 -5.1450E-02
  1.5060E+00  8.4000E+02  2.0568E+02  2.0649E+02  1.0098E-04 -4.2649E-01 -3.7397E-02
  1.1075E+00  8.8000E+02  2.0866E+02  2.0932E+02  3.6708E-05 -3.7309E-01 -3.1368E-02
  7.2476E-01  9.2000E+02  2.1146E+02  2.1203E+02  1.0953E-05 -2.1949E-01 -1.7725E-02
  3.5611E-01  9.6000E+02  2.1482E+02  2.1540E+02  2.2588E-06  1.8093E-02  1.4072E-03
  7.2631E-04  1.0000E+03  2.1969E+02  2.2000E+02  2.4570E-07 -7.4276E-01 -5.5691E-02
