  26  3.9900000E+00
  3.2100E+01  1.0000E-03  1.0670E+01  1.6593E+01  1.0670E+01  0.0000E+00  0.0000E+00
  2.2939E+01  4.0000E+01  9.3839E+00  1.6566E+01  9.3563E+00  1.3739E-01  2.6555E-01
  1.8113E+01  8.0000E+01  8.7425E+00  1.6637E+01  8.6603E+00  1.4753E-01  1.5021E-01
  1.5681E+01  1.2000E+02  8.5462E+00  1.6796E+01  8.4006E+00  1.4639E-01  7.5118E-02
  1.3914E+01  1.6000E+02  8.3706E+00  1.7145E+01  8.0018E+00  2.9659E-01  1.1057E-01
  1.2477E+01  2.0000E+02  8.4426E+00  1.7857E+01  7.3924E+00  4.4551E-01  1.3498E-01
  1.1249E+01  2.4000E+02  9.1874E+00  1.9062E+01  6.6540E+00  3.7507E-01  9.7241E-02
  1.0167E+01  2.8000E+02  1.0780E+01  2.0710E+01  5.8882E+00  5.0933E-02  1.1621E-02
  9.2002E+00  3.2000E+02  1.3085E+01  2.2700E+01  5.2043E+00 -3.2647E-01 -6.6607E-02
  8.3250E+00  3.6000E+02  1.5837E+01  2.4930E+01  4.6448E+00 -5.9629E-01 -1.1010E-01
  7.5253E+00  4.0000E+02  1.8824E+01  2.7325E+01  4.1935E+00 -7.3945E-01 -1.2477E-01
  6.7884E+00  4.4000E+02  2.1922E+01  2.9801E+01  3.8187E+00 -8.4427E-01 -1.3125E-01
  6.1051E+00  4.8000E+02  2.5056E+01  3.2283E+01  3.4976E+00 -9.5468E-01 -1.3764E-01
  5.4678E+00  5.2000E+02  2.8172E+01  3.4727E+01  3.2160E+00 -1.0536E+00 -1.4165E-01
  4.8708E+00  5.6000E+02  3.1231E+01  3.7113E+01  2.9651E+00 -1.1288E+00 -1.4219E-01
  4.3092E+00  6.0000E+02  3.4193E+01  3.9410E+01  2.7381E+00 -1.1819E+00 -1.4004E-01
  3.7791E+00  6.4000E+02  3.7021E+01  4.1596E+01  2.5297E+00 -1.2110E+00 -1.3544E-01
  3.2772E+00  6.8000E+02  3.9697E+01  4.3668E+01  2.3369E+00 -1.2041E+00 -1.2751E-01
  2.8006E+00  7.2000E+02  4.2253E+01  4.5673E+01  2.1577E+00 -1.1570E+00 -1.1633E-01
  2.3469E+00  7.6000E+02  4.4734E+01  4.7659E+01  1.9915E+00 -1.0899E+00 -1.0433E-01
  1.9139E+00  8.0000E+02  4.7137E+01  4.9620E+01  1.8390E+00 -1.0207E+00 -9.3258E-02
  1.4996E+00  8.4000E+02  4.9443E+01  5.1518E+01  1.6996E+00 -9.8679E-01 -8.6246E-02
  1.1026E+00  8.8000E+02  5.1550E+01  5.3257E+01  1.5695E+00 -9.2716E-01 -7.7661E-02
  7.2146E-01  9.2000E+02  5.3646E+01  5.5074E+01  1.4444E+00 -7.3072E-01 -5.8760E-02
  3.5446E-01  9.6000E+02  5.6294E+01  5.7478E+01  1.3223E+00 -6.6494E-01 -5.1486E-02
  7.0854E-04  1.0000E+03  5.9908E+01  6.0180E+01  1.2010E+00 -2.5769E+00 -1.9232E-01
