  26  3.9900000E+00
  2.9834E+01  1.0000E-03  5.6886E-01  1.0538E+01  5.6886E-01  0.0000E+00  0.0000E+00
  2.1230E+01  4.0000E+01  4.7355E-01  1.0539E+01  4.6376E-01  1.1175E-02  2.0286E-02
  1.6506E+01  8.0000E+01  4.5713E-01  1.0570E+01  3.9883E-01  9.8930E-03  9.8604E-03
  1.4000E+01  1.2000E+02  4.7632E-01  1.0603E+01  3.6411E-01  5.7553E-03  3.0424E-03
  1.2222E+01  1.6000E+02  4.9883E-01  1.0648E+01  3.2697E-01  1.2335E-02  4.6286E-03
  1.0863E+01  2.0000E+02  5.3726E-01  1.0729E+01  2.8174E-01  3.1196E-02  8.9431E-03
  9.7593E+00  2.4000E+02  6.0461E-01  1.0869E+01  2.3795E-01  6.5819E-02  1.5323E-02
  8.8193E+00  2.8000E+02  7.1241E-01  1.1071E+01  2.0040E-01  1.0027E-01  1.9885E-02
  7.9929E+00  3.2000E+02  8.8605E-01  1.1332E+01  1.6903E-01  1.0599E-01  1.8481E-02
  7.2510E+00  3.6000E+02  1.1528E+00  1.1658E+01  1.4243E-01  8.0006E-02  1.2523E-02
  6.5755E+00  4.0000E+02  1.5322E+00  1.2061E+01  1.1993E-01  3.5655E-02  5.0811E-03
  5.9540E+00  4.4000E+02  2.0349E+00  1.2560E+01  1.0100E-01 -6.0894E-03 -7.9847E-04
  5.3768E+00  4.8000E+02  2.6827E+00  1.3177E+01  8.5076E-02 -5.3418E-02 -6.5054E-03
  4.8361E+00  5.2000E+02  3.5226E+00  1.3927E+01  7.1533E-02 -1.6742E-01 -1.9099E-02
  4.3261E+00  5.6000E+02  4.5947E+00  1.4807E+01  5.9849E-02 -3.7500E-01 -4.0352E-02
  3.8426E+00  6.0000E+02  5.9025E+00  1.5815E+01  4.9691E-02 -6.2144E-01 -6.3389E-02
  3.3826E+00  6.4000E+02  7.4168E+00  1.6940E+01  4.0825E-02 -8.4596E-01 -8.2096E-02
  2.9437E+00  6.8000E+02  9.0959E+00  1.8169E+01  3.3112E-02 -1.0250E+00 -9.4914E-02
  2.5238E+00  7.2000E+02  1.0901E+01  1.9486E+01  2.6499E-02 -1.1632E+00 -1.0304E-01
  2.1213E+00  7.6000E+02  1.2801E+01  2.0872E+01  2.0946E-02 -1.2763E+00 -1.0838E-01
  1.7348E+00  8.0000E+02  1.4770E+01  2.2308E+01  1.6383E-02 -1.3795E+00 -1.1252E-01
  1.3628E+00  8.4000E+02  1.6789E+01  2.3773E+01  1.2704E-02 -1.4873E+00 -1.1671E-01
  1.0045E+00  8.8000E+02  1.8835E+01  2.5247E+01  9.7689E-03 -1.5973E+00 -1.2076E-01
  6.5868E-01  9.2000E+02  2.0970E+01  2.6793E+01  7.4111E-03 -1.7041E+00 -1.2432E-01
  3.2421E-01  9.6000E+02  2.3370E+01  2.8554E+01  5.5523E-03 -1.9120E+00 -1.3492E-01
  4.1140E-04  1.0000E+03  2.6171E+01  3.0324E+01  4.1689E-03 -3.1827E+00 -2.1742E-01
