  26  3.9900000E+00
  3.2019E+01  1.0000E-03  9.3169E+00  1.4660E+01  9.3169E+00  0.0000E+00  0.0000E+00
  2.2801E+01  4.0000E+01  8.1647E+00  1.4663E+01  8.1412E+00  1.2532E-01  2.4373E-01
  1.7818E+01  8.0000E+01  7.6290E+00  1.4702E+01  7.5208E+00  1.1534E-01  1.2126E-01
  1.5251E+01  1.2000E+02  7.4914E+00  1.4792E+01  7.2767E+00  8.8598E-02  4.7989E-02
  1.3424E+01  1.6000E+02  7.3858E+00  1.5006E+01  6.9259E+00  1.7500E-01  6.7452E-02
  1.1975E+01  2.0000E+02  7.4159E+00  1.5409E+01  6.4612E+00  2.5722E-01  7.8642E-02
  1.0760E+01  2.4000E+02  7.7034E+00  1.5993E+01  5.9552E+00  2.4463E-01  6.2676E-02
  9.7095E+00  2.8000E+02  8.2696E+00  1.6760E+01  5.4377E+00  1.9078E-01  4.2297E-02
  8.7797E+00  3.2000E+02  9.1282E+00  1.7701E+01  4.9486E+00  8.9212E-02  1.7501E-02
  7.9435E+00  3.6000E+02  1.0274E+01  1.8820E+01  4.5019E+00 -3.3214E-02 -5.8596E-03
  7.1820E+00  4.0000E+02  1.1683E+01  2.0113E+01  4.1088E+00 -1.5243E-01 -2.4490E-02
  6.4816E+00  4.4000E+02  1.3301E+01  2.1558E+01  3.7729E+00 -2.4588E-01 -3.6333E-02
  5.8323E+00  4.8000E+02  1.5063E+01  2.3112E+01  3.4877E+00 -3.1941E-01 -4.3756E-02
  5.2265E+00  5.2000E+02  1.6908E+01  2.4716E+01  3.2438E+00 -3.9885E-01 -5.0977E-02
  4.6584E+00  5.6000E+02  1.8792E+01  2.6315E+01  3.0320E+00 -5.0124E-01 -6.0074E-02
  4.1235E+00  6.0000E+02  2.0691E+01  2.7877E+01  2.8441E+00 -6.3114E-01 -7.1231E-02
  3.6180E+00  6.4000E+02  2.2597E+01  2.9385E+01  2.6729E+00 -7.8562E-01 -8.3791E-02
  3.1388E+00  6.8000E+02  2.4507E+01  3.0838E+01  2.5128E+00 -9.5439E-01 -9.6493E-02
  2.6833E+00  7.2000E+02  2.6421E+01  3.2241E+01  2.3595E+00 -1.1221E+00 -1.0783E-01
  2.2492E+00  7.6000E+02  2.8330E+01  3.3600E+01  2.2095E+00 -1.2665E+00 -1.1598E-01
  1.8347E+00  8.0000E+02  3.0234E+01  3.4936E+01  2.0607E+00 -1.3713E+00 -1.1992E-01
  1.4380E+00  8.4000E+02  3.2150E+01  3.6275E+01  1.9120E+00 -1.4537E+00 -1.2166E-01
  1.0576E+00  8.8000E+02  3.4049E+01  3.7602E+01  1.7637E+00 -1.5062E+00 -1.2088E-01
  6.9220E-01  9.2000E+02  3.5937E+01  3.8974E+01  1.6157E+00 -1.4108E+00 -1.0876E-01
  3.4019E-01  9.6000E+02  3.8192E+01  4.0794E+01  1.4712E+00 -1.2346E+00 -9.1691E-02
  6.8857E-04  1.0000E+03  4.1319E+01  4.3741E+01  1.3378E+00 -5.2866E-01 -3.7867E-02
