  26  8.5995000E+01
  3.2102E+01  1.0000E-03  2.8743E-01  1.2112E+02  2.8739E-01  0.0000E+00  0.0000E+00
  2.2934E+01  4.0000E+01  9.9376E+00  1.1824E+02  2.3581E-01 -1.3664E+00 -2.6431E+00
  1.8101E+01  8.0000E+01  1.3433E+01  1.1516E+02  1.8177E-01 -1.3619E+00 -1.3885E+00
  1.5664E+01  1.2000E+02  1.6317E+01  1.1583E+02  1.7037E-01 -9.0868E-01 -4.6734E-01
  1.3893E+01  1.6000E+02  2.6131E+01  1.1979E+02  1.5821E-01 -3.3019E+00 -1.2333E+00
  1.2457E+01  2.0000E+02  4.1120E+01  1.2568E+02  1.4356E-01 -6.3354E+00 -1.9204E+00
  1.1228E+01  2.4000E+02  5.8740E+01  1.3279E+02  1.2717E-01 -8.5604E+00 -2.2185E+00
  1.0148E+01  2.8000E+02  7.6478E+01  1.3987E+02  1.1000E-01 -9.8644E+00 -2.2485E+00
  9.1823E+00  3.2000E+02  9.3080E+01  1.4666E+02  9.3583E-02 -1.0157E+01 -2.0691E+00
  8.3089E+00  3.6000E+02  1.0830E+02  1.5313E+02  7.8693E-02 -1.0013E+01 -1.8452E+00
  7.5110E+00  4.0000E+02  1.2215E+02  1.5935E+02  6.5549E-02 -9.5712E+00 -1.6112E+00
  6.7760E+00  4.4000E+02  1.3464E+02  1.6529E+02  5.4181E-02 -8.9069E+00 -1.3813E+00
  6.0941E+00  4.8000E+02  1.4584E+02  1.7087E+02  4.4351E-02 -8.2433E+00 -1.1860E+00
  5.4579E+00  5.2000E+02  1.5584E+02  1.7602E+02  3.5805E-02 -7.6231E+00 -1.0232E+00
  4.8615E+00  5.6000E+02  1.6468E+02  1.8069E+02  2.8430E-02 -6.9804E+00 -8.7827E-01
  4.3004E+00  6.0000E+02  1.7237E+02  1.8485E+02  2.2162E-02 -6.3083E+00 -7.4686E-01
  3.7706E+00  6.4000E+02  1.7898E+02  1.8845E+02  1.6865E-02 -5.6742E+00 -6.3416E-01
  3.2692E+00  6.8000E+02  1.8463E+02  1.9155E+02  1.2316E-02 -5.0952E+00 -5.3901E-01
  2.7934E+00  7.2000E+02  1.8958E+02  1.9438E+02  8.3667E-03 -4.4537E+00 -4.4708E-01
  2.3407E+00  7.6000E+02  1.9405E+02  1.9722E+02  5.1326E-03 -3.5993E+00 -3.4381E-01
  1.9086E+00  8.0000E+02  1.9802E+02  2.0007E+02  2.8335E-03 -2.5856E+00 -2.3567E-01
  1.4954E+00  8.4000E+02  2.0148E+02  2.0279E+02  1.4292E-03 -1.7886E+00 -1.5595E-01
  1.0994E+00  8.8000E+02  2.0421E+02  2.0504E+02  6.3068E-04 -1.2133E+00 -1.0137E-01
  7.1938E-01  9.2000E+02  2.0667E+02  2.0732E+02  2.1392E-04 -4.7670E-01 -3.8219E-02
  3.5350E-01  9.6000E+02  2.1005E+02  2.1073E+02  5.0375E-05  8.0193E-02  6.1903E-03
  7.3219E-04  1.0000E+03  2.1504E+02  2.1467E+02  7.8367E-06 -2.9897E+00 -2.2251E-01
