  26  8.5995000E+01
  3.2103E+01  1.0000E-03  2.8494E-01  1.2113E+02  2.8490E-01  0.0000E+00  0.0000E+00
  2.2928E+01  4.0000E+01  9.9441E+00  1.1831E+02  2.3357E-01 -1.3603E+00 -2.6333E+00
  1.8087E+01  8.0000E+01  1.3573E+01  1.1531E+02  1.8005E-01 -1.3695E+00 -1.3989E+00
  1.5641E+01  1.2000E+02  1.6478E+01  1.1596E+02  1.6877E-01 -9.2211E-01 -4.7584E-01
  1.3866E+01  1.6000E+02  2.6190E+01  1.1978E+02  1.5677E-01 -3.3204E+00 -1.2434E+00
  1.2428E+01  2.0000E+02  4.0949E+01  1.2546E+02  1.4233E-01 -6.3149E+00 -1.9156E+00
  1.1200E+01  2.4000E+02  5.8270E+01  1.3236E+02  1.2623E-01 -8.4896E+00 -2.1987E+00
  1.0122E+01  2.8000E+02  7.5661E+01  1.3921E+02  1.0936E-01 -9.7734E+00 -2.2242E+00
  9.1586E+00  3.2000E+02  9.1891E+01  1.4578E+02  9.3220E-02 -1.0022E+01 -2.0367E+00
  8.2879E+00  3.6000E+02  1.0676E+02  1.5213E+02  7.8602E-02 -9.7888E+00 -1.7982E+00
  7.4926E+00  4.0000E+02  1.2035E+02  1.5835E+02  6.5777E-02 -9.2623E+00 -1.5541E+00
  6.7598E+00  4.4000E+02  1.3267E+02  1.6439E+02  5.4760E-02 -8.5723E+00 -1.3254E+00
  6.0796E+00  4.8000E+02  1.4378E+02  1.7012E+02  4.5329E-02 -7.9012E+00 -1.1338E+00
  5.4447E+00  5.2000E+02  1.5370E+02  1.7543E+02  3.7246E-02 -7.2813E+00 -9.7535E-01
  4.8493E+00  5.6000E+02  1.6243E+02  1.8019E+02  3.0395E-02 -6.6519E+00 -8.3561E-01
  4.2889E+00  6.0000E+02  1.6995E+02  1.8433E+02  2.4670E-02 -6.0287E+00 -7.1283E-01
  3.7598E+00  6.4000E+02  1.7632E+02  1.8779E+02  1.9866E-02 -5.5129E+00 -6.1537E-01
  3.2591E+00  6.8000E+02  1.8172E+02  1.9060E+02  1.5635E-02 -5.1804E+00 -5.4720E-01
  2.7843E+00  7.2000E+02  1.8653E+02  1.9305E+02  1.1622E-02 -4.9611E+00 -4.9701E-01
  2.3328E+00  7.6000E+02  1.9105E+02  1.9552E+02  7.8261E-03 -4.5450E+00 -4.3297E-01
  1.9021E+00  8.0000E+02  1.9526E+02  1.9814E+02  4.6916E-03 -3.6642E+00 -3.3291E-01
  1.4903E+00  8.4000E+02  1.9897E+02  2.0077E+02  2.5303E-03 -2.6487E+00 -2.3013E-01
  1.0957E+00  8.8000E+02  2.0199E+02  2.0307E+02  1.1848E-03 -1.8081E+00 -1.5054E-01
  7.1696E-01  9.2000E+02  2.0462E+02  2.0538E+02  4.2889E-04 -8.6739E-01 -6.9311E-02
  3.5230E-01  9.6000E+02  2.0798E+02  2.0872E+02  1.0960E-04 -6.3727E-02 -4.9029E-03
  7.3676E-04  1.0000E+03  2.1295E+02  2.1298E+02  1.9359E-05 -1.9920E+00 -1.4775E-01
