  26  3.9900000E+00
  3.0470E+01  1.0000E-03  3.1779E+00  1.0688E+01  3.1779E+00  0.0000E+00  0.0000E+00
  2.1610E+01  4.0000E+01  2.7237E+00  1.0692E+01  2.7092E+00  5.1742E-02  9.6718E-02
  1.6731E+01  8.0000E+01  2.5575E+00  1.0714E+01  2.4726E+00  3.8541E-02  3.9672E-02
  1.4146E+01  1.2000E+02  2.5277E+00  1.0734E+01  2.3717E+00  1.9267E-02  1.0506E-02
  1.2323E+01  1.6000E+02  2.5037E+00  1.0763E+01  2.2762E+00  2.9308E-02  1.1273E-02
  1.0936E+01  2.0000E+02  2.4725E+00  1.0827E+01  2.1522E+00  6.8616E-02  2.0088E-02
  9.8149E+00  2.4000E+02  2.4456E+00  1.0953E+01  2.0002E+00  1.3643E-01  3.2261E-02
  8.8647E+00  2.8000E+02  2.4541E+00  1.1150E+01  1.8478E+00  1.9805E-01  3.9703E-02
  8.0313E+00  3.2000E+02  2.5272E+00  1.1421E+01  1.6948E+00  2.3684E-01  4.1643E-02
  7.2837E+00  3.6000E+02  2.7045E+00  1.1765E+01  1.5418E+00  2.2391E-01  3.5317E-02
  6.6029E+00  4.0000E+02  3.0154E+00  1.2194E+01  1.3929E+00  1.7309E-01  2.4861E-02
  5.9763E+00  4.4000E+02  3.4756E+00  1.2721E+01  1.2524E+00  1.0650E-01  1.4079E-02
  5.3944E+00  4.8000E+02  4.1013E+00  1.3365E+01  1.1245E+00  3.1332E-02  3.8464E-03
  4.8499E+00  5.2000E+02  4.9232E+00  1.4141E+01  1.0109E+00 -8.3640E-02 -9.6095E-03
  4.3368E+00  5.6000E+02  5.9650E+00  1.5051E+01  9.0985E-01 -2.5727E-01 -2.7846E-02
  3.8511E+00  6.0000E+02  7.2238E+00  1.6086E+01  8.1916E-01 -4.6027E-01 -4.7174E-02
  3.3893E+00  6.4000E+02  8.6743E+00  1.7235E+01  7.3743E-01 -6.5398E-01 -6.3718E-02
  2.9489E+00  6.8000E+02  1.0283E+01  1.8482E+01  6.6374E-01 -8.2111E-01 -7.6290E-02
  2.5278E+00  7.2000E+02  1.2017E+01  1.9810E+01  5.9737E-01 -9.6363E-01 -8.5602E-02
  2.1244E+00  7.6000E+02  1.3848E+01  2.1201E+01  5.3747E-01 -1.0910E+00 -9.2868E-02
  1.7370E+00  8.0000E+02  1.5753E+01  2.2637E+01  4.8305E-01 -1.2117E+00 -9.9034E-02
  1.3644E+00  8.4000E+02  1.7713E+01  2.4099E+01  4.3331E-01 -1.3330E+00 -1.0479E-01
  1.0055E+00  8.8000E+02  1.9710E+01  2.5573E+01  3.8767E-01 -1.4580E+00 -1.1041E-01
  6.5921E-01  9.2000E+02  2.1780E+01  2.7096E+01  3.4525E-01 -1.5795E+00 -1.1539E-01
  3.2441E-01  9.6000E+02  2.4089E+01  2.8799E+01  3.0569E-01 -1.8099E+00 -1.2785E-01
  4.3075E-04  1.0000E+03  2.6808E+01  3.0362E+01  2.7005E-01 -3.5686E+00 -2.4392E-01
