  26  8.5995000E+01
  3.2004E+01  1.0000E-03  2.4163E-01  1.1749E+02  2.4161E-01  0.0000E+00  0.0000E+00
  2.2758E+01  4.0000E+01  9.6653E+00  1.1769E+02  1.9481E-01 -9.9771E-01 -1.9464E+00
  1.7734E+01  8.0000E+01  1.7549E+01  1.1649E+02  1.4986E-01 -1.8076E+00 -1.9161E+00
  1.5134E+01  1.2000E+02  2.0158E+01  1.1545E+02  1.4052E-01 -1.4058E+00 -7.7113E-01
  1.3293E+01  1.6000E+02  2.7238E+01  1.1656E+02  1.3133E-01 -3.2429E+00 -1.2593E+00
  1.1843E+01  2.0000E+02  3.7453E+01  1.1929E+02  1.2121E-01 -5.1591E+00 -1.5785E+00
  1.0633E+01  2.4000E+02  4.8236E+01  1.2239E+02  1.1097E-01 -6.3534E+00 -1.6212E+00
  9.5906E+00  2.8000E+02  5.8705E+01  1.2575E+02  1.0088E-01 -6.8185E+00 -1.4999E+00
  8.6708E+00  3.2000E+02  6.8764E+01  1.2935E+02  9.1106E-02 -7.0166E+00 -1.3616E+00
  7.8452E+00  3.6000E+02  7.8570E+01  1.3323E+02  8.1737E-02 -7.1824E+00 -1.2510E+00
  7.0941E+00  4.0000E+02  8.8223E+01  1.3734E+02  7.2831E-02 -7.3838E+00 -1.1700E+00
  6.4037E+00  4.4000E+02  9.7618E+01  1.4159E+02  6.4563E-02 -7.4518E+00 -1.0855E+00
  5.7638E+00  4.8000E+02  1.0659E+02  1.4587E+02  5.7090E-02 -7.3261E+00 -9.8914E-01
  5.1667E+00  5.2000E+02  1.1501E+02  1.5006E+02  5.0453E-02 -7.0846E+00 -8.9246E-01
  4.6067E+00  5.6000E+02  1.2287E+02  1.5408E+02  4.4549E-02 -6.8602E+00 -8.1059E-01
  4.0790E+00  6.0000E+02  1.3024E+02  1.5789E+02  3.9206E-02 -6.7309E+00 -7.4926E-01
  3.5801E+00  6.4000E+02  1.3716E+02  1.6148E+02  3.4279E-02 -6.6915E+00 -7.0434E-01
  3.1069E+00  6.8000E+02  1.4370E+02  1.6484E+02  2.9659E-02 -6.7216E+00 -6.7114E-01
  2.6567E+00  7.2000E+02  1.4990E+02  1.6798E+02  2.5279E-02 -6.7799E+00 -6.4393E-01
  2.2274E+00  7.6000E+02  1.5576E+02  1.7091E+02  2.1095E-02 -6.8298E+00 -6.1851E-01
  1.8173E+00  8.0000E+02  1.6132E+02  1.7366E+02  1.7088E-02 -6.8433E+00 -5.9221E-01
  1.4245E+00  8.4000E+02  1.6658E+02  1.7626E+02  1.3265E-02 -6.7870E+00 -5.6238E-01
  1.0478E+00  8.8000E+02  1.7149E+02  1.7871E+02  9.6670E-03 -6.5418E+00 -5.1996E-01
  6.8583E-01  9.2000E+02  1.7607E+02  1.8118E+02  6.3666E-03 -5.8329E+00 -4.4545E-01
  3.3708E-01  9.6000E+02  1.8082E+02  1.8436E+02  3.6454E-03 -4.4869E+00 -3.3015E-01
  6.6830E-04  1.0000E+03  1.8637E+02  1.8939E+02  1.8292E-03 -1.5501E+00 -1.1002E-01
