  26  8.5995000E+01
  3.2030E+01  1.0000E-03  2.5800E-01  1.1865E+02  2.5797E-01  0.0000E+00  0.0000E+00
  2.2823E+01  4.0000E+01  9.5759E+00  1.1845E+02  2.0938E-01 -1.0337E+00 -2.0079E+00
  1.7860E+01  8.0000E+01  1.6194E+01  1.1646E+02  1.6110E-01 -1.7338E+00 -1.8155E+00
  1.5308E+01  1.2000E+02  1.9203E+01  1.1608E+02  1.5086E-01 -1.3272E+00 -7.1443E-01
  1.3488E+01  1.6000E+02  2.7413E+01  1.1820E+02  1.4053E-01 -3.3481E+00 -1.2859E+00
  1.2040E+01  2.0000E+02  3.9157E+01  1.2188E+02  1.2896E-01 -5.5657E+00 -1.7007E+00
  1.0823E+01  2.4000E+02  5.1821E+01  1.2603E+02  1.1689E-01 -6.9989E+00 -1.7962E+00
  9.7685E+00  2.8000E+02  6.4331E+01  1.3049E+02  1.0473E-01 -7.6312E+00 -1.6980E+00
  8.8340E+00  3.2000E+02  7.6212E+01  1.3510E+02  9.3085E-02 -7.7817E+00 -1.5342E+00
  7.9929E+00  3.6000E+02  8.7490E+01  1.3983E+02  8.2239E-02 -7.7891E+00 -1.3823E+00
  7.2264E+00  4.0000E+02  9.8218E+01  1.4464E+02  7.2340E-02 -7.7235E+00 -1.2490E+00
  6.5211E+00  4.4000E+02  1.0835E+02  1.4945E+02  6.3478E-02 -7.5418E+00 -1.1222E+00
  5.8671E+00  4.8000E+02  1.1777E+02  1.5415E+02  5.5707E-02 -7.2117E+00 -9.9507E-01
  5.2569E+00  5.2000E+02  1.2637E+02  1.5861E+02  4.8998E-02 -6.7845E+00 -8.7344E-01
  4.6847E+00  5.6000E+02  1.3412E+02  1.6273E+02  4.3231E-02 -6.3566E+00 -7.6732E-01
  4.1460E+00  6.0000E+02  1.4112E+02  1.6647E+02  3.8204E-02 -6.0468E+00 -6.8722E-01
  3.6371E+00  6.4000E+02  1.4752E+02  1.6985E+02  3.3679E-02 -5.9361E+00 -6.3736E-01
  3.1549E+00  6.8000E+02  1.5352E+02  1.7292E+02  2.9406E-02 -6.0669E+00 -6.1727E-01
  2.6967E+00  7.2000E+02  1.5929E+02  1.7575E+02  2.5164E-02 -6.4137E+00 -6.2005E-01
  2.2602E+00  7.6000E+02  1.6490E+02  1.7838E+02  2.0810E-02 -6.8423E+00 -6.3006E-01
  1.8435E+00  8.0000E+02  1.7039E+02  1.8090E+02  1.6346E-02 -7.1174E+00 -6.2568E-01
  1.4449E+00  8.4000E+02  1.7569E+02  1.8340E+02  1.1960E-02 -7.0252E+00 -5.9091E-01
  1.0626E+00  8.8000E+02  1.8057E+02  1.8582E+02  7.9555E-03 -6.4223E+00 -5.1794E-01
  6.9547E-01  9.2000E+02  1.8488E+02  1.8826E+02  4.6009E-03 -5.1133E+00 -3.9608E-01
  3.4180E-01  9.6000E+02  1.8928E+02  1.9153E+02  2.2111E-03 -3.1794E+00 -2.3724E-01
  6.9652E-04  1.0000E+03  1.9465E+02  1.9689E+02  8.9752E-04 -4.2199E-02 -3.0369E-03
