  26  3.9900000E+00
  3.1989E+01  1.0000E-03  7.9494E+00  1.2591E+01  7.9494E+00  0.0000E+00  0.0000E+00
  2.2672E+01  4.0000E+01  6.9440E+00  1.2603E+01  6.9165E+00  1.0922E-01  2.1470E-01
  1.7568E+01  8.0000E+01  6.5205E+00  1.2615E+01  6.3785E+00  8.5394E-02  9.1955E-02
  1.4905E+01  1.2000E+02  6.4343E+00  1.2639E+01  6.1708E+00  4.1241E-02  2.3174E-02
  1.3033E+01  1.6000E+02  6.3898E+00  1.2726E+01  5.9066E+00  7.0396E-02  2.7795E-02
  1.1580E+01  2.0000E+02  6.3822E+00  1.2898E+01  5.5588E+00  1.2347E-01  3.7859E-02
  1.0383E+01  2.4000E+02  6.4564E+00  1.3167E+01  5.1978E+00  1.6274E-01  4.1111E-02
  9.3591E+00  2.8000E+02  6.6261E+00  1.3533E+01  4.8311E+00  1.9156E-01  4.1362E-02
  8.4611E+00  3.2000E+02  6.9287E+00  1.4014E+01  4.4650E+00  1.9921E-01  3.7739E-02
  7.6574E+00  3.6000E+02  7.4212E+00  1.4630E+01  4.1042E+00  1.5404E-01  2.6120E-02
  6.9272E+00  4.0000E+02  8.1453E+00  1.5392E+01  3.7539E+00  5.1076E-02  7.8693E-03
  6.2561E+00  4.4000E+02  9.1049E+00  1.6296E+01  3.4277E+00 -8.2411E-02 -1.1668E-02
  5.6341E+00  4.8000E+02  1.0269E+01  1.7331E+01  3.1375E+00 -2.0746E-01 -2.7224E-02
  5.0537E+00  5.2000E+02  1.1595E+01  1.8478E+01  2.8836E+00 -3.0906E-01 -3.7850E-02
  4.5089E+00  5.6000E+02  1.3050E+01  1.9716E+01  2.6603E+00 -3.9733E-01 -4.5669E-02
  3.9952E+00  6.0000E+02  1.4609E+01  2.1026E+01  2.4620E+00 -4.8542E-01 -5.2610E-02
  3.5089E+00  6.4000E+02  1.6250E+01  2.2385E+01  2.2842E+00 -5.8046E-01 -5.9553E-02
  3.0470E+00  6.8000E+02  1.7953E+01  2.3772E+01  2.1235E+00 -6.8483E-01 -6.6732E-02
  2.6071E+00  7.2000E+02  1.9697E+01  2.5163E+01  1.9769E+00 -7.9993E-01 -7.4244E-02
  2.1871E+00  7.6000E+02  2.1464E+01  2.6540E+01  1.8416E+00 -9.2856E-01 -8.2288E-02
  1.7852E+00  8.0000E+02  2.3233E+01  2.7879E+01  1.7142E+00 -1.0710E+00 -9.0812E-02
  1.4000E+00  8.4000E+02  2.4963E+01  2.9152E+01  1.5920E+00 -1.1866E+00 -9.6438E-02
  1.0302E+00  8.8000E+02  2.6633E+01  3.0383E+01  1.4735E+00 -1.1867E+00 -9.2576E-02
  6.7466E-01  9.2000E+02  2.8374E+01  3.1737E+01  1.3585E+00 -1.0896E+00 -8.1733E-02
  3.3172E-01  9.6000E+02  3.0447E+01  3.3417E+01  1.2492E+00 -1.1437E+00 -8.2749E-02
  5.6963E-04  1.0000E+03  3.3039E+01  3.5305E+01  1.1486E+00 -2.1263E+00 -1.4856E-01
