  26  8.5995000E+01
  3.2100E+01  1.0000E-03  2.8210E-01  1.2072E+02  2.8206E-01  0.0000E+00  0.0000E+00
  2.2920E+01  4.0000E+01  9.9225E+00  1.1811E+02  2.3101E-01 -1.3350E+00 -2.5856E+00
  1.8066E+01  8.0000E+01  1.3825E+01  1.1522E+02  1.7804E-01 -1.3994E+00 -1.4333E+00
  1.5608E+01  1.2000E+02  1.6788E+01  1.1580E+02  1.6687E-01 -9.6692E-01 -5.0142E-01
  1.3827E+01  1.6000E+02  2.6378E+01  1.1942E+02  1.5503E-01 -3.3542E+00 -1.2603E+00
  1.2388E+01  2.0000E+02  4.0882E+01  1.2484E+02  1.4079E-01 -6.3138E+00 -1.9170E+00
  1.1162E+01  2.4000E+02  5.7857E+01  1.3145E+02  1.2491E-01 -8.4505E+00 -2.1863E+00
  1.0086E+01  2.8000E+02  7.4824E+01  1.3802E+02  1.0831E-01 -9.6643E+00 -2.1939E+00
  9.1258E+00  3.2000E+02  9.0603E+01  1.4437E+02  9.2461E-02 -9.8260E+00 -1.9898E+00
  8.2587E+00  3.6000E+02  1.0508E+02  1.5059E+02  7.8162E-02 -9.5089E+00 -1.7397E+00
  7.4667E+00  4.0000E+02  1.1836E+02  1.5679E+02  6.5671E-02 -8.9493E+00 -1.4952E+00
  6.7369E+00  4.4000E+02  1.3050E+02  1.6288E+02  5.4954E-02 -8.2972E+00 -1.2776E+00
  6.0592E+00  4.8000E+02  1.4153E+02  1.6870E+02  4.5805E-02 -7.6681E+00 -1.0963E+00
  5.4264E+00  5.2000E+02  1.5139E+02  1.7410E+02  3.8022E-02 -7.0706E+00 -9.4403E-01
  4.8327E+00  5.6000E+02  1.6003E+02  1.7891E+02  3.1500E-02 -6.4514E+00 -8.0807E-01
  4.2738E+00  6.0000E+02  1.6740E+02  1.8301E+02  2.6117E-02 -5.8427E+00 -6.8896E-01
  3.7462E+00  6.4000E+02  1.7358E+02  1.8636E+02  2.1650E-02 -5.3485E+00 -5.9540E-01
  3.2469E+00  6.8000E+02  1.7876E+02  1.8901E+02  1.7726E-02 -5.0817E+00 -5.3525E-01
  2.7736E+00  7.2000E+02  1.8338E+02  1.9123E+02  1.3888E-02 -5.0642E+00 -5.0576E-01
  2.3236E+00  7.6000E+02  1.8783E+02  1.9343E+02  9.9597E-03 -5.0074E+00 -4.7534E-01
  1.8947E+00  8.0000E+02  1.9215E+02  1.9585E+02  6.3425E-03 -4.4333E+00 -4.0119E-01
  1.4846E+00  8.4000E+02  1.9609E+02  1.9838E+02  3.5715E-03 -3.4216E+00 -2.9604E-01
  1.0916E+00  8.8000E+02  1.9943E+02  2.0079E+02  1.7210E-03 -2.3810E+00 -1.9741E-01
  7.1435E-01  9.2000E+02  2.0234E+02  2.0323E+02  6.5297E-04 -1.2306E+00 -9.7956E-02
  3.5103E-01  9.6000E+02  2.0578E+02  2.0658E+02  1.8319E-04 -2.5118E-01 -1.9254E-02
  7.2256E-04  1.0000E+03  2.1070E+02  2.1095E+02  3.6904E-05 -1.5801E+00 -1.1678E-01
