  26  8.5995000E+01
  3.1766E+01  1.0000E-03  1.6920E-01  1.1366E+02  1.6918E-01  0.0000E+00  0.0000E+00
  2.2445E+01  4.0000E+01  1.0195E+01  1.1526E+02  1.3158E-01 -9.0327E-01 -1.7765E+00
  1.7299E+01  8.0000E+01  2.0638E+01  1.1515E+02  1.0185E-01 -2.0512E+00 -2.2267E+00
  1.4585E+01  1.2000E+02  2.2084E+01  1.1358E+02  9.6362E-02 -1.1107E+00 -6.3599E-01
  1.2683E+01  1.6000E+02  2.3973E+01  1.1222E+02  9.2249E-02 -1.7066E+00 -6.8496E-01
  1.1229E+01  2.0000E+02  2.7235E+01  1.1127E+02  8.7931E-02 -2.9019E+00 -8.9011E-01
  1.0053E+01  2.4000E+02  3.1765E+01  1.1116E+02  8.3233E-02 -3.9439E+00 -9.7839E-01
  9.0613E+00  2.8000E+02  3.7362E+01  1.1189E+02  7.8189E-02 -4.9101E+00 -1.0277E+00
  8.1967E+00  3.2000E+02  4.4085E+01  1.1360E+02  7.2777E-02 -5.7905E+00 -1.0563E+00
  7.4248E+00  3.6000E+02  5.1801E+01  1.1605E+02  6.6887E-02 -6.8280E+00 -1.1119E+00
  6.7238E+00  4.0000E+02  6.0229E+01  1.1902E+02  6.0674E-02 -7.7831E+00 -1.1512E+00
  6.0791E+00  4.4000E+02  6.8962E+01  1.2236E+02  5.4403E-02 -8.3609E+00 -1.1371E+00
  5.4809E+00  4.8000E+02  7.7756E+01  1.2598E+02  4.8293E-02 -8.6584E+00 -1.0928E+00
  4.9217E+00  5.2000E+02  8.6490E+01  1.2980E+02  4.2492E-02 -8.7851E+00 -1.0364E+00
  4.3960E+00  5.6000E+02  9.5095E+01  1.3376E+02  3.7057E-02 -8.8271E+00 -9.7904E-01
  3.8994E+00  6.0000E+02  1.0351E+02  1.3780E+02  3.1994E-02 -8.8220E+00 -9.2438E-01
  3.4283E+00  6.4000E+02  1.1167E+02  1.4183E+02  2.7294E-02 -8.7576E+00 -8.7035E-01
  2.9801E+00  6.8000E+02  1.1953E+02  1.4582E+02  2.2947E-02 -8.6423E+00 -8.1735E-01
  2.5523E+00  7.2000E+02  1.2705E+02  1.4970E+02  1.8958E-02 -8.4939E+00 -7.6661E-01
  2.1431E+00  7.6000E+02  1.3419E+02  1.5344E+02  1.5334E-02 -8.3296E+00 -7.1915E-01
  1.7508E+00  8.0000E+02  1.4092E+02  1.5698E+02  1.2085E-02 -8.1268E+00 -6.7253E-01
  1.3742E+00  8.4000E+02  1.4717E+02  1.6030E+02  9.2204E-03 -7.7713E+00 -6.1745E-01
  1.0121E+00  8.8000E+02  1.5299E+02  1.6354E+02  6.7654E-03 -7.1431E+00 -5.4574E-01
  6.6323E-01  9.2000E+02  1.5857E+02  1.6690E+02  4.7534E-03 -6.3495E+00 -4.6736E-01
  3.2623E-01  9.6000E+02  1.6413E+02  1.7048E+02  3.1923E-03 -5.8745E+00 -4.1768E-01
  4.6563E-04  1.0000E+03  1.6983E+02  1.7280E+02  2.0508E-03 -1.0398E+01 -7.1468E-01
