  26  3.9900000E+00
  3.2043E+01  1.0000E-03  9.6847E+00  1.5269E+01  9.6847E+00  0.0000E+00  0.0000E+00
  2.2845E+01  4.0000E+01  8.4948E+00  1.5267E+01  8.4711E+00  1.2921E-01  2.5076E-01
  1.7901E+01  8.0000E+01  7.9301E+00  1.5314E+01  7.8296E+00  1.2366E-01  1.2900E-01
  1.5364E+01  1.2000E+02  7.7761E+00  1.5424E+01  7.5783E+00  1.0423E-01  5.5778E-02
  1.3550E+01  1.6000E+02  7.6537E+00  1.5676E+01  7.2076E+00  2.0642E-01  7.9014E-02
  1.2102E+01  2.0000E+02  7.6995E+00  1.6153E+01  6.7042E+00  2.9788E-01  9.0954E-02
  1.0884E+01  2.4000E+02  8.0778E+00  1.6869E+01  6.1412E+00  2.7705E-01  7.1220E-02
  9.8256E+00  2.8000E+02  8.8323E+00  1.7820E+01  5.5653E+00  1.8527E-01  4.1370E-02
  8.8866E+00  3.2000E+02  9.9588E+00  1.8984E+01  5.0311E+00  4.0773E-02  8.0772E-03
  8.0407E+00  3.6000E+02  1.1419E+01  2.0353E+01  4.5578E+00 -1.0877E-01 -1.9413E-02
  7.2694E+00  4.0000E+02  1.3157E+01  2.1910E+01  4.1548E+00 -2.3526E-01 -3.8282E-02
  6.5595E+00  4.4000E+02  1.5105E+01  2.3621E+01  3.8155E+00 -3.3160E-01 -4.9669E-02
  5.9010E+00  4.8000E+02  1.7185E+01  2.5429E+01  3.5280E+00 -4.1428E-01 -5.7556E-02
  5.2865E+00  5.2000E+02  1.9322E+01  2.7259E+01  3.2823E+00 -5.0014E-01 -6.4840E-02
  4.7103E+00  5.6000E+02  2.1444E+01  2.9037E+01  3.0706E+00 -5.9692E-01 -7.2561E-02
  4.1680E+00  6.0000E+02  2.3506E+01  3.0713E+01  2.8854E+00 -7.1104E-01 -8.1361E-02
  3.6558E+00  6.4000E+02  2.5498E+01  3.2269E+01  2.7192E+00 -8.5175E-01 -9.2047E-02
  3.1706E+00  6.8000E+02  2.7442E+01  3.3715E+01  2.5643E+00 -1.0261E+00 -1.0503E-01
  2.7098E+00  7.2000E+02  2.9378E+01  3.5088E+01  2.4128E+00 -1.2224E+00 -1.1885E-01
  2.2710E+00  7.6000E+02  3.1329E+01  3.6426E+01  2.2589E+00 -1.3963E+00 -1.2925E-01
  1.8523E+00  8.0000E+02  3.3310E+01  3.7780E+01  2.1000E+00 -1.4967E+00 -1.3222E-01
  1.4517E+00  8.4000E+02  3.5354E+01  3.9203E+01  1.9384E+00 -1.5505E+00 -1.3104E-01
  1.0676E+00  8.8000E+02  3.7389E+01  4.0637E+01  1.7785E+00 -1.5668E+00 -1.2696E-01
  6.9875E-01  9.2000E+02  3.9375E+01  4.2109E+01  1.6229E+00 -1.3913E+00 -1.0828E-01
  3.4341E-01  9.6000E+02  4.1761E+01  4.4094E+01  1.4749E+00 -1.1279E+00 -8.4559E-02
  7.0245E-04  1.0000E+03  4.5137E+01  4.7311E+01  1.3399E+00 -4.6467E-01 -3.3597E-02
