  26  8.5995000E+01
  3.2002E+01  1.0000E-03  2.2924E-01  1.1631E+02  2.2922E-01  0.0000E+00  0.0000E+00
  2.2716E+01  4.0000E+01  9.7593E+00  1.1733E+02  1.8373E-01 -9.1649E-01 -1.7956E+00
  1.7650E+01  8.0000E+01  1.8458E+01  1.1623E+02  1.4141E-01 -1.9336E+00 -2.0666E+00
  1.5019E+01  1.2000E+02  2.0659E+01  1.1482E+02  1.3281E-01 -1.3742E+00 -7.6283E-01
  1.3164E+01  1.6000E+02  2.7002E+01  1.1542E+02  1.2451E-01 -3.0956E+00 -1.2115E+00
  1.1713E+01  2.0000E+02  3.6052E+01  1.1732E+02  1.1542E-01 -4.9234E+00 -1.5077E+00
  1.0509E+01  2.4000E+02  4.5645E+01  1.1972E+02  1.0628E-01 -5.9799E+00 -1.5186E+00
  9.4753E+00  2.8000E+02  5.4957E+01  1.2244E+02  9.7346E-02 -6.3749E+00 -1.3901E+00
  8.5660E+00  3.2000E+02  6.4095E+01  1.2554E+02  8.8585E-02 -6.6447E+00 -1.2748E+00
  7.7510E+00  3.6000E+02  7.3234E+01  1.2901E+02  8.0001E-02 -6.9525E+00 -1.1955E+00
  7.0101E+00  4.0000E+02  8.2430E+01  1.3278E+02  7.1639E-02 -7.3185E+00 -1.1440E+00
  6.3292E+00  4.4000E+02  9.1528E+01  1.3675E+02  6.3701E-02 -7.5387E+00 -1.0829E+00
  5.6982E+00  4.8000E+02  1.0034E+02  1.4080E+02  5.6379E-02 -7.5477E+00 -1.0049E+00
  5.1094E+00  5.2000E+02  1.0877E+02  1.4485E+02  4.9727E-02 -7.4427E+00 -9.2453E-01
  4.5570E+00  5.6000E+02  1.1679E+02  1.4882E+02  4.3680E-02 -7.3238E+00 -8.5352E-01
  4.0364E+00  6.0000E+02  1.2441E+02  1.5267E+02  3.8132E-02 -7.2340E+00 -7.9455E-01
  3.5439E+00  6.4000E+02  1.3164E+02  1.5638E+02  3.2998E-02 -7.1603E+00 -7.4405E-01
  3.0764E+00  6.8000E+02  1.3847E+02  1.5991E+02  2.8247E-02 -7.0628E+00 -6.9662E-01
  2.6314E+00  7.2000E+02  1.4490E+02  1.6325E+02  2.3853E-02 -6.9528E+00 -6.5275E-01
  2.2068E+00  7.6000E+02  1.5094E+02  1.6638E+02  1.9789E-02 -6.8459E+00 -6.1325E-01
  1.8008E+00  8.0000E+02  1.5661E+02  1.6930E+02  1.6016E-02 -6.7640E+00 -5.7939E-01
  1.4119E+00  8.4000E+02  1.6192E+02  1.7201E+02  1.2499E-02 -6.6786E+00 -5.4806E-01
  1.0386E+00  8.8000E+02  1.6679E+02  1.7450E+02  9.2324E-03 -6.3914E+00 -5.0325E-01
  6.7997E-01  9.2000E+02  1.7139E+02  1.7707E+02  6.2719E-03 -5.6492E+00 -4.2750E-01
  3.3425E-01  9.6000E+02  1.7623E+02  1.8034E+02  3.8332E-03 -4.5399E+00 -3.3114E-01
  6.3005E-04  1.0000E+03  1.8179E+02  1.8467E+02  2.1358E-03 -3.6799E+00 -2.5901E-01
