  26  8.5995000E+01
  3.2057E+01  1.0000E-03  2.6734E-01  1.1937E+02  2.6732E-01  0.0000E+00  0.0000E+00
  2.2864E+01  4.0000E+01  9.6904E+00  1.1834E+02  2.1775E-01 -1.1373E+00 -2.2059E+00
  1.7939E+01  8.0000E+01  1.5348E+01  1.1601E+02  1.6761E-01 -1.6206E+00 -1.6840E+00
  1.5419E+01  1.2000E+02  1.8477E+01  1.1603E+02  1.5692E-01 -1.2354E+00 -6.5690E-01
  1.3611E+01  1.6000E+02  2.7311E+01  1.1869E+02  1.4594E-01 -3.4108E+00 -1.3010E+00
  1.2165E+01  2.0000E+02  4.0102E+01  1.2295E+02  1.3331E-01 -5.9028E+00 -1.8007E+00
  1.0945E+01  2.4000E+02  5.4259E+01  1.2788E+02  1.1978E-01 -7.5623E+00 -1.9464E+00
  9.8835E+00  2.8000E+02  6.8277E+01  1.3309E+02  1.0600E-01 -8.2973E+00 -1.8586E+00
  8.9404E+00  3.2000E+02  8.1446E+01  1.3838E+02  9.2933E-02 -8.3555E+00 -1.6626E+00
  8.0900E+00  3.6000E+02  9.3796E+01  1.4374E+02  8.0993E-02 -8.2241E+00 -1.4755E+00
  7.3141E+00  4.0000E+02  1.0542E+02  1.4913E+02  7.0310E-02 -8.0249E+00 -1.3136E+00
  6.5995E+00  4.4000E+02  1.1630E+02  1.5448E+02  6.0890E-02 -7.7518E+00 -1.1687E+00
  5.9364E+00  4.8000E+02  1.2633E+02  1.5961E+02  5.2701E-02 -7.3745E+00 -1.0317E+00
  5.3175E+00  5.2000E+02  1.3536E+02  1.6438E+02  4.5694E-02 -6.8811E+00 -8.9855E-01
  4.7371E+00  5.6000E+02  1.4331E+02  1.6866E+02  3.9771E-02 -6.3331E+00 -7.7548E-01
  4.1909E+00  6.0000E+02  1.5025E+02  1.7241E+02  3.4762E-02 -5.8411E+00 -6.7319E-01
  3.6751E+00  6.4000E+02  1.5633E+02  1.7564E+02  3.0431E-02 -5.5187E+00 -6.0052E-01
  3.1868E+00  6.8000E+02  1.6183E+02  1.7846E+02  2.6449E-02 -5.5019E+00 -5.6684E-01
  2.7232E+00  7.2000E+02  1.6711E+02  1.8101E+02  2.2433E-02 -5.8810E+00 -5.7517E-01
  2.2821E+00  7.6000E+02  1.7239E+02  1.8343E+02  1.8105E-02 -6.4841E+00 -6.0351E-01
  1.8612E+00  8.0000E+02  1.7769E+02  1.8586E+02  1.3513E-02 -6.8182E+00 -6.0545E-01
  1.4586E+00  8.4000E+02  1.8282E+02  1.8838E+02  9.1091E-03 -6.4627E+00 -5.4891E-01
  1.0727E+00  8.8000E+02  1.8736E+02  1.9084E+02  5.4196E-03 -5.3993E+00 -4.3963E-01
  7.0203E-01  9.2000E+02  1.9117E+02  1.9329E+02  2.7289E-03 -3.6697E+00 -2.8695E-01
  3.4502E-01  9.6000E+02  1.9514E+02  1.9664E+02  1.1152E-03 -1.7415E+00 -1.3117E-01
  7.0839E-04  1.0000E+03  2.0035E+02  2.0178E+02  3.7391E-04 -2.0922E-01 -1.5199E-02
