  26  8.5995000E+01
  3.2030E+01  1.0000E-03  2.5800E-01  1.1865E+02  2.5797E-01  0.0000E+00  0.0000E+00
  2.2824E+01  4.0000E+01  9.5699E+00  1.1846E+02  2.0939E-01 -1.0322E+00 -2.0048E+00
  1.7860E+01  8.0000E+01  1.6219E+01  1.1650E+02  1.6110E-01 -1.7337E+00 -1.8158E+00
  1.5308E+01  1.2000E+02  1.9239E+01  1.1612E+02  1.5085E-01 -1.3356E+00 -7.1924E-01
  1.3487E+01  1.6000E+02  2.7428E+01  1.1820E+02  1.4051E-01 -3.3544E+00 -1.2885E+00
  1.2038E+01  2.0000E+02  3.9185E+01  1.2192E+02  1.2894E-01 -5.5501E+00 -1.6960E+00
  1.0822E+01  2.4000E+02  5.1848E+01  1.2607E+02  1.1690E-01 -6.9895E+00 -1.7943E+00
  9.7667E+00  2.8000E+02  6.4324E+01  1.3052E+02  1.0479E-01 -7.6154E+00 -1.6950E+00
  8.8321E+00  3.2000E+02  7.6146E+01  1.3509E+02  9.3199E-02 -7.7548E+00 -1.5291E+00
  7.9910E+00  3.6000E+02  8.7353E+01  1.3977E+02  8.2414E-02 -7.7594E+00 -1.3770E+00
  7.2246E+00  4.0000E+02  9.8028E+01  1.4454E+02  7.2550E-02 -7.7106E+00 -1.2468E+00
  6.5195E+00  4.4000E+02  1.0814E+02  1.4932E+02  6.3683E-02 -7.5621E+00 -1.1250E+00
  5.8657E+00  4.8000E+02  1.1758E+02  1.5400E+02  5.5865E-02 -7.2671E+00 -1.0024E+00
  5.2557E+00  5.2000E+02  1.2621E+02  1.5845E+02  4.9087E-02 -6.8583E+00 -8.8265E-01
  4.6837E+00  5.6000E+02  1.3401E+02  1.6258E+02  4.3256E-02 -6.4224E+00 -7.7503E-01
  4.1452E+00  6.0000E+02  1.4103E+02  1.6632E+02  3.8184E-02 -6.0855E+00 -6.9141E-01
  3.6364E+00  6.4000E+02  1.4744E+02  1.6971E+02  3.3637E-02 -5.9441E+00 -6.3803E-01
  3.1543E+00  6.8000E+02  1.5343E+02  1.7278E+02  2.9359E-02 -6.0558E+00 -6.1596E-01
  2.6963E+00  7.2000E+02  1.5919E+02  1.7561E+02  2.5115E-02 -6.4032E+00 -6.1884E-01
  2.2599E+00  7.6000E+02  1.6482E+02  1.7825E+02  2.0744E-02 -6.8530E+00 -6.3086E-01
  1.8434E+00  8.0000E+02  1.7034E+02  1.8079E+02  1.6247E-02 -7.1479E+00 -6.2821E-01
  1.4448E+00  8.4000E+02  1.7568E+02  1.8332E+02  1.1835E-02 -7.0428E+00 -5.9226E-01
  1.0626E+00  8.8000E+02  1.8058E+02  1.8577E+02  7.8327E-03 -6.4010E+00 -5.1615E-01
  6.9545E-01  9.2000E+02  1.8490E+02  1.8823E+02  4.5108E-03 -5.0565E+00 -3.9165E-01
  3.4179E-01  9.6000E+02  1.8928E+02  1.9152E+02  2.1630E-03 -3.1150E+00 -2.3242E-01
  6.9476E-04  1.0000E+03  1.9464E+02  1.9689E+02  8.7837E-04  2.3051E-02  1.6589E-03
