  26  8.5995000E+01
  3.2094E+01  1.0000E-03  2.7892E-01  1.2031E+02  2.7888E-01  0.0000E+00  0.0000E+00
  2.2910E+01  4.0000E+01  9.8839E+00  1.1799E+02  2.2814E-01 -1.2986E+00 -2.5162E+00
  1.8040E+01  8.0000E+01  1.4135E+01  1.1522E+02  1.7579E-01 -1.4409E+00 -1.4804E+00
  1.5569E+01  1.2000E+02  1.7159E+01  1.1572E+02  1.6472E-01 -1.0222E+00 -5.3311E-01
  1.3781E+01  1.6000E+02  2.6610E+01  1.1912E+02  1.5306E-01 -3.3838E+00 -1.2763E+00
  1.2340E+01  2.0000E+02  4.0777E+01  1.2423E+02  1.3910E-01 -6.2880E+00 -1.9114E+00
  1.1115E+01  2.4000E+02  5.7235E+01  1.3046E+02  1.2357E-01 -8.3542E+00 -2.1585E+00
  1.0043E+01  2.8000E+02  7.3625E+01  1.3672E+02  1.0740E-01 -9.4456E+00 -2.1374E+00
  9.0871E+00  3.2000E+02  8.8846E+01  1.4285E+02  9.2035E-02 -9.5106E+00 -1.9178E+00
  8.2239E+00  3.6000E+02  1.0287E+02  1.4896E+02  7.8212E-02 -9.1628E+00 -1.6686E+00
  7.4357E+00  4.0000E+02  1.1583E+02  1.5510E+02  6.6132E-02 -8.6559E+00 -1.4395E+00
  6.7090E+00  4.4000E+02  1.2777E+02  1.6116E+02  5.5730E-02 -8.0981E+00 -1.2414E+00
  6.0343E+00  4.8000E+02  1.3866E+02  1.6696E+02  4.6852E-02 -7.5268E+00 -1.0716E+00
  5.4040E+00  5.2000E+02  1.4839E+02  1.7232E+02  3.9328E-02 -6.9525E+00 -9.2451E-01
  4.8127E+00  5.6000E+02  1.5688E+02  1.7705E+02  3.3054E-02 -6.3460E+00 -7.9171E-01
  4.2560E+00  6.0000E+02  1.6409E+02  1.8106E+02  2.7889E-02 -5.7601E+00 -6.7654E-01
  3.7305E+00  6.4000E+02  1.7012E+02  1.8431E+02  2.3600E-02 -5.2916E+00 -5.8670E-01
  3.2333E+00  6.8000E+02  1.7521E+02  1.8687E+02  1.9816E-02 -5.0689E+00 -5.3172E-01
  2.7619E+00  7.2000E+02  1.7979E+02  1.8901E+02  1.6055E-02 -5.1817E+00 -5.1535E-01
  2.3138E+00  7.6000E+02  1.8429E+02  1.9110E+02  1.2029E-02 -5.3957E+00 -5.1004E-01
  1.8868E+00  8.0000E+02  1.8880E+02  1.9341E+02  8.0352E-03 -5.1349E+00 -4.6266E-01
  1.4785E+00  8.4000E+02  1.9303E+02  1.9592E+02  4.7079E-03 -4.2344E+00 -3.6474E-01
  1.0872E+00  8.8000E+02  1.9668E+02  1.9837E+02  2.3526E-03 -3.0451E+00 -2.5138E-01
  7.1150E-01  9.2000E+02  1.9980E+02  2.0088E+02  9.4713E-04 -1.6484E+00 -1.3066E-01
  3.4964E-01  9.6000E+02  2.0335E+02  2.0426E+02  2.9301E-04 -4.5359E-01 -3.4629E-02
  7.1306E-04  1.0000E+03  2.0831E+02  2.0891E+02  6.7655E-05 -8.7874E-01 -6.4690E-02
