  26  3.9900000E+00
  3.2103E+01  1.0000E-03  1.0499E+01  1.6656E+01  1.0499E+01  0.0000E+00  0.0000E+00
  2.2928E+01  4.0000E+01  9.2303E+00  1.6629E+01  9.2027E+00  1.3537E-01  2.6204E-01
  1.8086E+01  8.0000E+01  8.6000E+00  1.6698E+01  8.5170E+00  1.4443E-01  1.4754E-01
  1.5640E+01  1.2000E+02  8.4097E+00  1.6852E+01  8.2599E+00  1.4087E-01  7.2705E-02
  1.3865E+01  1.6000E+02  8.2424E+00  1.7189E+01  7.8643E+00  2.8380E-01  1.0627E-01
  1.2427E+01  2.0000E+02  8.3090E+00  1.7870E+01  7.2707E+00  4.2748E-01  1.2967E-01
  1.1200E+01  2.4000E+02  8.9946E+00  1.9004E+01  6.5655E+00  3.6502E-01  9.4535E-02
  1.0121E+01  2.8000E+02  1.0443E+01  2.0519E+01  5.8357E+00  6.2645E-02  1.4257E-02
  9.1580E+00  3.2000E+02  1.2528E+01  2.2339E+01  5.1734E+00 -2.7527E-01 -5.5941E-02
  8.2873E+00  3.6000E+02  1.5022E+01  2.4412E+01  4.6234E+00 -4.8389E-01 -8.8891E-02
  7.4920E+00  4.0000E+02  1.7759E+01  2.6708E+01  4.1819E+00 -5.5436E-01 -9.3007E-02
  6.7593E+00  4.4000E+02  2.0664E+01  2.9169E+01  3.8204E+00 -6.0632E-01 -9.3728E-02
  6.0793E+00  4.8000E+02  2.3689E+01  3.1714E+01  3.5157E+00 -7.0515E-01 -1.0117E-01
  5.4445E+00  5.2000E+02  2.6756E+01  3.4252E+01  3.2537E+00 -8.3474E-01 -1.1180E-01
  4.8492E+00  5.6000E+02  2.9767E+01  3.6685E+01  3.0259E+00 -9.6931E-01 -1.2175E-01
  4.2888E+00  6.0000E+02  3.2616E+01  3.8916E+01  2.8255E+00 -1.1034E+00 -1.3045E-01
  3.7597E+00  6.4000E+02  3.5222E+01  4.0867E+01  2.6453E+00 -1.2387E+00 -1.3826E-01
  3.2591E+00  6.8000E+02  3.7555E+01  4.2525E+01  2.4762E+00 -1.3469E+00 -1.4227E-01
  2.7843E+00  7.2000E+02  3.9711E+01  4.4023E+01  2.3087E+00 -1.3860E+00 -1.3885E-01
  2.3328E+00  7.6000E+02  4.1881E+01  4.5578E+01  2.1388E+00 -1.3631E+00 -1.2985E-01
  1.9022E+00  8.0000E+02  4.4142E+01  4.7273E+01  1.9721E+00 -1.3147E+00 -1.1944E-01
  1.4903E+00  8.4000E+02  4.6415E+01  4.9012E+01  1.8162E+00 -1.2954E+00 -1.1255E-01
  1.0957E+00  8.8000E+02  4.8495E+01  5.0598E+01  1.6699E+00 -1.2531E+00 -1.0433E-01
  7.1697E-01  9.2000E+02  5.0507E+01  5.2228E+01  1.5275E+00 -1.0082E+00 -8.0567E-02
  3.5231E-01  9.6000E+02  5.3124E+01  5.4561E+01  1.3895E+00 -7.7843E-01 -5.9890E-02
  7.3613E-04  1.0000E+03  5.6960E+01  5.7485E+01  1.2595E+00 -2.5937E+00 -1.9239E-01
