  26  3.9900000E+00
  3.2071E+01  1.0000E-03  1.0005E+01  1.5701E+01  1.0005E+01  0.0000E+00  0.0000E+00
  2.2882E+01  4.0000E+01  8.7839E+00  1.5691E+01  8.7589E+00  1.3180E-01  2.5554E-01
  1.7976E+01  8.0000E+01  8.1929E+00  1.5746E+01  8.0999E+00  1.3162E-01  1.3623E-01
  1.5472E+01  1.2000E+02  8.0242E+00  1.5873E+01  7.8453E+00  1.1830E-01  6.2495E-02
  1.3671E+01  1.6000E+02  7.8868E+00  1.6155E+01  7.4616E+00  2.3267E-01  8.8433E-02
  1.2226E+01  2.0000E+02  7.9423E+00  1.6698E+01  6.9180E+00  3.3729E-01  1.0278E-01
  1.1005E+01  2.4000E+02  8.4228E+00  1.7555E+01  6.2897E+00  3.0833E-01  7.9452E-02
  9.9399E+00  2.8000E+02  9.4055E+00  1.8707E+01  5.6455E+00  1.5883E-01  3.5693E-02
  8.9926E+00  3.2000E+02  1.0850E+01  2.0121E+01  5.0582E+00 -3.2169E-02 -6.4291E-03
  8.1379E+00  3.6000E+02  1.2675E+01  2.1784E+01  4.5564E+00 -1.8864E-01 -3.4017E-02
  7.3577E+00  4.0000E+02  1.4797E+01  2.3674E+01  4.1434E+00 -2.9789E-01 -4.9037E-02
  6.6387E+00  4.4000E+02  1.7144E+01  2.5740E+01  3.8009E+00 -3.9074E-01 -5.9270E-02
  5.9713E+00  4.8000E+02  1.9632E+01  2.7896E+01  3.5120E+00 -4.9833E-01 -7.0172E-02
  5.3481E+00  5.2000E+02  2.2160E+01  3.0037E+01  3.2654E+00 -6.1874E-01 -8.1351E-02
  4.7636E+00  5.6000E+02  2.4618E+01  3.2063E+01  3.0536E+00 -7.4008E-01 -9.1260E-02
  4.2135E+00  6.0000E+02  2.6926E+01  3.3898E+01  2.8698E+00 -8.6171E-01 -1.0001E-01
  3.6942E+00  6.4000E+02  2.9049E+01  3.5507E+01  2.7067E+00 -9.8729E-01 -1.0817E-01
  3.2028E+00  6.8000E+02  3.1013E+01  3.6918E+01  2.5555E+00 -1.1261E+00 -1.1676E-01
  2.7365E+00  7.2000E+02  3.2911E+01  3.8218E+01  2.4058E+00 -1.2834E+00 -1.2626E-01
  2.2929E+00  7.6000E+02  3.4838E+01  3.9514E+01  2.2493E+00 -1.4226E+00 -1.3312E-01
  1.8699E+00  8.0000E+02  3.6857E+01  4.0900E+01  2.0844E+00 -1.4944E+00 -1.3337E-01
  1.4654E+00  8.4000E+02  3.8993E+01  4.2415E+01  1.9174E+00 -1.5358E+00 -1.3108E-01
  1.0776E+00  8.8000E+02  4.1094E+01  4.3927E+01  1.7548E+00 -1.5215E+00 -1.2448E-01
  7.0527E-01  9.2000E+02  4.3126E+01  4.5484E+01  1.5996E+00 -1.2750E+00 -1.0016E-01
  3.4661E-01  9.6000E+02  4.5622E+01  4.7625E+01  1.4537E+00 -9.8934E-01 -7.4862E-02
  7.1165E-04  1.0000E+03  4.9210E+01  5.0848E+01  1.3201E+00 -1.0552E+00 -7.7008E-02
