  26  8.5995000E+01
  3.2019E+01  1.0000E-03  2.5285E-01  1.1830E+02  2.5282E-01  0.0000E+00  0.0000E+00
  2.2801E+01  4.0000E+01  9.5875E+00  1.1826E+02  2.0479E-01 -1.0170E+00 -1.9779E+00
  1.7818E+01  8.0000E+01  1.6629E+01  1.1652E+02  1.5755E-01 -1.7609E+00 -1.8513E+00
  1.5251E+01  1.2000E+02  1.9552E+01  1.1594E+02  1.4757E-01 -1.3651E+00 -7.3942E-01
  1.3424E+01  1.6000E+02  2.7396E+01  1.1772E+02  1.3760E-01 -3.3186E+00 -1.2791E+00
  1.1975E+01  2.0000E+02  3.8630E+01  1.2111E+02  1.2653E-01 -5.4131E+00 -1.6550E+00
  1.0760E+01  2.4000E+02  5.0629E+01  1.2490E+02  1.1511E-01 -6.7615E+00 -1.7323E+00
  9.7095E+00  2.8000E+02  6.2437E+01  1.2899E+02  1.0368E-01 -7.3458E+00 -1.6286E+00
  8.7797E+00  3.2000E+02  7.3704E+01  1.3325E+02  9.2677E-02 -7.5313E+00 -1.4774E+00
  7.9435E+00  3.6000E+02  8.4479E+01  1.3767E+02  8.2322E-02 -7.5994E+00 -1.3407E+00
  7.1820E+00  4.0000E+02  9.4818E+01  1.4222E+02  7.2754E-02 -7.6069E+00 -1.2221E+00
  6.4816E+00  4.4000E+02  1.0466E+02  1.4682E+02  6.4108E-02 -7.4800E+00 -1.1053E+00
  5.8323E+00  4.8000E+02  1.1387E+02  1.5136E+02  5.6472E-02 -7.1947E+00 -9.8562E-01
  5.2265E+00  5.2000E+02  1.2235E+02  1.5571E+02  4.9834E-02 -6.8193E+00 -8.7157E-01
  4.6584E+00  5.6000E+02  1.3010E+02  1.5978E+02  4.4058E-02 -6.4732E+00 -7.7582E-01
  4.1235E+00  6.0000E+02  1.3720E+02  1.6354E+02  3.8945E-02 -6.2464E+00 -7.0497E-01
  3.6180E+00  6.4000E+02  1.4378E+02  1.6699E+02  3.4278E-02 -6.1964E+00 -6.6089E-01
  3.1388E+00  6.8000E+02  1.4999E+02  1.7017E+02  2.9859E-02 -6.3237E+00 -6.3935E-01
  2.6833E+00  7.2000E+02  1.5593E+02  1.7311E+02  2.5538E-02 -6.5794E+00 -6.3231E-01
  2.2492E+00  7.6000E+02  1.6165E+02  1.7585E+02  2.1225E-02 -6.8637E+00 -6.2853E-01
  1.8347E+00  8.0000E+02  1.6716E+02  1.7845E+02  1.6916E-02 -7.0392E+00 -6.1560E-01
  1.4380E+00  8.4000E+02  1.7245E+02  1.8097E+02  1.2716E-02 -6.9801E+00 -5.8420E-01
  1.0576E+00  8.8000E+02  1.7736E+02  1.8339E+02  8.8070E-03 -6.5515E+00 -5.2580E-01
  6.9220E-01  9.2000E+02  1.8181E+02  1.8582E+02  5.3795E-03 -5.5085E+00 -4.2467E-01
  3.4019E-01  9.6000E+02  1.8637E+02  1.8905E+02  2.7693E-03 -3.7752E+00 -2.8038E-01
  6.8857E-04  1.0000E+03  1.9181E+02  1.9420E+02  1.2169E-03 -8.3763E-01 -5.9998E-02
