  26  8.5995000E+01
  3.1941E+01  1.0000E-03  1.9353E-01  1.1492E+02  1.9351E-01  0.0000E+00  0.0000E+00
  2.2591E+01  4.0000E+01  1.0247E+01  1.1650E+02  1.5237E-01 -9.0721E-01 -1.7898E+00
  1.7445E+01  8.0000E+01  2.0401E+01  1.1605E+02  1.1760E-01 -2.0592E+00 -2.2355E+00
  1.4745E+01  1.2000E+02  2.1963E+01  1.1430E+02  1.1097E-01 -1.2283E+00 -6.9979E-01
  1.2852E+01  1.6000E+02  2.5553E+01  1.1349E+02  1.0536E-01 -2.3220E+00 -9.2733E-01
  1.1394E+01  2.0000E+02  3.1030E+01  1.1347E+02  9.9361E-02 -3.7748E+00 -1.1605E+00
  1.0205E+01  2.4000E+02  3.7208E+01  1.1402E+02  9.3213E-02 -4.7321E+00 -1.1871E+00
  9.1963E+00  2.8000E+02  4.3757E+01  1.1528E+02  8.7112E-02 -5.2389E+00 -1.1154E+00
  8.3146E+00  3.2000E+02  5.0880E+01  1.1726E+02  8.0816E-02 -5.8318E+00 -1.0848E+00
  7.5272E+00  3.6000E+02  5.8776E+01  1.1986E+02  7.4117E-02 -6.7343E+00 -1.1188E+00
  6.8124E+00  4.0000E+02  6.7267E+01  1.2293E+02  6.7110E-02 -7.5839E+00 -1.1437E+00
  6.1557E+00  4.4000E+02  7.6054E+01  1.2635E+02  6.0034E-02 -8.1732E+00 -1.1324E+00
  5.5468E+00  4.8000E+02  8.4895E+01  1.3001E+02  5.3155E-02 -8.4986E+00 -1.0917E+00
  4.9783E+00  5.2000E+02  9.3632E+01  1.3386E+02  4.6644E-02 -8.6091E+00 -1.0327E+00
  4.4442E+00  5.6000E+02  1.0217E+02  1.3781E+02  4.0571E-02 -8.5979E+00 -9.6873E-01
  3.9402E+00  6.0000E+02  1.1045E+02  1.4180E+02  3.4955E-02 -8.4956E+00 -9.0342E-01
  3.4626E+00  6.4000E+02  1.1838E+02  1.4576E+02  2.9786E-02 -8.3246E+00 -8.3886E-01
  3.0085E+00  6.8000E+02  1.2594E+02  1.4963E+02  2.5051E-02 -8.1154E+00 -7.7754E-01
  2.5755E+00  7.2000E+02  1.3310E+02  1.5337E+02  2.0738E-02 -7.9047E+00 -7.2214E-01
  2.1616E+00  7.6000E+02  1.3985E+02  1.5692E+02  1.6830E-02 -7.7201E+00 -6.7410E-01
  1.7652E+00  8.0000E+02  1.4616E+02  1.6025E+02  1.3308E-02 -7.5317E+00 -6.2983E-01
  1.3850E+00  8.4000E+02  1.5197E+02  1.6332E+02  1.0165E-02 -7.1813E+00 -5.7607E-01
  1.0197E+00  8.8000E+02  1.5732E+02  1.6631E+02  7.4432E-03 -6.4685E+00 -4.9851E-01
  6.6808E-01  9.2000E+02  1.6248E+02  1.6952E+02  5.2003E-03 -5.5565E+00 -4.1224E-01
  3.2857E-01  9.6000E+02  1.6774E+02  1.7308E+02  3.4663E-03 -4.9902E+00 -3.5745E-01
  4.9443E-04  1.0000E+03  1.7322E+02  1.7572E+02  2.2183E-03 -8.6680E+00 -5.9997E-01
