  26  6.0000000E+00
  3.4135E+01  1.0000E-03  1.2781E+00  1.3390E+02  1.2781E+00  0.0000E+00  0.0000E+00
  2.2033E+01  4.0000E+01  1.3461E+00  1.3392E+02  1.2775E+00 -3.8406E-03 -9.8066E-03
  1.8085E+01  8.0000E+01  1.7262E+00  1.3420E+02  1.2730E+00 -2.7303E-02 -2.2743E-02
  1.5661E+01  1.2000E+02  2.0941E+00  1.3460E+02  1.2684E+00  1.4676E-02  7.5053E-03
  1.3885E+01  1.6000E+02  2.5242E+00  1.3513E+02  1.2638E+00  5.3678E-02  2.0108E-02
  1.2458E+01  2.0000E+02  3.0929E+00  1.3579E+02  1.2590E+00  6.4665E-02  1.9478E-02
  1.1230E+01  2.4000E+02  3.8989E+00  1.3653E+02  1.2538E+00 -5.2172E-02 -1.3512E-02
  1.0147E+01  2.8000E+02  4.9187E+00  1.3727E+02  1.2480E+00 -2.6072E-01 -5.9566E-02
  9.1804E+00  3.2000E+02  6.1438E+00  1.3804E+02  1.2409E+00 -4.6711E-01 -9.5281E-02
  8.3057E+00  3.6000E+02  7.7882E+00  1.3899E+02  1.2305E+00 -7.9547E-01 -1.4680E-01
  7.5069E+00  4.0000E+02  1.0130E+01  1.4019E+02  1.2152E+00 -1.4205E+00 -2.3940E-01
  6.7714E+00  4.4000E+02  1.3268E+01  1.4162E+02  1.1946E+00 -2.3281E+00 -3.6127E-01
  6.0898E+00  4.8000E+02  1.7312E+01  1.4325E+02  1.1686E+00 -3.5429E+00 -5.0948E-01
  5.4546E+00  5.2000E+02  2.2307E+01  1.4506E+02  1.1370E+00 -5.0114E+00 -6.7156E-01
  4.8598E+00  5.6000E+02  2.8172E+01  1.4701E+02  1.1005E+00 -6.5899E+00 -8.2707E-01
  4.3003E+00  6.0000E+02  3.4784E+01  1.4904E+02  1.0599E+00 -8.1877E+00 -9.6645E-01
  3.7721E+00  6.4000E+02  4.2018E+01  1.5112E+02  1.0156E+00 -9.7556E+00 -1.0872E+00
  3.2718E+00  6.8000E+02  4.9805E+01  1.5325E+02  9.6769E-01 -1.1308E+01 -1.1936E+00
  2.7966E+00  7.2000E+02  5.8045E+01  1.5543E+02  9.1639E-01 -1.2749E+01 -1.2782E+00
  2.3440E+00  7.6000E+02  6.6564E+01  1.5763E+02  8.6250E-01 -1.3950E+01 -1.3321E+00
  1.9118E+00  8.0000E+02  7.5206E+01  1.5985E+02  8.0674E-01 -1.4882E+01 -1.3567E+00
  1.4984E+00  8.4000E+02  8.3877E+01  1.6206E+02  7.4972E-01 -1.5611E+01 -1.3617E+00
  1.1020E+00  8.8000E+02  9.2652E+01  1.6430E+02  6.9107E-01 -1.6490E+01 -1.3792E+00
  7.2107E-01  9.2000E+02  1.0187E+02  1.6670E+02  6.2836E-01 -1.7920E+01 -1.4401E+00
  3.5446E-01  9.6000E+02  1.1225E+02  1.6950E+02  5.5721E-01 -2.0656E+01 -1.5977E+00
  0.0000E+00  1.0000E+03  1.2497E+02  1.7284E+02  4.7235E-01 -2.6461E+01 -1.9789E+00
