  25  3.7500000E+00
  2.6011E+01  2.0000E+01  1.3464E+03  1.2452E+02  1.3450E+03  0.0000E+00  0.0000E+00
  1.9206E+01  6.0000E+01  1.3381E+03  1.2414E+02  1.3331E+03  1.1666E+00  1.6748E+00
  1.6261E+01  1.0000E+02  1.3345E+03  1.2271E+02  1.3260E+03  7.1886E-01  4.4674E-01
  1.4308E+01  1.4000E+02  1.3315E+03  1.2104E+02  1.3197E+03  6.6983E-01  2.7595E-01
  1.2771E+01  1.8000E+02  1.3285E+03  1.1931E+02  1.3134E+03  8.1884E-01  2.6555E-01
  1.1484E+01  2.2000E+02  1.3255E+03  1.1753E+02  1.3073E+03  9.4122E-01  2.5563E-01
  1.0367E+01  2.6000E+02  1.3225E+03  1.1570E+02  1.3013E+03  1.0487E+00  2.4717E-01
  9.3726E+00  3.0000E+02  1.3195E+03  1.1383E+02  1.2954E+03  1.1436E+00  2.3983E-01
  8.4756E+00  3.4000E+02  1.3165E+03  1.1192E+02  1.2896E+03  1.2265E+00  2.3211E-01
  7.6584E+00  3.8000E+02  1.3135E+03  1.0997E+02  1.2839E+03  1.3020E+00  2.2449E-01
  6.9063E+00  4.2000E+02  1.3105E+03  1.0798E+02  1.2783E+03  1.3749E+00  2.1816E-01
  6.2102E+00  4.6000E+02  1.3075E+03  1.0596E+02  1.2728E+03  1.4499E+00  2.1292E-01
  5.5621E+00  5.0000E+02  1.3044E+03  1.0391E+02  1.2674E+03  1.5256E+00  2.0862E-01
  4.9556E+00  5.4000E+02  1.3014E+03  1.0182E+02  1.2621E+03  1.5979E+00  2.0449E-01
  4.3856E+00  5.8000E+02  1.2983E+03  9.9695E+01  1.2568E+03  1.6674E+00  2.0051E-01
  3.8475E+00  6.2000E+02  1.2952E+03  9.7541E+01  1.2516E+03  1.7367E+00  1.9714E-01
  3.3379E+00  6.6000E+02  1.2921E+03  9.5356E+01  1.2465E+03  1.8065E+00  1.9425E-01
  2.8535E+00  7.0000E+02  1.2890E+03  9.3141E+01  1.2415E+03  1.8762E+00  1.9176E-01
  2.3920E+00  7.4000E+02  1.2858E+03  9.0895E+01  1.2366E+03  1.9446E+00  1.8932E-01
  1.9516E+00  7.8000E+02  1.2827E+03  8.8621E+01  1.2317E+03  2.0123E+00  1.8697E-01
  1.5301E+00  8.2000E+02  1.2795E+03  8.6317E+01  1.2268E+03  2.0803E+00  1.8498E-01
  1.1258E+00  8.6000E+02  1.2763E+03  8.3985E+01  1.2221E+03  2.1499E+00  1.8341E-01
  7.3689E-01  9.0000E+02  1.2731E+03  8.1625E+01  1.2174E+03  2.2235E+00  1.8244E-01
  3.6202E-01  9.4000E+02  1.2698E+03  7.9238E+01  1.2127E+03  2.3013E+00  1.8201E-01
  0.0000E+00  9.8000E+02  1.2665E+03  7.6826E+01  1.2081E+03  2.3834E+00  1.8204E-01
