  25  8.5995000E+01
  2.5390E+01  2.0000E+01  3.0182E+00  1.0789E+02  2.9327E-02  0.0000E+00  0.0000E+00
  1.8042E+01  6.0000E+01  6.3468E+00  1.0785E+02  2.4902E-02 -4.5846E-01 -7.1078E-01
  1.4991E+01  1.0000E+02  8.4497E+00  1.0793E+02  2.3260E-02 -6.6279E-01 -4.2662E-01
  1.2930E+01  1.4000E+02  9.8774E+00  1.0739E+02  2.2091E-02 -9.5724E-01 -4.1631E-01
  1.1416E+01  1.8000E+02  1.2360E+01  1.0706E+02  2.0622E-02 -1.8569E+00 -5.9294E-01
  1.0221E+01  2.2000E+02  1.6467E+01  1.0760E+02  1.8945E-02 -2.9840E+00 -7.5230E-01
  9.2205E+00  2.6000E+02  2.1212E+01  1.0887E+02  1.7345E-02 -3.4761E+00 -7.3404E-01
  8.3498E+00  3.0000E+02  2.6510E+01  1.1062E+02  1.5833E-02 -4.0684E+00 -7.4733E-01
  7.5737E+00  3.4000E+02  3.2422E+01  1.1269E+02  1.4357E-02 -4.9536E+00 -8.1113E-01
  6.8708E+00  3.8000E+02  3.8871E+01  1.1498E+02  1.2894E-02 -5.9132E+00 -8.7690E-01
  6.2270E+00  4.2000E+02  4.5680E+01  1.1752E+02  1.1459E-02 -6.6438E+00 -9.0245E-01
  5.6317E+00  4.6000E+02  5.2681E+01  1.2036E+02  1.0084E-02 -6.9886E+00 -8.7775E-01
  5.0764E+00  5.0000E+02  5.9911E+01  1.2356E+02  8.7852E-03 -7.2547E+00 -8.4995E-01
  4.5544E+00  5.4000E+02  6.7519E+01  1.2705E+02  7.5477E-03 -7.8776E+00 -8.6765E-01
  4.0607E+00  5.8000E+02  7.5561E+01  1.3074E+02  6.3511E-03 -8.8151E+00 -9.1817E-01
  3.5918E+00  6.2000E+02  8.3953E+01  1.3455E+02  5.1937E-03 -9.7855E+00 -9.6808E-01
  3.1449E+00  6.6000E+02  9.2535E+01  1.3840E+02  4.0981E-03 -1.0580E+01 -9.9742E-01
  2.7179E+00  7.0000E+02  1.0113E+02  1.4225E+02  3.1011E-03 -1.1121E+01 -1.0018E+00
  2.3090E+00  7.4000E+02  1.0961E+02  1.4606E+02  2.2389E-03 -1.1414E+01 -9.8473E-01
  1.9166E+00  7.8000E+02  1.1784E+02  1.4978E+02  1.5327E-03 -1.1499E+01 -9.5206E-01
  1.5393E+00  8.2000E+02  1.2577E+02  1.5339E+02  9.8519E-04 -1.1435E+01 -9.1012E-01
  1.1761E+00  8.6000E+02  1.3333E+02  1.5685E+02  5.8660E-04 -1.1297E+01 -8.6580E-01
  8.2587E-01  9.0000E+02  1.4055E+02  1.6015E+02  3.1393E-04 -1.1210E+01 -8.2832E-01
  4.8767E-01  9.4000E+02  1.4785E+02  1.6350E+02  1.3659E-04 -1.1676E+01 -8.3314E-01
  1.6011E-01  9.8000E+02  1.5549E+02  1.6653E+02  4.5895E-05 -1.4049E+01 -9.7090E-01
