  25  3.9900000E+00
  2.5641E+01  2.0000E+01  2.1771E+00  1.0330E+01  2.1636E+00  0.0000E+00  0.0000E+00
  1.8173E+01  6.0000E+01  2.1048E+00  1.0347E+01  2.0540E+00  1.1987E-02  1.8889E-02
  1.5064E+01  1.0000E+02  2.0874E+00  1.0365E+01  1.9873E+00  1.1417E-02  7.4883E-03
  1.2977E+01  1.4000E+02  2.0775E+00  1.0389E+01  1.9252E+00  1.6154E-02  7.1126E-03
  1.1448E+01  1.8000E+02  2.0584E+00  1.0438E+01  1.8482E+00  4.4640E-02  1.4404E-02
  1.0244E+01  2.2000E+02  2.0329E+00  1.0536E+01  1.7406E+00  1.0229E-01  2.5976E-02
  9.2385E+00  2.6000E+02  2.0336E+00  1.0692E+01  1.6270E+00  1.5467E-01  3.2806E-02
  8.3652E+00  3.0000E+02  2.0829E+00  1.0906E+01  1.5118E+00  1.8906E-01  3.4836E-02
  7.5870E+00  3.4000E+02  2.2100E+00  1.1183E+01  1.3940E+00  1.9171E-01  3.1476E-02
  6.8822E+00  3.8000E+02  2.4438E+00  1.1529E+01  1.2770E+00  1.5988E-01  2.3774E-02
  6.2365E+00  4.2000E+02  2.8008E+00  1.1958E+01  1.1651E+00  1.1192E-01  1.5247E-02
  5.6394E+00  4.6000E+02  3.2942E+00  1.2488E+01  1.0623E+00  6.0845E-02  7.6650E-03
  5.0825E+00  5.0000E+02  3.9508E+00  1.3135E+01  9.7036E-01 -1.7553E-02 -2.0624E-03
  4.5592E+00  5.4000E+02  4.8040E+00  1.3905E+01  8.8784E-01 -1.5792E-01 -1.7437E-02
  4.0645E+00  5.8000E+02  5.8751E+00  1.4800E+01  8.1222E-01 -3.5613E-01 -3.7169E-02
  3.5948E+00  6.2000E+02  7.1585E+00  1.5814E+01  7.4192E-01 -5.7505E-01 -5.6984E-02
  3.1473E+00  6.6000E+02  8.6244E+00  1.6934E+01  6.7661E-01 -7.7282E-01 -7.2960E-02
  2.7198E+00  7.0000E+02  1.0235E+01  1.8145E+01  6.1655E-01 -9.3460E-01 -8.4292E-02
  2.3105E+00  7.4000E+02  1.1956E+01  1.9428E+01  5.6179E-01 -1.0678E+00 -9.2219E-02
  1.9177E+00  7.8000E+02  1.3759E+01  2.0765E+01  5.1175E-01 -1.1869E+00 -9.8353E-02
  1.5402E+00  8.2000E+02  1.5623E+01  2.2137E+01  4.6564E-01 -1.3039E+00 -1.0386E-01
  1.1767E+00  8.6000E+02  1.7531E+01  2.3524E+01  4.2290E-01 -1.4349E+00 -1.1004E-01
  8.2623E-01  9.0000E+02  1.9473E+01  2.4910E+01  3.8295E-01 -1.5854E+00 -1.1722E-01
  4.8784E-01  9.4000E+02  2.1554E+01  2.6381E+01  3.4438E-01 -1.8014E+00 -1.2861E-01
  1.6015E-01  9.8000E+02  2.4004E+01  2.7879E+01  3.0778E-01 -2.9060E+00 -2.0091E-01
