  25  8.5995000E+01
  2.6494E+01  2.0000E+01  4.1262E+00  1.1253E+02  1.1059E-01  0.0000E+00  0.0000E+00
  1.8654E+01  6.0000E+01  9.2838E+00  1.1284E+02  9.6066E-02 -6.1746E-01 -1.0214E+00
  1.5370E+01  1.0000E+02  1.2033E+01  1.1208E+02  8.8823E-02 -1.0681E+00 -7.4008E-01
  1.3192E+01  1.4000E+02  1.3481E+01  1.1091E+02  8.4260E-02 -1.2028E+00 -5.5269E-01
  1.1602E+01  1.8000E+02  1.5283E+01  1.0996E+02  8.0441E-02 -1.7299E+00 -5.8035E-01
  1.0358E+01  2.2000E+02  1.8692E+01  1.0981E+02  7.6311E-02 -2.8657E+00 -7.5184E-01
  9.3288E+00  2.6000E+02  2.3410E+01  1.1054E+02  7.1831E-02 -3.8695E+00 -8.4022E-01
  8.4408E+00  3.0000E+02  2.9184E+01  1.1206E+02  6.7224E-02 -4.8012E+00 -8.9953E-01
  7.6522E+00  3.4000E+02  3.5790E+01  1.1413E+02  6.2465E-02 -5.7417E+00 -9.5524E-01
  6.9386E+00  3.8000E+02  4.3088E+01  1.1660E+02  5.7531E-02 -6.7772E+00 -1.0203E+00
  6.2846E+00  4.2000E+02  5.0828E+01  1.1934E+02  5.2543E-02 -7.6378E+00 -1.0539E+00
  5.6794E+00  4.6000E+02  5.8744E+01  1.2234E+02  4.7608E-02 -8.1159E+00 -1.0362E+00
  5.1152E+00  5.0000E+02  6.6755E+01  1.2560E+02  4.2803E-02 -8.4200E+00 -1.0024E+00
  4.5855E+00  5.4000E+02  7.4870E+01  1.2909E+02  3.8172E-02 -8.7425E+00 -9.7698E-01
  4.0855E+00  5.8000E+02  8.3089E+01  1.3274E+02  3.3724E-02 -9.1365E+00 -9.6368E-01
  3.6116E+00  6.2000E+02  9.1382E+01  1.3650E+02  2.9472E-02 -9.5739E+00 -9.5737E-01
  3.1606E+00  6.6000E+02  9.9674E+01  1.4029E+02  2.5431E-02 -9.9700E+00 -9.4863E-01
  2.7302E+00  7.0000E+02  1.0787E+02  1.4407E+02  2.1611E-02 -1.0253E+01 -9.3101E-01
  2.3184E+00  7.4000E+02  1.1587E+02  1.4779E+02  1.8026E-02 -1.0404E+01 -9.0389E-01
  1.9236E+00  7.8000E+02  1.2361E+02  1.5140E+02  1.4699E-02 -1.0449E+01 -8.7037E-01
  1.5444E+00  8.2000E+02  1.3104E+02  1.5488E+02  1.1659E-02 -1.0431E+01 -8.3456E-01
  1.1796E+00  8.6000E+02  1.3815E+02  1.5822E+02  8.9429E-03 -1.0321E+01 -7.9444E-01
  8.2805E-01  9.0000E+02  1.4496E+02  1.6148E+02  6.5891E-03 -1.0115E+01 -7.5024E-01
  4.8874E-01  9.4000E+02  1.5158E+02  1.6469E+02  4.5989E-03 -1.0045E+01 -7.1914E-01
  1.6037E-01  9.8000E+02  1.5836E+02  1.6752E+02  3.0000E-03 -1.2043E+01 -8.3433E-01
