  25  8.5995000E+01
  2.5560E+01  2.0000E+01  3.1872E+00  1.0852E+02  4.7556E-02  0.0000E+00  0.0000E+00
  1.8131E+01  6.0000E+01  6.7803E+00  1.0852E+02  4.0591E-02 -4.8338E-01 -7.5763E-01
  1.5042E+01  1.0000E+02  8.9596E+00  1.0847E+02  3.7746E-02 -7.2239E-01 -4.7070E-01
  1.2963E+01  1.4000E+02  1.0345E+01  1.0783E+02  3.5890E-02 -9.7340E-01 -4.2699E-01
  1.1439E+01  1.8000E+02  1.2646E+01  1.0739E+02  3.3838E-02 -1.7954E+00 -5.7757E-01
  1.0237E+01  2.2000E+02  1.6678E+01  1.0782E+02  3.1469E-02 -2.9982E+00 -7.5987E-01
  9.2331E+00  2.6000E+02  2.1445E+01  1.0902E+02  2.9145E-02 -3.5538E+00 -7.5290E-01
  8.3605E+00  3.0000E+02  2.6810E+01  1.1076E+02  2.6921E-02 -4.1594E+00 -7.6574E-01
  7.5829E+00  3.4000E+02  3.2809E+01  1.1283E+02  2.4704E-02 -5.0445E+00 -8.2755E-01
  6.8787E+00  3.8000E+02  3.9369E+01  1.1515E+02  2.2480E-02 -6.0254E+00 -8.9523E-01
  6.2336E+00  4.2000E+02  4.6302E+01  1.1770E+02  2.0276E-02 -6.7879E+00 -9.2389E-01
  5.6370E+00  4.6000E+02  5.3427E+01  1.2055E+02  1.8135E-02 -7.1634E+00 -9.0160E-01
  5.0806E+00  5.0000E+02  6.0761E+01  1.2375E+02  1.6083E-02 -7.4306E+00 -8.7228E-01
  4.5577E+00  5.4000E+02  6.8428E+01  1.2724E+02  1.4108E-02 -7.9890E+00 -8.8140E-01
  4.0633E+00  5.8000E+02  7.6477E+01  1.3093E+02  1.2188E-02 -8.8277E+00 -9.2076E-01
  3.5939E+00  6.2000E+02  8.4840E+01  1.3473E+02  1.0319E-02 -9.7166E+00 -9.6236E-01
  3.1466E+00  6.6000E+02  9.3372E+01  1.3858E+02  8.5220E-03 -1.0465E+01 -9.8753E-01
  2.7193E+00  7.0000E+02  1.0191E+02  1.4243E+02  6.8327E-03 -1.0984E+01 -9.9033E-01
  2.3101E+00  7.4000E+02  1.1033E+02  1.4623E+02  5.2929E-03 -1.1269E+01 -9.7295E-01
  1.9174E+00  7.8000E+02  1.1851E+02  1.4995E+02  3.9444E-03 -1.1359E+01 -9.4102E-01
  1.5399E+00  8.2000E+02  1.2638E+02  1.5356E+02  2.8122E-03 -1.1312E+01 -9.0085E-01
  1.1765E+00  8.6000E+02  1.3391E+02  1.5701E+02  1.9036E-03 -1.1195E+01 -8.5839E-01
  8.2612E-01  9.0000E+02  1.4110E+02  1.6031E+02  1.2027E-03 -1.1104E+01 -8.2084E-01
  4.8779E-01  9.4000E+02  1.4831E+02  1.6363E+02  6.6787E-04 -1.1491E+01 -8.2028E-01
  1.6014E-01  9.8000E+02  1.5585E+02  1.6665E+02  3.1643E-04 -1.3820E+01 -9.5534E-01
