  25  8.5995000E+01
  2.5446E+01  2.0000E+01  3.0687E+00  1.0808E+02  3.8421E-02  0.0000E+00  0.0000E+00
  1.8069E+01  6.0000E+01  6.5330E+00  1.0808E+02  3.2685E-02 -4.7058E-01 -7.3239E-01
  1.5004E+01  1.0000E+02  8.6825E+00  1.0807E+02  3.0437E-02 -7.0276E-01 -4.5448E-01
  1.2938E+01  1.4000E+02  1.0130E+01  1.0749E+02  2.8907E-02 -9.7995E-01 -4.2715E-01
  1.1422E+01  1.8000E+02  1.2445E+01  1.0713E+02  2.7175E-02 -1.7652E+00 -5.6475E-01
  1.0225E+01  2.2000E+02  1.6451E+01  1.0764E+02  2.5163E-02 -2.9234E+00 -7.3786E-01
  9.2236E+00  2.6000E+02  2.1186E+01  1.0889E+02  2.3207E-02 -3.4769E+00 -7.3470E-01
  8.3525E+00  3.0000E+02  2.6521E+01  1.1064E+02  2.1335E-02 -4.1152E+00 -7.5638E-01
  7.5759E+00  3.4000E+02  3.2486E+01  1.1271E+02  1.9480E-02 -5.0186E+00 -8.2220E-01
  6.8727E+00  3.8000E+02  3.8985E+01  1.1501E+02  1.7632E-02 -5.9774E+00 -8.8688E-01
  6.2285E+00  4.2000E+02  4.5831E+01  1.1754E+02  1.5812E-02 -6.6933E+00 -9.0962E-01
  5.6329E+00  4.6000E+02  5.2873E+01  1.2039E+02  1.4056E-02 -7.0432E+00 -8.8506E-01
  5.0773E+00  5.0000E+02  6.0151E+01  1.2359E+02  1.2380E-02 -7.3359E+00 -8.5992E-01
  4.5550E+00  5.4000E+02  6.7783E+01  1.2708E+02  1.0773E-02 -7.9275E+00 -8.7351E-01
  4.0612E+00  5.8000E+02  7.5824E+01  1.3077E+02  9.2137E-03 -8.8085E+00 -9.1778E-01
  3.5922E+00  6.2000E+02  8.4205E+01  1.3458E+02  7.6980E-03 -9.7558E+00 -9.6539E-01
  3.1452E+00  6.6000E+02  9.2769E+01  1.3843E+02  6.2464E-03 -1.0542E+01 -9.9409E-01
  2.7182E+00  7.0000E+02  1.0135E+02  1.4228E+02  4.8954E-03 -1.1078E+01 -9.9817E-01
  2.3092E+00  7.4000E+02  1.0980E+02  1.4608E+02  3.6880E-03 -1.1365E+01 -9.8067E-01
  1.9167E+00  7.8000E+02  1.1801E+02  1.4980E+02  2.6584E-03 -1.1448E+01 -9.4790E-01
  1.5394E+00  8.2000E+02  1.2592E+02  1.5341E+02  1.8210E-03 -1.1389E+01 -9.0656E-01
  1.1762E+00  8.6000E+02  1.3347E+02  1.5687E+02  1.1737E-03 -1.1265E+01 -8.6338E-01
  8.2592E-01  9.0000E+02  1.4069E+02  1.6017E+02  6.9605E-04 -1.1181E+01 -8.2618E-01
  4.8770E-01  9.4000E+02  1.4797E+02  1.6353E+02  3.5212E-04 -1.1623E+01 -8.2939E-01
  1.6012E-01  9.8000E+02  1.5559E+02  1.6657E+02  1.4687E-04 -1.3965E+01 -9.6518E-01
