  25  3.9900000E+00
  2.7106E+01  2.0000E+01  7.2761E+00  1.2493E+01  7.2493E+00  0.0000E+00  0.0000E+00
  1.9152E+01  6.0000E+01  7.0120E+00  1.2507E+01  6.9092E+00  3.4870E-02  5.8514E-02
  1.5874E+01  1.0000E+02  6.9269E+00  1.2508E+01  6.7366E+00  2.6364E-02  1.8235E-02
  1.3726E+01  1.4000E+02  6.8774E+00  1.2549E+01  6.5477E+00  4.2272E-02  1.9159E-02
  1.2127E+01  1.8000E+02  6.8313E+00  1.2664E+01  6.2627E+00  1.0071E-01  3.3971E-02
  1.0841E+01  2.2000E+02  6.8295E+00  1.2868E+01  5.9413E+00  1.6000E-01  4.3412E-02
  9.7585E+00  2.6000E+02  6.9016E+00  1.3160E+01  5.6193E+00  2.0326E-01  4.6421E-02
  8.8192E+00  3.0000E+02  7.0698E+00  1.3551E+01  5.2929E+00  2.3717E-01  4.7001E-02
  7.9850E+00  3.4000E+02  7.3918E+00  1.4064E+01  4.9594E+00  2.2851E-01  4.0220E-02
  7.2307E+00  3.8000E+02  7.9340E+00  1.4719E+01  4.6180E+00  1.4913E-01  2.3732E-02
  6.5399E+00  4.2000E+02  8.7289E+00  1.5520E+01  4.2785E+00  8.9263E-03  1.3009E-03
  5.9013E+00  4.6000E+02  9.7640E+00  1.6461E+01  3.9610E+00 -1.4729E-01 -1.9845E-02
  5.3067E+00  5.0000E+02  1.0996E+01  1.7528E+01  3.6789E+00 -2.7790E-01 -3.4866E-02
  4.7496E+00  5.4000E+02  1.2384E+01  1.8707E+01  3.4312E+00 -3.7290E-01 -4.3828E-02
  4.2251E+00  5.8000E+02  1.3894E+01  1.9981E+01  3.2114E+00 -4.5267E-01 -5.0091E-02
  3.7292E+00  6.2000E+02  1.5506E+01  2.1327E+01  3.0142E+00 -5.3511E-01 -5.5985E-02
  3.2586E+00  6.6000E+02  1.7197E+01  2.2721E+01  2.8353E+00 -6.3048E-01 -6.2591E-02
  2.8108E+00  7.0000E+02  1.8947E+01  2.4138E+01  2.6719E+00 -7.4239E-01 -7.0147E-02
  2.3834E+00  7.4000E+02  2.0733E+01  2.5552E+01  2.5213E+00 -8.7059E-01 -7.8494E-02
  1.9748E+00  7.8000E+02  2.2533E+01  2.6937E+01  2.3805E+00 -1.0179E+00 -8.7770E-02
  1.5832E+00  8.2000E+02  2.4312E+01  2.8256E+01  2.2460E+00 -1.1741E+00 -9.6993E-02
  1.2075E+00  8.6000E+02  2.6016E+01  2.9482E+01  2.1152E+00 -1.2711E+00 -1.0075E-01
  8.4665E-01  9.0000E+02  2.7667E+01  3.0684E+01  1.9864E+00 -1.2434E+00 -9.4673E-02
  4.9928E-01  9.4000E+02  2.9486E+01  3.2070E+01  1.8598E+00 -1.2485E+00 -9.1504E-02
  1.6371E-01  9.8000E+02  3.1742E+01  3.3597E+01  1.7382E+00 -2.1711E+00 -1.5371E-01
