  25  8.5995000E+01
  2.7023E+01  2.0000E+01  4.6000E+00  1.1640E+02  1.6041E-01  0.0000E+00  0.0000E+00
  1.9016E+01  6.0000E+01  1.0462E+01  1.1678E+02  1.4081E-01 -6.8434E-01 -1.1560E+00
  1.5669E+01  1.0000E+02  1.3476E+01  1.1562E+02  1.3024E-01 -1.2454E+00 -8.7961E-01
  1.3466E+01  1.4000E+02  1.6037E+01  1.1449E+02  1.2278E-01 -1.6783E+00 -7.7980E-01
  1.1850E+01  1.8000E+02  1.9687E+01  1.1384E+02  1.1625E-01 -2.6591E+00 -9.0677E-01
  1.0574E+01  2.2000E+02  2.4069E+01  1.1391E+02  1.1005E-01 -3.3773E+00 -9.0904E-01
  9.5141E+00  2.6000E+02  2.9146E+01  1.1471E+02  1.0397E-01 -4.0374E+00 -9.0301E-01
  8.5999E+00  3.0000E+02  3.5124E+01  1.1621E+02  9.7766E-02 -4.9027E+00 -9.4562E-01
  7.7898E+00  3.4000E+02  4.2185E+01  1.1831E+02  9.1073E-02 -6.1237E+00 -1.0467E+00
  7.0579E+00  3.8000E+02  5.0221E+01  1.2088E+02  8.3841E-02 -7.4617E+00 -1.1522E+00
  6.3877E+00  4.2000E+02  5.8787E+01  1.2382E+02  7.6350E-02 -8.4035E+00 -1.1881E+00
  5.7681E+00  4.6000E+02  6.7536E+01  1.2703E+02  6.8870E-02 -8.9339E+00 -1.1680E+00
  5.1906E+00  5.0000E+02  7.6305E+01  1.3046E+02  6.1596E-02 -9.2497E+00 -1.1269E+00
  4.6491E+00  5.4000E+02  8.5008E+01  1.3405E+02  5.4643E-02 -9.4449E+00 -1.0790E+00
  4.1387E+00  5.8000E+02  9.3593E+01  1.3774E+02  4.8082E-02 -9.5847E+00 -1.0321E+00
  3.6556E+00  6.2000E+02  1.0200E+02  1.4148E+02  4.1957E-02 -9.6664E+00 -9.8532E-01
  3.1966E+00  6.6000E+02  1.1017E+02  1.4520E+02  3.6267E-02 -9.6834E+00 -9.3777E-01
  2.7592E+00  7.0000E+02  1.1804E+02  1.4885E+02  3.0985E-02 -9.6583E+00 -8.9133E-01
  2.3413E+00  7.4000E+02  1.2560E+02  1.5238E+02  2.6072E-02 -9.6355E+00 -8.4957E-01
  1.9411E+00  7.8000E+02  1.3280E+02  1.5572E+02  2.1495E-02 -9.6389E+00 -8.1372E-01
  1.5574E+00  8.2000E+02  1.3959E+02  1.5886E+02  1.7268E-02 -9.5348E+00 -7.7199E-01
  1.1888E+00  8.6000E+02  1.4595E+02  1.6184E+02  1.3433E-02 -9.1439E+00 -7.1108E-01
  8.3413E-01  9.0000E+02  1.5197E+02  1.6486E+02  1.0083E-02 -8.4632E+00 -6.3322E-01
  4.9214E-01  9.4000E+02  1.5785E+02  1.6801E+02  7.3055E-03 -7.9716E+00 -5.7518E-01
  1.6141E-01  9.8000E+02  1.6371E+02  1.7071E+02  5.1165E-03 -9.5624E+00 -6.6725E-01
