  25  3.9900000E+00
  2.7114E+01  2.0000E+01  7.5148E+00  1.2808E+01  7.4882E+00  0.0000E+00  0.0000E+00
  1.9178E+01  6.0000E+01  7.2368E+00  1.2822E+01  7.1367E+00  3.6842E-02  6.1683E-02
  1.5919E+01  1.0000E+02  7.1432E+00  1.2830E+01  6.9598E+00  3.0984E-02  2.1304E-02
  1.3784E+01  1.4000E+02  7.0845E+00  1.2884E+01  6.7619E+00  5.3193E-02  2.3966E-02
  1.2188E+01  1.8000E+02  7.0336E+00  1.3024E+01  6.4569E+00  1.1959E-01  4.0261E-02
  1.0899E+01  2.2000E+02  7.0490E+00  1.3262E+01  6.1136E+00  1.7258E-01  4.6927E-02
  9.8117E+00  2.6000E+02  7.1562E+00  1.3593E+01  5.7680E+00  2.0527E-01  4.7102E-02
  8.8667E+00  3.0000E+02  7.3705E+00  1.4024E+01  5.4218E+00  2.2960E-01  4.5775E-02
  8.0272E+00  3.4000E+02  7.7450E+00  1.4580E+01  5.0758E+00  2.1620E-01  3.8295E-02
  7.2682E+00  3.8000E+02  8.3458E+00  1.5283E+01  4.7278E+00  1.3412E-01  2.1477E-02
  6.5731E+00  4.2000E+02  9.2064E+00  1.6136E+01  4.3853E+00 -1.0570E-02 -1.5501E-03
  5.9306E+00  4.6000E+02  1.0310E+01  1.7131E+01  4.0669E+00 -1.6952E-01 -2.2980E-02
  5.3323E+00  5.0000E+02  1.1609E+01  1.8251E+01  3.7842E+00 -2.9782E-01 -3.7591E-02
  4.7720E+00  5.4000E+02  1.3055E+01  1.9479E+01  3.5356E+00 -3.8942E-01 -4.6039E-02
  4.2445E+00  5.8000E+02  1.4617E+01  2.0794E+01  3.3148E+00 -4.6887E-01 -5.2180E-02
  3.7459E+00  6.2000E+02  1.6274E+01  2.2175E+01  3.1162E+00 -5.5401E-01 -5.8282E-02
  3.2728E+00  6.6000E+02  1.8006E+01  2.3597E+01  2.9355E+00 -6.5277E-01 -6.5145E-02
  2.8227E+00  7.0000E+02  1.9792E+01  2.5038E+01  2.7700E+00 -7.6733E-01 -7.2866E-02
  2.3933E+00  7.4000E+02  2.1609E+01  2.6471E+01  2.6169E+00 -8.9553E-01 -8.1128E-02
  1.9828E+00  7.8000E+02  2.3439E+01  2.7874E+01  2.4732E+00 -1.0395E+00 -9.0036E-02
  1.5895E+00  8.2000E+02  2.5254E+01  2.9217E+01  2.3356E+00 -1.1993E+00 -9.9515E-02
  1.2122E+00  8.6000E+02  2.7001E+01  3.0464E+01  2.2011E+00 -1.3241E+00 -1.0540E-01
  8.4981E-01  9.0000E+02  2.8676E+01  3.1658E+01  2.0676E+00 -1.3299E+00 -1.0168E-01
  5.0107E-01  9.4000E+02  3.0486E+01  3.3011E+01  1.9345E+00 -1.3118E+00 -9.6518E-02
  1.6429E-01  9.8000E+02  3.2787E+01  3.4571E+01  1.8053E+00 -2.1993E+00 -1.5627E-01
