  25  8.5995000E+01
  2.6915E+01  2.0000E+01  4.5206E+00  1.1525E+02  1.4440E-01  0.0000E+00  0.0000E+00
  1.8928E+01  6.0000E+01  1.0327E+01  1.1568E+02  1.2632E-01 -6.7229E-01 -1.1329E+00
  1.5580E+01  1.0000E+02  1.3361E+01  1.1462E+02  1.1677E-01 -1.2237E+00 -8.6452E-01
  1.3371E+01  1.4000E+02  1.5404E+01  1.1337E+02  1.1036E-01 -1.4905E+00 -6.9449E-01
  1.1755E+01  1.8000E+02  1.8052E+01  1.1247E+02  1.0500E-01 -2.1952E+00 -7.4845E-01
  1.0487E+01  2.2000E+02  2.1666E+01  1.1231E+02  9.9793E-02 -2.9792E+00 -7.9747E-01
  9.4362E+00  2.6000E+02  2.6323E+01  1.1294E+02  9.4407E-02 -3.8347E+00 -8.4988E-01
  8.5316E+00  3.0000E+02  3.2170E+01  1.1433E+02  8.8737E-02 -4.9272E+00 -9.4037E-01
  7.7301E+00  3.4000E+02  3.9109E+01  1.1635E+02  8.2639E-02 -6.1359E+00 -1.0375E+00
  7.0059E+00  3.8000E+02  4.6946E+01  1.1885E+02  7.6110E-02 -7.3624E+00 -1.1249E+00
  6.3426E+00  4.2000E+02  5.5292E+01  1.2171E+02  6.9398E-02 -8.2707E+00 -1.1575E+00
  5.7290E+00  4.6000E+02  6.3808E+01  1.2485E+02  6.2720E-02 -8.7646E+00 -1.1346E+00
  5.1570E+00  5.0000E+02  7.2356E+01  1.2821E+02  5.6224E-02 -9.0688E+00 -1.0944E+00
  4.6204E+00  5.4000E+02  8.0879E+01  1.3175E+02  4.9999E-02 -9.2899E+00 -1.0517E+00
  4.1144E+00  5.8000E+02  8.9346E+01  1.3541E+02  4.4090E-02 -9.4949E+00 -1.0136E+00
  3.6352E+00  6.2000E+02  9.7715E+01  1.3914E+02  3.8532E-02 -9.6793E+00 -9.7865E-01
  3.1797E+00  6.6000E+02  1.0592E+02  1.4288E+02  3.3330E-02 -9.8114E+00 -9.4295E-01
  2.7454E+00  7.0000E+02  1.1391E+02  1.4658E+02  2.8473E-02 -9.8808E+00 -9.0541E-01
  2.3302E+00  7.4000E+02  1.2162E+02  1.5018E+02  2.3941E-02 -9.9048E+00 -8.6758E-01
  1.9325E+00  7.8000E+02  1.2901E+02  1.5362E+02  1.9723E-02 -9.9123E+00 -8.3172E-01
  1.5508E+00  8.2000E+02  1.3604E+02  1.5689E+02  1.5829E-02 -9.8623E+00 -7.9412E-01
  1.1840E+00  8.6000E+02  1.4267E+02  1.6000E+02  1.2300E-02 -9.5983E+00 -7.4278E-01
  8.3095E-01  9.0000E+02  1.4899E+02  1.6311E+02  9.2074E-03 -9.0850E+00 -6.7679E-01
  4.9032E-01  9.4000E+02  1.5511E+02  1.6628E+02  6.6340E-03 -8.6661E+00 -6.2279E-01
  1.6083E-01  9.8000E+02  1.6123E+02  1.6899E+02  4.5997E-03 -1.0312E+01 -7.1688E-01
