  25  3.9900000E+00
  2.7177E+01  2.0000E+01  8.3752E+00  1.4291E+01  8.3490E+00  0.0000E+00  0.0000E+00
  1.9310E+01  6.0000E+01  8.0474E+00  1.4311E+01  7.9564E+00  4.4191E-02  7.3354E-02
  1.6127E+01  1.0000E+02  7.9245E+00  1.4345E+01  7.7648E+00  4.9116E-02  3.2978E-02
  1.4037E+01  1.4000E+02  7.8294E+00  1.4456E+01  7.5373E+00  9.8769E-02  4.3547E-02
  1.2451E+01  1.8000E+02  7.7657E+00  1.4705E+01  7.1665E+00  1.9725E-01  6.6032E-02
  1.1150E+01  2.2000E+02  7.8695E+00  1.5107E+01  6.7391E+00  2.2884E-01  6.2798E-02
  1.0041E+01  2.6000E+02  8.1748E+00  1.5647E+01  6.2923E+00  2.1232E-01  4.9660E-02
  9.0721E+00  3.0000E+02  8.6729E+00  1.6307E+01  5.8567E+00  1.6617E-01  3.3982E-02
  8.2088E+00  3.4000E+02  9.3624E+00  1.7091E+01  5.4515E+00  1.0977E-01  1.9992E-02
  7.4285E+00  3.8000E+02  1.0271E+01  1.8020E+01  5.0756E+00  2.6356E-02  4.3392E-03
  6.7145E+00  4.2000E+02  1.1428E+01  1.9106E+01  4.7302E+00 -9.9353E-02 -1.4966E-02
  6.0550E+00  4.6000E+02  1.2820E+01  2.0337E+01  4.4198E+00 -2.4478E-01 -3.4060E-02
  5.4413E+00  5.0000E+02  1.4394E+01  2.1683E+01  4.1445E+00 -3.7200E-01 -4.8167E-02
  4.8668E+00  5.4000E+02  1.6093E+01  2.3107E+01  3.9004E+00 -4.7645E-01 -5.7744E-02
  4.3265E+00  5.8000E+02  1.7874E+01  2.4575E+01  3.6817E+00 -5.8080E-01 -6.6206E-02
  3.8163E+00  6.2000E+02  1.9715E+01  2.6059E+01  3.4823E+00 -6.9869E-01 -7.5209E-02
  3.3329E+00  6.6000E+02  2.1606E+01  2.7547E+01  3.2970E+00 -8.3312E-01 -8.4977E-02
  2.8734E+00  7.0000E+02  2.3539E+01  2.9031E+01  3.1215E+00 -9.7875E-01 -9.4881E-02
  2.4355E+00  7.4000E+02  2.5507E+01  3.0508E+01  2.9528E+00 -1.1224E+00 -1.0368E-01
  2.0173E+00  7.8000E+02  2.7499E+01  3.1976E+01  2.7884E+00 -1.2515E+00 -1.1043E-01
  1.6170E+00  8.2000E+02  2.9505E+01  3.3434E+01  2.6267E+00 -1.3685E+00 -1.1559E-01
  1.2330E+00  8.6000E+02  3.1500E+01  3.4857E+01  2.4670E+00 -1.4896E+00 -1.2067E-01
  8.6425E-01  9.0000E+02  3.3414E+01  3.6200E+01  2.3081E+00 -1.5507E+00 -1.2066E-01
  5.0950E-01  9.4000E+02  3.5380E+01  3.7636E+01  2.1481E+00 -1.4925E+00 -1.1170E-01
  1.6705E-01  9.8000E+02  3.8004E+01  3.9465E+01  1.9912E+00 -2.3231E+00 -1.6785E-01
