  25  3.9900000E+00
  2.5666E+01  2.0000E+01  2.1773E+00  1.0334E+01  2.1635E+00  0.0000E+00  0.0000E+00
  1.8187E+01  6.0000E+01  2.1054E+00  1.0351E+01  2.0541E+00  1.1895E-02  1.8769E-02
  1.5075E+01  1.0000E+02  2.0884E+00  1.0369E+01  1.9877E+00  1.1273E-02  7.4005E-03
  1.2985E+01  1.4000E+02  2.0793E+00  1.0392E+01  1.9261E+00  1.5518E-02  6.8439E-03
  1.1453E+01  1.8000E+02  2.0611E+00  1.0441E+01  1.8484E+00  4.3418E-02  1.4033E-02
  1.0248E+01  2.2000E+02  2.0369E+00  1.0538E+01  1.7396E+00  1.0057E-01  2.5578E-02
  9.2414E+00  2.6000E+02  2.0388E+00  1.0694E+01  1.6255E+00  1.5304E-01  3.2494E-02
  8.3675E+00  3.0000E+02  2.0887E+00  1.0908E+01  1.5101E+00  1.8872E-01  3.4794E-02
  7.5890E+00  3.4000E+02  2.2165E+00  1.1185E+01  1.3923E+00  1.9163E-01  3.1475E-02
  6.8839E+00  3.8000E+02  2.4518E+00  1.1533E+01  1.2755E+00  1.5921E-01  2.3684E-02
  6.2379E+00  4.2000E+02  2.8118E+00  1.1964E+01  1.1637E+00  1.0937E-01  1.4906E-02
  5.6406E+00  4.6000E+02  3.3090E+00  1.2494E+01  1.0608E+00  5.6120E-02  7.0728E-03
  5.0834E+00  5.0000E+02  3.9689E+00  1.3142E+01  9.6892E-01 -2.1263E-02 -2.4992E-03
  4.5599E+00  5.4000E+02  4.8255E+00  1.3915E+01  8.8647E-01 -1.6088E-01 -1.7769E-02
  4.0651E+00  5.8000E+02  5.8994E+00  1.4811E+01  8.1094E-01 -3.5878E-01 -3.7456E-02
  3.5953E+00  6.2000E+02  7.1843E+00  1.5826E+01  7.4074E-01 -5.7516E-01 -5.7009E-02
  3.1477E+00  6.6000E+02  8.6510E+00  1.6947E+01  6.7555E-01 -7.7117E-01 -7.2820E-02
  2.7202E+00  7.0000E+02  1.0262E+01  1.8160E+01  6.1563E-01 -9.3251E-01 -8.4119E-02
  2.3107E+00  7.4000E+02  1.1983E+01  1.9445E+01  5.6098E-01 -1.0662E+00 -9.2099E-02
  1.9179E+00  7.8000E+02  1.3787E+01  2.0783E+01  5.1102E-01 -1.1861E+00 -9.8305E-02
  1.5403E+00  8.2000E+02  1.5652E+01  2.2155E+01  4.6495E-01 -1.3033E+00 -1.0383E-01
  1.1768E+00  8.6000E+02  1.7561E+01  2.3543E+01  4.2227E-01 -1.4335E+00 -1.0995E-01
  8.2629E-01  9.0000E+02  1.9503E+01  2.4930E+01  3.8238E-01 -1.5850E+00 -1.1721E-01
  4.8787E-01  9.4000E+02  2.1578E+01  2.6395E+01  3.4390E-01 -1.7996E+00 -1.2849E-01
  1.6015E-01  9.8000E+02  2.4023E+01  2.7890E+01  3.0734E-01 -2.9002E+00 -2.0052E-01
