  25  3.9900000E+00
  2.7099E+01  2.0000E+01  7.0287E+00  1.2214E+01  7.0016E+00  0.0000E+00  0.0000E+00
  1.9128E+01  6.0000E+01  6.7788E+00  1.2226E+01  6.6733E+00  3.2895E-02  5.5318E-02
  1.5831E+01  1.0000E+02  6.7023E+00  1.2222E+01  6.5052E+00  2.1895E-02  1.5229E-02
  1.3670E+01  1.4000E+02  6.6613E+00  1.2250E+01  6.3260E+00  3.2236E-02  1.4697E-02
  1.2068E+01  1.8000E+02  6.6207E+00  1.2342E+01  6.0626E+00  8.2671E-02  2.7950E-02
  1.0784E+01  2.2000E+02  6.6050E+00  1.2515E+01  5.7636E+00  1.4702E-01  3.9821E-02
  9.7065E+00  2.6000E+02  6.6477E+00  1.2772E+01  5.4648E+00  1.9905E-01  4.5259E-02
  8.7725E+00  3.0000E+02  6.7765E+00  1.3126E+01  5.1579E+00  2.4050E-01  4.7391E-02
  7.9433E+00  3.4000E+02  7.0510E+00  1.3597E+01  4.8369E+00  2.3692E-01  4.1448E-02
  7.1936E+00  3.8000E+02  7.5364E+00  1.4204E+01  4.5029E+00  1.6271E-01  2.5735E-02
  6.5071E+00  4.2000E+02  8.2645E+00  1.4953E+01  4.1678E+00  3.0698E-02  4.4464E-03
  5.8724E+00  4.6000E+02  9.2289E+00  1.5841E+01  3.8526E+00 -1.2134E-01 -1.6248E-02
  5.2814E+00  5.0000E+02  1.0394E+01  1.6856E+01  3.5718E+00 -2.5503E-01 -3.1803E-02
  4.7276E+00  5.4000E+02  1.1723E+01  1.7987E+01  3.3254E+00 -3.5576E-01 -4.1567E-02
  4.2060E+00  5.8000E+02  1.3182E+01  1.9217E+01  3.1072E+00 -4.3830E-01 -4.8226E-02
  3.7129E+00  6.2000E+02  1.4747E+01  2.0527E+01  2.9117E+00 -5.1952E-01 -5.4058E-02
  3.2448E+00  6.6000E+02  1.6398E+01  2.1890E+01  2.7348E+00 -6.1298E-01 -6.0536E-02
  2.7992E+00  7.0000E+02  1.8113E+01  2.3283E+01  2.5736E+00 -7.2343E-01 -6.8014E-02
  2.3738E+00  7.4000E+02  1.9869E+01  2.4676E+01  2.4254E+00 -8.5252E-01 -7.6499E-02
  1.9670E+00  7.8000E+02  2.1643E+01  2.6043E+01  2.2871E+00 -1.0014E+00 -8.5954E-02
  1.5772E+00  8.2000E+02  2.3390E+01  2.7343E+01  2.1554E+00 -1.1478E+00 -9.4402E-02
  1.2031E+00  8.6000E+02  2.5063E+01  2.8562E+01  2.0279E+00 -1.2138E+00 -9.5794E-02
  8.4371E-01  9.0000E+02  2.6712E+01  2.9791E+01  1.9037E+00 -1.1671E+00 -8.8494E-02
  4.9761E-01  9.4000E+02  2.8551E+01  3.1212E+01  1.7832E+00 -1.2087E+00 -8.8259E-02
  1.6317E-01  9.8000E+02  3.0771E+01  3.2709E+01  1.6684E+00 -2.1615E+00 -1.5251E-01
