  25  3.9900000E+00
  2.6061E+01  2.0000E+01  3.1767E+00  1.0414E+01  3.1594E+00  0.0000E+00  0.0000E+00
  1.8403E+01  6.0000E+01  3.0737E+00  1.0428E+01  3.0072E+00  1.5281E-02  2.4689E-02
  1.5206E+01  1.0000E+02  3.0486E+00  1.0435E+01  2.9196E+00  1.0170E-02  6.8588E-03
  1.3074E+01  1.4000E+02  3.0328E+00  1.0448E+01  2.8414E+00  1.3208E-02  5.9428E-03
  1.1514E+01  1.8000E+02  3.0079E+00  1.0485E+01  2.7503E+00  3.9884E-02  1.3119E-02
  1.0292E+01  2.2000E+02  2.9679E+00  1.0570E+01  2.6195E+00  1.0226E-01  2.6366E-02
  9.2767E+00  2.6000E+02  2.9427E+00  1.0718E+01  2.4709E+00  1.7071E-01  3.6581E-02
  8.3973E+00  3.0000E+02  2.9652E+00  1.0934E+01  2.3180E+00  2.1947E-01  4.0720E-02
  7.6148E+00  3.4000E+02  3.0674E+00  1.1219E+01  2.1572E+00  2.3460E-01  3.8730E-02
  6.9062E+00  3.8000E+02  3.2850E+00  1.1582E+01  1.9928E+00  2.0477E-01  3.0614E-02
  6.2568E+00  4.2000E+02  3.6404E+00  1.2032E+01  1.8318E+00  1.4616E-01  2.0024E-02
  5.6561E+00  4.6000E+02  4.1465E+00  1.2585E+01  1.6801E+00  7.7181E-02  9.7812E-03
  5.0960E+00  5.0000E+02  4.8240E+00  1.3254E+01  1.5422E+00 -1.4156E-02 -1.6729E-03
  4.5699E+00  5.4000E+02  5.6968E+00  1.4049E+01  1.4189E+00 -1.4966E-01 -1.6610E-02
  4.0730E+00  5.8000E+02  6.7744E+00  1.4966E+01  1.3073E+00 -3.2310E-01 -3.3871E-02
  3.6016E+00  6.2000E+02  8.0469E+00  1.5999E+01  1.2050E+00 -5.0813E-01 -5.0540E-02
  3.1527E+00  6.6000E+02  9.4882E+00  1.7135E+01  1.1104E+00 -6.8016E-01 -6.4415E-02
  2.7241E+00  7.0000E+02  1.1067E+01  1.8357E+01  1.0231E+00 -8.2985E-01 -7.5048E-02
  2.3137E+00  7.4000E+02  1.2753E+01  1.9648E+01  9.4317E-01 -9.6317E-01 -8.3379E-02
  1.9202E+00  7.8000E+02  1.4520E+01  2.0987E+01  8.6990E-01 -1.0887E+00 -9.0405E-02
  1.5420E+00  8.2000E+02  1.6348E+01  2.2357E+01  8.0218E-01 -1.2112E+00 -9.6647E-02
  1.1779E+00  8.6000E+02  1.8221E+01  2.3743E+01  7.3892E-01 -1.3384E+00 -1.0280E-01
  8.2699E-01  9.0000E+02  2.0137E+01  2.5137E+01  6.7928E-01 -1.4876E+00 -1.1014E-01
  4.8820E-01  9.4000E+02  2.2159E+01  2.6584E+01  6.2170E-01 -1.6950E+00 -1.2115E-01
  1.6023E-01  9.8000E+02  2.4524E+01  2.8044E+01  5.6642E-01 -2.7609E+00 -1.9104E-01
