  25  8.5995000E+01
  2.7155E+01  2.0000E+01  4.5497E+00  1.2126E+02  2.2208E-01  0.0000E+00  0.0000E+00
  1.9270E+01  6.0000E+01  9.4483E+00  1.2087E+02  1.9767E-01 -6.7033E-01 -1.1152E+00
  1.6070E+01  1.0000E+02  1.1555E+01  1.1988E+02  1.8397E-01 -9.6973E-01 -6.5471E-01
  1.3970E+01  1.4000E+02  1.6410E+01  1.2032E+02  1.7191E-01 -2.1027E+00 -9.3131E-01
  1.2382E+01  1.8000E+02  2.4802E+01  1.2205E+02  1.5937E-01 -4.1934E+00 -1.4054E+00
  1.1084E+01  2.2000E+02  3.4629E+01  1.2438E+02  1.4709E-01 -5.7741E+00 -1.5812E+00
  9.9803E+00  2.6000E+02  4.4342E+01  1.2701E+02  1.3554E-01 -6.4169E+00 -1.4942E+00
  9.0170E+00  3.0000E+02  5.3537E+01  1.2982E+02  1.2469E-01 -6.6318E+00 -1.3478E+00
  8.1600E+00  3.4000E+02  6.2337E+01  1.3288E+02  1.1446E-01 -6.6950E+00 -1.2105E+00
  7.3855E+00  3.8000E+02  7.1154E+01  1.3626E+02  1.0461E-01 -7.0204E+00 -1.1471E+00
  6.6767E+00  4.2000E+02  8.0207E+01  1.3991E+02  9.4957E-02 -7.6245E+00 -1.1402E+00
  6.0218E+00  4.6000E+02  8.9392E+01  1.4372E+02  8.5571E-02 -8.2097E+00 -1.1343E+00
  5.4123E+00  5.0000E+02  9.8465E+01  1.4758E+02  7.6641E-02 -8.5555E+00 -1.1003E+00
  4.8416E+00  5.4000E+02  1.0723E+02  1.5141E+02  6.8344E-02 -8.6420E+00 -1.0405E+00
  4.3048E+00  5.8000E+02  1.1559E+02  1.5515E+02  6.0728E-02 -8.6044E+00 -9.7456E-01
  3.7977E+00  6.2000E+02  1.2355E+02  1.5876E+02  5.3710E-02 -8.5686E+00 -9.1672E-01
  3.3170E+00  6.6000E+02  1.3115E+02  1.6224E+02  4.7171E-02 -8.5784E+00 -8.6993E-01
  2.8600E+00  7.0000E+02  1.3843E+02  1.6556E+02  4.0983E-02 -8.6627E+00 -8.3521E-01
  2.4244E+00  7.4000E+02  1.4542E+02  1.6872E+02  3.5049E-02 -8.7997E+00 -8.0875E-01
  2.0082E+00  7.8000E+02  1.5213E+02  1.7171E+02  2.9313E-02 -8.9399E+00 -7.8502E-01
  1.6097E+00  8.2000E+02  1.5856E+02  1.7454E+02  2.3775E-02 -9.0322E+00 -7.5935E-01
  1.2275E+00  8.6000E+02  1.6465E+02  1.7719E+02  1.8486E-02 -9.0017E+00 -7.2588E-01
  8.6038E-01  9.0000E+02  1.7027E+02  1.7965E+02  1.3514E-02 -8.6329E+00 -6.6867E-01
  5.0722E-01  9.4000E+02  1.7561E+02  1.8225E+02  8.9712E-03 -7.7406E+00 -5.7675E-01
  1.6629E-01  9.8000E+02  1.8141E+02  1.8519E+02  5.3230E-03 -8.3699E+00 -6.0203E-01
