  25  3.9900000E+00
  2.5291E+01  2.0000E+01  4.9411E-01  1.0280E+01  4.8310E-01  0.0000E+00  0.0000E+00
  1.7990E+01  6.0000E+01  4.8732E-01  1.0300E+01  4.4765E-01  3.6683E-03  5.6501E-03
  1.4962E+01  1.0000E+02  5.0141E-01  1.0326E+01  4.2274E-01  3.9768E-03  2.5410E-03
  1.2911E+01  1.4000E+02  5.2061E-01  1.0358E+01  3.9687E-01  6.2429E-03  2.7013E-03
  1.1404E+01  1.8000E+02  5.3818E-01  1.0416E+01  3.5886E-01  2.6956E-02  8.5708E-03
  1.0212E+01  2.2000E+02  5.7630E-01  1.0523E+01  3.1671E-01  5.8192E-02  1.4629E-02
  9.2131E+00  2.6000E+02  6.4795E-01  1.0685E+01  2.7741E-01  8.9912E-02  1.8955E-02
  8.3435E+00  3.0000E+02  7.7158E-01  1.0899E+01  2.4317E-01  1.0357E-01  1.9003E-02
  7.5683E+00  3.4000E+02  9.7340E-01  1.1169E+01  2.1288E-01  8.8843E-02  1.4531E-02
  6.8662E+00  3.8000E+02  1.2751E+00  1.1506E+01  1.8617E-01  5.0455E-02  7.4737E-03
  6.2232E+00  4.2000E+02  1.6875E+00  1.1924E+01  1.6284E-01  8.1344E-03  1.1036E-03
  5.6286E+00  4.6000E+02  2.2205E+00  1.2441E+01  1.4244E-01 -2.7030E-02 -3.3906E-03
  5.0740E+00  5.0000E+02  2.9041E+00  1.3074E+01  1.2448E-01 -9.1323E-02 -1.0687E-02
  4.5524E+00  5.4000E+02  3.7838E+00  1.3829E+01  1.0846E-01 -2.3861E-01 -2.6254E-02
  4.0591E+00  5.8000E+02  4.8901E+00  1.4708E+01  9.4069E-02 -4.6176E-01 -4.8058E-02
  3.5905E+00  6.2000E+02  6.2195E+00  1.5706E+01  8.1145E-02 -7.0572E-01 -6.9770E-02
  3.1439E+00  6.6000E+02  7.7386E+00  1.6815E+01  6.9525E-02 -9.1966E-01 -8.6654E-02
  2.7172E+00  7.0000E+02  9.4042E+00  1.8017E+01  5.9131E-02 -1.0863E+00 -9.7814E-02
  2.3084E+00  7.4000E+02  1.1179E+01  1.9294E+01  4.9946E-02 -1.2163E+00 -1.0490E-01
  1.9161E+00  7.8000E+02  1.3032E+01  2.0627E+01  4.1921E-02 -1.3272E+00 -1.0984E-01
  1.5390E+00  8.2000E+02  1.4942E+01  2.1996E+01  3.4967E-02 -1.4340E+00 -1.1410E-01
  1.1758E+00  8.6000E+02  1.6890E+01  2.3378E+01  2.8971E-02 -1.5589E+00 -1.1943E-01
  8.2572E-01  9.0000E+02  1.8866E+01  2.4756E+01  2.3748E-02 -1.7059E+00 -1.2602E-01
  4.8760E-01  9.4000E+02  2.1007E+01  2.6243E+01  1.9010E-02 -1.9373E+00 -1.3820E-01
  1.6009E-01  9.8000E+02  2.3529E+01  2.7759E+01  1.4871E-02 -3.0704E+00 -2.1216E-01
