  25  3.9900000E+00
  2.6039E+01  2.0000E+01  3.1766E+00  1.0411E+01  3.1596E+00  0.0000E+00  0.0000E+00
  1.8389E+01  6.0000E+01  3.0732E+00  1.0425E+01  3.0071E+00  1.5355E-02  2.4783E-02
  1.5194E+01  1.0000E+02  3.0479E+00  1.0433E+01  2.9192E+00  1.0156E-02  6.8458E-03
  1.3065E+01  1.4000E+02  3.0314E+00  1.0445E+01  2.8406E+00  1.3695E-02  6.1535E-03
  1.1508E+01  1.8000E+02  3.0051E+00  1.0483E+01  2.7503E+00  4.1443E-02  1.3609E-02
  1.0288E+01  2.2000E+02  2.9636E+00  1.0569E+01  2.6211E+00  1.0437E-01  2.6868E-02
  9.2735E+00  2.6000E+02  2.9369E+00  1.0718E+01  2.4731E+00  1.7302E-01  3.7032E-02
  8.3948E+00  3.0000E+02  2.9584E+00  1.0933E+01  2.3207E+00  2.2054E-01  4.0887E-02
  7.6127E+00  3.4000E+02  3.0592E+00  1.1218E+01  2.1604E+00  2.3528E-01  3.8821E-02
  6.9044E+00  3.8000E+02  3.2744E+00  1.1579E+01  1.9962E+00  2.0625E-01  3.0820E-02
  6.2553E+00  4.2000E+02  3.6268E+00  1.2028E+01  1.8351E+00  1.4808E-01  2.0279E-02
  5.6549E+00  4.6000E+02  4.1292E+00  1.2579E+01  1.6832E+00  8.0424E-02  1.0188E-02
  5.0950E+00  5.0000E+02  4.8029E+00  1.3247E+01  1.5451E+00 -1.0329E-02 -1.2202E-03
  4.5691E+00  5.4000E+02  5.6723E+00  1.4039E+01  1.4215E+00 -1.4721E-01 -1.6333E-02
  4.0724E+00  5.8000E+02  6.7470E+00  1.4953E+01  1.3097E+00 -3.2179E-01 -3.3724E-02
  3.6011E+00  6.2000E+02  8.0176E+00  1.5984E+01  1.2071E+00 -5.0830E-01 -5.0544E-02
  3.1523E+00  6.6000E+02  9.4582E+00  1.7119E+01  1.1122E+00 -6.8168E-01 -6.4544E-02
  2.7238E+00  7.0000E+02  1.1037E+01  1.8341E+01  1.0248E+00 -8.3175E-01 -7.5204E-02
  2.3135E+00  7.4000E+02  1.2723E+01  1.9632E+01  9.4457E-01 -9.6451E-01 -8.3480E-02
  1.9200E+00  7.8000E+02  1.4492E+01  2.0972E+01  8.7112E-01 -1.0900E+00 -9.0499E-02
  1.5418E+00  8.2000E+02  1.6322E+01  2.2342E+01  8.0326E-01 -1.2142E+00 -9.6872E-02
  1.1778E+00  8.6000E+02  1.8197E+01  2.3729E+01  7.3988E-01 -1.3439E+00 -1.0321E-01
  8.2694E-01  9.0000E+02  2.0115E+01  2.5123E+01  6.8010E-01 -1.4935E+00 -1.1056E-01
  4.8818E-01  9.4000E+02  2.2140E+01  2.6571E+01  6.2235E-01 -1.6994E+00 -1.2146E-01
  1.6022E-01  9.8000E+02  2.4510E+01  2.8034E+01  5.6694E-01 -2.7655E+00 -1.9135E-01
