  25  8.5995000E+01
  2.5919E+01  2.0000E+01  3.5467E+00  1.0990E+02  7.4965E-02  0.0000E+00  0.0000E+00
  1.8324E+01  6.0000E+01  7.7260E+00  1.1001E+02  6.4558E-02 -5.3618E-01 -8.5916E-01
  1.5158E+01  1.0000E+02  1.0092E+01  1.0968E+02  5.9804E-02 -8.5233E-01 -5.6943E-01
  1.3040E+01  1.4000E+02  1.1422E+01  1.0883E+02  5.6844E-02 -1.0285E+00 -4.5945E-01
  1.1491E+01  1.8000E+02  1.3409E+01  1.0817E+02  5.4038E-02 -1.7046E+00 -5.5714E-01
  1.0275E+01  2.2000E+02  1.7253E+01  1.0837E+02  5.0789E-02 -3.0029E+00 -7.7035E-01
  9.2630E+00  2.6000E+02  2.2065E+01  1.0940E+02  4.7439E-02 -3.7304E+00 -7.9656E-01
  8.3858E+00  3.0000E+02  2.7595E+01  1.1108E+02  4.4176E-02 -4.3914E+00 -8.1277E-01
  7.6048E+00  3.4000E+02  3.3803E+01  1.1318E+02  4.0877E-02 -5.2644E+00 -8.6739E-01
  6.8975E+00  3.8000E+02  4.0615E+01  1.1555E+02  3.7517E-02 -6.2750E+00 -9.3635E-01
  6.2494E+00  4.2000E+02  4.7824E+01  1.1817E+02  3.4159E-02 -7.0844E+00 -9.6867E-01
  5.6500E+00  4.6000E+02  5.5218E+01  1.2106E+02  3.0860E-02 -7.5069E+00 -9.4935E-01
  5.0910E+00  5.0000E+02  6.2778E+01  1.2427E+02  2.7666E-02 -7.7867E+00 -9.1832E-01
  4.5660E+00  5.4000E+02  7.0583E+01  1.2775E+02  2.4580E-02 -8.2354E+00 -9.1231E-01
  4.0699E+00  5.8000E+02  7.8663E+01  1.3143E+02  2.1587E-02 -8.8827E+00 -9.2969E-01
  3.5991E+00  6.2000E+02  8.6970E+01  1.3521E+02  1.8685E-02 -9.5962E+00 -9.5317E-01
  3.1507E+00  6.6000E+02  9.5393E+01  1.3905E+02  1.5895E-02 -1.0226E+01 -9.6731E-01
  2.7225E+00  7.0000E+02  1.0380E+02  1.4289E+02  1.3244E-02 -1.0677E+01 -9.6461E-01
  2.3126E+00  7.4000E+02  1.1206E+02  1.4667E+02  1.0766E-02 -1.0934E+01 -9.4567E-01
  1.9193E+00  7.8000E+02  1.2009E+02  1.5036E+02  8.5013E-03 -1.1023E+01 -9.1464E-01
  1.5413E+00  8.2000E+02  1.2783E+02  1.5394E+02  6.4911E-03 -1.1001E+01 -8.7730E-01
  1.1775E+00  8.6000E+02  1.3525E+02  1.5739E+02  4.7663E-03 -1.0913E+01 -8.3775E-01
  8.2672E-01  9.0000E+02  1.4234E+02  1.6068E+02  3.3325E-03 -1.0813E+01 -8.0019E-01
  4.8807E-01  9.4000E+02  1.4934E+02  1.6395E+02  2.1443E-03 -1.1047E+01 -7.8931E-01
  1.6020E-01  9.8000E+02  1.5665E+02  1.6690E+02  1.2440E-03 -1.3285E+01 -9.1900E-01
