  25  8.5995000E+01
  2.7140E+01  2.0000E+01  4.5423E+00  1.2065E+02  2.1624E-01  0.0000E+00  0.0000E+00
  1.9241E+01  6.0000E+01  9.5674E+00  1.2038E+02  1.9223E-01 -6.7078E-01 -1.1178E+00
  1.6021E+01  1.0000E+02  1.1805E+01  1.1935E+02  1.7876E-01 -1.0145E+00 -6.8929E-01
  1.3909E+01  1.4000E+02  1.6515E+01  1.1956E+02  1.6710E-01 -2.1275E+00 -9.4808E-01
  1.2318E+01  1.8000E+02  2.4516E+01  1.2099E+02  1.5513E-01 -4.1299E+00 -1.3865E+00
  1.1022E+01  2.2000E+02  3.3772E+01  1.2303E+02  1.4349E-01 -5.5704E+00 -1.5221E+00
  9.9240E+00  2.6000E+02  4.2860E+01  1.2541E+02  1.3264E-01 -6.1114E+00 -1.4164E+00
  8.9667E+00  3.0000E+02  5.1535E+01  1.2804E+02  1.2241E-01 -6.3176E+00 -1.2759E+00
  8.1154E+00  3.4000E+02  6.0021E+01  1.3099E+02  1.1266E-01 -6.5035E+00 -1.1680E+00
  7.3461E+00  3.8000E+02  6.8684E+01  1.3428E+02  1.0313E-01 -6.9763E+00 -1.1324E+00
  6.6419E+00  4.2000E+02  7.7657E+01  1.3785E+02  9.3680E-02 -7.6767E+00 -1.1406E+00
  5.9911E+00  4.6000E+02  8.6785E+01  1.4159E+02  8.4438E-02 -8.2865E+00 -1.1377E+00
  5.3854E+00  5.0000E+02  9.5835E+01  1.4540E+02  7.5601E-02 -8.6472E+00 -1.1051E+00
  4.8182E+00  5.4000E+02  1.0463E+02  1.4921E+02  6.7337E-02 -8.7786E+00 -1.0505E+00
  4.2845E+00  5.8000E+02  1.1308E+02  1.5297E+02  5.9703E-02 -8.7827E+00 -9.8894E-01
  3.7802E+00  6.2000E+02  1.2115E+02  1.5664E+02  5.2654E-02 -8.7509E+00 -9.3099E-01
  3.3021E+00  6.6000E+02  1.2886E+02  1.6017E+02  4.6109E-02 -8.7169E+00 -8.7930E-01
  2.8474E+00  7.0000E+02  1.3619E+02  1.6355E+02  3.9986E-02 -8.7021E+00 -8.3481E-01
  2.4139E+00  7.4000E+02  1.4318E+02  1.6676E+02  3.4203E-02 -8.7281E+00 -7.9836E-01
  1.9995E+00  7.8000E+02  1.4984E+02  1.6978E+02  2.8701E-02 -8.7820E+00 -7.6766E-01
  1.6028E+00  8.2000E+02  1.5619E+02  1.7261E+02  2.3450E-02 -8.8493E+00 -7.4073E-01
  1.2222E+00  8.6000E+02  1.6217E+02  1.7522E+02  1.8447E-02 -8.8579E+00 -7.1121E-01
  8.5670E-01  9.0000E+02  1.6772E+02  1.7764E+02  1.3710E-02 -8.5708E+00 -6.6100E-01
  5.0505E-01  9.4000E+02  1.7305E+02  1.8022E+02  9.3315E-03 -7.8280E+00 -5.8076E-01
  1.6558E-01  9.8000E+02  1.7884E+02  1.8307E+02  5.7415E-03 -8.6595E+00 -6.2021E-01
