  25  8.5995000E+01
  2.5469E+01  2.0000E+01  3.0964E+00  1.0818E+02  3.8411E-02  0.0000E+00  0.0000E+00
  1.8083E+01  6.0000E+01  6.5460E+00  1.0816E+02  3.2687E-02 -4.6994E-01 -7.3227E-01
  1.5015E+01  1.0000E+02  8.6837E+00  1.0818E+02  3.0458E-02 -6.9020E-01 -4.4679E-01
  1.2945E+01  1.4000E+02  1.0091E+01  1.0759E+02  2.8951E-02 -9.6445E-01 -4.2112E-01
  1.1426E+01  1.8000E+02  1.2488E+01  1.0721E+02  2.7180E-02 -1.8273E+00 -5.8549E-01
  1.0229E+01  2.2000E+02  1.6559E+01  1.0770E+02  2.5146E-02 -2.9899E+00 -7.5559E-01
  9.2263E+00  2.6000E+02  2.1314E+01  1.0894E+02  2.3179E-02 -3.5106E+00 -7.4242E-01
  8.3547E+00  3.0000E+02  2.6642E+01  1.1068E+02  2.1305E-02 -4.1095E+00 -7.5565E-01
  7.5779E+00  3.4000E+02  3.2595E+01  1.1275E+02  1.9455E-02 -4.9960E+00 -8.1877E-01
  6.8744E+00  3.8000E+02  3.9096E+01  1.1506E+02  1.7609E-02 -5.9662E+00 -8.8553E-01
  6.2300E+00  4.2000E+02  4.5964E+01  1.1760E+02  1.5786E-02 -6.7129E+00 -9.1269E-01
  5.6341E+00  4.6000E+02  5.3023E+01  1.2045E+02  1.4026E-02 -7.0725E+00 -8.8915E-01
  5.0783E+00  5.0000E+02  6.0302E+01  1.2365E+02  1.2350E-02 -7.3380E+00 -8.6049E-01
  4.5559E+00  5.4000E+02  6.7937E+01  1.2714E+02  1.0743E-02 -7.9296E+00 -8.7405E-01
  4.0619E+00  5.8000E+02  7.5983E+01  1.3083E+02  9.1835E-03 -8.8199E+00 -9.1925E-01
  3.5927E+00  6.2000E+02  8.4361E+01  1.3463E+02  7.6681E-03 -9.7523E+00 -9.6529E-01
  3.1457E+00  6.6000E+02  9.2920E+01  1.3848E+02  6.2185E-03 -1.0526E+01 -9.9276E-01
  2.7185E+00  7.0000E+02  1.0149E+02  1.4233E+02  4.8707E-03 -1.1057E+01 -9.9647E-01
  2.3095E+00  7.4000E+02  1.0994E+02  1.4614E+02  3.6668E-03 -1.1347E+01 -9.7928E-01
  1.9170E+00  7.8000E+02  1.1815E+02  1.4986E+02  2.6407E-03 -1.1435E+01 -9.4698E-01
  1.5396E+00  8.2000E+02  1.2605E+02  1.5347E+02  1.8067E-03 -1.1379E+01 -9.0589E-01
  1.1763E+00  8.6000E+02  1.3360E+02  1.5693E+02  1.1629E-03 -1.1251E+01 -8.6246E-01
  8.2598E-01  9.0000E+02  1.4080E+02  1.6022E+02  6.8886E-04 -1.1162E+01 -8.2494E-01
  4.8772E-01  9.4000E+02  1.4806E+02  1.6356E+02  3.4826E-04 -1.1591E+01 -8.2720E-01
  1.6012E-01  9.8000E+02  1.5566E+02  1.6659E+02  1.4464E-04 -1.3943E+01 -9.6369E-01
