  25  8.5995000E+01
  2.7418E+01  2.0000E+01  5.1032E+00  1.2060E+02  2.7220E-01  0.0000E+00  0.0000E+00
  1.9641E+01  6.0000E+01  8.2519E+00  1.1853E+02  2.4491E-01 -6.7173E-01 -1.1021E+00
  1.6675E+01  1.0000E+02  8.7413E+00  1.1843E+02  2.3011E-01 -1.9750E-01 -1.2359E-01
  1.4685E+01  1.4000E+02  1.3392E+01  1.2055E+02  2.1602E-01 -1.2734E+00 -5.3452E-01
  1.3124E+01  1.8000E+02  2.5258E+01  1.2433E+02  1.9790E-01 -5.1764E+00 -1.7055E+00
  1.1812E+01  2.2000E+02  4.3021E+01  1.3006E+02  1.7588E-01 -9.1791E+00 -2.5402E+00
  1.0667E+01  2.6000E+02  6.2854E+01  1.3661E+02  1.5147E-01 -1.1593E+01 -2.8009E+00
  9.6488E+00  3.0000E+02  8.1884E+01  1.4331E+02  1.2760E-01 -1.2113E+01 -2.6017E+00
  8.7320E+00  3.4000E+02  9.9487E+01  1.4983E+02  1.0573E-01 -1.2085E+01 -2.3376E+00
  7.8977E+00  3.8000E+02  1.1561E+02  1.5604E+02  8.6006E-02 -1.1881E+01 -2.0912E+00
  7.1321E+00  4.2000E+02  1.3012E+02  1.6186E+02  6.8438E-02 -1.1366E+01 -1.8360E+00
  6.4246E+00  4.6000E+02  1.4293E+02  1.6723E+02  5.2941E-02 -1.0509E+01 -1.5687E+00
  5.7669E+00  5.0000E+02  1.5408E+02  1.7220E+02  3.9443E-02 -9.4011E+00 -1.3044E+00
  5.1524E+00  5.4000E+02  1.6361E+02  1.7680E+02  2.8139E-02 -8.0193E+00 -1.0396E+00
  4.5758E+00  5.8000E+02  1.7164E+02  1.8108E+02  1.9195E-02 -6.4978E+00 -7.9055E-01
  4.0324E+00  6.2000E+02  1.7837E+02  1.8508E+02  1.2520E-02 -5.0229E+00 -5.7581E-01
  3.5187E+00  6.6000E+02  1.8403E+02  1.8883E+02  7.8068E-03 -3.7264E+00 -4.0393E-01
  3.0313E+00  7.0000E+02  1.8888E+02  1.9238E+02  4.6502E-03 -2.6717E+00 -2.7470E-01
  2.5677E+00  7.4000E+02  1.9313E+02  1.9575E+02  2.6421E-03 -1.8726E+00 -1.8317E-01
  2.1255E+00  7.8000E+02  1.9693E+02  1.9897E+02  1.4292E-03 -1.3139E+00 -1.2258E-01
  1.7028E+00  8.2000E+02  2.0039E+02  2.0203E+02  7.3462E-04 -9.6797E-01 -8.6333E-02
  1.2978E+00  8.6000E+02  2.0356E+02  2.0487E+02  3.5631E-04 -7.9637E-01 -6.8045E-02
  9.0912E-01  9.0000E+02  2.0645E+02  2.0749E+02  1.5757E-04 -7.0980E-01 -5.8204E-02
  5.3557E-01  9.4000E+02  2.0916E+02  2.1006E+02  5.7122E-05 -3.6606E-01 -2.8850E-02
  1.7544E-01  9.8000E+02  2.1288E+02  2.1334E+02  1.4637E-05 -1.2403E+00 -9.4234E-02
