  25  3.9900000E+00
  2.7416E+01  2.0000E+01  1.0038E+01  1.5154E+01  1.0003E+01  0.0000E+00  0.0000E+00
  1.9643E+01  6.0000E+01  9.6234E+00  1.5168E+01  9.5345E+00  5.5198E-02  9.0516E-02
  1.6678E+01  1.0000E+02  9.4461E+00  1.5255E+01  9.3258E+00  8.9111E-02  5.5740E-02
  1.4691E+01  1.4000E+02  9.2926E+00  1.5438E+01  9.0971E+00  1.6939E-01  7.1043E-02
  1.3129E+01  1.8000E+02  9.1663E+00  1.5851E+01  8.6036E+00  3.4538E-01  1.1376E-01
  1.1817E+01  2.2000E+02  9.5233E+00  1.6762E+01  7.8348E+00  4.2199E-01  1.1685E-01
  1.0671E+01  2.6000E+02  1.0816E+01  1.8250E+01  6.9165E+00  1.7075E-01  4.1283E-02
  9.6520E+00  3.0000E+02  1.3014E+01  2.0197E+01  6.0788E+00 -2.4648E-01 -5.2986E-02
  8.7343E+00  3.4000E+02  1.5757E+01  2.2438E+01  5.4279E+00 -5.4672E-01 -1.0585E-01
  7.8993E+00  3.8000E+02  1.8731E+01  2.4836E+01  4.9257E+00 -6.9036E-01 -1.2162E-01
  7.1332E+00  4.2000E+02  2.1769E+01  2.7289E+01  4.5141E+00 -7.6425E-01 -1.2353E-01
  6.4254E+00  4.6000E+02  2.4787E+01  2.9737E+01  4.1648E+00 -8.0500E-01 -1.2022E-01
  5.7675E+00  5.0000E+02  2.7742E+01  3.2153E+01  3.8631E+00 -8.1920E-01 -1.1370E-01
  5.1530E+00  5.4000E+02  3.0618E+01  3.4526E+01  3.5972E+00 -8.1728E-01 -1.0597E-01
  4.5762E+00  5.8000E+02  3.3410E+01  3.6853E+01  3.3587E+00 -8.0712E-01 -9.8213E-02
  4.0328E+00  6.2000E+02  3.6119E+01  3.9132E+01  3.1424E+00 -7.9074E-01 -9.0661E-02
  3.5189E+00  6.6000E+02  3.8742E+01  4.1359E+01  2.9446E+00 -7.6964E-01 -8.3442E-02
  3.0315E+00  7.0000E+02  4.1273E+01  4.3527E+01  2.7625E+00 -7.4534E-01 -7.6652E-02
  2.5678E+00  7.4000E+02  4.3703E+01  4.5626E+01  2.5936E+00 -7.1523E-01 -6.9969E-02
  2.1256E+00  7.8000E+02  4.6029E+01  4.7654E+01  2.4360E+00 -6.7224E-01 -6.2711E-02
  1.7030E+00  8.2000E+02  4.8267E+01  4.9632E+01  2.2885E+00 -6.1690E-01 -5.5002E-02
  1.2983E+00  8.6000E+02  5.0465E+01  5.1599E+01  2.1493E+00 -5.7072E-01 -4.8737E-02
  9.0978E-01  9.0000E+02  5.2688E+01  5.3599E+01  2.0161E+00 -5.7360E-01 -4.7015E-02
  5.3621E-01  9.4000E+02  5.4959E+01  5.5675E+01  1.8841E+00 -5.2125E-01 -4.1083E-02
  1.7576E-01  9.8000E+02  5.8262E+01  5.8465E+01  1.7478E+00 -1.4224E+00 -1.0817E-01
