  25  3.9900000E+00
  2.6738E+01  2.0000E+01  4.7745E+00  1.0757E+01  4.7501E+00  0.0000E+00  0.0000E+00
  1.8806E+01  6.0000E+01  4.6262E+00  1.0767E+01  4.5270E+00  2.0006E-02  3.3478E-02
  1.5479E+01  1.0000E+02  4.5960E+00  1.0753E+01  4.4053E+00  4.6484E-03  3.2624E-03
  1.3280E+01  1.4000E+02  4.5798E+00  1.0743E+01  4.2982E+00  3.1292E-03  1.4522E-03
  1.1673E+01  1.8000E+02  4.5556E+00  1.0761E+01  4.1786E+00  2.6117E-02  8.8537E-03
  1.0415E+01  2.2000E+02  4.5105E+00  1.0827E+01  4.0212E+00  8.8150E-02  2.3389E-02
  9.3755E+00  2.6000E+02  4.4645E+00  1.0958E+01  3.8322E+00  1.7019E-01  3.7338E-02
  8.4798E+00  3.0000E+02  4.4617E+00  1.1168E+01  3.6257E+00  2.3796E-01  4.4969E-02
  7.6856E+00  3.4000E+02  4.5451E+00  1.1468E+01  3.3977E+00  2.7297E-01  4.5739E-02
  6.9674E+00  3.8000E+02  4.7631E+00  1.1867E+01  3.1550E+00  2.5108E-01  3.8041E-02
  6.3094E+00  4.2000E+02  5.1510E+00  1.2370E+01  2.9118E+00  1.7603E-01  2.4439E-02
  5.7005E+00  4.6000E+02  5.7237E+00  1.2987E+01  2.6789E+00  7.2106E-02  9.2624E-03
  5.1328E+00  5.0000E+02  6.4907E+00  1.3723E+01  2.4657E+00 -5.4983E-02 -6.5855E-03
  4.6001E+00  5.4000E+02  7.4521E+00  1.4580E+01  2.2763E+00 -1.9559E-01 -2.1984E-02
  4.0975E+00  5.8000E+02  8.5940E+00  1.5554E+01  2.1081E+00 -3.3362E-01 -3.5376E-02
  3.6213E+00  6.2000E+02  9.8966E+00  1.6636E+01  1.9566E+00 -4.6397E-01 -4.6619E-02
  3.1683E+00  6.6000E+02  1.1337E+01  1.7810E+01  1.8186E+00 -5.8848E-01 -5.6234E-02
  2.7363E+00  7.0000E+02  1.2892E+01  1.9058E+01  1.6923E+00 -7.1071E-01 -6.4784E-02
  2.3231E+00  7.4000E+02  1.4538E+01  2.0358E+01  1.5765E+00 -8.3634E-01 -7.2908E-02
  1.9271E+00  7.8000E+02  1.6248E+01  2.1685E+01  1.4700E+00 -9.6715E-01 -8.0803E-02
  1.5469E+00  8.2000E+02  1.7996E+01  2.3017E+01  1.3711E+00 -1.0932E+00 -8.7691E-02
  1.1813E+00  8.6000E+02  1.9764E+01  2.4351E+01  1.2777E+00 -1.1882E+00 -9.1652E-02
  8.2912E-01  9.0000E+02  2.1579E+01  2.5720E+01  1.1891E+00 -1.2660E+00 -9.4059E-02
  4.8931E-01  9.4000E+02  2.3512E+01  2.7165E+01  1.1048E+00 -1.4375E+00 -1.0306E-01
  1.6053E-01  9.8000E+02  2.5714E+01  2.8562E+01  1.0250E+00 -2.4482E+00 -1.6982E-01
