  25  3.9900000E+00
  2.6977E+01  2.0000E+01  5.6715E+00  1.1157E+01  5.6446E+00  0.0000E+00  0.0000E+00
  1.8976E+01  6.0000E+01  5.4905E+00  1.1167E+01  5.3803E+00  2.3909E-02  4.0358E-02
  1.5626E+01  1.0000E+02  5.4508E+00  1.1147E+01  5.2393E+00  5.9167E-03  4.1826E-03
  1.3418E+01  1.4000E+02  5.4337E+00  1.1137E+01  5.1094E+00  3.0753E-03  1.4320E-03
  1.1801E+01  1.8000E+02  5.4119E+00  1.1158E+01  4.9534E+00  2.6573E-02  9.0662E-03
  1.0529E+01  2.2000E+02  5.3679E+00  1.1233E+01  4.7606E+00  9.3355E-02  2.5067E-02
  9.4732E+00  2.6000E+02  5.3313E+00  1.1376E+01  4.5490E+00  1.7003E-01  3.7862E-02
  8.5638E+00  3.0000E+02  5.3438E+00  1.1601E+01  4.3176E+00  2.3374E-01  4.4845E-02
  7.7581E+00  3.4000E+02  5.4547E+00  1.1924E+01  4.0554E+00  2.6367E-01  4.4820E-02
  7.0302E+00  3.8000E+02  5.7194E+00  1.2360E+01  3.7702E+00  2.3456E-01  3.6021E-02
  6.3637E+00  4.2000E+02  6.1768E+00  1.2916E+01  3.4808E+00  1.4813E-01  2.0831E-02
  5.7472E+00  4.6000E+02  6.8417E+00  1.3597E+01  3.2029E+00  2.6016E-02  3.3838E-03
  5.1726E+00  5.0000E+02  7.7152E+00  1.4403E+01  2.9500E+00 -1.1669E-01 -1.4146E-02
  4.6337E+00  5.4000E+02  8.7799E+00  1.5332E+01  2.7274E+00 -2.5303E-01 -2.8769E-02
  4.1257E+00  5.8000E+02  1.0009E+01  1.6373E+01  2.5311E+00 -3.6943E-01 -3.9600E-02
  3.6446E+00  6.2000E+02  1.1378E+01  1.7514E+01  2.3557E+00 -4.7291E-01 -4.7998E-02
  3.1874E+00  6.6000E+02  1.2862E+01  1.8736E+01  2.1971E+00 -5.7488E-01 -5.5448E-02
  2.7517E+00  7.0000E+02  1.4443E+01  2.0018E+01  2.0527E+00 -6.8581E-01 -6.3051E-02
  2.3352E+00  7.4000E+02  1.6097E+01  2.1333E+01  1.9206E+00 -8.1137E-01 -7.1288E-02
  1.9364E+00  7.8000E+02  1.7795E+01  2.2655E+01  1.7987E+00 -9.4670E-01 -7.9660E-02
  1.5538E+00  8.2000E+02  1.9501E+01  2.3954E+01  1.6846E+00 -1.0609E+00 -8.5641E-02
  1.1862E+00  8.6000E+02  2.1198E+01  2.5244E+01  1.5764E+00 -1.1098E+00 -8.6072E-02
  8.3238E-01  9.0000E+02  2.2944E+01  2.6590E+01  1.4735E+00 -1.1287E+00 -8.4249E-02
  4.9113E-01  9.4000E+02  2.4837E+01  2.8045E+01  1.3766E+00 -1.2837E+00 -9.2420E-02
  1.6109E-01  9.8000E+02  2.6973E+01  2.9432E+01  1.2858E+00 -2.2716E+00 -1.5818E-01
