  26  6.0000000E+00
  3.2000E+01  1.0000E-03  9.6472E-01  1.0742E+02  9.6472E-01  0.0000E+00  0.0000E+00
  2.2695E+01  4.0000E+01  1.0517E+00  1.0743E+02  9.6426E-01 -7.8835E-03 -1.5476E-02
  1.7609E+01  8.0000E+01  1.9144E+00  1.0747E+02  9.5887E-01 -1.6101E-01 -1.7276E-01
  1.4962E+01  1.2000E+02  2.3777E+00  1.0757E+02  9.5487E-01 -1.3935E-01 -7.7820E-02
  1.3099E+01  1.6000E+02  2.7474E+00  1.0779E+02  9.5108E-01 -7.8482E-02 -3.0844E-02
  1.1647E+01  2.0000E+02  3.1427E+00  1.0810E+02  9.4727E-01 -6.3831E-02 -1.9559E-02
  1.0446E+01  2.4000E+02  3.5841E+00  1.0845E+02  9.4337E-01 -7.2614E-02 -1.8397E-02
  9.4174E+00  2.8000E+02  4.0694E+00  1.0885E+02  9.3938E-01 -8.4290E-02 -1.8296E-02
  8.5135E+00  3.2000E+02  4.6039E+00  1.0929E+02  9.3530E-01 -1.0188E-01 -1.9430E-02
  7.7039E+00  3.6000E+02  5.1988E+00  1.0977E+02  9.3109E-01 -1.4063E-01 -2.4020E-02
  6.9682E+00  4.0000E+02  5.8626E+00  1.1028E+02  9.2668E-01 -2.0581E-01 -3.1946E-02
  6.2922E+00  4.4000E+02  6.6006E+00  1.1082E+02  9.2200E-01 -2.9654E-01 -4.2294E-02
  5.6657E+00  4.8000E+02  7.4167E+00  1.1138E+02  9.1698E-01 -4.1300E-01 -5.4591E-02
  5.0811E+00  5.2000E+02  8.3150E+00  1.1195E+02  9.1158E-01 -5.5856E-01 -6.8892E-02
  4.5325E+00  5.6000E+02  9.3007E+00  1.1253E+02  9.0575E-01 -7.3845E-01 -8.5461E-02
  4.0154E+00  6.0000E+02  1.0381E+01  1.1312E+02  8.9941E-01 -9.6011E-01 -1.0474E-01
  3.5261E+00  6.4000E+02  1.1567E+01  1.1370E+02  8.9251E-01 -1.2332E+00 -1.2731E-01
  3.0615E+00  6.8000E+02  1.2867E+01  1.1427E+02  8.8497E-01 -1.5659E+00 -1.5350E-01
  2.6191E+00  7.2000E+02  1.4295E+01  1.1483E+02  8.7673E-01 -1.9674E+00 -1.8364E-01
  2.1968E+00  7.6000E+02  1.5879E+01  1.1537E+02  8.6762E-01 -2.4763E+00 -2.2062E-01
  1.7929E+00  8.0000E+02  1.7674E+01  1.1588E+02  8.5729E-01 -3.1657E+00 -2.6978E-01
  1.4058E+00  8.4000E+02  1.9781E+01  1.1638E+02  8.4513E-01 -4.1615E+00 -3.3984E-01
  1.0343E+00  8.8000E+02  2.2367E+01  1.1687E+02  8.3019E-01 -5.6465E+00 -4.4252E-01
  6.7725E-01  9.2000E+02  2.5687E+01  1.1736E+02  8.1112E-01 -7.9146E+00 -5.9627E-01
  3.3295E-01  9.6000E+02  2.9957E+01  1.1780E+02  7.8712E-01 -1.1140E+01 -8.0920E-01
  6.0097E-04  1.0000E+03  3.5112E+01  1.1789E+02  7.5917E-01 -1.5212E+01 -1.0667E+00
