  26  6.0000000E+00
  3.2003E+01  1.0000E-03  1.0209E+00  1.1212E+02  1.0209E+00  0.0000E+00  0.0000E+00
  2.2736E+01  4.0000E+01  1.1070E+00  1.1213E+02  1.0204E+00 -8.1145E-03 -1.5865E-02
  1.7691E+01  8.0000E+01  1.9134E+00  1.1220E+02  1.0150E+00 -1.4565E-01 -1.5503E-01
  1.5076E+01  1.2000E+02  2.3443E+00  1.1234E+02  1.0109E+00 -1.0978E-01 -6.0566E-02
  1.3229E+01  1.6000E+02  2.7093E+00  1.1262E+02  1.0071E+00 -4.5441E-02 -1.7712E-02
  1.1778E+01  2.0000E+02  3.1333E+00  1.1299E+02  1.0031E+00 -4.0594E-02 -1.2425E-02
  1.0572E+01  2.4000E+02  3.6294E+00  1.1340E+02  9.9903E-01 -7.2447E-02 -1.8442E-02
  9.5335E+00  2.8000E+02  4.1846E+00  1.1384E+02  9.9481E-01 -1.0405E-01 -2.2790E-02
  8.6188E+00  3.2000E+02  4.7984E+00  1.1433E+02  9.9045E-01 -1.4157E-01 -2.7320E-02
  7.7984E+00  3.6000E+02  5.4773E+00  1.1485E+02  9.8591E-01 -1.9543E-01 -3.3827E-02
  7.0523E+00  4.0000E+02  6.2286E+00  1.1540E+02  9.8112E-01 -2.7322E-01 -4.3007E-02
  6.3666E+00  4.4000E+02  7.0584E+00  1.1597E+02  9.7600E-01 -3.7760E-01 -5.4630E-02
  5.7310E+00  4.8000E+02  7.9696E+00  1.1655E+02  9.7054E-01 -5.1065E-01 -6.8471E-02
  5.1381E+00  5.2000E+02  8.9624E+00  1.1715E+02  9.6470E-01 -6.7336E-01 -8.4240E-02
  4.5818E+00  5.6000E+02  1.0037E+01  1.1774E+02  9.5848E-01 -8.6647E-01 -1.0168E-01
  4.0577E+00  6.0000E+02  1.1198E+01  1.1833E+02  9.5184E-01 -1.0953E+00 -1.2112E-01
  3.5620E+00  6.4000E+02  1.2451E+01  1.1890E+02  9.4469E-01 -1.3672E+00 -1.4300E-01
  3.0916E+00  6.8000E+02  1.3808E+01  1.1946E+02  9.3697E-01 -1.6929E+00 -1.6801E-01
  2.6440E+00  7.2000E+02  1.5289E+01  1.2000E+02  9.2853E-01 -2.0952E+00 -1.9785E-01
  2.2171E+00  7.6000E+02  1.6930E+01  1.2053E+02  9.1914E-01 -2.6129E+00 -2.3536E-01
  1.8090E+00  8.0000E+02  1.8798E+01  1.2104E+02  9.0842E-01 -3.3278E+00 -2.8653E-01
  1.4181E+00  8.4000E+02  2.1014E+01  1.2154E+02  8.9568E-01 -4.3948E+00 -3.6241E-01
  1.0432E+00  8.8000E+02  2.3791E+01  1.2204E+02  8.7972E-01 -6.0810E+00 -4.8108E-01
  6.8285E-01  9.2000E+02  2.7519E+01  1.2256E+02  8.5843E-01 -8.9018E+00 -6.7671E-01
  3.3563E-01  9.6000E+02  3.2606E+01  1.2306E+02  8.2986E-01 -1.3205E+01 -9.6738E-01
  6.5327E-04  1.0000E+03  3.9000E+01  1.2323E+02  7.9499E-01 -1.8562E+01 -1.3118E+00
