  26  6.0000000E+00
  3.1841E+01  1.0000E-03  7.6928E-01  9.7979E+01  7.6928E-01  0.0000E+00  0.0000E+00
  2.2504E+01  4.0000E+01  8.6002E-01  9.7995E+01  7.6881E-01 -8.0461E-03 -1.5849E-02
  1.7353E+01  8.0000E+01  1.8291E+00  9.8001E+01  7.6372E-01 -1.8697E-01 -2.0322E-01
  1.4637E+01  1.2000E+02  2.4032E+00  9.7982E+01  7.6001E-01 -2.1829E-01 -1.2508E-01
  1.2732E+01  1.6000E+02  2.8111E+00  9.8029E+01  7.5652E-01 -1.8942E-01 -7.6099E-02
  1.1275E+01  2.0000E+02  3.1293E+00  9.8157E+01  7.5315E-01 -1.3046E-01 -4.0115E-02
  1.0094E+01  2.4000E+02  3.4140E+00  9.8372E+01  7.4984E-01 -5.9327E-02 -1.4778E-02
  9.0971E+00  2.8000E+02  3.7027E+00  9.8665E+01  7.4655E-01  4.4838E-03  9.4336E-04
  8.2278E+00  3.2000E+02  4.0319E+00  9.9032E+01  7.4325E-01  4.3506E-02  7.9794E-03
  7.4517E+00  3.6000E+02  4.4254E+00  9.9452E+01  7.3990E-01  3.4316E-02  5.6182E-03
  6.7471E+00  4.0000E+02  4.8908E+00  9.9912E+01  7.3645E-01 -8.2429E-03 -1.2255E-03
  6.0993E+00  4.4000E+02  5.4297E+00  1.0040E+02  7.3286E-01 -7.6057E-02 -1.0394E-02
  5.4983E+00  4.8000E+02  6.0425E+00  1.0092E+02  7.2907E-01 -1.6404E-01 -2.0798E-02
  4.9368E+00  5.2000E+02  6.7322E+00  1.0145E+02  7.2501E-01 -2.7441E-01 -3.2512E-02
  4.4089E+00  5.6000E+02  7.5048E+00  1.0200E+02  7.2061E-01 -4.1557E-01 -4.6281E-02
  3.9104E+00  6.0000E+02  8.3684E+00  1.0257E+02  7.1579E-01 -5.9659E-01 -6.2754E-02
  3.4376E+00  6.4000E+02  9.3330E+00  1.0314E+02  7.1046E-01 -8.2720E-01 -8.2511E-02
  2.9878E+00  6.8000E+02  1.0412E+01  1.0372E+02  7.0454E-01 -1.1204E+00 -1.0633E-01
  2.5586E+00  7.2000E+02  1.1623E+01  1.0429E+02  6.9790E-01 -1.4958E+00 -1.3544E-01
  2.1481E+00  7.6000E+02  1.2994E+01  1.0484E+02  6.9039E-01 -1.9854E+00 -1.7194E-01
  1.7547E+00  8.0000E+02  1.4560E+01  1.0538E+02  6.8180E-01 -2.6198E+00 -2.1741E-01
  1.3772E+00  8.4000E+02  1.6376E+01  1.0589E+02  6.7179E-01 -3.4528E+00 -2.7504E-01
  1.0142E+00  8.8000E+02  1.8514E+01  1.0638E+02  6.6002E-01 -4.5487E+00 -3.4833E-01
  6.6460E-01  9.2000E+02  2.1039E+01  1.0681E+02  6.4634E-01 -5.9808E+00 -4.4118E-01
  3.2690E-01  9.6000E+02  2.4000E+01  1.0711E+02  6.3077E-01 -7.8746E+00 -5.6105E-01
  4.6768E-04  1.0000E+03  2.7409E+01  1.0706E+02  6.1357E-01 -1.0618E+01 -7.3125E-01
