  26  6.0000000E+00
  3.1766E+01  1.0000E-03  7.3318E-01  9.7259E+01  7.3318E-01  0.0000E+00  0.0000E+00
  2.2445E+01  4.0000E+01  8.2329E-01  9.7275E+01  7.3272E-01 -8.0070E-03 -1.5747E-02
  1.7299E+01  8.0000E+01  1.7884E+00  9.7278E+01  7.2772E-01 -1.8693E-01 -2.0293E-01
  1.4585E+01  1.2000E+02  2.3630E+00  9.7252E+01  7.2409E-01 -2.2112E-01 -1.2662E-01
  1.2683E+01  1.6000E+02  2.7681E+00  9.7288E+01  7.2068E-01 -1.9442E-01 -7.8030E-02
  1.1229E+01  2.0000E+02  3.0752E+00  9.7404E+01  7.1740E-01 -1.3128E-01 -4.0266E-02
  1.0053E+01  2.4000E+02  3.3427E+00  9.7611E+01  7.1418E-01 -5.1373E-02 -1.2744E-02
  9.0613E+00  2.8000E+02  3.6142E+00  9.7901E+01  7.1100E-01  1.8353E-02  3.8414E-03
  8.1967E+00  3.2000E+02  3.9276E+00  9.8265E+01  7.0781E-01  5.9028E-02  1.0767E-02
  7.4248E+00  3.6000E+02  4.3064E+00  9.8684E+01  7.0456E-01  5.1280E-02  8.3508E-03
  6.7238E+00  4.0000E+02  4.7580E+00  9.9142E+01  7.0123E-01  9.0870E-03  1.3440E-03
  6.0791E+00  4.4000E+02  5.2834E+00  9.9629E+01  6.9777E-01 -5.8125E-02 -7.9054E-03
  5.4809E+00  4.8000E+02  5.8823E+00  1.0014E+02  6.9413E-01 -1.4481E-01 -1.8277E-02
  4.9217E+00  5.2000E+02  6.5569E+00  1.0067E+02  6.9025E-01 -2.5287E-01 -2.9831E-02
  4.3960E+00  5.6000E+02  7.3122E+00  1.0123E+02  6.8606E-01 -3.8995E-01 -4.3251E-02
  3.8994E+00  6.0000E+02  8.1555E+00  1.0179E+02  6.8147E-01 -5.6460E-01 -5.9159E-02
  3.4283E+00  6.4000E+02  9.0965E+00  1.0236E+02  6.7641E-01 -7.8657E-01 -7.8171E-02
  2.9801E+00  6.8000E+02  1.0148E+01  1.0293E+02  6.7077E-01 -1.0690E+00 -1.0110E-01
  2.5523E+00  7.2000E+02  1.1327E+01  1.0350E+02  6.6447E-01 -1.4310E+00 -1.2916E-01
  2.1431E+00  7.6000E+02  1.2661E+01  1.0405E+02  6.5733E-01 -1.9021E+00 -1.6422E-01
  1.7508E+00  8.0000E+02  1.4183E+01  1.0459E+02  6.4916E-01 -2.5142E+00 -2.0807E-01
  1.3742E+00  8.4000E+02  1.5939E+01  1.0510E+02  6.3971E-01 -3.3077E+00 -2.6280E-01
  1.0121E+00  8.8000E+02  1.7997E+01  1.0558E+02  6.2862E-01 -4.3565E+00 -3.3284E-01
  6.6323E-01  9.2000E+02  2.0427E+01  1.0601E+02  6.1570E-01 -5.7443E+00 -4.2282E-01
  3.2623E-01  9.6000E+02  2.3289E+01  1.0630E+02  6.0091E-01 -7.6078E+00 -5.4091E-01
  4.6563E-04  1.0000E+03  2.6612E+01  1.0625E+02  5.8441E-01 -1.0362E+01 -7.1218E-01
