  26  6.0000000E+00
  3.1941E+01  1.0000E-03  8.3862E-01  1.0024E+02  8.3862E-01  0.0000E+00  0.0000E+00
  2.2591E+01  4.0000E+01  9.2933E-01  1.0026E+02  8.3815E-01 -8.0600E-03 -1.5901E-02
  1.7445E+01  8.0000E+01  1.8815E+00  1.0027E+02  8.3291E-01 -1.8324E-01 -1.9893E-01
  1.4745E+01  1.2000E+02  2.4214E+00  1.0028E+02  8.2908E-01 -1.9659E-01 -1.1201E-01
  1.2852E+01  1.6000E+02  2.8126E+00  1.0038E+02  8.2548E-01 -1.5152E-01 -6.0512E-02
  1.1394E+01  2.0000E+02  3.1591E+00  1.0057E+02  8.2195E-01 -1.1166E-01 -3.4329E-02
  1.0205E+01  2.4000E+02  3.4961E+00  1.0082E+02  8.1843E-01 -7.1797E-02 -1.8011E-02
  9.1963E+00  2.8000E+02  3.8478E+00  1.0114E+02  8.1491E-01 -3.1597E-02 -6.7273E-03
  8.3146E+00  3.2000E+02  4.2397E+00  1.0152E+02  8.1136E-01 -1.3132E-02 -2.4427E-03
  7.5272E+00  3.6000E+02  4.6900E+00  1.0195E+02  8.0774E-01 -2.7093E-02 -4.5009E-03
  6.8124E+00  4.0000E+02  5.2079E+00  1.0241E+02  8.0400E-01 -7.1977E-02 -1.0855E-02
  6.1557E+00  4.4000E+02  5.7975E+00  1.0291E+02  8.0009E-01 -1.4261E-01 -1.9759E-02
  5.5468E+00  4.8000E+02  6.4615E+00  1.0343E+02  7.9592E-01 -2.3584E-01 -3.0296E-02
  4.9783E+00  5.2000E+02  7.2049E+00  1.0397E+02  7.9143E-01 -3.5445E-01 -4.2518E-02
  4.4442E+00  5.6000E+02  8.0356E+00  1.0453E+02  7.8652E-01 -5.0693E-01 -5.7116E-02
  3.9402E+00  6.0000E+02  8.9634E+00  1.0511E+02  7.8112E-01 -7.0359E-01 -7.4821E-02
  3.4626E+00  6.4000E+02  9.9993E+00  1.0568E+02  7.7514E-01 -9.5476E-01 -9.6211E-02
  3.0085E+00  6.8000E+02  1.1157E+01  1.0626E+02  7.6850E-01 -1.2727E+00 -1.2194E-01
  2.5755E+00  7.2000E+02  1.2455E+01  1.0684E+02  7.6110E-01 -1.6773E+00 -1.5323E-01
  2.1616E+00  7.6000E+02  1.3921E+01  1.0739E+02  7.5278E-01 -2.1969E+00 -1.9183E-01
  1.7652E+00  8.0000E+02  1.5595E+01  1.0793E+02  7.4328E-01 -2.8734E+00 -2.4028E-01
  1.3850E+00  8.4000E+02  1.7546E+01  1.0844E+02  7.3218E-01 -3.7801E+00 -3.0323E-01
  1.0197E+00  8.8000E+02  1.9857E+01  1.0893E+02  7.1906E-01 -4.9780E+00 -3.8364E-01
  6.6808E-01  9.2000E+02  2.2614E+01  1.0939E+02  7.0363E-01 -6.5540E+00 -4.8625E-01
  3.2857E-01  9.6000E+02  2.5870E+01  1.0971E+02  6.8596E-01 -8.6291E+00 -6.1810E-01
  4.9443E-04  1.0000E+03  2.9607E+01  1.0968E+02  6.6651E-01 -1.1497E+01 -7.9578E-01
