  26  6.0000000E+00
  3.2103E+01  1.0000E-03  1.2347E+00  1.3924E+02  1.2347E+00  0.0000E+00  0.0000E+00
  2.2928E+01  4.0000E+01  1.3318E+00  1.3923E+02  1.2343E+00 -1.1685E-02 -2.2620E-02
  1.8087E+01  8.0000E+01  1.9047E+00  1.3941E+02  1.2288E+00 -8.0112E-02 -8.1830E-02
  1.5641E+01  1.2000E+02  2.1838E+00  1.3979E+02  1.2246E+00  4.1501E-02  2.1416E-02
  1.3866E+01  1.6000E+02  2.5527E+00  1.4034E+02  1.2203E+00  1.0419E-01  3.9017E-02
  1.2428E+01  2.0000E+02  3.1112E+00  1.4101E+02  1.2157E+00  7.7122E-02  2.3394E-02
  1.1200E+01  2.4000E+02  3.8839E+00  1.4176E+02  1.2106E+00 -2.4747E-02 -6.4091E-03
  1.0122E+01  2.8000E+02  4.8513E+00  1.4253E+02  1.2050E+00 -1.8076E-01 -4.1137E-02
  9.1586E+00  3.2000E+02  5.9875E+00  1.4333E+02  1.1986E+00 -3.4347E-01 -6.9798E-02
  8.2879E+00  3.6000E+02  7.3037E+00  1.4419E+02  1.1911E+00 -5.2694E-01 -9.6802E-02
  7.4926E+00  4.0000E+02  8.8367E+00  1.4511E+02  1.1823E+00 -7.6970E-01 -1.2915E-01
  6.7598E+00  4.4000E+02  1.0610E+01  1.4608E+02  1.1721E+00 -1.1030E+00 -1.7053E-01
  6.0796E+00  4.8000E+02  1.2627E+01  1.4705E+02  1.1606E+00 -1.5315E+00 -2.1977E-01
  5.4447E+00  5.2000E+02  1.4884E+01  1.4801E+02  1.1479E+00 -2.0499E+00 -2.7459E-01
  4.8493E+00  5.6000E+02  1.7351E+01  1.4891E+02  1.1342E+00 -2.6264E+00 -3.2993E-01
  4.2889E+00  6.0000E+02  1.9984E+01  1.4974E+02  1.1198E+00 -3.2223E+00 -3.8101E-01
  3.7598E+00  6.4000E+02  2.2775E+01  1.5049E+02  1.1047E+00 -3.8601E+00 -4.3087E-01
  3.2591E+00  6.8000E+02  2.5861E+01  1.5120E+02  1.0879E+00 -4.7492E+00 -5.0165E-01
  2.7843E+00  7.2000E+02  2.9666E+01  1.5196E+02  1.0671E+00 -6.4133E+00 -6.4249E-01
  2.3328E+00  7.6000E+02  3.4803E+01  1.5286E+02  1.0393E+00 -9.3727E+00 -8.9287E-01
  1.9021E+00  8.0000E+02  4.1533E+01  1.5391E+02  1.0031E+00 -1.3190E+01 -1.1984E+00
  1.4903E+00  8.4000E+02  4.9533E+01  1.5501E+02  9.5987E-01 -1.6768E+01 -1.4569E+00
  1.0957E+00  8.8000E+02  5.8901E+01  1.5612E+02  9.0795E-01 -2.0904E+01 -1.7404E+00
  7.1696E-01  9.2000E+02  7.0420E+01  1.5740E+02  8.4131E-01 -2.7058E+01 -2.1622E+00
  3.5230E-01  9.6000E+02  8.4038E+01  1.5872E+02  7.5854E-01 -3.3717E+01 -2.5941E+00
  7.3676E-04  1.0000E+03  9.8949E+01  1.5892E+02  6.6569E-01 -4.1839E+01 -3.1033E+00
