  26  6.0000000E+00
  3.2084E+01  1.0000E-03  1.1934E+00  1.3322E+02  1.1934E+00  0.0000E+00  0.0000E+00
  2.2897E+01  4.0000E+01  1.2870E+00  1.3322E+02  1.1929E+00 -1.0710E-02 -2.0760E-02
  1.8010E+01  8.0000E+01  1.9051E+00  1.3338E+02  1.1875E+00 -9.3322E-02 -9.6204E-02
  1.5524E+01  1.2000E+02  2.2178E+00  1.3372E+02  1.1833E+00  9.5372E-03  5.0033E-03
  1.3729E+01  1.6000E+02  2.5937E+00  1.3421E+02  1.1791E+00  6.5534E-02  2.4812E-02
  1.2287E+01  2.0000E+02  3.1240E+00  1.3480E+02  1.1746E+00  4.4083E-02  1.3417E-02
  1.1064E+01  2.4000E+02  3.8233E+00  1.3546E+02  1.1697E+00 -3.2362E-02 -8.3496E-03
  9.9951E+00  2.8000E+02  4.6776E+00  1.3616E+02  1.1644E+00 -1.4604E-01 -3.2929E-02
  9.0436E+00  3.2000E+02  5.6693E+00  1.3690E+02  1.1585E+00 -2.6736E-01 -5.3674E-02
  8.1845E+00  3.6000E+02  6.8053E+00  1.3769E+02  1.1518E+00 -4.0780E-01 -7.3916E-02
  7.3999E+00  4.0000E+02  8.1078E+00  1.3852E+02  1.1443E+00 -5.9834E-01 -9.9040E-02
  6.6767E+00  4.4000E+02  9.5956E+00  1.3938E+02  1.1357E+00 -8.6399E-01 -1.3183E-01
  6.0052E+00  4.8000E+02  1.1258E+01  1.4024E+02  1.1264E+00 -1.1995E+00 -1.6996E-01
  5.3780E+00  5.2000E+02  1.3060E+01  1.4105E+02  1.1164E+00 -1.5766E+00 -2.0863E-01
  4.7896E+00  5.6000E+02  1.4947E+01  1.4179E+02  1.1062E+00 -1.9499E+00 -2.4204E-01
  4.2359E+00  6.0000E+02  1.6864E+01  1.4244E+02  1.0959E+00 -2.2827E+00 -2.6671E-01
  3.7131E+00  6.4000E+02  1.8783E+01  1.4301E+02  1.0857E+00 -2.5816E+00 -2.8471E-01
  3.2185E+00  6.8000E+02  2.0754E+01  1.4353E+02  1.0751E+00 -2.9444E+00 -3.0724E-01
  2.7495E+00  7.2000E+02  2.2985E+01  1.4404E+02  1.0627E+00 -3.6595E+00 -3.6213E-01
  2.3036E+00  7.6000E+02  2.5912E+01  1.4463E+02  1.0463E+00 -5.2423E+00 -4.9319E-01
  1.8785E+00  8.0000E+02  3.0122E+01  1.4536E+02  1.0229E+00 -8.1832E+00 -7.3394E-01
  1.4720E+00  8.4000E+02  3.6037E+01  1.4624E+02  9.9064E-01 -1.2407E+01 -1.0640E+00
  1.0825E+00  8.8000E+02  4.3870E+01  1.4722E+02  9.4793E-01 -1.7592E+01 -1.4458E+00
  7.0842E-01  9.2000E+02  5.3801E+01  1.4832E+02  8.9249E-01 -2.3607E+01 -1.8630E+00
  3.4815E-01  9.6000E+02  6.5693E+01  1.4943E+02  8.2372E-01 -2.9922E+01 -2.2744E+00
  7.1423E-04  1.0000E+03  7.9001E+01  1.4973E+02  7.4523E-01 -3.7435E+01 -2.7440E+00
