  26  6.0000000E+00
  3.2019E+01  1.0000E-03  1.0957E+00  1.2002E+02  1.0957E+00  0.0000E+00  0.0000E+00
  2.2802E+01  4.0000E+01  1.1816E+00  1.2003E+02  1.0952E+00 -8.5275E-03 -1.6583E-02
  1.7818E+01  8.0000E+01  1.9130E+00  1.2014E+02  1.0898E+00 -1.2509E-01 -1.3153E-01
  1.5250E+01  1.2000E+02  2.2984E+00  1.2036E+02  1.0857E+00 -6.4016E-02 -3.4688E-02
  1.3423E+01  1.6000E+02  2.6664E+00  1.2072E+02  1.0817E+00 -1.9802E-03 -7.6337E-04
  1.1974E+01  2.0000E+02  3.1356E+00  1.2118E+02  1.0775E+00 -1.0609E-02 -3.2439E-03
  1.0759E+01  2.4000E+02  3.7116E+00  1.2167E+02  1.0731E+00 -6.6410E-02 -1.7019E-02
  9.7078E+00  2.8000E+02  4.3746E+00  1.2220E+02  1.0685E+00 -1.2606E-01 -2.7957E-02
  8.7779E+00  3.2000E+02  5.1172E+00  1.2276E+02  1.0637E+00 -1.9592E-01 -3.8440E-02
  7.9417E+00  3.6000E+02  5.9384E+00  1.2335E+02  1.0586E+00 -2.7815E-01 -4.9068E-02
  7.1804E+00  4.0000E+02  6.8438E+00  1.2397E+02  1.0532E+00 -3.8195E-01 -6.1352E-02
  6.4802E+00  4.4000E+02  7.8403E+00  1.2460E+02  1.0473E+00 -5.1632E-01 -7.6276E-02
  5.8310E+00  4.8000E+02  8.9294E+00  1.2524E+02  1.0410E+00 -6.8557E-01 -9.3889E-02
  5.2254E+00  5.2000E+02  1.0104E+01  1.2588E+02  1.0343E+00 -8.8534E-01 -1.1312E-01
  4.6575E+00  5.6000E+02  1.1350E+01  1.2650E+02  1.0273E+00 -1.1046E+00 -1.3234E-01
  4.1228E+00  6.0000E+02  1.2656E+01  1.2709E+02  1.0201E+00 -1.3367E+00 -1.5082E-01
  3.6174E+00  6.4000E+02  1.4026E+01  1.2766E+02  1.0126E+00 -1.5964E+00 -1.7022E-01
  3.1383E+00  6.8000E+02  1.5483E+01  1.2820E+02  1.0045E+00 -1.9149E+00 -1.9355E-01
  2.6829E+00  7.2000E+02  1.7075E+01  1.2872E+02  9.9564E-01 -2.3476E+00 -2.2556E-01
  2.2489E+00  7.6000E+02  1.8893E+01  1.2924E+02  9.8531E-01 -2.9911E+00 -2.7384E-01
  1.8345E+00  8.0000E+02  2.1087E+01  1.2977E+02  9.7272E-01 -4.0103E+00 -3.5063E-01
  1.4379E+00  8.4000E+02  2.3888E+01  1.3033E+02  9.5668E-01 -5.6560E+00 -4.7329E-01
  1.0576E+00  8.8000E+02  2.7626E+01  1.3092E+02  9.3551E-01 -8.2691E+00 -6.6355E-01
  6.9218E-01  9.2000E+02  3.2841E+01  1.3157E+02  9.0628E-01 -1.2490E+01 -9.6284E-01
  3.4018E-01  9.6000E+02  4.0049E+01  1.3224E+02  8.6620E-01 -1.8582E+01 -1.3800E+00
  6.8619E-04  1.0000E+03  4.8965E+01  1.3250E+02  8.1717E-01 -2.5496E+01 -1.8262E+00
