  26  6.0000000E+00
  3.2094E+01  1.0000E-03  1.2086E+00  1.3540E+02  1.2086E+00  0.0000E+00  0.0000E+00
  2.2910E+01  4.0000E+01  1.3037E+00  1.3539E+02  1.2082E+00 -1.1116E-02 -2.1539E-02
  1.8040E+01  8.0000E+01  1.9044E+00  1.3556E+02  1.2027E+00 -8.8216E-02 -9.0635E-02
  1.5569E+01  1.2000E+02  2.2053E+00  1.3591E+02  1.1985E+00  2.1142E-02  1.1026E-02
  1.3781E+01  1.6000E+02  2.5790E+00  1.3643E+02  1.1943E+00  7.9260E-02  2.9895E-02
  1.2340E+01  2.0000E+02  3.1191E+00  1.3705E+02  1.1898E+00  5.6709E-02  1.7238E-02
  1.1115E+01  2.4000E+02  3.8463E+00  1.3774E+02  1.1848E+00 -3.0042E-02 -7.7623E-03
  1.0043E+01  2.8000E+02  4.7427E+00  1.3847E+02  1.1794E+00 -1.6028E-01 -3.6269E-02
  9.0871E+00  3.2000E+02  5.7860E+00  1.3923E+02  1.1732E+00 -2.9249E-01 -5.8979E-02
  8.2239E+00  3.6000E+02  6.9871E+00  1.4005E+02  1.1662E+00 -4.4286E-01 -8.0647E-02
  7.4357E+00  4.0000E+02  8.3760E+00  1.4093E+02  1.1581E+00 -6.4943E-01 -1.0801E-01
  6.7090E+00  4.4000E+02  9.9776E+00  1.4184E+02  1.1489E+00 -9.4274E-01 -1.4452E-01
  6.0343E+00  4.8000E+02  1.1782E+01  1.4276E+02  1.1387E+00 -1.3177E+00 -1.8760E-01
  5.4040E+00  5.2000E+02  1.3761E+01  1.4363E+02  1.1277E+00 -1.7523E+00 -2.3302E-01
  4.8127E+00  5.6000E+02  1.5858E+01  1.4443E+02  1.1162E+00 -2.1955E+00 -2.7391E-01
  4.2560E+00  6.0000E+02  1.8007E+01  1.4513E+02  1.1047E+00 -2.5995E+00 -3.0531E-01
  3.7305E+00  6.4000E+02  2.0171E+01  1.4574E+02  1.0931E+00 -2.9640E+00 -3.2862E-01
  3.2333E+00  6.8000E+02  2.2411E+01  1.4628E+02  1.0810E+00 -3.4119E+00 -3.5791E-01
  2.7619E+00  7.2000E+02  2.4993E+01  1.4683E+02  1.0668E+00 -4.3143E+00 -4.2909E-01
  2.3138E+00  7.6000E+02  2.8459E+01  1.4748E+02  1.0475E+00 -6.2855E+00 -5.9414E-01
  1.8868E+00  8.0000E+02  3.3412E+01  1.4829E+02  1.0204E+00 -9.6941E+00 -8.7345E-01
  1.4785E+00  8.4000E+02  4.0138E+01  1.4925E+02  9.8393E-01 -1.4130E+01 -1.2171E+00
  1.0872E+00  8.8000E+02  4.8801E+01  1.5032E+02  9.3660E-01 -1.9417E+01 -1.6029E+00
  7.1150E-01  9.2000E+02  5.9576E+01  1.5151E+02  8.7583E-01 -2.5510E+01 -2.0221E+00
  3.4964E-01  9.6000E+02  7.2175E+01  1.5269E+02  8.0173E-01 -3.1561E+01 -2.4095E+00
  7.1306E-04  1.0000E+03  8.6118E+01  1.5295E+02  7.1776E-01 -3.9207E+01 -2.8863E+00
