  26  6.0000000E+00
  3.0009E+01  1.0000E-03  1.9996E-01  9.5239E+01  1.9996E-01  0.0000E+00  0.0000E+00
  2.1334E+01  4.0000E+01  2.5844E-01  9.5246E+01  1.9960E-01 -5.8449E-03 -1.0699E-02
  1.6566E+01  8.0000E+01  8.4155E-01  9.5328E+01  1.9685E-01 -1.0511E-01 -1.0572E-01
  1.4039E+01  1.2000E+02  1.2478E+00  9.5396E+01  1.9492E-01 -1.3399E-01 -7.1449E-02
  1.2248E+01  1.6000E+02  1.5557E+00  9.5479E+01  1.9312E-01 -1.2563E-01 -4.7459E-02
  1.0882E+01  2.0000E+02  1.7751E+00  9.5644E+01  1.9143E-01 -3.9832E-02 -1.1482E-02
  9.7740E+00  2.4000E+02  1.9796E+00  9.5901E+01  1.8980E-01  4.7283E-02  1.1052E-02
  8.8314E+00  2.8000E+02  2.2212E+00  9.6228E+01  1.8822E-01  9.1335E-02  1.8163E-02
  8.0031E+00  3.2000E+02  2.5210E+00  9.6607E+01  1.8665E-01  9.4738E-02  1.6556E-02
  7.2597E+00  3.6000E+02  2.8803E+00  9.7021E+01  1.8509E-01  7.4123E-02  1.1627E-02
  6.5828E+00  4.0000E+02  3.2931E+00  9.7467E+01  1.8354E-01  4.8805E-02  6.9702E-03
  5.9598E+00  4.4000E+02  3.7563E+00  9.7946E+01  1.8198E-01  2.5912E-02  3.4055E-03
  5.3813E+00  4.8000E+02  4.2762E+00  9.8462E+01  1.8039E-01 -6.9402E-03 -8.4705E-04
  4.8396E+00  5.2000E+02  4.8663E+00  9.9010E+01  1.7876E-01 -7.8286E-02 -8.9478E-03
  4.3288E+00  5.6000E+02  5.5343E+00  9.9577E+01  1.7705E-01 -1.9688E-01 -2.1218E-02
  3.8447E+00  6.0000E+02  6.2815E+00  1.0016E+02  1.7522E-01 -3.4981E-01 -3.5725E-02
  3.3843E+00  6.4000E+02  7.1090E+00  1.0074E+02  1.7321E-01 -5.3207E-01 -5.1687E-02
  2.9450E+00  6.8000E+02  8.0214E+00  1.0132E+02  1.7097E-01 -7.5027E-01 -6.9535E-02
  2.5248E+00  7.2000E+02  9.0287E+00  1.0190E+02  1.6843E-01 -1.0183E+00 -9.0271E-02
  2.1221E+00  7.6000E+02  1.0147E+01  1.0247E+02  1.6549E-01 -1.3570E+00 -1.1531E-01
  1.7353E+00  8.0000E+02  1.1399E+01  1.0303E+02  1.6206E-01 -1.7947E+00 -1.4646E-01
  1.3632E+00  8.4000E+02  1.2814E+01  1.0357E+02  1.5802E-01 -2.3649E+00 -1.8566E-01
  1.0047E+00  8.8000E+02  1.4429E+01  1.0407E+02  1.5325E-01 -3.1027E+00 -2.3467E-01
  6.5882E-01  9.2000E+02  1.6360E+01  1.0453E+02  1.4729E-01 -4.2421E+00 -3.0959E-01
  3.2426E-01  9.6000E+02  1.8793E+01  1.0491E+02  1.3967E-01 -6.1305E+00 -4.3272E-01
  4.1680E-04  1.0000E+03  2.1759E+01  1.0502E+02  1.3078E-01 -8.8380E+00 -6.0386E-01
