  26  6.0000000E+00
  3.2078E+01  1.0000E-03  1.2781E+00  1.3648E+02  1.2781E+00  0.0000E+00  0.0000E+00
  2.2946E+01  4.0000E+01  1.3725E+00  1.3647E+02  1.2776E+00 -1.1256E-02 -2.1687E-02
  1.8131E+01  8.0000E+01  1.9367E+00  1.3665E+02  1.2721E+00 -7.9492E-02 -8.0756E-02
  1.5706E+01  1.2000E+02  2.1964E+00  1.3705E+02  1.2678E+00  5.3998E-02  2.7620E-02
  1.3947E+01  1.6000E+02  2.5548E+00  1.3763E+02  1.2634E+00  1.2615E-01  4.6823E-02
  1.2513E+01  2.0000E+02  3.1368E+00  1.3833E+02  1.2586E+00  8.5059E-02  2.5734E-02
  1.1282E+01  2.4000E+02  3.9708E+00  1.3911E+02  1.2532E+00 -4.3663E-02 -1.1335E-02
  1.0198E+01  2.8000E+02  5.0610E+00  1.3995E+02  1.2466E+00 -2.3398E-01 -5.3539E-02
  9.2271E+00  3.2000E+02  6.4527E+00  1.4087E+02  1.2382E+00 -4.7880E-01 -9.8059E-02
  8.3483E+00  3.6000E+02  8.2722E+00  1.4194E+02  1.2268E+00 -8.5373E-01 -1.5830E-01
  7.5452E+00  4.0000E+02  1.0695E+01  1.4319E+02  1.2114E+00 -1.4608E+00 -2.4752E-01
  6.8057E+00  4.4000E+02  1.3848E+01  1.4462E+02  1.1914E+00 -2.3384E+00 -3.6482E-01
  6.1204E+00  4.8000E+02  1.7848E+01  1.4621E+02  1.1665E+00 -3.5138E+00 -5.0803E-01
  5.4818E+00  5.2000E+02  2.2750E+01  1.4795E+02  1.1365E+00 -4.9480E+00 -6.6665E-01
  4.8839E+00  5.6000E+02  2.8535E+01  1.4981E+02  1.1017E+00 -6.5577E+00 -8.2732E-01
  4.3215E+00  6.0000E+02  3.5126E+01  1.5177E+02  1.0626E+00 -8.2470E+00 -9.7841E-01
  3.7907E+00  6.4000E+02  4.2409E+01  1.5378E+02  1.0195E+00 -9.9347E+00 -1.1126E+00
  3.2880E+00  6.8000E+02  5.0262E+01  1.5581E+02  9.7286E-01 -1.1570E+01 -1.2272E+00
  2.8105E+00  7.2000E+02  5.8572E+01  1.5786E+02  9.2305E-01 -1.3121E+01 -1.3220E+00
  2.3557E+00  7.6000E+02  6.7214E+01  1.5989E+02  8.7042E-01 -1.4526E+01 -1.3939E+00
  1.9215E+00  8.0000E+02  7.6041E+01  1.6190E+02  8.1560E-01 -1.5698E+01 -1.4380E+00
  1.5061E+00  8.4000E+02  8.4935E+01  1.6387E+02  7.5926E-01 -1.6679E+01 -1.4618E+00
  1.1077E+00  8.8000E+02  9.3929E+01  1.6577E+02  7.0134E-01 -1.7814E+01 -1.4970E+00
  7.2503E-01  9.2000E+02  1.0332E+02  1.6763E+02  6.3993E-01 -1.9676E+01 -1.5886E+00
  3.5631E-01  9.6000E+02  1.1396E+02  1.6944E+02  5.7005E-01 -2.3939E+01 -1.8623E+00
  7.0919E-04  1.0000E+03  1.2742E+02  1.7011E+02  4.8400E-01 -3.5953E+01 -2.6974E+00
