  26  6.0000000E+00
  3.1968E+01  1.0000E-03  8.7177E-01  1.0180E+02  8.7177E-01  0.0000E+00  0.0000E+00
  2.2623E+01  4.0000E+01  9.6185E-01  1.0182E+02  8.7131E-01 -8.0313E-03 -1.5836E-02
  1.7487E+01  8.0000E+01  1.8966E+00  1.0183E+02  8.6602E-01 -1.7904E-01 -1.9399E-01
  1.4798E+01  1.2000E+02  2.4178E+00  1.0186E+02  8.6214E-01 -1.8350E-01 -1.0413E-01
  1.2912E+01  1.6000E+02  2.8032E+00  1.0199E+02  8.5848E-01 -1.3364E-01 -5.3182E-02
  1.1455E+01  2.0000E+02  3.1609E+00  1.0220E+02  8.5487E-01 -1.0038E-01 -3.0839E-02
  1.0263E+01  2.4000E+02  3.5230E+00  1.0248E+02  8.5126E-01 -7.2385E-02 -1.8208E-02
  9.2489E+00  2.8000E+02  3.9070E+00  1.0282E+02  8.4763E-01 -4.6833E-02 -1.0022E-02
  8.3615E+00  3.2000E+02  4.3323E+00  1.0321E+02  8.4395E-01 -3.7102E-02 -6.9460E-03
  7.5685E+00  3.6000E+02  4.8152E+00  1.0365E+02  8.4019E-01 -5.6218E-02 -9.4053E-03
  6.8486E+00  4.0000E+02  5.3650E+00  1.0412E+02  8.3629E-01 -1.0502E-01 -1.5952E-02
  6.1872E+00  4.4000E+02  5.9861E+00  1.0462E+02  8.3220E-01 -1.7914E-01 -2.4998E-02
  5.5741E+00  4.8000E+02  6.6821E+00  1.0515E+02  8.2784E-01 -2.7628E-01 -3.5736E-02
  5.0017E+00  5.2000E+02  7.4584E+00  1.0570E+02  8.2312E-01 -3.9981E-01 -4.8279E-02
  4.4643E+00  5.6000E+02  8.3232E+00  1.0626E+02  8.1796E-01 -5.5823E-01 -6.3295E-02
  3.9573E+00  6.0000E+02  9.2866E+00  1.0684E+02  8.1229E-01 -7.6175E-01 -8.1490E-02
  3.4769E+00  6.4000E+02  1.0360E+01  1.0742E+02  8.0602E-01 -1.0207E+00 -1.0343E-01
  3.0204E+00  6.8000E+02  1.1556E+01  1.0800E+02  7.9909E-01 -1.3468E+00 -1.2972E-01
  2.5853E+00  7.2000E+02  1.2895E+01  1.0858E+02  7.9138E-01 -1.7597E+00 -1.6156E-01
  2.1695E+00  7.6000E+02  1.4398E+01  1.0913E+02  7.8277E-01 -2.2792E+00 -1.9994E-01
  1.7714E+00  8.0000E+02  1.6113E+01  1.0967E+02  7.7295E-01 -2.9680E+00 -2.4928E-01
  1.3896E+00  8.4000E+02  1.8117E+01  1.1018E+02  7.6145E-01 -3.9057E+00 -3.1459E-01
  1.0230E+00  8.8000E+02  2.0509E+01  1.1068E+02  7.4773E-01 -5.1675E+00 -3.9974E-01
  6.7012E-01  9.2000E+02  2.3397E+01  1.1114E+02  7.3139E-01 -6.8591E+00 -5.1062E-01
  3.2955E-01  9.6000E+02  2.6849E+01  1.1150E+02  7.1241E-01 -9.0994E+00 -6.5382E-01
  5.1399E-04  1.0000E+03  3.0833E+01  1.1150E+02  6.9140E-01 -1.2110E+01 -8.4067E-01
