  25  3.7500000E+00
  2.6616E+01  2.0000E+01  8.6768E+01  2.3235E+01  8.5527E+01  0.0000E+00  0.0000E+00
  1.8725E+01  6.0000E+01  8.4100E+01  2.0864E+01  8.0072E+01  3.7588E-02  6.2574E-02
  1.5416E+01  1.0000E+02  8.2127E+01  1.9144E+01  7.6196E+01  7.6542E-02  5.3439E-02
  1.3227E+01  1.4000E+02  8.0352E+01  1.7645E+01  7.2852E+01  1.2615E-01  5.8265E-02
  1.1629E+01  1.8000E+02  7.8694E+01  1.6332E+01  6.9892E+01  2.1564E-01  7.2683E-02
  1.0380E+01  2.2000E+02  7.7062E+01  1.5162E+01  6.7159E+01  3.6958E-01  9.7419E-02
  9.3466E+00  2.6000E+02  7.5418E+01  1.4104E+01  6.4571E+01  5.6683E-01  1.2359E-01
  8.4557E+00  3.0000E+02  7.3763E+01  1.3136E+01  6.2094E+01  7.7161E-01  1.4504E-01
  7.6650E+00  3.4000E+02  7.2091E+01  1.2242E+01  5.9702E+01  9.8538E-01  1.6438E-01
  6.9497E+00  3.8000E+02  7.0393E+01  1.1412E+01  5.7370E+01  1.2118E+00  1.8288E-01
  6.2941E+00  4.2000E+02  6.8674E+01  1.0636E+01  5.5088E+01  1.4386E+00  1.9898E-01
  5.6875E+00  4.6000E+02  6.6949E+01  9.9072E+00  5.2863E+01  1.6428E+00  2.1023E-01
  5.1219E+00  5.0000E+02  6.5241E+01  9.2201E+00  5.0709E+01  1.8054E+00  2.1545E-01
  4.5911E+00  5.4000E+02  6.3566E+01  8.5698E+00  4.8638E+01  1.9290E+00  2.1604E-01
  4.0901E+00  5.8000E+02  6.1931E+01  7.9525E+00  4.6649E+01  2.0321E+00  2.1477E-01
  3.6153E+00  6.2000E+02  6.0334E+01  7.3649E+00  4.4736E+01  2.1258E+00  2.1296E-01
  3.1636E+00  6.6000E+02  5.8770E+01  6.8043E+00  4.2892E+01  2.2219E+00  2.1176E-01
  2.7325E+00  7.0000E+02  5.7238E+01  6.2684E+00  4.1112E+01  2.3116E+00  2.1020E-01
  2.3202E+00  7.4000E+02  5.5739E+01  5.7552E+00  3.9394E+01  2.3901E+00  2.0791E-01
  1.9250E+00  7.8000E+02  5.4274E+01  5.2628E+00  3.7738E+01  2.4609E+00  2.0521E-01
  1.5454E+00  8.2000E+02  5.2839E+01  4.7896E+00  3.6136E+01  2.5334E+00  2.0289E-01
  1.1803E+00  8.6000E+02  5.1429E+01  4.3343E+00  3.4583E+01  2.6164E+00  2.0155E-01
  8.2850E-01  9.0000E+02  5.0041E+01  3.8956E+00  3.3075E+01  2.6966E+00  2.0013E-01
  4.8898E-01  9.4000E+02  4.8675E+01  3.4723E+00  3.1609E+01  2.7759E+00  1.9884E-01
  1.6043E-01  9.8000E+02  4.7331E+01  3.0626E+00  3.0183E+01  2.8452E+00  1.9722E-01
