  25  3.7500000E+00
  2.7226E+01  2.0000E+01  8.3230E+02  9.0380E+01  8.3065E+02  0.0000E+00  0.0000E+00
  1.9382E+01  6.0000E+01  8.2907E+02  8.8340E+01  8.2286E+02  1.5260E-01  2.5255E-01
  1.6238E+01  1.0000E+02  8.2593E+02  8.6472E+01  8.1596E+02  4.0426E-01  2.6817E-01
  1.4169E+01  1.4000E+02  8.2188E+02  8.4525E+01  8.0830E+02  1.0168E+00  4.4385E-01
  1.2587E+01  1.8000E+02  8.1664E+02  8.2524E+01  7.9965E+02  2.0492E+00  6.8374E-01
  1.1283E+01  2.2000E+02  8.1039E+02  8.0483E+01  7.9019E+02  3.2220E+00  8.8652E-01
  1.0166E+01  2.6000E+02  8.0346E+02  7.8412E+01  7.8024E+02  4.3526E+00  1.0254E+00
  9.1865E+00  3.0000E+02  7.9611E+02  7.6315E+01  7.7004E+02  5.3602E+00  1.1081E+00
  8.3117E+00  3.4000E+02  7.8851E+02  7.4196E+01  7.5977E+02  6.2663E+00  1.1566E+00
  7.5199E+00  3.8000E+02  7.8072E+02  7.2059E+01  7.4947E+02  7.1379E+00  1.1924E+00
  6.7952E+00  4.2000E+02  7.7277E+02  6.9905E+01  7.3915E+02  8.0018E+00  1.2235E+00
  6.1258E+00  4.6000E+02  7.6472E+02  6.7737E+01  7.2888E+02  8.7944E+00  1.2419E+00
  5.5032E+00  5.0000E+02  7.5669E+02  6.5556E+01  7.1877E+02  9.3859E+00  1.2331E+00
  4.9205E+00  5.4000E+02  7.4884E+02  6.3362E+01  7.0897E+02  9.7034E+00  1.1928E+00
  4.3728E+00  5.8000E+02  7.4124E+02  6.1156E+01  6.9954E+02  9.8460E+00  1.1378E+00
  3.8559E+00  6.2000E+02  7.3383E+02  5.8940E+01  6.9040E+02  1.0055E+01  1.0966E+00
  3.3664E+00  6.6000E+02  7.2641E+02  5.6715E+01  6.8138E+02  1.0611E+01  1.0957E+00
  2.9016E+00  7.0000E+02  7.1873E+02  5.4486E+01  6.7221E+02  1.1725E+01  1.1498E+00
  2.4591E+00  7.4000E+02  7.1055E+02  5.2258E+01  6.6263E+02  1.3459E+01  1.2568E+00
  2.0366E+00  7.8000E+02  7.0173E+02  5.0040E+01  6.5253E+02  1.5617E+01  1.3920E+00
  1.6323E+00  8.2000E+02  6.9235E+02  4.7839E+01  6.4197E+02  1.7767E+01  1.5154E+00
  1.2447E+00  8.6000E+02  6.8258E+02  4.5664E+01  6.3112E+02  1.9582E+01  1.6016E+00
  8.7234E-01  9.0000E+02  6.7252E+02  4.3529E+01  6.2007E+02  2.1294E+01  1.6726E+00
  5.1428E-01  9.4000E+02  6.6208E+02  4.1471E+01  6.0875E+02  2.3393E+01  1.7672E+00
  1.6863E-01  9.8000E+02  6.5152E+02  3.9545E+01  5.9739E+02  2.5003E+01  1.8234E+00
