  25  3.7500000E+00
  2.7327E+01  2.0000E+01  9.7430E+02  9.7619E+01  9.7264E+02  0.0000E+00  0.0000E+00
  1.9514E+01  6.0000E+01  9.7103E+02  9.5628E+01  9.6470E+02  1.6359E-01  2.6965E-01
  1.6456E+01  1.0000E+02  9.6788E+02  9.3808E+01  9.5770E+02  4.3500E-01  2.8067E-01
  1.4424E+01  1.4000E+02  9.6366E+02  9.1893E+01  9.4976E+02  1.1379E+00  4.8802E-01
  1.2854E+01  1.8000E+02  9.5776E+02  8.9914E+01  9.4034E+02  2.4927E+00  8.2556E-01
  1.1548E+01  2.2000E+02  9.5014E+02  8.7886E+01  9.2938E+02  4.2826E+00  1.1799E+00
  1.0419E+01  2.6000E+02  9.4105E+02  8.5818E+01  9.1714E+02  6.2201E+00  1.4812E+00
  9.4223E+00  3.0000E+02  9.3099E+02  8.3717E+01  9.0410E+02  7.9839E+00  1.6794E+00
  8.5282E+00  3.4000E+02  9.2042E+02  8.1588E+01  8.9073E+02  9.4385E+00  1.7804E+00
  7.7164E+00  3.8000E+02  9.0968E+02  7.9433E+01  8.7733E+02  1.0581E+01  1.8122E+00
  6.9716E+00  4.2000E+02  8.9901E+02  7.7254E+01  8.6417E+02  1.1401E+01  1.7917E+00
  6.2823E+00  4.6000E+02  8.8862E+02  7.5054E+01  8.5142E+02  1.1885E+01  1.7283E+00
  5.6404E+00  5.0000E+02  8.7867E+02  7.2833E+01  8.3925E+02  1.2038E+01  1.6305E+00
  5.0394E+00  5.4000E+02  8.6929E+02  7.0590E+01  8.2778E+02  1.1877E+01  1.5059E+00
  4.4746E+00  5.8000E+02  8.6053E+02  6.8327E+01  8.1706E+02  1.1498E+01  1.3700E+00
  3.9423E+00  6.2000E+02  8.5228E+02  6.6042E+01  8.0696E+02  1.1217E+01  1.2599E+00
  3.4391E+00  6.6000E+02  8.4412E+02  6.3741E+01  7.9707E+02  1.1640E+01  1.2357E+00
  2.9623E+00  7.0000E+02  8.3546E+02  6.1433E+01  7.8680E+02  1.3307E+01  1.3386E+00
  2.5091E+00  7.4000E+02  8.2589E+02  5.9131E+01  7.7572E+02  1.6051E+01  1.5345E+00
  2.0772E+00  7.8000E+02  8.1544E+02  5.6843E+01  7.6388E+02  1.8894E+01  1.7218E+00
  1.6642E+00  8.2000E+02  8.0452E+02  5.4575E+01  7.5167E+02  2.0959E+01  1.8260E+00
  1.2686E+00  8.6000E+02  7.9342E+02  5.2334E+01  7.3939E+02  2.2383E+01  1.8684E+00
  8.8891E-01  9.0000E+02  7.8210E+02  5.0144E+01  7.2699E+02  2.4055E+01  1.9269E+00
  5.2395E-01  9.4000E+02  7.7051E+02  4.8046E+01  7.1442E+02  2.5991E+01  2.0013E+00
  1.7176E-01  9.8000E+02  7.5883E+02  4.6116E+01  7.0186E+02  2.7686E+01  2.0572E+00
