  25  3.7500000E+00
  2.7104E+01  2.0000E+01  5.0273E+02  6.8869E+01  5.0117E+02  0.0000E+00  0.0000E+00
  1.9131E+01  6.0000E+01  4.9956E+02  6.6638E+01  4.9381E+02  1.1852E-01  1.9936E-01
  1.5834E+01  1.0000E+02  4.9663E+02  6.4640E+01  4.8746E+02  2.8137E-01  1.9576E-01
  1.3672E+01  1.4000E+02  4.9329E+02  6.2608E+01  4.8090E+02  6.0423E-01  2.7554E-01
  1.2069E+01  1.8000E+02  4.8946E+02  6.0577E+01  4.7409E+02  1.1236E+00  3.7995E-01
  1.0786E+01  2.2000E+02  4.8532E+02  5.8552E+01  4.6718E+02  1.6507E+00  4.4703E-01
  9.7084E+00  2.6000E+02  4.8102E+02  5.6538E+01  4.6032E+02  2.1163E+00  4.8105E-01
  8.7745E+00  3.0000E+02  4.7656E+02  5.4536E+01  4.5349E+02  2.6325E+00  5.1867E-01
  7.9452E+00  3.4000E+02  4.7180E+02  5.2549E+01  4.4652E+02  3.3465E+00  5.8554E-01
  7.1954E+00  3.8000E+02  4.6660E+02  5.0576E+01  4.3928E+02  4.2970E+00  6.7977E-01
  6.5087E+00  4.2000E+02  4.6096E+02  4.8619E+01  4.3174E+02  5.3666E+00  7.7752E-01
  5.8738E+00  4.6000E+02  4.5497E+02  4.6678E+01  4.2398E+02  6.3822E+00  8.5485E-01
  5.2825E+00  5.0000E+02  4.4877E+02  4.4753E+01  4.1614E+02  7.2234E+00  9.0109E-01
  4.7285E+00  5.4000E+02  4.4252E+02  4.2844E+01  4.0837E+02  7.8448E+00  9.1691E-01
  4.2069E+00  5.8000E+02  4.3631E+02  4.0950E+01  4.0075E+02  8.2679E+00  9.1002E-01
  3.7135E+00  6.2000E+02  4.3022E+02  3.9071E+01  3.9335E+02  8.5428E+00  8.8920E-01
  3.2453E+00  6.6000E+02  4.2426E+02  3.7206E+01  3.8618E+02  8.7335E+00  8.6277E-01
  2.7995E+00  7.0000E+02  4.1844E+02  3.5355E+01  3.7924E+02  8.9122E+00  8.3812E-01
  2.3741E+00  7.4000E+02  4.1271E+02  3.3518E+01  3.7248E+02  9.1532E+00  8.2153E-01
  1.9672E+00  7.8000E+02  4.0701E+02  3.1697E+01  3.6583E+02  9.5268E+00  8.1786E-01
  1.5773E+00  8.2000E+02  4.0127E+02  2.9892E+01  3.5922E+02  1.0097E+01  8.3060E-01
  1.2032E+00  8.6000E+02  3.9541E+02  2.8106E+01  3.5257E+02  1.0876E+01  8.5842E-01
  8.4377E-01  9.0000E+02  3.8943E+02  2.6346E+01  3.4588E+02  1.1747E+01  8.9085E-01
  4.9764E-01  9.4000E+02  3.8336E+02  2.4617E+01  3.3916E+02  1.2552E+01  9.1664E-01
  1.6318E-01  9.8000E+02  3.7731E+02  2.2924E+01  3.3254E+02  1.3033E+01  9.1964E-01
