  25  3.7500000E+00
  2.7138E+01  2.0000E+01  1.3230E+03  1.1908E+02  1.3213E+03  0.0000E+00  0.0000E+00
  1.9237E+01  6.0000E+01  1.3196E+03  1.1722E+02  1.3132E+03  1.9024E-01  3.1711E-01
  1.6017E+01  1.0000E+02  1.3163E+03  1.1547E+02  1.3058E+03  4.9701E-01  3.3760E-01
  1.3906E+01  1.4000E+02  1.3119E+03  1.1362E+02  1.2975E+03  1.1884E+00  5.2929E-01
  1.2316E+01  1.8000E+02  1.3063E+03  1.1169E+02  1.2882E+03  2.3175E+00  7.7777E-01
  1.1021E+01  2.2000E+02  1.2998E+03  1.0970E+02  1.2781E+03  3.5011E+00  9.5653E-01
  9.9223E+00  2.6000E+02  1.2928E+03  1.0765E+02  1.2676E+03  4.5556E+00  1.0557E+00
  8.9652E+00  3.0000E+02  1.2853E+03  1.0555E+02  1.2570E+03  5.5611E+00  1.1229E+00
  8.1143E+00  3.4000E+02  1.2775E+03  1.0341E+02  1.2460E+03  6.7256E+00  1.2075E+00
  7.3452E+00  3.8000E+02  1.2689E+03  1.0122E+02  1.2346E+03  8.2335E+00  1.3360E+00
  6.6412E+00  4.2000E+02  1.2596E+03  9.8994E+01  1.2225E+03  1.0051E+01  1.4930E+00
  5.9905E+00  4.6000E+02  1.2496E+03  9.6737E+01  1.2099E+03  1.1901E+01  1.6336E+00
  5.3849E+00  5.0000E+02  1.2392E+03  9.4449E+01  1.1970E+03  1.3475E+01  1.7218E+00
  4.8178E+00  5.4000E+02  1.2286E+03  9.2131E+01  1.1840E+03  1.4650E+01  1.7528E+00
  4.2842E+00  5.8000E+02  1.2179E+03  8.9786E+01  1.1711E+03  1.5521E+01  1.7474E+00
  3.7800E+00  6.2000E+02  1.2074E+03  8.7415E+01  1.1585E+03  1.6264E+01  1.7301E+00
  3.3019E+00  6.6000E+02  1.1968E+03  8.5022E+01  1.1459E+03  1.7008E+01  1.7154E+00
  2.8473E+00  7.0000E+02  1.1863E+03  8.2611E+01  1.1335E+03  1.7835E+01  1.7107E+00
  2.4138E+00  7.4000E+02  1.1757E+03  8.0187E+01  1.1212E+03  1.8826E+01  1.7218E+00
  1.9995E+00  7.8000E+02  1.1650E+03  7.7757E+01  1.1088E+03  2.0082E+01  1.7553E+00
  1.6028E+00  8.2000E+02  1.1539E+03  7.5335E+01  1.0962E+03  2.1731E+01  1.8189E+00
  1.2222E+00  8.6000E+02  1.1424E+03  7.2942E+01  1.0833E+03  2.3937E+01  1.9219E+00
  8.5669E-01  9.0000E+02  1.1303E+03  7.0616E+01  1.0698E+03  2.6919E+01  2.0760E+00
  5.0505E-01  9.4000E+02  1.1172E+03  6.8440E+01  1.0556E+03  3.0875E+01  2.2906E+00
  1.6558E-01  9.8000E+02  1.1037E+03  6.6572E+01  1.0409E+03  3.4511E+01  2.4718E+00
