  25  3.7500000E+00
  2.5896E+01  2.0000E+01  1.4357E-05  1.8124E-01  0.0000E+00  0.0000E+00  0.0000E+00
  1.8310E+01  6.0000E+01  4.9078E-05  1.8158E-01  0.0000E+00  4.0220E-05  6.4368E-05
  1.5146E+01  1.0000E+02  8.8867E-05  1.8197E-01  0.0000E+00  1.0949E-04  7.3090E-05
  1.3032E+01  1.4000E+02  1.2206E-04  1.8243E-01  0.0000E+00  2.0172E-04  8.9981E-05
  1.1485E+01  1.8000E+02  1.4137E-04  1.8297E-01  0.0000E+00  3.3712E-04  1.1000E-04
  1.0271E+01  2.2000E+02  1.5365E-04  1.8360E-01  0.0000E+00  5.0871E-04  1.3029E-04
  9.2601E+00  2.6000E+02  1.6746E-04  1.8431E-01  0.0000E+00  6.9194E-04  1.4757E-04
  8.3835E+00  3.0000E+02  1.8923E-04  1.8510E-01  0.0000E+00  8.8102E-04  1.6294E-04
  7.6029E+00  3.4000E+02  2.2617E-04  1.8599E-01  0.0000E+00  1.0861E-03  1.7886E-04
  6.8960E+00  3.8000E+02  2.8720E-04  1.8698E-01  0.0000E+00  1.3155E-03  1.9622E-04
  6.2481E+00  4.2000E+02  3.8339E-04  1.8809E-01  0.0000E+00  1.5699E-03  2.1457E-04
  5.6489E+00  4.6000E+02  5.3009E-04  1.8934E-01  0.0000E+00  1.8424E-03  2.3291E-04
  5.0901E+00  5.0000E+02  7.5164E-04  1.9075E-01  0.0000E+00  2.1147E-03  2.4931E-04
  4.5652E+00  5.4000E+02  1.0860E-03  1.9232E-01  0.0000E+00  2.3614E-03  2.6151E-04
  4.0693E+00  5.8000E+02  1.5876E-03  1.9409E-01  0.0000E+00  2.5520E-03  2.6702E-04
  3.5986E+00  6.2000E+02  2.3281E-03  1.9607E-01  0.0000E+00  2.6422E-03  2.6238E-04
  3.1504E+00  6.6000E+02  3.3933E-03  1.9829E-01  0.0000E+00  2.5702E-03  2.4307E-04
  2.7222E+00  7.0000E+02  4.8788E-03  2.0074E-01  0.0000E+00  2.2598E-03  2.0412E-04
  2.3123E+00  7.4000E+02  6.8862E-03  2.0342E-01  0.0000E+00  1.6255E-03  1.4057E-04
  1.9191E+00  7.8000E+02  9.5206E-03  2.0628E-01  0.0000E+00  5.7774E-04  4.7931E-05
  1.5412E+00  8.2000E+02  1.2885E-02  2.0927E-01  0.0000E+00 -9.8808E-04 -7.8784E-05
  1.1774E+00  8.6000E+02  1.7086E-02  2.1230E-01  0.0000E+00 -3.2243E-03 -2.4748E-04
  8.2667E-01  9.0000E+02  2.2259E-02  2.1524E-01  0.0000E+00 -6.3515E-03 -4.6998E-04
  4.8804E-01  9.4000E+02  2.8759E-02  2.1798E-01  0.0000E+00 -1.1107E-02 -7.9354E-04
  1.6019E-01  9.8000E+02  3.7179E-02  2.1959E-01  0.0000E+00 -2.0768E-02 -1.4365E-03
