  25  3.7500000E+00
  2.5369E+01  2.0000E+01  8.7925E-06  1.7975E-01  0.0000E+00  0.0000E+00  0.0000E+00
  1.8029E+01  6.0000E+01  2.6970E-05  1.8010E-01  0.0000E+00  4.5192E-05  6.9986E-05
  1.4981E+01  1.0000E+02  4.7476E-05  1.8050E-01  0.0000E+00  1.2395E-04  7.9705E-05
  1.2923E+01  1.4000E+02  6.8000E-05  1.8097E-01  0.0000E+00  2.1879E-04  9.4987E-05
  1.1412E+01  1.8000E+02  8.1656E-05  1.8152E-01  0.0000E+00  3.5471E-04  1.1310E-04
  1.0218E+01  2.2000E+02  9.2285E-05  1.8215E-01  0.0000E+00  5.2140E-04  1.3129E-04
  9.2182E+00  2.6000E+02  1.0585E-04  1.8286E-01  0.0000E+00  6.9407E-04  1.4646E-04
  8.3478E+00  3.0000E+02  1.2721E-04  1.8364E-01  0.0000E+00  8.7436E-04  1.6057E-04
  7.5718E+00  3.4000E+02  1.6218E-04  1.8451E-01  0.0000E+00  1.0748E-03  1.7595E-04
  6.8691E+00  3.8000E+02  2.1773E-04  1.8548E-01  0.0000E+00  1.3010E-03  1.9289E-04
  6.2256E+00  4.2000E+02  3.0246E-04  1.8656E-01  0.0000E+00  1.5528E-03  2.1084E-04
  5.6305E+00  4.6000E+02  4.2929E-04  1.8777E-01  0.0000E+00  1.8221E-03  2.2876E-04
  5.0754E+00  5.0000E+02  6.2067E-04  1.8912E-01  0.0000E+00  2.0892E-03  2.4468E-04
  4.5535E+00  5.4000E+02  9.1317E-04  1.9063E-01  0.0000E+00  2.3319E-03  2.5675E-04
  4.0600E+00  5.8000E+02  1.3607E-03  1.9233E-01  0.0000E+00  2.5267E-03  2.6309E-04
  3.5912E+00  6.2000E+02  2.0347E-03  1.9424E-01  0.0000E+00  2.6332E-03  2.6043E-04
  3.1445E+00  6.6000E+02  3.0201E-03  1.9638E-01  0.0000E+00  2.5874E-03  2.4387E-04
  2.7176E+00  7.0000E+02  4.4109E-03  1.9876E-01  0.0000E+00  2.3127E-03  2.0830E-04
  2.3087E+00  7.4000E+02  6.3077E-03  2.0136E-01  0.0000E+00  1.7242E-03  1.4873E-04
  1.9163E+00  7.8000E+02  8.8152E-03  2.0415E-01  0.0000E+00  7.3022E-04  6.0447E-05
  1.5392E+00  8.2000E+02  1.2034E-02  2.0708E-01  0.0000E+00 -7.7340E-04 -6.1546E-05
  1.1760E+00  8.6000E+02  1.6060E-02  2.1004E-01  0.0000E+00 -2.9339E-03 -2.2481E-04
  8.2581E-01  9.0000E+02  2.1032E-02  2.1293E-01  0.0000E+00 -5.9328E-03 -4.3831E-04
  4.8765E-01  9.4000E+02  2.7406E-02  2.1570E-01  0.0000E+00 -1.0676E-02 -7.6165E-04
  1.6010E-01  9.8000E+02  3.5739E-02  2.1734E-01  0.0000E+00 -2.0438E-02 -1.4123E-03
