  25  3.7500000E+00
  2.6061E+01  2.0000E+01  9.1612E+02  9.7389E+01  9.1438E+02  0.0000E+00  0.0000E+00
  1.8403E+01  6.0000E+01  9.1292E+02  9.5400E+01  9.0662E+02  1.5696E-01  2.5361E-01
  1.5206E+01  1.0000E+02  9.1000E+02  9.3558E+01  8.9987E+02  3.3749E-01  2.2762E-01
  1.3074E+01  1.4000E+02  9.0688E+02  9.1615E+01  8.9305E+02  5.5154E-01  2.4816E-01
  1.1514E+01  1.8000E+02  9.0340E+02  8.9618E+01  8.8608E+02  9.5383E-01  3.1375E-01
  1.0292E+01  2.2000E+02  8.9941E+02  8.7580E+01  8.7881E+02  1.5938E+00  4.1094E-01
  9.2767E+00  2.6000E+02  8.9502E+02  8.5505E+01  8.7131E+02  2.2810E+00  4.8878E-01
  8.3973E+00  3.0000E+02  8.9032E+02  8.3395E+01  8.6368E+02  2.9531E+00  5.4792E-01
  7.6148E+00  3.4000E+02  8.8524E+02  8.1255E+01  8.5584E+02  3.7565E+00  6.2017E-01
  6.9062E+00  3.8000E+02  8.7969E+02  7.9088E+01  8.4769E+02  4.7666E+00  7.1262E-01
  6.2568E+00  4.2000E+02  8.7365E+02  7.6899E+01  8.3920E+02  5.9249E+00  8.1175E-01
  5.6561E+00  4.6000E+02  8.6715E+02  7.4690E+01  8.3039E+02  7.1476E+00  9.0582E-01
  5.0960E+00  5.0000E+02  8.6023E+02  7.2463E+01  8.2130E+02  8.3832E+00  9.9071E-01
  4.5699E+00  5.4000E+02  8.5291E+02  7.0220E+01  8.1193E+02  9.6487E+00  1.0709E+00
  4.0730E+00  5.8000E+02  8.4519E+02  6.7964E+01  8.0229E+02  1.0995E+01  1.1526E+00
  3.6016E+00  6.2000E+02  8.3708E+02  6.5696E+01  7.9238E+02  1.2403E+01  1.2336E+00
  3.1527E+00  6.6000E+02  8.2862E+02  6.3421E+01  7.8224E+02  1.3773E+01  1.3044E+00
  2.7241E+00  7.0000E+02  8.1990E+02  6.1140E+01  7.7195E+02  1.5014E+01  1.3578E+00
  2.3137E+00  7.4000E+02  8.1102E+02  5.8856E+01  7.6161E+02  1.6076E+01  1.3917E+00
  1.9202E+00  7.8000E+02  8.0206E+02  5.6574E+01  7.5128E+02  1.6977E+01  1.4097E+00
  1.5420E+00  8.2000E+02  7.9305E+02  5.4298E+01  7.4102E+02  1.7793E+01  1.4198E+00
  1.1779E+00  8.6000E+02  7.8401E+02  5.2035E+01  7.3082E+02  1.8611E+01  1.4294E+00
  8.2699E-01  9.0000E+02  7.7491E+02  4.9800E+01  7.2066E+02  1.9568E+01  1.4487E+00
  4.8820E-01  9.4000E+02  7.6553E+02  4.7626E+01  7.1031E+02  2.1266E+01  1.5200E+00
  1.6023E-01  9.8000E+02  7.5591E+02  4.5573E+01  6.9983E+02  2.3075E+01  1.5967E+00
