  25  3.7500000E+00
  2.6836E+01  2.0000E+01  1.1057E+03  1.0816E+02  1.1040E+03  0.0000E+00  0.0000E+00
  1.8871E+01  6.0000E+01  1.1024E+03  1.0625E+02  1.0960E+03  1.7449E-01  2.9319E-01
  1.5531E+01  1.0000E+02  1.0993E+03  1.0446E+02  1.0889E+03  3.9067E-01  2.7532E-01
  1.3325E+01  1.4000E+02  1.0959E+03  1.0256E+02  1.0818E+03  6.5821E-01  3.0633E-01
  1.1713E+01  1.8000E+02  1.0922E+03  1.0059E+02  1.0745E+03  1.0609E+00  3.6094E-01
  1.0449E+01  2.2000E+02  1.0881E+03  9.8567E+01  1.0669E+03  1.6468E+00  4.3906E-01
  9.4037E+00  2.6000E+02  1.0835E+03  9.6497E+01  1.0591E+03  2.4165E+00  5.3292E-01
  8.5037E+00  3.0000E+02  1.0784E+03  9.4384E+01  1.0508E+03  3.3758E+00  6.4101E-01
  7.7061E+00  3.4000E+02  1.0726E+03  9.2230E+01  1.0421E+03  4.5631E+00  7.6788E-01
  6.9852E+00  3.8000E+02  1.0661E+03  9.0042E+01  1.0328E+03  5.9926E+00  9.1149E-01
  6.3247E+00  4.2000E+02  1.0588E+03  8.7822E+01  1.0230E+03  7.6061E+00  1.0599E+00
  5.7136E+00  4.6000E+02  1.0509E+03  8.5574E+01  1.0126E+03  9.3018E+00  1.1992E+00
  5.1439E+00  5.0000E+02  1.0424E+03  8.3301E+01  1.0017E+03  1.0979E+01  1.3197E+00
  4.6093E+00  5.4000E+02  1.0334E+03  8.1005E+01  9.9049E+02  1.2575E+01  1.4182E+00
  4.1052E+00  5.8000E+02  1.0240E+03  7.8689E+01  9.7900E+02  1.4059E+01  1.4955E+00
  3.6275E+00  6.2000E+02  1.0143E+03  7.6357E+01  9.6736E+02  1.5407E+01  1.5525E+00
  3.1734E+00  6.6000E+02  1.0044E+03  7.4010E+01  9.5563E+02  1.6602E+01  1.5907E+00
  2.7403E+00  7.0000E+02  9.9437E+02  7.1652E+01  9.4391E+02  1.7642E+01  1.6120E+00
  2.3262E+00  7.4000E+02  9.8432E+02  6.9287E+01  9.3225E+02  1.8558E+01  1.6213E+00
  1.9294E+00  7.8000E+02  9.7425E+02  6.6921E+01  9.2067E+02  1.9434E+01  1.6269E+00
  1.5486E+00  8.2000E+02  9.6412E+02  6.4561E+01  9.0914E+02  2.0408E+01  1.6398E+00
  1.1824E+00  8.6000E+02  9.5388E+02  6.2222E+01  8.9761E+02  2.1576E+01  1.6667E+00
  8.2988E-01  9.0000E+02  9.4354E+02  5.9922E+01  8.8609E+02  2.2791E+01  1.6952E+00
  4.8973E-01  9.4000E+02  9.3319E+02  5.7692E+01  8.7466E+02  2.3873E+01  1.7133E+00
  1.6065E-01  9.8000E+02  9.2288E+02  5.5600E+01  8.6336E+02  2.4965E+01  1.7333E+00
