  25  3.7500000E+00
  2.7348E+01  2.0000E+01  1.0069E+03  9.9177E+01  1.0053E+03  0.0000E+00  0.0000E+00
  1.9542E+01  6.0000E+01  1.0037E+03  9.7194E+01  9.9730E+02  1.6589E-01  2.7323E-01
  1.6505E+01  1.0000E+02  1.0005E+03  9.5384E+01  9.9030E+02  4.3722E-01  2.8006E-01
  1.4482E+01  1.4000E+02  9.9629E+02  9.3477E+01  9.8234E+02  1.1477E+00  4.9006E-01
  1.2915E+01  1.8000E+02  9.9027E+02  9.1503E+01  9.7277E+02  2.5802E+00  8.5302E-01
  1.1608E+01  2.2000E+02  9.8234E+02  8.9478E+01  9.6147E+02  4.5211E+00  1.2461E+00
  1.0476E+01  2.6000E+02  9.7273E+02  8.7411E+01  9.4867E+02  6.6685E+00  1.5927E+00
  9.4748E+00  3.0000E+02  9.6194E+02  8.5311E+01  9.3489E+02  8.6698E+00  1.8316E+00
  8.5762E+00  3.4000E+02  9.5056E+02  8.3181E+01  9.2067E+02  1.0300E+01  1.9528E+00
  7.7599E+00  3.8000E+02  9.3902E+02  8.1024E+01  9.0645E+02  1.1495E+01  1.9796E+00
  7.0108E+00  4.2000E+02  9.2765E+02  7.8843E+01  8.9256E+02  1.2269E+01  1.9391E+00
  6.3176E+00  4.6000E+02  9.1665E+02  7.6639E+01  8.7918E+02  1.2684E+01  1.8552E+00
  5.6718E+00  5.0000E+02  9.0615E+02  7.4413E+01  8.6644E+02  1.2804E+01  1.7446E+00
  5.0671E+00  5.4000E+02  8.9626E+02  7.2165E+01  8.5443E+02  1.2638E+01  1.6123E+00
  4.4987E+00  5.8000E+02  8.8703E+02  6.9895E+01  8.4321E+02  1.2244E+01  1.4683E+00
  3.9628E+00  6.2000E+02  8.7837E+02  6.7602E+01  8.3267E+02  1.1898E+01  1.3451E+00
  3.4564E+00  6.6000E+02  8.6986E+02  6.5291E+01  8.2241E+02  1.2229E+01  1.3065E+00
  2.9768E+00  7.0000E+02  8.6089E+02  6.2973E+01  8.1180E+02  1.3871E+01  1.4038E+00
  2.5211E+00  7.4000E+02  8.5102E+02  6.0660E+01  8.0039E+02  1.6592E+01  1.5951E+00
  2.0868E+00  7.8000E+02  8.4037E+02  5.8362E+01  7.8832E+02  1.9237E+01  1.7626E+00
  1.6718E+00  8.2000E+02  8.2936E+02  5.6081E+01  7.7601E+02  2.1017E+01  1.8404E+00
  1.2742E+00  8.6000E+02  8.1822E+02  5.3826E+01  7.6367E+02  2.2343E+01  1.8740E+00
  8.9282E-01  9.0000E+02  8.0675E+02  5.1625E+01  7.5109E+02  2.4302E+01  1.9556E+00
  5.2622E-01  9.4000E+02  7.9494E+02  4.9524E+01  7.3828E+02  2.6497E+01  2.0494E+00
  1.7249E-01  9.8000E+02  7.8300E+02  4.7601E+01  7.2543E+02  2.8315E+01  2.1132E+00
