  25  3.7500000E+00
  2.7023E+01  2.0000E+01  1.1827E+03  1.1221E+02  1.1810E+03  0.0000E+00  0.0000E+00
  1.9016E+01  6.0000E+01  1.1794E+03  1.1032E+02  1.1730E+03  1.8122E-01  3.0612E-01
  1.5669E+01  1.0000E+02  1.1762E+03  1.0854E+02  1.1658E+03  4.2308E-01  2.9881E-01
  1.3466E+01  1.4000E+02  1.1726E+03  1.0666E+02  1.1583E+03  7.8106E-01  3.6291E-01
  1.1850E+01  1.8000E+02  1.1685E+03  1.0471E+02  1.1506E+03  1.3177E+00  4.4936E-01
  1.0574E+01  2.2000E+02  1.1640E+03  1.0269E+02  1.1426E+03  1.9528E+00  5.2561E-01
  9.5141E+00  2.6000E+02  1.1591E+03  1.0063E+02  1.1344E+03  2.6678E+00  5.9668E-01
  8.5999E+00  3.0000E+02  1.1537E+03  9.8517E+01  1.1259E+03  3.6033E+00  6.9500E-01
  7.7898E+00  3.4000E+02  1.1476E+03  9.6362E+01  1.1167E+03  4.9142E+00  8.3999E-01
  7.0579E+00  3.8000E+02  1.1406E+03  9.4170E+01  1.1069E+03  6.5956E+00  1.0185E+00
  6.3877E+00  4.2000E+02  1.1326E+03  9.1944E+01  1.0963E+03  8.4993E+00  1.2017E+00
  5.7681E+00  4.6000E+02  1.1239E+03  8.9689E+01  1.0850E+03  1.0458E+01  1.3673E+00
  5.1906E+00  5.0000E+02  1.1145E+03  8.7407E+01  1.0732E+03  1.2337E+01  1.5030E+00
  4.6491E+00  5.4000E+02  1.1046E+03  8.5101E+01  1.0611E+03  1.4039E+01  1.6038E+00
  4.1387E+00  5.8000E+02  1.0943E+03  8.2774E+01  1.0487E+03  1.5507E+01  1.6698E+00
  3.6556E+00  6.2000E+02  1.0839E+03  8.0428E+01  1.0362E+03  1.6731E+01  1.7054E+00
  3.1966E+00  6.6000E+02  1.0734E+03  7.8066E+01  1.0239E+03  1.7732E+01  1.7172E+00
  2.7592E+00  7.0000E+02  1.0629E+03  7.5691E+01  1.0116E+03  1.8574E+01  1.7141E+00
  2.3413E+00  7.4000E+02  1.0524E+03  7.3308E+01  9.9943E+02  1.9365E+01  1.7074E+00
  1.9411E+00  7.8000E+02  1.0419E+03  7.0924E+01  9.8739E+02  2.0248E+01  1.7094E+00
  1.5574E+00  8.2000E+02  1.0314E+03  6.8548E+01  9.7538E+02  2.1341E+01  1.7279E+00
  1.1888E+00  8.6000E+02  1.0207E+03  6.6195E+01  9.6335E+02  2.2611E+01  1.7584E+00
  8.3413E-01  9.0000E+02  1.0099E+03  6.3887E+01  9.5137E+02  2.3801E+01  1.7808E+00
  4.9214E-01  9.4000E+02  9.9925E+02  6.1654E+01  9.3954E+02  2.4746E+01  1.7855E+00
  1.6141E-01  9.8000E+02  9.8869E+02  5.9565E+01  9.2795E+02  2.5605E+01  1.7866E+00
