  25  3.7500000E+00
  2.7155E+01  2.0000E+01  1.3335E+03  1.1947E+02  1.3317E+03  0.0000E+00  0.0000E+00
  1.9270E+01  6.0000E+01  1.3301E+03  1.1760E+02  1.3236E+03  1.9088E-01  3.1756E-01
  1.6070E+01  1.0000E+02  1.3267E+03  1.1585E+02  1.3162E+03  5.0384E-01  3.4017E-01
  1.3970E+01  1.4000E+02  1.3223E+03  1.1401E+02  1.3079E+03  1.2237E+00  5.4200E-01
  1.2382E+01  1.8000E+02  1.3166E+03  1.1208E+02  1.2984E+03  2.4049E+00  8.0601E-01
  1.1084E+01  2.2000E+02  1.3098E+03  1.1009E+02  1.2881E+03  3.6675E+00  1.0043E+00
  9.9803E+00  2.6000E+02  1.3025E+03  1.0805E+02  1.2773E+03  4.8126E+00  1.1206E+00
  9.0170E+00  3.0000E+02  1.2947E+03  1.0595E+02  1.2663E+03  5.8745E+00  1.1939E+00
  8.1600E+00  3.4000E+02  1.2866E+03  1.0380E+02  1.2551E+03  7.0211E+00  1.2695E+00
  7.3855E+00  3.8000E+02  1.2778E+03  1.0162E+02  1.2435E+03  8.4363E+00  1.3785E+00
  6.6767E+00  4.2000E+02  1.2684E+03  9.9392E+01  1.2313E+03  1.0131E+01  1.5150E+00
  6.0218E+00  4.6000E+02  1.2584E+03  9.7134E+01  1.2186E+03  1.1872E+01  1.6403E+00
  5.4123E+00  5.0000E+02  1.2480E+03  9.4844E+01  1.2057E+03  1.3350E+01  1.7169E+00
  4.8416E+00  5.4000E+02  1.2374E+03  9.2524E+01  1.1928E+03  1.4429E+01  1.7373E+00
  4.3048E+00  5.8000E+02  1.2269E+03  9.0175E+01  1.1800E+03  1.5219E+01  1.7238E+00
  3.7977E+00  6.2000E+02  1.2164E+03  8.7799E+01  1.1674E+03  1.5935E+01  1.7048E+00
  3.3170E+00  6.6000E+02  1.2060E+03  8.5400E+01  1.1550E+03  1.6739E+01  1.6975E+00
  2.8600E+00  7.0000E+02  1.1955E+03  8.2983E+01  1.1426E+03  1.7726E+01  1.7090E+00
  2.4244E+00  7.4000E+02  1.1848E+03  8.0554E+01  1.1301E+03  1.8969E+01  1.7434E+00
  2.0082E+00  7.8000E+02  1.1738E+03  7.8121E+01  1.1175E+03  2.0536E+01  1.8033E+00
  1.6097E+00  8.2000E+02  1.1624E+03  7.5699E+01  1.1046E+03  2.2485E+01  1.8904E+00
  1.2275E+00  8.6000E+02  1.1505E+03  7.3309E+01  1.0912E+03  2.4881E+01  2.0063E+00
  8.6038E-01  9.0000E+02  1.1380E+03  7.0991E+01  1.0773E+03  2.7947E+01  2.1646E+00
  5.0722E-01  9.4000E+02  1.1245E+03  6.8830E+01  1.0627E+03  3.2050E+01  2.3880E+00
  1.6629E-01  9.8000E+02  1.1104E+03  6.6999E+01  1.0475E+03  3.5854E+01  2.5789E+00
