  25  3.7500000E+00
  2.7402E+01  2.0000E+01  1.1248E+03  1.0439E+02  1.1231E+03  0.0000E+00  0.0000E+00
  1.9615E+01  6.0000E+01  1.1215E+03  1.0244E+02  1.1151E+03  1.7400E-01  2.8586E-01
  1.6638E+01  1.0000E+02  1.1184E+03  1.0066E+02  1.1080E+03  4.4874E-01  2.8181E-01
  1.4642E+01  1.4000E+02  1.1141E+03  9.8777E+01  1.1000E+03  1.1802E+00  4.9716E-01
  1.3079E+01  1.8000E+02  1.1078E+03  9.6819E+01  1.0900E+03  2.8213E+00  9.3023E-01
  1.1769E+01  2.2000E+02  1.0991E+03  9.4804E+01  1.0778E+03  5.1025E+00  1.4107E+00
  1.0627E+01  2.6000E+02  1.0882E+03  9.2741E+01  1.0637E+03  7.6743E+00  1.8486E+00
  9.6130E+00  3.0000E+02  1.0758E+03  9.0640E+01  1.0482E+03  1.0222E+01  2.1863E+00
  8.7006E+00  3.4000E+02  1.0624E+03  8.8505E+01  1.0318E+03  1.2367E+01  2.3806E+00
  7.8706E+00  3.8000E+02  1.0486E+03  8.6340E+01  1.0153E+03  1.3975E+01  2.4474E+00
  7.1087E+00  4.2000E+02  1.0350E+03  8.4146E+01  9.9907E+02  1.5004E+01  2.4116E+00
  6.4042E+00  4.6000E+02  1.0217E+03  8.1927E+01  9.8336E+02  1.5642E+01  2.3249E+00
  5.7489E+00  5.0000E+02  1.0088E+03  7.9685E+01  9.6811E+02  1.6281E+01  2.2512E+00
  5.1362E+00  5.4000E+02  9.9614E+02  7.7424E+01  9.5323E+02  1.7004E+01  2.1980E+00
  4.5609E+00  5.8000E+02  9.8369E+02  7.5147E+01  9.3869E+02  1.7694E+01  2.1475E+00
  4.0188E+00  6.2000E+02  9.7147E+02  7.2857E+01  9.2452E+02  1.8322E+01  2.0955E+00
  3.5063E+00  6.6000E+02  9.5944E+02  7.0557E+01  9.1066E+02  1.8970E+01  2.0514E+00
  3.0202E+00  7.0000E+02  9.4757E+02  6.8252E+01  8.9706E+02  1.9687E+01  2.0188E+00
  2.5579E+00  7.4000E+02  9.3584E+02  6.5947E+01  8.8373E+02  2.0379E+01  1.9876E+00
  2.1171E+00  7.8000E+02  9.2432E+02  6.3645E+01  8.7071E+02  2.0913E+01  1.9449E+00
  1.6958E+00  8.2000E+02  9.1308E+02  6.1350E+01  8.5807E+02  2.1235E+01  1.8875E+00
  1.2924E+00  8.6000E+02  9.0207E+02  5.9071E+01  8.4578E+02  2.1635E+01  1.8417E+00
  9.0539E-01  9.0000E+02  8.9088E+02  5.6841E+01  8.3340E+02  2.3166E+01  1.8914E+00
  5.3349E-01  9.4000E+02  8.7932E+02  5.4709E+01  8.2076E+02  2.5349E+01  1.9890E+00
  1.7478E-01  9.8000E+02  8.6728E+02  5.2782E+01  8.0773E+02  2.8199E+01  2.1341E+00
