  25  3.7500000E+00
  2.6977E+01  2.0000E+01  1.1584E+03  1.1096E+02  1.1567E+03  0.0000E+00  0.0000E+00
  1.8976E+01  6.0000E+01  1.1551E+03  1.0906E+02  1.1487E+03  1.7926E-01  3.0258E-01
  1.5626E+01  1.0000E+02  1.1519E+03  1.0728E+02  1.1416E+03  4.1223E-01  2.9141E-01
  1.3418E+01  1.4000E+02  1.1484E+03  1.0539E+02  1.1342E+03  7.3357E-01  3.4159E-01
  1.1801E+01  1.8000E+02  1.1445E+03  1.0343E+02  1.1267E+03  1.2105E+00  4.1300E-01
  1.0529E+01  2.2000E+02  1.1402E+03  1.0142E+02  1.1189E+03  1.8141E+00  4.8711E-01
  9.4732E+00  2.6000E+02  1.1355E+03  9.9350E+01  1.1108E+03  2.5423E+00  5.6610E-01
  8.5638E+00  3.0000E+02  1.1302E+03  9.7237E+01  1.1024E+03  3.4972E+00  6.7097E-01
  7.7581E+00  3.4000E+02  1.1241E+03  9.5082E+01  1.0934E+03  4.7858E+00  8.1351E-01
  7.0302E+00  3.8000E+02  1.1173E+03  9.2891E+01  1.0838E+03  6.3953E+00  9.8209E-01
  6.3637E+00  4.2000E+02  1.1096E+03  9.0666E+01  1.0734E+03  8.2097E+00  1.1545E+00
  5.7472E+00  4.6000E+02  1.1011E+03  8.8413E+01  1.0624E+03  1.0090E+01  1.3123E+00
  5.1726E+00  5.0000E+02  1.0920E+03  8.6133E+01  1.0509E+03  1.1912E+01  1.4441E+00
  4.6337E+00  5.4000E+02  1.0824E+03  8.3830E+01  1.0391E+03  1.3590E+01  1.5452E+00
  4.1257E+00  5.8000E+02  1.0724E+03  8.1506E+01  1.0270E+03  1.5074E+01  1.6158E+00
  3.6446E+00  6.2000E+02  1.0622E+03  7.9164E+01  1.0148E+03  1.6349E+01  1.6593E+00
  3.1874E+00  6.6000E+02  1.0519E+03  7.6806E+01  1.0026E+03  1.7420E+01  1.6802E+00
  2.7517E+00  7.0000E+02  1.0415E+03  7.4436E+01  9.9044E+02  1.8331E+01  1.6853E+00
  2.3352E+00  7.4000E+02  1.0312E+03  7.2058E+01  9.7843E+02  1.9162E+01  1.6836E+00
  1.9364E+00  7.8000E+02  1.0208E+03  6.9679E+01  9.6652E+02  2.0036E+01  1.6859E+00
  1.5538E+00  8.2000E+02  1.0103E+03  6.7307E+01  9.5466E+02  2.1083E+01  1.7019E+00
  1.1862E+00  8.6000E+02  9.9979E+02  6.4959E+01  9.4278E+02  2.2316E+01  1.7308E+00
  8.3238E-01  9.0000E+02  9.8917E+02  6.2653E+01  9.3094E+02  2.3502E+01  1.7543E+00
  4.9113E-01  9.4000E+02  9.7860E+02  6.0419E+01  9.1925E+02  2.4441E+01  1.7596E+00
  1.6109E-01  9.8000E+02  9.6815E+02  5.8326E+01  9.0779E+02  2.5304E+01  1.7620E+00
