  25  3.7500000E+00
  2.7060E+01  2.0000E+01  3.6759E+02  5.7838E+01  3.6609E+02  0.0000E+00  0.0000E+00
  1.9051E+01  6.0000E+01  3.6445E+02  5.5498E+01  3.5900E+02  1.0014E-01  1.6922E-01
  1.5709E+01  1.0000E+02  3.6165E+02  5.3450E+01  3.5303E+02  2.2317E-01  1.5735E-01
  1.3514E+01  1.4000E+02  3.5868E+02  5.1409E+01  3.4711E+02  4.2364E-01  1.9618E-01
  1.1900E+01  1.8000E+02  3.5549E+02  4.9407E+01  3.4123E+02  7.3891E-01  2.5157E-01
  1.0623E+01  2.2000E+02  3.5213E+02  4.7447E+01  3.3541E+02  1.0953E+00  2.9522E-01
  9.5588E+00  2.6000E+02  3.4865E+02  4.5527E+01  3.2967E+02  1.4667E+00  3.2921E-01
  8.6401E+00  3.0000E+02  3.4499E+02  4.3646E+01  3.2395E+02  1.9331E+00  3.7468E-01
  7.8255E+00  3.4000E+02  3.4104E+02  4.1801E+01  3.1810E+02  2.5813E+00  4.4366E-01
  7.0893E+00  3.8000E+02  3.3674E+02  3.9991E+01  3.1204E+02  3.3918E+00  5.2677E-01
  6.4153E+00  4.2000E+02  3.3209E+02  3.8215E+01  3.0578E+02  4.2583E+00  6.0557E-01
  5.7920E+00  4.6000E+02  3.2718E+02  3.6471E+01  2.9939E+02  5.0763E+00  6.6753E-01
  5.2113E+00  5.0000E+02  3.2212E+02  3.4758E+01  2.9295E+02  5.7713E+00  7.0710E-01
  4.6669E+00  5.4000E+02  3.1699E+02  3.3072E+01  2.8656E+02  6.3133E+00  7.2516E-01
  4.1538E+00  5.8000E+02  3.1190E+02  3.1414E+01  2.8030E+02  6.6954E+00  7.2470E-01
  3.6683E+00  6.2000E+02  3.0689E+02  2.9781E+01  2.7422E+02  6.9553E+00  7.1245E-01
  3.2072E+00  6.6000E+02  3.0199E+02  2.8173E+01  2.6833E+02  7.1424E+00  6.9488E-01
  2.7679E+00  7.0000E+02  2.9719E+02  2.6588E+01  2.6262E+02  7.3101E+00  6.7754E-01
  2.3483E+00  7.4000E+02  2.9248E+02  2.5025E+01  2.5707E+02  7.5133E+00  6.6512E-01
  1.9467E+00  7.8000E+02  2.8780E+02  2.3484E+01  2.5163E+02  7.8025E+00  6.6115E-01
  1.5616E+00  8.2000E+02  2.8313E+02  2.1964E+01  2.4626E+02  8.2019E+00  6.6637E-01
  1.1918E+00  8.6000E+02  2.7842E+02  2.0468E+01  2.4093E+02  8.6678E+00  6.7616E-01
  8.3620E-01  9.0000E+02  2.7373E+02  1.8995E+01  2.3566E+02  9.0716E+00  6.8064E-01
  4.9333E-01  9.4000E+02  2.6908E+02  1.7547E+01  2.3050E+02  9.3379E+00  6.7550E-01
  1.6179E-01  9.8000E+02  2.6452E+02  1.6123E+01  2.2549E+02  9.4537E+00  6.6127E-01
