  25  3.7500000E+00
  2.5919E+01  2.0000E+01  8.8037E+02  9.5239E+01  8.7864E+02  0.0000E+00  0.0000E+00
  1.8324E+01  6.0000E+01  8.7720E+02  9.3233E+01  8.7091E+02  1.5395E-01  2.4669E-01
  1.5158E+01  1.0000E+02  8.7430E+02  9.1381E+01  8.6421E+02  3.3026E-01  2.2064E-01
  1.3040E+01  1.4000E+02  8.7120E+02  8.9428E+01  8.5744E+02  5.4264E-01  2.4241E-01
  1.1491E+01  1.8000E+02  8.6772E+02  8.7426E+01  8.5050E+02  9.5224E-01  3.1124E-01
  1.0275E+01  2.2000E+02  8.6376E+02  8.5386E+01  8.4328E+02  1.5838E+00  4.0629E-01
  9.2630E+00  2.6000E+02  8.5942E+02  8.3310E+01  8.3588E+02  2.2294E+00  4.7605E-01
  8.3858E+00  3.0000E+02  8.5481E+02  8.1203E+01  8.2838E+02  2.8517E+00  5.2781E-01
  7.6048E+00  3.4000E+02  8.4986E+02  7.9067E+01  8.2070E+02  3.6118E+00  5.9510E-01
  6.8975E+00  3.8000E+02  8.4446E+02  7.6908E+01  8.1274E+02  4.5741E+00  6.8254E-01
  6.2494E+00  4.2000E+02  8.3861E+02  7.4728E+01  8.0447E+02  5.6731E+00  7.7570E-01
  5.6500E+00  4.6000E+02  8.3232E+02  7.2530E+01  7.9590E+02  6.8276E+00  8.6345E-01
  5.0910E+00  5.0000E+02  8.2563E+02  7.0316E+01  7.8708E+02  7.9943E+00  9.4280E-01
  4.5660E+00  5.4000E+02  8.1857E+02  6.8088E+01  7.7801E+02  9.2069E+00  1.0199E+00
  4.0699E+00  5.8000E+02  8.1111E+02  6.5848E+01  7.6866E+02  1.0529E+01  1.1020E+00
  3.5991E+00  6.2000E+02  8.0324E+02  6.3599E+01  7.5902E+02  1.1939E+01  1.1858E+00
  3.1507E+00  6.6000E+02  7.9501E+02  6.1343E+01  7.4915E+02  1.3318E+01  1.2598E+00
  2.7225E+00  7.0000E+02  7.8652E+02  5.9083E+01  7.3911E+02  1.4562E+01  1.3156E+00
  2.3126E+00  7.4000E+02  7.7785E+02  5.6822E+01  7.2901E+02  1.5622E+01  1.3512E+00
  1.9193E+00  7.8000E+02  7.6910E+02  5.4562E+01  7.1893E+02  1.6508E+01  1.3697E+00
  1.5413E+00  8.2000E+02  7.6031E+02  5.2309E+01  7.0891E+02  1.7291E+01  1.3788E+00
  1.1775E+00  8.6000E+02  7.5150E+02  5.0070E+01  6.9897E+02  1.8053E+01  1.3858E+00
  8.2672E-01  9.0000E+02  7.4263E+02  4.7856E+01  6.8906E+02  1.8969E+01  1.4038E+00
  4.8807E-01  9.4000E+02  7.3346E+02  4.5701E+01  6.7895E+02  2.0717E+01  1.4802E+00
  1.6020E-01  9.8000E+02  7.2405E+02  4.3661E+01  6.6870E+02  2.2481E+01  1.5551E+00
