  25  3.7500000E+00
  2.7417E+01  2.0000E+01  1.2772E+03  1.1155E+02  1.2755E+03  0.0000E+00  0.0000E+00
  1.9643E+01  6.0000E+01  1.2738E+03  1.0964E+02  1.2673E+03  1.8419E-01  3.0211E-01
  1.6677E+01  1.0000E+02  1.2707E+03  1.0789E+02  1.2602E+03  4.7336E-01  2.9614E-01
  1.4689E+01  1.4000E+02  1.2664E+03  1.0603E+02  1.2521E+03  1.1931E+00  5.0054E-01
  1.3128E+01  1.8000E+02  1.2597E+03  1.0409E+02  1.2417E+03  3.0627E+00  1.0089E+00
  1.1816E+01  2.2000E+02  1.2494E+03  1.0210E+02  1.2278E+03  6.3485E+00  1.7574E+00
  1.0670E+01  2.6000E+02  1.2356E+03  1.0005E+02  1.2106E+03  1.0284E+01  2.4858E+00
  9.6512E+00  3.0000E+02  1.2194E+03  9.7961E+01  1.1912E+03  1.3815E+01  2.9690E+00
  8.7339E+00  3.4000E+02  1.2023E+03  9.5839E+01  1.1711E+03  1.6336E+01  3.1617E+00
  7.8991E+00  3.8000E+02  1.1852E+03  9.3684E+01  1.1511E+03  1.7930E+01  3.1577E+00
  7.1332E+00  4.2000E+02  1.1686E+03  9.1501E+01  1.1318E+03  1.8842E+01  3.0448E+00
  6.4255E+00  4.6000E+02  1.1526E+03  8.9291E+01  1.1133E+03  1.9378E+01  2.8934E+00
  5.7677E+00  5.0000E+02  1.1374E+03  8.7058E+01  1.0956E+03  1.9725E+01  2.7375E+00
  5.1531E+00  5.4000E+02  1.1229E+03  8.4804E+01  1.0788E+03  1.9971E+01  2.5894E+00
  4.5763E+00  5.8000E+02  1.1090E+03  8.2532E+01  1.0627E+03  2.0193E+01  2.4571E+00
  4.0329E+00  6.2000E+02  1.0956E+03  8.0244E+01  1.0473E+03  2.0421E+01  2.3413E+00
  3.5191E+00  6.6000E+02  1.0827E+03  7.7943E+01  1.0324E+03  2.0664E+01  2.2402E+00
  3.0317E+00  7.0000E+02  1.0702E+03  7.5634E+01  1.0181E+03  2.0916E+01  2.1510E+00
  2.5680E+00  7.4000E+02  1.0580E+03  7.3320E+01  1.0042E+03  2.1173E+01  2.0712E+00
  2.1258E+00  7.8000E+02  1.0463E+03  7.1006E+01  9.9083E+02  2.1424E+01  1.9987E+00
  1.7031E+00  8.2000E+02  1.0348E+03  6.8698E+01  9.7787E+02  2.1671E+01  1.9327E+00
  1.2981E+00  8.6000E+02  1.0236E+03  6.6406E+01  9.6527E+02  2.2034E+01  1.8823E+00
  9.0953E-01  9.0000E+02  1.0124E+03  6.4154E+01  9.5281E+02  2.2944E+01  1.8812E+00
  5.3596E-01  9.4000E+02  1.0009E+03  6.2006E+01  9.4008E+02  2.5176E+01  1.9843E+00
  1.7563E-01  9.8000E+02  9.8852E+02  6.0105E+01  9.2667E+02  2.8969E+01  2.2022E+00
