  25  3.7500000E+00
  2.7177E+01  2.0000E+01  1.3423E+03  1.1970E+02  1.3406E+03  0.0000E+00  0.0000E+00
  1.9305E+01  6.0000E+01  1.3389E+03  1.1783E+02  1.3324E+03  1.9140E-01  3.1788E-01
  1.6124E+01  1.0000E+02  1.3356E+03  1.1609E+02  1.3250E+03  5.0989E-01  3.4216E-01
  1.4036E+01  1.4000E+02  1.3311E+03  1.1424E+02  1.3167E+03  1.2555E+00  5.5310E-01
  1.2450E+01  1.8000E+02  1.3252E+03  1.1232E+02  1.3070E+03  2.4877E+00  8.3263E-01
  1.1149E+01  2.2000E+02  1.3183E+03  1.1033E+02  1.2965E+03  3.8369E+00  1.0529E+00
  1.0040E+01  2.6000E+02  1.3106E+03  1.0829E+02  1.2854E+03  5.0923E+00  1.1911E+00
  9.0712E+00  3.0000E+02  1.3024E+03  1.0619E+02  1.2740E+03  6.2387E+00  1.2758E+00
  8.2080E+00  3.4000E+02  1.2939E+03  1.0405E+02  1.2624E+03  7.3959E+00  1.3468E+00
  7.4279E+00  3.8000E+02  1.2849E+03  1.0186E+02  1.2505E+03  8.7306E+00  1.4371E+00
  6.7140E+00  4.2000E+02  1.2753E+03  9.9635E+01  1.2381E+03  1.0288E+01  1.5494E+00
  6.0546E+00  4.6000E+02  1.2652E+03  9.7376E+01  1.2254E+03  1.1883E+01  1.6533E+00
  5.4409E+00  5.0000E+02  1.2548E+03  9.5084E+01  1.2125E+03  1.3235E+01  1.7136E+00
  4.8665E+00  5.4000E+02  1.2443E+03  9.2761E+01  1.1996E+03  1.4203E+01  1.7213E+00
  4.3262E+00  5.8000E+02  1.2339E+03  9.0408E+01  1.1870E+03  1.4893E+01  1.6976E+00
  3.8161E+00  6.2000E+02  1.2236E+03  8.8027E+01  1.1746E+03  1.5559E+01  1.6747E+00
  3.3327E+00  6.6000E+02  1.2133E+03  8.5622E+01  1.1622E+03  1.6422E+01  1.6749E+00
  2.8732E+00  7.0000E+02  1.2028E+03  8.3198E+01  1.1498E+03  1.7618E+01  1.7078E+00
  2.4354E+00  7.4000E+02  1.1919E+03  8.0764E+01  1.1372E+03  1.9221E+01  1.7754E+00
  2.0172E+00  7.8000E+02  1.1806E+03  7.8330E+01  1.1242E+03  2.1238E+01  1.8738E+00
  1.6169E+00  8.2000E+02  1.1687E+03  7.5911E+01  1.1108E+03  2.3595E+01  1.9927E+00
  1.2330E+00  8.6000E+02  1.1563E+03  7.3529E+01  1.0969E+03  2.6209E+01  2.1229E+00
  8.6422E-01  9.0000E+02  1.1432E+03  7.1223E+01  1.0825E+03  2.9287E+01  2.2786E+00
  5.0950E-01  9.4000E+02  1.1292E+03  6.9083E+01  1.0673E+03  3.3314E+01  2.4932E+00
  1.6705E-01  9.8000E+02  1.1148E+03  6.7285E+01  1.0517E+03  3.6947E+01  2.6694E+00
