  25  3.7500000E+00
  2.7416E+01  2.0000E+01  1.2599E+03  1.1064E+02  1.2582E+03  0.0000E+00  0.0000E+00
  1.9643E+01  6.0000E+01  1.2566E+03  1.0872E+02  1.2500E+03  1.8301E-01  3.0010E-01
  1.6678E+01  1.0000E+02  1.2534E+03  1.0697E+02  1.2429E+03  4.6973E-01  2.9383E-01
  1.4691E+01  1.4000E+02  1.2492E+03  1.0511E+02  1.2349E+03  1.1804E+00  4.9507E-01
  1.3129E+01  1.8000E+02  1.2425E+03  1.0317E+02  1.2245E+03  3.0301E+00  9.9807E-01
  1.1817E+01  2.2000E+02  1.2323E+03  1.0117E+02  1.2107E+03  6.2915E+00  1.7421E+00
  1.0671E+01  2.6000E+02  1.2185E+03  9.9122E+01  1.1936E+03  1.0207E+01  2.4678E+00
  9.6519E+00  3.0000E+02  1.2024E+03  9.7034E+01  1.1743E+03  1.3745E+01  2.9548E+00
  8.7343E+00  3.4000E+02  1.1854E+03  9.4911E+01  1.1543E+03  1.6274E+01  3.1507E+00
  7.8993E+00  3.8000E+02  1.1683E+03  9.2757E+01  1.1343E+03  1.7856E+01  3.1455E+00
  7.1332E+00  4.2000E+02  1.1518E+03  9.0574E+01  1.1151E+03  1.8765E+01  3.0331E+00
  6.4254E+00  4.6000E+02  1.1359E+03  8.8366E+01  1.0967E+03  1.9279E+01  2.8791E+00
  5.7675E+00  5.0000E+02  1.1208E+03  8.6134E+01  1.0791E+03  1.9573E+01  2.7167E+00
  5.1530E+00  5.4000E+02  1.1064E+03  8.3881E+01  1.0624E+03  1.9763E+01  2.5626E+00
  4.5762E+00  5.8000E+02  1.0926E+03  8.1611E+01  1.0465E+03  1.9939E+01  2.4262E+00
  4.0328E+00  6.2000E+02  1.0794E+03  7.9324E+01  1.0312E+03  2.0137E+01  2.3088E+00
  3.5189E+00  6.6000E+02  1.0666E+03  7.7025E+01  1.0165E+03  2.0365E+01  2.2079E+00
  3.0315E+00  7.0000E+02  1.0543E+03  7.4716E+01  1.0023E+03  2.0635E+01  2.1222E+00
  2.5678E+00  7.4000E+02  1.0422E+03  7.2404E+01  9.8860E+02  2.0952E+01  2.0496E+00
  2.1256E+00  7.8000E+02  1.0305E+03  7.0093E+01  9.7528E+02  2.1295E+01  1.9865E+00
  1.7030E+00  8.2000E+02  1.0191E+03  6.7790E+01  9.6235E+02  2.1641E+01  1.9294E+00
  1.2983E+00  8.6000E+02  1.0078E+03  6.5505E+01  9.4975E+02  2.2083E+01  1.8857E+00
  9.0978E-01  9.0000E+02  9.9669E+02  6.3260E+01  9.3733E+02  2.2922E+01  1.8788E+00
  5.3621E-01  9.4000E+02  9.8529E+02  6.1110E+01  9.2476E+02  2.4758E+01  1.9513E+00
  1.7576E-01  9.8000E+02  9.7319E+02  5.9192E+01  9.1159E+02  2.8252E+01  2.1485E+00
