  25  3.7500000E+00
  2.7252E+01  2.0000E+01  8.6944E+02  9.2375E+01  8.6777E+02  0.0000E+00  0.0000E+00
  1.9417E+01  6.0000E+01  8.6619E+02  9.0350E+01  8.5995E+02  1.5571E-01  2.5739E-01
  1.6293E+01  1.0000E+02  8.6304E+02  8.8495E+01  8.5301E+02  4.1507E-01  2.7358E-01
  1.4234E+01  1.4000E+02  8.5893E+02  8.6557E+01  8.4526E+02  1.0572E+00  4.5930E-01
  1.2655E+01  1.8000E+02  8.5352E+02  8.4562E+01  8.3641E+02  2.1640E+00  7.2075E-01
  1.1350E+01  2.2000E+02  8.4696E+02  8.2524E+01  8.2659E+02  3.4651E+00  9.5405E-01
  1.0231E+01  2.6000E+02  8.3956E+02  8.0453E+01  8.1613E+02  4.7578E+00  1.1240E+00
  9.2462E+00  3.0000E+02  8.3164E+02  7.8353E+01  8.0533E+02  5.9127E+00  1.2280E+00
  8.3661E+00  3.4000E+02  8.2342E+02  7.6230E+01  7.9440E+02  6.9255E+00  1.2859E+00
  7.5688E+00  3.8000E+02  8.1502E+02  7.4085E+01  7.8345E+02  7.8478E+00  1.3201E+00
  6.8387E+00  4.2000E+02  8.0651E+02  7.1922E+01  7.7254E+02  8.6890E+00  1.3386E+00
  6.1641E+00  4.6000E+02  7.9799E+02  6.9742E+01  7.6177E+02  9.3905E+00  1.3365E+00
  5.5365E+00  5.0000E+02  7.8961E+02  6.7546E+01  7.5127E+02  9.8554E+00  1.3050E+00
  4.9493E+00  5.4000E+02  7.8151E+02  6.5335E+01  7.4117E+02  1.0039E+01  1.2436E+00
  4.3975E+00  5.8000E+02  7.7374E+02  6.3109E+01  7.3153E+02  1.0045E+01  1.1695E+00
  3.8770E+00  6.2000E+02  7.6622E+02  6.0870E+01  7.2225E+02  1.0150E+01  1.1148E+00
  3.3843E+00  6.6000E+02  7.5868E+02  5.8620E+01  7.1308E+02  1.0717E+01  1.1141E+00
  2.9166E+00  7.0000E+02  7.5080E+02  5.6364E+01  7.0367E+02  1.2045E+01  1.1885E+00
  2.4715E+00  7.4000E+02  7.4223E+02  5.4112E+01  6.9368E+02  1.4183E+01  1.3320E+00
  2.0467E+00  7.8000E+02  7.3287E+02  5.1870E+01  6.8301E+02  1.6756E+01  1.5016E+00
  1.6403E+00  8.2000E+02  7.2289E+02  4.9648E+01  6.7181E+02  1.9103E+01  1.6378E+00
  1.2507E+00  8.6000E+02  7.1256E+02  4.7453E+01  6.6038E+02  2.0866E+01  1.7154E+00
  8.7651E-01  9.0000E+02  7.0201E+02  4.5301E+01  6.4882E+02  2.2438E+01  1.7713E+00
  5.1673E-01  9.4000E+02  6.9117E+02  4.3230E+01  6.3707E+02  2.4367E+01  1.8496E+00
  1.6943E-01  9.8000E+02  6.8026E+02  4.1300E+01  6.2533E+02  2.5887E+01  1.8968E+00
