  25  3.7500000E+00
  2.6338E+01  2.0000E+01  2.1041E-05  1.8309E-01  0.0000E+00  0.0000E+00  0.0000E+00
  1.8559E+01  6.0000E+01  7.8238E-05  1.8342E-01  0.0000E+00  3.4699E-05  5.6945E-05
  1.5303E+01  1.0000E+02  1.4437E-04  1.8378E-01  0.0000E+00  9.2550E-05  6.3584E-05
  1.3141E+01  1.4000E+02  1.9327E-04  1.8423E-01  0.0000E+00  1.8422E-04  8.4015E-05
  1.1563E+01  1.8000E+02  2.1931E-04  1.8476E-01  0.0000E+00  3.2145E-04  1.0700E-04
  1.0329E+01  2.2000E+02  2.3370E-04  1.8539E-01  0.0000E+00  4.9547E-04  1.2904E-04
  9.3058E+00  2.6000E+02  2.4796E-04  1.8611E-01  0.0000E+00  6.8682E-04  1.4826E-04
  8.4217E+00  3.0000E+02  2.7024E-04  1.8691E-01  0.0000E+00  8.8670E-04  1.6539E-04
  7.6359E+00  3.4000E+02  3.0922E-04  1.8782E-01  0.0000E+00  1.1000E-03  1.8236E-04
  6.9246E+00  3.8000E+02  3.7583E-04  1.8883E-01  0.0000E+00  1.3346E-03  2.0030E-04
  6.2726E+00  4.2000E+02  4.8406E-04  1.8998E-01  0.0000E+00  1.5919E-03  2.1898E-04
  5.6694E+00  4.6000E+02  6.5270E-04  1.9127E-01  0.0000E+00  1.8655E-03  2.3741E-04
  5.1068E+00  5.0000E+02  9.0921E-04  1.9273E-01  0.0000E+00  2.1379E-03  2.5373E-04
  4.5787E+00  5.4000E+02  1.2939E-03  1.9437E-01  0.0000E+00  2.3814E-03  2.6535E-04
  4.0801E+00  5.8000E+02  1.8627E-03  1.9622E-01  0.0000E+00  2.5604E-03  2.6935E-04
  3.6072E+00  6.2000E+02  2.6882E-03  1.9829E-01  0.0000E+00  2.6276E-03  2.6214E-04
  3.1572E+00  6.6000E+02  3.8565E-03  2.0059E-01  0.0000E+00  2.5207E-03  2.3935E-04
  2.7275E+00  7.0000E+02  5.4633E-03  2.0313E-01  0.0000E+00  2.1636E-03  1.9612E-04
  2.3164E+00  7.4000E+02  7.6101E-03  2.0588E-01  0.0000E+00  1.4738E-03  1.2784E-04
  1.9222E+00  7.8000E+02  1.0398E-02  2.0881E-01  0.0000E+00  3.6541E-04  3.0395E-05
  1.5434E+00  8.2000E+02  1.3927E-02  2.1186E-01  0.0000E+00 -1.2597E-03 -1.0067E-04
  1.1789E+00  8.6000E+02  1.8308E-02  2.1496E-01  0.0000E+00 -3.5360E-03 -2.7192E-04
  8.2761E-01  9.0000E+02  2.3680E-02  2.1797E-01  0.0000E+00 -6.7178E-03 -4.9788E-04
  4.8851E-01  9.4000E+02  3.0319E-02  2.2071E-01  0.0000E+00 -1.1484E-02 -8.2161E-04
  1.6031E-01  9.8000E+02  3.8793E-02  2.2229E-01  0.0000E+00 -2.1010E-02 -1.4548E-03
