  25  3.7500000E+00
  2.7367E+01  2.0000E+01  1.3536E+03  1.1734E+02  1.3519E+03  0.0000E+00  0.0000E+00
  1.9563E+01  6.0000E+01  1.3502E+03  1.1545E+02  1.3437E+03  1.9017E-01  3.1310E-01
  1.6548E+01  1.0000E+02  1.3470E+03  1.1372E+02  1.3364E+03  5.0169E-01  3.1916E-01
  1.4534E+01  1.4000E+02  1.3425E+03  1.1187E+02  1.3280E+03  1.3211E+00  5.6131E-01
  1.2969E+01  1.8000E+02  1.3358E+03  1.0995E+02  1.3176E+03  3.0485E+00  1.0063E+00
  1.1662E+01  2.2000E+02  1.3267E+03  1.0796E+02  1.3049E+03  5.4457E+00  1.5018E+00
  1.0527E+01  2.6000E+02  1.3153E+03  1.0592E+02  1.2901E+03  8.1901E+00  1.9619E+00
  9.5212E+00  3.0000E+02  1.3023E+03  1.0384E+02  1.2739E+03  1.0885E+01  2.3095E+00
  8.6179E+00  3.4000E+02  1.2883E+03  1.0171E+02  1.2568E+03  1.3120E+01  2.5003E+00
  7.7973E+00  3.8000E+02  1.2741E+03  9.9544E+01  1.2397E+03  1.4710E+01  2.5470E+00
  7.0442E+00  4.2000E+02  1.2601E+03  9.7343E+01  1.2229E+03  1.5697E+01  2.4939E+00
  6.3475E+00  4.6000E+02  1.2465E+03  9.5109E+01  1.2066E+03  1.6285E+01  2.3939E+00
  5.6985E+00  5.0000E+02  1.2334E+03  9.2841E+01  1.1911E+03  1.6607E+01  2.2738E+00
  5.0909E+00  5.4000E+02  1.2211E+03  9.0541E+01  1.1763E+03  1.6596E+01  2.1274E+00
  4.5198E+00  5.8000E+02  1.2094E+03  8.8208E+01  1.1625E+03  1.6283E+01  1.9620E+00
  3.9813E+00  6.2000E+02  1.1984E+03  8.5842E+01  1.1494E+03  1.5998E+01  1.8175E+00
  3.4723E+00  6.6000E+02  1.1877E+03  8.3451E+01  1.1366E+03  1.6487E+01  1.7703E+00
  2.9903E+00  7.0000E+02  1.1763E+03  8.1048E+01  1.1234E+03  1.8481E+01  1.8795E+00
  2.5324E+00  7.4000E+02  1.1641E+03  7.8652E+01  1.1093E+03  2.1563E+01  2.0832E+00
  2.0960E+00  7.8000E+02  1.1511E+03  7.6273E+01  1.0947E+03  2.4325E+01  2.2397E+00
  1.6789E+00  8.2000E+02  1.1379E+03  7.3914E+01  1.0799E+03  2.6018E+01  2.2893E+00
  1.2795E+00  8.6000E+02  1.1246E+03  7.1588E+01  1.0653E+03  2.7294E+01  2.2999E+00
  8.9646E-01  9.0000E+02  1.1109E+03  6.9349E+01  1.0502E+03  3.0097E+01  2.4326E+00
  5.2834E-01  9.4000E+02  1.0964E+03  6.7285E+01  1.0345E+03  3.3687E+01  2.6164E+00
  1.7317E-01  9.8000E+02  1.0817E+03  6.5556E+01  1.0186E+03  3.6618E+01  2.7439E+00
