  25  3.7500000E+00
  2.7117E+01  2.0000E+01  5.8985E+02  7.5213E+01  5.8825E+02  0.0000E+00  0.0000E+00
  1.9182E+01  6.0000E+01  5.8666E+02  7.3042E+01  5.8076E+02  1.2862E-01  2.1533E-01
  1.5923E+01  1.0000E+02  5.8367E+02  7.1081E+01  5.7423E+02  3.1636E-01  2.1755E-01
  1.3786E+01  1.4000E+02  5.8011E+02  6.9068E+01  5.6732E+02  7.2220E-01  3.2551E-01
  1.2190E+01  1.8000E+02  5.7588E+02  6.7038E+01  5.5996E+02  1.3799E+00  4.6471E-01
  1.0901E+01  2.2000E+02  5.7121E+02  6.4998E+01  5.5238E+02  2.0396E+00  5.5463E-01
  9.8136E+00  2.6000E+02  5.6633E+02  6.2953E+01  5.4479E+02  2.6022E+00  5.9713E-01
  8.8685E+00  3.0000E+02  5.6130E+02  6.0908E+01  5.3723E+02  3.1674E+00  6.3159E-01
  8.0287E+00  3.4000E+02  5.5598E+02  5.8865E+01  5.2956E+02  3.8915E+00  6.8950E-01
  7.2694E+00  3.8000E+02  5.5026E+02  5.6826E+01  5.2164E+02  4.8530E+00  7.7737E-01
  6.5742E+00  4.2000E+02  5.4408E+02  5.4793E+01  5.1341E+02  5.9652E+00  8.7500E-01
  5.9315E+00  4.6000E+02  5.3753E+02  5.2766E+01  5.0495E+02  7.0384E+00  9.5434E-01
  5.3331E+00  5.0000E+02  5.3077E+02  5.0747E+01  4.9641E+02  7.9188E+00  9.9977E-01
  4.7726E+00  5.4000E+02  5.2397E+02  4.8736E+01  4.8795E+02  8.5497E+00  1.0111E+00
  4.2450E+00  5.8000E+02  5.1723E+02  4.6733E+01  4.7967E+02  8.9733E+00  9.9889E-01
  3.7462E+00  6.2000E+02  5.1062E+02  4.4737E+01  4.7162E+02  9.2611E+00  9.7450E-01
  3.2731E+00  6.6000E+02  5.0414E+02  4.2750E+01  4.6381E+02  9.4856E+00  9.4686E-01
  2.8229E+00  7.0000E+02  4.9779E+02  4.0771E+01  4.5623E+02  9.7164E+00  9.2287E-01
  2.3934E+00  7.4000E+02  4.9151E+02  3.8800E+01  4.4881E+02  1.0023E+01  9.0813E-01
  1.9828E+00  7.8000E+02  4.8525E+02  3.6840E+01  4.4150E+02  1.0479E+01  9.0779E-01
  1.5895E+00  8.2000E+02  4.7891E+02  3.4892E+01  4.3419E+02  1.1170E+01  9.2692E-01
  1.2122E+00  8.6000E+02  4.7239E+02  3.2963E+01  4.2679E+02  1.2171E+01  9.6884E-01
  8.4982E-01  9.0000E+02  4.6560E+02  3.1060E+01  4.1920E+02  1.3488E+01  1.0313E+00
  5.0108E-01  9.4000E+02  4.5851E+02  2.9198E+01  4.1140E+02  1.4985E+01  1.1026E+00
  1.6429E-01  9.8000E+02  4.5130E+02  2.7393E+01  4.0354E+02  1.6055E+01  1.1408E+00
