  25  3.7500000E+00
  2.6980E+01  2.0000E+01  2.7516E+02  4.8971E+01  2.7372E+02  0.0000E+00  0.0000E+00
  1.8974E+01  6.0000E+01  2.7206E+02  4.6552E+01  2.6690E+02  8.4641E-02  1.4296E-01
  1.5622E+01  1.0000E+02  2.6940E+02  4.4493E+01  2.6129E+02  1.8038E-01  1.2760E-01
  1.3415E+01  1.4000E+02  2.6669E+02  4.2482E+01  2.5591E+02  3.1560E-01  1.4696E-01
  1.1798E+01  1.8000E+02  2.6390E+02  4.0549E+01  2.5071E+02  5.2834E-01  1.8020E-01
  1.0526E+01  2.2000E+02  2.6102E+02  3.8690E+01  2.4566E+02  8.0644E-01  2.1642E-01
  9.4711E+00  2.6000E+02  2.5802E+02  3.6898E+01  2.4070E+02  1.1415E+00  2.5402E-01
  8.5622E+00  3.0000E+02  2.5487E+02  3.5166E+01  2.3576E+02  1.5664E+00  3.0038E-01
  7.7567E+00  3.4000E+02  2.5149E+02  3.3488E+01  2.3075E+02  2.1121E+00  3.5891E-01
  7.0291E+00  3.8000E+02  2.4786E+02  3.1861E+01  2.2564E+02  2.7489E+00  4.2202E-01
  6.3627E+00  4.2000E+02  2.4401E+02  3.0281E+01  2.2043E+02  3.4099E+00  4.7943E-01
  5.7463E+00  4.6000E+02  2.3998E+02  2.8743E+01  2.1517E+02  4.0322E+00  5.2434E-01
  5.1718E+00  5.0000E+02  2.3586E+02  2.7246E+01  2.0991E+02  4.5668E+00  5.5350E-01
  4.6330E+00  5.4000E+02  2.3171E+02  2.5785E+01  2.0471E+02  4.9942E+00  5.6771E-01
  4.1251E+00  5.8000E+02  2.2759E+02  2.4358E+01  1.9963E+02  5.3112E+00  5.6919E-01
  3.6441E+00  6.2000E+02  2.2352E+02  2.2963E+01  1.9469E+02  5.5464E+00  5.6282E-01
  3.1871E+00  6.6000E+02  2.1954E+02  2.1598E+01  1.8990E+02  5.7267E+00  5.5224E-01
  2.7514E+00  7.0000E+02  2.1564E+02  2.0261E+01  1.8526E+02  5.8915E+00  5.4154E-01
  2.3350E+00  7.4000E+02  2.1180E+02  1.8951E+01  1.8075E+02  6.0697E+00  5.3319E-01
  1.9363E+00  7.8000E+02  2.0801E+02  1.7665E+01  1.7635E+02  6.2917E+00  5.2933E-01
  1.5537E+00  8.2000E+02  2.0423E+02  1.6404E+01  1.7202E+02  6.5820E+00  5.3126E-01
  1.1861E+00  8.6000E+02  2.0045E+02  1.5168E+01  1.6774E+02  6.9195E+00  5.3660E-01
  8.3236E-01  9.0000E+02  1.9668E+02  1.3955E+01  1.6352E+02  7.2139E+00  5.3841E-01
  4.9113E-01  9.4000E+02  1.9297E+02  1.2765E+01  1.5941E+02  7.3837E+00  5.3157E-01
  1.6109E-01  9.8000E+02  1.8935E+02  1.1598E+01  1.5543E+02  7.4507E+00  5.1881E-01
