  26  6.0000000E+00
  3.1941E+01  1.0000E-03  8.3862E-01  9.4421E+01  8.3862E-01  0.0000E+00  0.0000E+00
  2.2591E+01  4.0000E+01  1.4365E+00  9.4505E+01  8.3537E-01 -5.4972E-02 -1.0845E-01
  1.7445E+01  8.0000E+01  4.3211E+00  9.4399E+01  8.1911E-01 -5.8117E-01 -6.3093E-01
  1.4745E+01  1.2000E+02  5.3972E+00  9.4195E+01  8.1020E-01 -4.7410E-01 -2.7011E-01
  1.2852E+01  1.6000E+02  6.0073E+00  9.4231E+01  8.0299E-01 -3.0325E-01 -1.2111E-01
  1.1394E+01  2.0000E+02  6.5015E+00  9.4453E+01  7.9669E-01 -1.8681E-01 -5.7430E-02
  1.0205E+01  2.4000E+02  6.9734E+00  9.4818E+01  7.9092E-01 -8.9528E-02 -2.2459E-02
  9.1963E+00  2.8000E+02  7.4895E+00  9.5336E+01  7.8546E-01  1.2675E-03  2.6987E-04
  8.3146E+00  3.2000E+02  8.1067E+00  9.5991E+01  7.8015E-01  4.3506E-02  8.0927E-03
  7.5272E+00  3.6000E+02  8.8496E+00  9.6755E+01  7.7486E-01  2.5933E-02  4.3082E-03
  6.8124E+00  4.0000E+02  9.7182E+00  9.7596E+01  7.6949E-01 -3.8355E-02 -5.7841E-03
  6.1557E+00  4.4000E+02  1.0701E+01  9.8491E+01  7.6395E-01 -1.3351E-01 -1.8499E-02
  5.5468E+00  4.8000E+02  1.1789E+01  9.9426E+01  7.5816E-01 -2.5044E-01 -3.2172E-02
  4.9783E+00  5.2000E+02  1.2976E+01  1.0039E+02  7.5202E-01 -3.9116E-01 -4.6922E-02
  4.4442E+00  5.6000E+02  1.4264E+01  1.0138E+02  7.4546E-01 -5.6609E-01 -6.3782E-02
  3.9402E+00  6.0000E+02  1.5655E+01  1.0237E+02  7.3841E-01 -7.8581E-01 -8.3563E-02
  3.4626E+00  6.4000E+02  1.7155E+01  1.0337E+02  7.3081E-01 -1.0586E+00 -1.0668E-01
  3.0085E+00  6.8000E+02  1.8767E+01  1.0434E+02  7.2258E-01 -1.3937E+00 -1.3353E-01
  2.5755E+00  7.2000E+02  2.0503E+01  1.0530E+02  7.1365E-01 -1.8067E+00 -1.6506E-01
  2.1616E+00  7.6000E+02  2.2378E+01  1.0621E+02  7.0388E-01 -2.3200E+00 -2.0258E-01
  1.7652E+00  8.0000E+02  2.4416E+01  1.0708E+02  6.9306E-01 -2.9612E+00 -2.4763E-01
  1.3850E+00  8.4000E+02  2.6660E+01  1.0789E+02  6.8083E-01 -3.7680E+00 -3.0226E-01
  1.0197E+00  8.8000E+02  2.9184E+01  1.0867E+02  6.6682E-01 -4.7793E+00 -3.6833E-01
  6.6808E-01  9.2000E+02  3.2088E+01  1.0942E+02  6.5081E-01 -6.1195E+00 -4.5402E-01
  3.2857E-01  9.6000E+02  3.5458E+01  1.1007E+02  6.3283E-01 -7.9997E+00 -5.7301E-01
  4.9443E-04  1.0000E+03  3.9305E+01  1.1026E+02  6.1328E-01 -1.1158E+01 -7.7234E-01
