  26  6.0000000E+00
  3.2081E+01  1.0000E-03  1.2765E+00  1.2782E+02  1.2765E+00  0.0000E+00  0.0000E+00
  2.2946E+01  4.0000E+01  1.8795E+00  1.2768E+02  1.2731E+00 -8.0761E-02 -1.5566E-01
  1.8130E+01  8.0000E+01  3.4274E+00  1.2766E+02  1.2545E+00 -3.2638E-01 -3.3161E-01
  1.5706E+01  1.2000E+02  3.9296E+00  1.2832E+02  1.2440E+00  6.4663E-02  3.3079E-02
  1.3946E+01  1.6000E+02  4.7596E+00  1.2953E+02  1.2345E+00  2.1451E-01  7.9638E-02
  1.2512E+01  2.0000E+02  6.1087E+00  1.3103E+02  1.2250E+00  1.0913E-01  3.3016E-02
  1.1282E+01  2.4000E+02  7.9215E+00  1.3269E+02  1.2153E+00 -1.2908E-01 -3.3506E-02
  1.0197E+01  2.8000E+02  1.0054E+01  1.3436E+02  1.2048E+00 -4.2287E-01 -9.6746E-02
  9.2269E+00  3.2000E+02  1.2436E+01  1.3605E+02  1.1927E+00 -7.0836E-01 -1.4504E-01
  8.3483E+00  3.6000E+02  1.5124E+01  1.3781E+02  1.1781E+00 -1.0629E+00 -1.9704E-01
  7.5454E+00  4.0000E+02  1.8242E+01  1.3965E+02  1.1602E+00 -1.5834E+00 -2.6823E-01
  6.8060E+00  4.4000E+02  2.1885E+01  1.4159E+02  1.1383E+00 -2.3125E+00 -3.6073E-01
  6.1207E+00  4.8000E+02  2.6161E+01  1.4361E+02  1.1121E+00 -3.2859E+00 -4.7506E-01
  5.4822E+00  5.2000E+02  3.1141E+01  1.4572E+02  1.0815E+00 -4.4914E+00 -6.0511E-01
  4.8842E+00  5.6000E+02  3.6838E+01  1.4791E+02  1.0467E+00 -5.8728E+00 -7.4091E-01
  4.3219E+00  6.0000E+02  4.3207E+01  1.5015E+02  1.0079E+00 -7.3513E+00 -8.7214E-01
  3.7911E+00  6.4000E+02  5.0168E+01  1.5241E+02  9.6572E-01 -8.8471E+00 -9.9075E-01
  3.2884E+00  6.8000E+02  5.7615E+01  1.5468E+02  9.2046E-01 -1.0296E+01 -1.0920E+00
  2.8108E+00  7.2000E+02  6.5433E+01  1.5693E+02  8.7259E-01 -1.1653E+01 -1.1741E+00
  2.3560E+00  7.6000E+02  7.3499E+01  1.5914E+02  8.2266E-01 -1.2878E+01 -1.2359E+00
  1.9216E+00  8.0000E+02  8.1685E+01  1.6127E+02  7.7132E-01 -1.3943E+01 -1.2776E+00
  1.5060E+00  8.4000E+02  8.9903E+01  1.6329E+02  7.1908E-01 -1.4911E+01 -1.3075E+00
  1.1075E+00  8.8000E+02  9.8229E+01  1.6520E+02  6.6541E-01 -1.6114E+01 -1.3548E+00
  7.2476E-01  9.2000E+02  1.0705E+02  1.6707E+02  6.0739E-01 -1.8167E+01 -1.4671E+00
  3.5611E-01  9.6000E+02  1.1724E+02  1.6899E+02  5.3994E-01 -2.2398E+01 -1.7421E+00
  7.2631E-04  1.0000E+03  1.2997E+02  1.7002E+02  4.5778E-01 -3.2957E+01 -2.4711E+00
