  26  6.0000000E+00
  3.1900E+01  1.0000E-03  8.0444E-01  9.3330E+01  8.0444E-01  0.0000E+00  0.0000E+00
  2.2551E+01  4.0000E+01  1.4042E+00  9.3417E+01  8.0122E-01 -5.4891E-02 -1.0827E-01
  1.7400E+01  8.0000E+01  4.3279E+00  9.3318E+01  7.8530E-01 -5.8690E-01 -6.3782E-01
  1.4692E+01  1.2000E+02  5.4459E+00  9.3089E+01  7.7658E-01 -4.9713E-01 -2.8407E-01
  1.2793E+01  1.6000E+02  6.0594E+00  9.3057E+01  7.6956E-01 -3.3996E-01 -1.3614E-01
  1.1336E+01  2.0000E+02  6.5005E+00  9.3206E+01  7.6346E-01 -2.0089E-01 -6.1766E-02
  1.0151E+01  2.4000E+02  6.9096E+00  9.3524E+01  7.5791E-01 -7.6857E-02 -1.9220E-02
  9.1471E+00  2.8000E+02  7.3547E+00  9.3999E+01  7.5267E-01  2.9915E-02  6.3347E-03
  8.2712E+00  3.2000E+02  7.9105E+00  9.4634E+01  7.4759E-01  9.0481E-02  1.6720E-02
  7.4892E+00  3.6000E+02  8.6038E+00  9.5383E+01  7.4252E-01  7.1488E-02  1.1794E-02
  6.7794E+00  4.0000E+02  9.4302E+00  9.6214E+01  7.3739E-01  6.6975E-03  1.0030E-03
  6.1271E+00  4.4000E+02  1.0376E+01  9.7102E+01  7.3209E-01 -8.8778E-02 -1.2218E-02
  5.5221E+00  4.8000E+02  1.1430E+01  9.8032E+01  7.2655E-01 -2.0468E-01 -2.6124E-02
  4.9571E+00  5.2000E+02  1.2585E+01  9.8993E+01  7.2070E-01 -3.4292E-01 -4.0883E-02
  4.4261E+00  5.6000E+02  1.3841E+01  9.9977E+01  7.1445E-01 -5.1416E-01 -5.7596E-02
  3.9248E+00  6.0000E+02  1.5201E+01  1.0097E+02  7.0772E-01 -7.2831E-01 -7.7027E-02
  3.4497E+00  6.4000E+02  1.6667E+01  1.0197E+02  7.0047E-01 -9.9342E-01 -9.9593E-02
  2.9977E+00  6.8000E+02  1.8245E+01  1.0295E+02  6.9260E-01 -1.3195E+00 -1.2581E-01
  2.5667E+00  7.2000E+02  1.9946E+01  1.0391E+02  6.8405E-01 -1.7228E+00 -1.5668E-01
  2.1545E+00  7.6000E+02  2.1787E+01  1.0483E+02  6.7466E-01 -2.2298E+00 -1.9388E-01
  1.7597E+00  8.0000E+02  2.3786E+01  1.0570E+02  6.6427E-01 -2.8550E+00 -2.3781E-01
  1.3809E+00  8.4000E+02  2.5982E+01  1.0652E+02  6.5255E-01 -3.6342E+00 -2.9047E-01
  1.0168E+00  8.8000E+02  2.8443E+01  1.0730E+02  6.3918E-01 -4.6070E+00 -3.5387E-01
  6.6623E-01  9.2000E+02  3.1257E+01  1.0805E+02  6.2400E-01 -5.8911E+00 -4.3575E-01
  3.2768E-01  9.6000E+02  3.4501E+01  1.0869E+02  6.0706E-01 -7.6900E+00 -5.4928E-01
  4.8098E-04  1.0000E+03  3.8196E+01  1.0885E+02  5.8866E-01 -1.0811E+01 -7.4631E-01
