  26  6.0000000E+00
  3.2030E+01  1.0000E-03  1.1180E+00  1.1463E+02  1.1180E+00  0.0000E+00  0.0000E+00
  2.2823E+01  4.0000E+01  1.6812E+00  1.1462E+02  1.1147E+00 -6.2416E-02 -1.2124E-01
  1.7860E+01  8.0000E+01  3.7608E+00  1.1457E+02  1.0966E+00 -4.2900E-01 -4.4922E-01
  1.5308E+01  1.2000E+02  4.4908E+00  1.1490E+02  1.0865E+00 -1.5707E-01 -8.4547E-02
  1.3488E+01  1.6000E+02  5.2359E+00  1.1565E+02  1.0779E+00 -4.3584E-04 -1.6739E-04
  1.2040E+01  2.0000E+02  6.2415E+00  1.1661E+02  1.0698E+00 -3.0762E-02 -9.3996E-03
  1.0823E+01  2.4000E+02  7.4382E+00  1.1764E+02  1.0619E+00 -1.3310E-01 -3.4158E-02
  9.7685E+00  2.8000E+02  8.7618E+00  1.1873E+02  1.0541E+00 -2.2284E-01 -4.9584E-02
  8.8340E+00  3.2000E+02  1.0182E+01  1.1985E+02  1.0463E+00 -3.1763E-01 -6.2623E-02
  7.9929E+00  3.6000E+02  1.1690E+01  1.2101E+02  1.0383E+00 -4.1957E-01 -7.4461E-02
  7.2264E+00  4.0000E+02  1.3288E+01  1.2219E+02  1.0299E+00 -5.4637E-01 -8.8358E-02
  6.5211E+00  4.4000E+02  1.4980E+01  1.2338E+02  1.0212E+00 -7.1195E-01 -1.0594E-01
  5.8671E+00  4.8000E+02  1.6763E+01  1.2456E+02  1.0120E+00 -9.2086E-01 -1.2706E-01
  5.2569E+00  5.2000E+02  1.8618E+01  1.2570E+02  1.0025E+00 -1.1641E+00 -1.4986E-01
  4.6847E+00  5.6000E+02  2.0519E+01  1.2679E+02  9.9283E-01 -1.4213E+00 -1.7157E-01
  4.1460E+00  6.0000E+02  2.2447E+01  1.2781E+02  9.8298E-01 -1.6858E+00 -1.9159E-01
  3.6371E+00  6.4000E+02  2.4402E+01  1.2876E+02  9.7292E-01 -1.9668E+00 -2.1117E-01
  3.1549E+00  6.8000E+02  2.6404E+01  1.2966E+02  9.6245E-01 -2.2942E+00 -2.3342E-01
  2.6967E+00  7.2000E+02  2.8504E+01  1.3051E+02  9.5116E-01 -2.7278E+00 -2.6371E-01
  2.2602E+00  7.6000E+02  3.0797E+01  1.3133E+02  9.3842E-01 -3.3674E+00 -3.1008E-01
  1.8435E+00  8.0000E+02  3.3446E+01  1.3216E+02  9.2325E-01 -4.3812E+00 -3.8515E-01
  1.4449E+00  8.4000E+02  3.6696E+01  1.3300E+02  9.0437E-01 -6.0275E+00 -5.0699E-01
  1.0626E+00  8.8000E+02  4.0851E+01  1.3388E+02  8.8010E-01 -8.5834E+00 -6.9222E-01
  6.9547E-01  9.2000E+02  4.6374E+01  1.3482E+02  8.4772E-01 -1.2478E+01 -9.6657E-01
  3.4180E-01  9.6000E+02  5.3740E+01  1.3585E+02  8.0482E-01 -1.7906E+01 -1.3361E+00
  6.9652E-04  1.0000E+03  6.2745E+01  1.3659E+02  7.5364E-01 -2.4237E+01 -1.7442E+00
