  26  6.0000000E+00
  3.2102E+01  1.0000E-03  1.2455E+00  1.3053E+02  1.2455E+00  0.0000E+00  0.0000E+00
  2.2934E+01  4.0000E+01  1.8652E+00  1.3037E+02  1.2421E+00 -8.4309E-02 -1.6309E-01
  1.8102E+01  8.0000E+01  3.4202E+00  1.3037E+02  1.2237E+00 -3.2324E-01 -3.2954E-01
  1.5664E+01  1.2000E+02  3.9602E+00  1.3102E+02  1.2134E+00  4.6859E-02  2.4098E-02
  1.3894E+01  1.6000E+02  4.8023E+00  1.3218E+02  1.2040E+00  1.7832E-01  6.6606E-02
  1.2457E+01  2.0000E+02  6.0977E+00  1.3361E+02  1.1948E+00  9.4300E-02  2.8585E-02
  1.1229E+01  2.4000E+02  7.8083E+00  1.3519E+02  1.1856E+00 -1.0554E-01 -2.7352E-02
  1.0148E+01  2.8000E+02  9.7850E+00  1.3678E+02  1.1760E+00 -3.6313E-01 -8.2772E-02
  9.1827E+00  3.2000E+02  1.1915E+01  1.3834E+02  1.1659E+00 -5.8249E-01 -1.1866E-01
  8.3093E+00  3.6000E+02  1.4173E+01  1.3991E+02  1.1549E+00 -7.9476E-01 -1.4645E-01
  7.5114E+00  4.0000E+02  1.6591E+01  1.4149E+02  1.1427E+00 -1.0491E+00 -1.7661E-01
  6.7763E+00  4.4000E+02  1.9199E+01  1.4307E+02  1.1291E+00 -1.3900E+00 -2.1558E-01
  6.0943E+00  4.8000E+02  2.2012E+01  1.4464E+02  1.1142E+00 -1.8332E+00 -2.6377E-01
  5.4580E+00  5.2000E+02  2.5045E+01  1.4615E+02  1.0978E+00 -2.3840E+00 -3.2003E-01
  4.8616E+00  5.6000E+02  2.8306E+01  1.4760E+02  1.0801E+00 -3.0409E+00 -3.8264E-01
  4.3004E+00  6.0000E+02  3.1801E+01  1.4896E+02  1.0610E+00 -3.8015E+00 -4.5010E-01
  3.7706E+00  6.4000E+02  3.5568E+01  1.5023E+02  1.0402E+00 -4.7077E+00 -5.2617E-01
  3.2692E+00  6.8000E+02  3.9772E+01  1.5146E+02  1.0167E+00 -5.9341E+00 -6.2777E-01
  2.7934E+00  7.2000E+02  4.4767E+01  1.5274E+02  9.8849E-01 -7.8189E+00 -7.8492E-01
  2.3406E+00  7.6000E+02  5.0909E+01  1.5412E+02  9.5379E-01 -1.0506E+01 -1.0036E+00
  1.9086E+00  8.0000E+02  5.8152E+01  1.5557E+02  9.1270E-01 -1.3408E+01 -1.2221E+00
  1.4954E+00  8.4000E+02  6.6108E+01  1.5697E+02  8.6698E-01 -1.5861E+01 -1.3829E+00
  1.0994E+00  8.8000E+02  7.4878E+01  1.5831E+02  8.1495E-01 -1.8774E+01 -1.5685E+00
  7.1936E-01  9.2000E+02  8.5243E+01  1.5979E+02  7.5065E-01 -2.3377E+01 -1.8743E+00
  3.5349E-01  9.6000E+02  9.7416E+01  1.6140E+02  6.7263E-01 -2.8888E+01 -2.2299E+00
  7.3286E-04  1.0000E+03  1.1109E+02  1.6181E+02  5.8521E-01 -3.7599E+01 -2.7983E+00
