  26  6.0000000E+00
  3.1423E+01  1.0000E-03  6.1972E-01  9.0475E+01  6.1972E-01  0.0000E+00  0.0000E+00
  2.2207E+01  4.0000E+01  1.1817E+00  9.0548E+01  6.1678E-01 -5.3034E-02 -1.0311E-01
  1.7117E+01  8.0000E+01  3.9557E+00  9.0507E+01  6.0315E-01 -5.5302E-01 -5.9390E-01
  1.4425E+01  1.2000E+02  5.1383E+00  9.0274E+01  5.9581E-01 -5.2560E-01 -2.9858E-01
  1.2536E+01  1.6000E+02  5.7342E+00  9.0062E+01  5.8993E-01 -4.2811E-01 -1.7062E-01
  1.1099E+01  2.0000E+02  5.9888E+00  9.0015E+01  5.8495E-01 -2.0933E-01 -6.3469E-02
  9.9419E+00  2.4000E+02  6.1741E+00  9.0233E+01  5.8049E-01  2.8438E-02  6.9409E-03
  8.9673E+00  2.8000E+02  6.4362E+00  9.0672E+01  5.7631E-01  1.8091E-01  3.7197E-02
  8.1172E+00  3.2000E+02  6.8608E+00  9.1301E+01  5.7222E-01  2.4004E-01  4.3050E-02
  7.3571E+00  3.6000E+02  7.4601E+00  9.2049E+01  5.6813E-01  1.9610E-01  3.1450E-02
  6.6657E+00  4.0000E+02  8.2069E+00  9.2873E+01  5.6396E-01  1.1122E-01  1.6224E-02
  6.0293E+00  4.4000E+02  9.0729E+00  9.3749E+01  5.5967E-01  1.5667E-02  2.1035E-03
  5.4383E+00  4.8000E+02  1.0041E+01  9.4667E+01  5.5521E-01 -8.3162E-02 -1.0368E-02
  4.8857E+00  5.2000E+02  1.1106E+01  9.5624E+01  5.5054E-01 -1.9748E-01 -2.3026E-02
  4.3657E+00  5.6000E+02  1.2270E+01  9.6609E+01  5.4560E-01 -3.4385E-01 -3.7720E-02
  3.8742E+00  6.0000E+02  1.3533E+01  9.7611E+01  5.4035E-01 -5.2959E-01 -5.4924E-02
  3.4076E+00  6.4000E+02  1.4894E+01  9.8618E+01  5.3472E-01 -7.5858E-01 -7.4677E-02
  2.9632E+00  6.8000E+02  1.6356E+01  9.9619E+01  5.2863E-01 -1.0382E+00 -9.7337E-02
  2.5388E+00  7.2000E+02  1.7927E+01  1.0060E+02  5.2201E-01 -1.3817E+00 -1.2371E-01
  2.1326E+00  7.6000E+02  1.9619E+01  1.0156E+02  5.1475E-01 -1.8083E+00 -1.5499E-01
  1.7429E+00  8.0000E+02  2.1451E+01  1.0248E+02  5.0671E-01 -2.3446E+00 -1.9275E-01
  1.3685E+00  8.4000E+02  2.3446E+01  1.0335E+02  4.9774E-01 -3.0036E+00 -2.3727E-01
  1.0082E+00  8.8000E+02  2.5651E+01  1.0417E+02  4.8762E-01 -3.8466E+00 -2.9244E-01
  6.6076E-01  9.2000E+02  2.8146E+01  1.0493E+02  4.7605E-01 -4.9937E+00 -3.6600E-01
  3.2507E-01  9.6000E+02  3.1057E+01  1.0558E+02  4.6270E-01 -6.7223E+00 -4.7611E-01
  4.5077E-04  1.0000E+03  3.4507E+01  1.0578E+02  4.4741E-01 -1.0016E+01 -6.8597E-01
