  26  6.0000000E+00
  3.1115E+01  1.0000E-03  5.4022E-01  9.0017E+01  5.4022E-01  0.0000E+00  0.0000E+00
  2.2009E+01  4.0000E+01  1.0663E+00  9.0075E+01  5.3746E-01 -5.1423E-02 -9.8798E-02
  1.6982E+01  8.0000E+01  3.6354E+00  9.0065E+01  5.2502E-01 -5.1301E-01 -5.4407E-01
  1.4321E+01  1.2000E+02  4.7741E+00  8.9881E+01  5.1837E-01 -4.9732E-01 -2.7920E-01
  1.2452E+01  1.6000E+02  5.3459E+00  8.9676E+01  5.1306E-01 -4.1513E-01 -1.6372E-01
  1.1031E+01  2.0000E+02  5.5686E+00  8.9647E+01  5.0857E-01 -1.7713E-01 -5.3086E-02
  9.8880E+00  2.4000E+02  5.7465E+00  8.9899E+01  5.0454E-01  6.4510E-02  1.5559E-02
  8.9236E+00  2.8000E+02  6.0132E+00  9.0362E+01  5.0074E-01  2.0295E-01  4.1295E-02
  8.0808E+00  3.2000E+02  6.4532E+00  9.1011E+01  4.9701E-01  2.4826E-01  4.4144E-02
  7.3261E+00  3.6000E+02  7.0645E+00  9.1763E+01  4.9326E-01  1.8705E-01  2.9785E-02
  6.6391E+00  4.0000E+02  7.8112E+00  9.2582E+01  4.8944E-01  1.0422E-01  1.5106E-02
  6.0066E+00  4.4000E+02  8.6646E+00  9.3449E+01  4.8551E-01  2.2253E-02  2.9694E-03
  5.4193E+00  4.8000E+02  9.6119E+00  9.4363E+01  4.8143E-01 -5.7061E-02 -7.0708E-03
  4.8699E+00  5.2000E+02  1.0656E+01  9.5322E+01  4.7718E-01 -1.5548E-01 -1.8022E-02
  4.3528E+00  5.6000E+02  1.1802E+01  9.6316E+01  4.7271E-01 -2.9392E-01 -3.2064E-02
  3.8637E+00  6.0000E+02  1.3048E+01  9.7329E+01  4.6797E-01 -4.7540E-01 -4.9057E-02
  3.3992E+00  6.4000E+02  1.4393E+01  9.8350E+01  4.6290E-01 -6.9845E-01 -6.8447E-02
  2.9566E+00  6.8000E+02  1.5837E+01  9.9365E+01  4.5743E-01 -9.6791E-01 -9.0380E-02
  2.5338E+00  7.2000E+02  1.7385E+01  1.0036E+02  4.5148E-01 -1.2956E+00 -1.1559E-01
  2.1288E+00  7.6000E+02  1.9048E+01  1.0134E+02  4.4497E-01 -1.6995E+00 -1.4521E-01
  1.7402E+00  8.0000E+02  2.0844E+01  1.0228E+02  4.3777E-01 -2.2044E+00 -1.8074E-01
  1.3666E+00  8.4000E+02  2.2796E+01  1.0317E+02  4.2975E-01 -2.8316E+00 -2.2318E-01
  1.0069E+00  8.8000E+02  2.4941E+01  1.0401E+02  4.2074E-01 -3.6318E+00 -2.7561E-01
  6.6002E-01  9.2000E+02  2.7363E+01  1.0479E+02  4.1036E-01 -4.7404E+00 -3.4693E-01
  3.2474E-01  9.6000E+02  3.0220E+01  1.0547E+02  3.9812E-01 -6.4895E+00 -4.5905E-01
  4.4445E-04  1.0000E+03  3.3666E+01  1.0573E+02  3.8377E-01 -9.8248E+00 -6.7221E-01
