  26  6.0000000E+00
  3.2057E+01  1.0000E-03  1.1585E+00  1.1945E+02  1.1585E+00  0.0000E+00  0.0000E+00
  2.2863E+01  4.0000E+01  1.7400E+00  1.1940E+02  1.1552E+00 -6.9400E-02 -1.3462E-01
  1.7939E+01  8.0000E+01  3.6489E+00  1.1936E+02  1.1370E+00 -3.9514E-01 -4.1050E-01
  1.5420E+01  1.2000E+02  4.3270E+00  1.1980E+02  1.1268E+00 -9.3405E-02 -4.9643E-02
  1.3612E+01  1.6000E+02  5.1172E+00  1.2067E+02  1.1179E+00  4.3655E-02  1.6650E-02
  1.2167E+01  2.0000E+02  6.2062E+00  1.2176E+02  1.1095E+00 -3.3051E-03 -1.0082E-03
  1.0947E+01  2.4000E+02  7.5337E+00  1.2294E+02  1.1012E+00 -1.1860E-01 -3.0520E-02
  9.8853E+00  2.8000E+02  9.0256E+00  1.2417E+02  1.0929E+00 -2.4464E-01 -5.4795E-02
  8.9421E+00  3.2000E+02  1.0632E+01  1.2543E+02  1.0845E+00 -3.6699E-01 -7.3026E-02
  8.0916E+00  3.6000E+02  1.2342E+01  1.2672E+02  1.0757E+00 -4.9277E-01 -8.8419E-02
  7.3156E+00  4.0000E+02  1.4164E+01  1.2804E+02  1.0664E+00 -6.5326E-01 -1.0695E-01
  6.6009E+00  4.4000E+02  1.6106E+01  1.2936E+02  1.0565E+00 -8.7097E-01 -1.3134E-01
  5.9376E+00  4.8000E+02  1.8159E+01  1.3065E+02  1.0461E+00 -1.1468E+00 -1.6049E-01
  5.3185E+00  5.2000E+02  2.0286E+01  1.3188E+02  1.0354E+00 -1.4542E+00 -1.8994E-01
  4.7379E+00  5.6000E+02  2.2445E+01  1.3301E+02  1.0244E+00 -1.7642E+00 -2.1608E-01
  4.1916E+00  6.0000E+02  2.4601E+01  1.3404E+02  1.0135E+00 -2.0570E+00 -2.3712E-01
  3.6757E+00  6.4000E+02  2.6742E+01  1.3498E+02  1.0024E+00 -2.3368E+00 -2.5435E-01
  3.1872E+00  6.8000E+02  2.8896E+01  1.3584E+02  9.9109E-01 -2.6531E+00 -2.7341E-01
  2.7235E+00  7.2000E+02  3.1164E+01  1.3665E+02  9.7874E-01 -3.1294E+00 -3.0614E-01
  2.2823E+00  7.6000E+02  3.3738E+01  1.3747E+02  9.6417E-01 -3.9834E+00 -3.7086E-01
  1.8613E+00  8.0000E+02  3.6931E+01  1.3834E+02  9.4564E-01 -5.5275E+00 -4.9095E-01
  1.4586E+00  8.4000E+02  4.1116E+01  1.3928E+02  9.2133E-01 -8.0565E+00 -6.8439E-01
  1.0727E+00  8.8000E+02  4.6618E+01  1.4028E+02  8.8943E-01 -1.1663E+01 -9.4968E-01
  7.0203E-01  9.2000E+02  5.3793E+01  1.4137E+02  8.4747E-01 -1.6419E+01 -1.2840E+00
  3.4502E-01  9.6000E+02  6.2894E+01  1.4255E+02  7.9390E-01 -2.2184E+01 -1.6709E+00
  7.1024E-04  1.0000E+03  7.3559E+01  1.4324E+02  7.3187E-01 -2.8968E+01 -2.1043E+00
