  26  6.0000000E+00
  3.2078E+01  1.0000E-03  1.2781E+00  1.2771E+02  1.2781E+00  0.0000E+00  0.0000E+00
  2.2946E+01  4.0000E+01  1.8792E+00  1.2757E+02  1.2747E+00 -8.0370E-02 -1.5486E-01
  1.8131E+01  8.0000E+01  3.4288E+00  1.2755E+02  1.2561E+00 -3.2674E-01 -3.3194E-01
  1.5706E+01  1.2000E+02  3.9294E+00  1.2821E+02  1.2455E+00  6.4948E-02  3.3221E-02
  1.3947E+01  1.6000E+02  4.7580E+00  1.2942E+02  1.2360E+00  2.1667E-01  8.0421E-02
  1.2513E+01  2.0000E+02  6.1111E+00  1.3093E+02  1.2266E+00  1.0898E-01  3.2971E-02
  1.1282E+01  2.4000E+02  7.9271E+00  1.3258E+02  1.2168E+00 -1.3179E-01 -3.4214E-02
  1.0198E+01  2.8000E+02  1.0063E+01  1.3426E+02  1.2063E+00 -4.2502E-01 -9.7253E-02
  9.2271E+00  3.2000E+02  1.2451E+01  1.3595E+02  1.1942E+00 -7.1346E-01 -1.4612E-01
  8.3483E+00  3.6000E+02  1.5151E+01  1.3771E+02  1.1795E+00 -1.0737E+00 -1.9908E-01
  7.5452E+00  4.0000E+02  1.8289E+01  1.3956E+02  1.1614E+00 -1.6040E+00 -2.7177E-01
  6.8057E+00  4.4000E+02  2.1965E+01  1.4150E+02  1.1392E+00 -2.3453E+00 -3.6591E-01
  6.1204E+00  4.8000E+02  2.6281E+01  1.4353E+02  1.1127E+00 -3.3283E+00 -4.8122E-01
  5.4818E+00  5.2000E+02  3.1299E+01  1.4566E+02  1.0818E+00 -4.5330E+00 -6.1074E-01
  4.8839E+00  5.6000E+02  3.7019E+01  1.4785E+02  1.0468E+00 -5.9019E+00 -7.4458E-01
  4.3215E+00  6.0000E+02  4.3397E+01  1.5009E+02  1.0079E+00 -7.3631E+00 -8.7355E-01
  3.7907E+00  6.4000E+02  5.0354E+01  1.5234E+02  9.6569E-01 -8.8519E+00 -9.9130E-01
  3.2880E+00  6.8000E+02  5.7799E+01  1.5460E+02  9.2038E-01 -1.0323E+01 -1.0949E+00
  2.8105E+00  7.2000E+02  6.5641E+01  1.5683E+02  8.7226E-01 -1.1742E+01 -1.1830E+00
  2.3557E+00  7.6000E+02  7.3777E+01  1.5904E+02  8.2165E-01 -1.3045E+01 -1.2518E+00
  1.9215E+00  8.0000E+02  8.2083E+01  1.6120E+02  7.6910E-01 -1.4149E+01 -1.2961E+00
  1.5061E+00  8.4000E+02  9.0458E+01  1.6331E+02  7.1524E-01 -1.5089E+01 -1.3225E+00
  1.1077E+00  8.8000E+02  9.8939E+01  1.6535E+02  6.6000E-01 -1.6172E+01 -1.3591E+00
  7.2503E-01  9.2000E+02  1.0778E+02  1.6735E+02  6.0164E-01 -1.7882E+01 -1.4438E+00
  3.5631E-01  9.6000E+02  1.1782E+02  1.6935E+02  5.3554E-01 -2.1777E+01 -1.6941E+00
  7.0931E-04  1.0000E+03  1.3058E+02  1.7030E+02  4.5452E-01 -3.3200E+01 -2.4909E+00
