  26  6.0000000E+00
  3.1671E+01  1.0000E-03  6.9619E-01  9.1131E+01  6.9619E-01  0.0000E+00  0.0000E+00
  2.2376E+01  4.0000E+01  1.2836E+00  9.1215E+01  6.9312E-01 -5.4136E-02 -1.0617E-01
  1.7243E+01  8.0000E+01  4.1912E+00  9.1147E+01  6.7845E-01 -5.7975E-01 -6.2789E-01
  1.4532E+01  1.2000E+02  5.3819E+00  9.0892E+01  6.7048E-01 -5.3318E-01 -3.0497E-01
  1.2631E+01  1.6000E+02  5.9952E+00  9.0715E+01  6.6410E-01 -4.1560E-01 -1.6665E-01
  1.1181E+01  2.0000E+02  6.3089E+00  9.0703E+01  6.5864E-01 -2.2482E-01 -6.8767E-02
  1.0011E+01  2.4000E+02  6.5498E+00  9.0923E+01  6.5375E-01 -1.7591E-02 -4.3423E-03
  9.0252E+00  2.8000E+02  6.8474E+00  9.1350E+01  6.4916E-01  1.3113E-01  2.7282E-02
  8.1659E+00  3.2000E+02  7.2879E+00  9.1964E+01  6.4470E-01  2.0127E-01  3.6490E-02
  7.3985E+00  3.6000E+02  7.8949E+00  9.2704E+01  6.4025E-01  1.7398E-01  2.8170E-02
  6.7012E+00  4.0000E+02  8.6517E+00  9.3528E+01  6.3573E-01  9.6186E-02  1.4151E-02
  6.0597E+00  4.4000E+02  9.5346E+00  9.4409E+01  6.3106E-01 -3.6703E-03 -4.9672E-04
  5.4642E+00  4.8000E+02  1.0526E+01  9.5331E+01  6.2621E-01 -1.1504E-01 -1.4452E-02
  4.9075E+00  5.2000E+02  1.1618E+01  9.6288E+01  6.2110E-01 -2.4333E-01 -2.8580E-02
  4.3840E+00  5.6000E+02  1.2809E+01  9.7269E+01  6.1568E-01 -4.0119E-01 -4.4314E-02
  3.8893E+00  6.0000E+02  1.4100E+01  9.8264E+01  6.0988E-01 -5.9707E-01 -6.2319E-02
  3.4199E+00  6.4000E+02  1.5490E+01  9.9262E+01  6.0364E-01 -8.3800E-01 -8.2981E-02
  2.9732E+00  6.8000E+02  1.6986E+01  1.0025E+02  5.9688E-01 -1.1338E+00 -1.0687E-01
  2.5467E+00  7.2000E+02  1.8596E+01  1.0122E+02  5.8951E-01 -1.4995E+00 -1.3492E-01
  2.1387E+00  7.6000E+02  2.0334E+01  1.0216E+02  5.8143E-01 -1.9570E+00 -1.6847E-01
  1.7475E+00  8.0000E+02  2.2220E+01  1.0306E+02  5.7247E-01 -2.5305E+00 -2.0886E-01
  1.3717E+00  8.4000E+02  2.4278E+01  1.0390E+02  5.6245E-01 -3.2326E+00 -2.5624E-01
  1.0104E+00  8.8000E+02  2.6565E+01  1.0470E+02  5.5109E-01 -4.1232E+00 -3.1437E-01
  6.6212E-01  9.2000E+02  2.9160E+01  1.0544E+02  5.3818E-01 -5.3115E+00 -3.9024E-01
  3.2570E-01  9.6000E+02  3.2153E+01  1.0607E+02  5.2361E-01 -7.0186E+00 -4.9817E-01
  4.6029E-04  1.0000E+03  3.5618E+01  1.0623E+02  5.0744E-01 -1.0190E+01 -6.9925E-01
