  26  6.0000000E+00
  3.0009E+01  1.0000E-03  1.9997E-01  8.8491E+01  1.9996E-01  0.0000E+00  0.0000E+00
  2.1334E+01  4.0000E+01  5.9576E-01  8.8501E+01  1.9816E-01 -4.4549E-02 -8.1543E-02
  1.6566E+01  8.0000E+01  2.4169E+00  8.8602E+01  1.9162E-01 -3.6078E-01 -3.6289E-01
  1.4039E+01  1.2000E+02  3.3458E+00  8.8630E+01  1.8835E-01 -3.5658E-01 -1.9013E-01
  1.2248E+01  1.6000E+02  3.8674E+00  8.8594E+01  1.8569E-01 -3.1147E-01 -1.1767E-01
  1.0882E+01  2.0000E+02  4.1341E+00  8.8734E+01  1.8336E-01 -9.2661E-02 -2.6711E-02
  9.7740E+00  2.4000E+02  4.3991E+00  8.9107E+01  1.8120E-01  9.8179E-02  2.2949E-02
  8.8314E+00  2.8000E+02  4.7839E+00  8.9656E+01  1.7909E-01  1.7331E-01  3.4465E-02
  8.0031E+00  3.2000E+02  5.3117E+00  9.0318E+01  1.7698E-01  1.6239E-01  2.8378E-02
  7.2597E+00  3.6000E+02  5.9569E+00  9.1049E+01  1.7483E-01  1.1503E-01  1.8043E-02
  6.5828E+00  4.0000E+02  6.6895E+00  9.1833E+01  1.7265E-01  7.6377E-02  1.0908E-02
  5.9598E+00  4.4000E+02  7.4963E+00  9.2677E+01  1.7043E-01  5.9516E-02  7.8218E-03
  5.3813E+00  4.8000E+02  8.3938E+00  9.3596E+01  1.6815E-01  3.7938E-02  4.6304E-03
  4.8396E+00  5.2000E+02  9.4098E+00  9.4588E+01  1.6579E-01 -4.5305E-02 -5.1782E-03
  4.3288E+00  5.6000E+02  1.0547E+01  9.5622E+01  1.6332E-01 -2.0124E-01 -2.1688E-02
  3.8447E+00  6.0000E+02  1.1792E+01  9.6675E+01  1.6070E-01 -3.9738E-01 -4.0584E-02
  3.3843E+00  6.4000E+02  1.3133E+01  9.7730E+01  1.5790E-01 -6.2043E-01 -6.0271E-02
  2.9450E+00  6.8000E+02  1.4565E+01  9.8777E+01  1.5485E-01 -8.7650E-01 -8.1234E-02
  2.5248E+00  7.2000E+02  1.6092E+01  9.9808E+01  1.5151E-01 -1.1787E+00 -1.0448E-01
  2.1221E+00  7.6000E+02  1.7720E+01  1.0081E+02  1.4782E-01 -1.5450E+00 -1.3128E-01
  1.7353E+00  8.0000E+02  1.9467E+01  1.0179E+02  1.4370E-01 -1.9991E+00 -1.6313E-01
  1.3632E+00  8.4000E+02  2.1352E+01  1.0272E+02  1.3908E-01 -2.5683E+00 -2.0162E-01
  1.0047E+00  8.8000E+02  2.3400E+01  1.0359E+02  1.3386E-01 -3.2704E+00 -2.4736E-01
  6.5882E-01  9.2000E+02  2.5713E+01  1.0442E+02  1.2770E-01 -4.2840E+00 -3.1264E-01
  3.2426E-01  9.6000E+02  2.8479E+01  1.0519E+02  1.2021E-01 -5.9784E+00 -4.2198E-01
  4.1680E-04  1.0000E+03  3.1774E+01  1.0562E+02  1.1174E-01 -8.8541E+00 -6.0496E-01
