  26  6.0000000E+00
  3.2081E+01  1.0000E-03  1.2765E+00  1.2781E+02  1.2765E+00  0.0000E+00  0.0000E+00
  2.2946E+01  4.0000E+01  1.8796E+00  1.2768E+02  1.2731E+00 -8.0804E-02 -1.5574E-01
  1.8130E+01  8.0000E+01  3.4274E+00  1.2766E+02  1.2545E+00 -3.2627E-01 -3.3150E-01
  1.5706E+01  1.2000E+02  3.9297E+00  1.2831E+02  1.2440E+00  6.4548E-02  3.3019E-02
  1.3946E+01  1.6000E+02  4.7593E+00  1.2952E+02  1.2345E+00  2.1464E-01  7.9688E-02
  1.2512E+01  2.0000E+02  6.1085E+00  1.3103E+02  1.2250E+00  1.0938E-01  3.3092E-02
  1.1282E+01  2.4000E+02  7.9216E+00  1.3268E+02  1.2153E+00 -1.2927E-01 -3.3554E-02
  1.0198E+01  2.8000E+02  1.0054E+01  1.3436E+02  1.2048E+00 -4.2304E-01 -9.6785E-02
  9.2270E+00  3.2000E+02  1.2437E+01  1.3605E+02  1.1927E+00 -7.0868E-01 -1.4511E-01
  8.3483E+00  3.6000E+02  1.5126E+01  1.3780E+02  1.1781E+00 -1.0634E+00 -1.9713E-01
  7.5454E+00  4.0000E+02  1.8244E+01  1.3965E+02  1.1601E+00 -1.5843E+00 -2.6838E-01
  6.8060E+00  4.4000E+02  2.1889E+01  1.4159E+02  1.1383E+00 -2.3139E+00 -3.6095E-01
  6.1208E+00  4.8000E+02  2.6168E+01  1.4361E+02  1.1121E+00 -3.2874E+00 -4.7528E-01
  5.4822E+00  5.2000E+02  3.1149E+01  1.4572E+02  1.0815E+00 -4.4930E+00 -6.0533E-01
  4.8842E+00  5.6000E+02  3.6847E+01  1.4791E+02  1.0466E+00 -5.8746E+00 -7.4114E-01
  4.3219E+00  6.0000E+02  4.3219E+01  1.5015E+02  1.0079E+00 -7.3524E+00 -8.7228E-01
  3.7911E+00  6.4000E+02  5.0180E+01  1.5241E+02  9.6564E-01 -8.8468E+00 -9.9072E-01
  3.2884E+00  6.8000E+02  5.7626E+01  1.5468E+02  9.2037E-01 -1.0295E+01 -1.0919E+00
  2.8108E+00  7.2000E+02  6.5442E+01  1.5693E+02  8.7252E-01 -1.1651E+01 -1.1738E+00
  2.3560E+00  7.6000E+02  7.3507E+01  1.5914E+02  8.2260E-01 -1.2877E+01 -1.2358E+00
  1.9217E+00  8.0000E+02  8.1693E+01  1.6127E+02  7.7126E-01 -1.3944E+01 -1.2778E+00
  1.5060E+00  8.4000E+02  8.9913E+01  1.6329E+02  7.1901E-01 -1.4917E+01 -1.3080E+00
  1.1075E+00  8.8000E+02  9.8242E+01  1.6520E+02  6.6531E-01 -1.6124E+01 -1.3556E+00
  7.2476E-01  9.2000E+02  1.0707E+02  1.6707E+02  6.0724E-01 -1.8180E+01 -1.4682E+00
  3.5611E-01  9.6000E+02  1.1726E+02  1.6899E+02  5.3975E-01 -2.2404E+01 -1.7425E+00
  7.2624E-04  1.0000E+03  1.2999E+02  1.7002E+02  4.5761E-01 -3.2941E+01 -2.4699E+00
