  26  6.0000000E+00
  3.1995E+01  1.0000E-03  9.3486E-01  9.8955E+01  9.3486E-01  0.0000E+00  0.0000E+00
  2.2674E+01  4.0000E+01  1.5153E+00  9.9022E+01  9.3156E-01 -5.4996E-02 -1.0816E-01
  1.7569E+01  8.0000E+01  4.1965E+00  9.8917E+01  9.1452E-01 -5.4588E-01 -5.8792E-01
  1.4906E+01  1.2000E+02  5.1354E+00  9.8832E+01  9.0512E-01 -3.8439E-01 -2.1591E-01
  1.3036E+01  1.6000E+02  5.7625E+00  9.9094E+01  8.9744E-01 -1.9522E-01 -7.7053E-02
  1.1582E+01  2.0000E+02  6.3987E+00  9.9539E+01  8.9057E-01 -1.3165E-01 -4.0376E-02
  1.0384E+01  2.4000E+02  7.0928E+00  1.0011E+02  8.8415E-01 -1.0682E-01 -2.7000E-02
  9.3600E+00  2.8000E+02  7.8449E+00  1.0076E+02  8.7800E-01 -9.0759E-02 -1.9609E-02
  8.4616E+00  3.2000E+02  8.6761E+00  1.0152E+02  8.7197E-01 -8.2017E-02 -1.5547E-02
  7.6575E+00  3.6000E+02  9.6089E+00  1.0236E+02  8.6595E-01 -1.1352E-01 -1.9258E-02
  6.9270E+00  4.0000E+02  1.0648E+01  1.0327E+02  8.5981E-01 -1.8622E-01 -2.8699E-02
  6.2559E+00  4.4000E+02  1.1788E+01  1.0421E+02  8.5346E-01 -2.8956E-01 -4.1000E-02
  5.6339E+00  4.8000E+02  1.3022E+01  1.0519E+02  8.4680E-01 -4.1791E-01 -5.4840E-02
  5.0535E+00  5.2000E+02  1.4348E+01  1.0618E+02  8.3977E-01 -5.7439E-01 -7.0340E-02
  4.5087E+00  5.6000E+02  1.5766E+01  1.0718E+02  8.3229E-01 -7.6622E-01 -8.8060E-02
  3.9951E+00  6.0000E+02  1.7281E+01  1.0818E+02  8.2432E-01 -1.0017E+00 -1.0855E-01
  3.5089E+00  6.4000E+02  1.8895E+01  1.0917E+02  8.1580E-01 -1.2886E+00 -1.3219E-01
  3.0471E+00  6.8000E+02  2.0616E+01  1.1013E+02  8.0667E-01 -1.6357E+00 -1.5937E-01
  2.6072E+00  7.2000E+02  2.2448E+01  1.1106E+02  7.9689E-01 -2.0474E+00 -1.9001E-01
  2.1871E+00  7.6000E+02  2.4407E+01  1.1195E+02  7.8631E-01 -2.5505E+00 -2.2602E-01
  1.7852E+00  8.0000E+02  2.6531E+01  1.1279E+02  7.7467E-01 -3.2009E+00 -2.7141E-01
  1.4000E+00  8.4000E+02  2.8882E+01  1.1357E+02  7.6145E-01 -4.0708E+00 -3.3084E-01
  1.0303E+00  8.8000E+02  3.1570E+01  1.1432E+02  7.4596E-01 -5.2413E+00 -4.0889E-01
  6.7470E-01  9.2000E+02  3.4780E+01  1.1508E+02  7.2735E-01 -6.9010E+00 -5.1770E-01
  3.3174E-01  9.6000E+02  3.8692E+01  1.1580E+02  7.0526E-01 -9.2959E+00 -6.7263E-01
  5.6925E-04  1.0000E+03  4.3317E+01  1.1618E+02  6.8048E-01 -1.2814E+01 -8.9532E-01
