  26  6.0000000E+00
  3.1968E+01  1.0000E-03  8.7178E-01  9.5798E+01  8.7177E-01  0.0000E+00  0.0000E+00
  2.2623E+01  4.0000E+01  1.4653E+00  9.5877E+01  8.6850E-01 -5.4999E-02 -1.0845E-01
  1.7487E+01  8.0000E+01  4.2931E+00  9.5768E+01  8.5195E-01 -5.7192E-01 -6.1965E-01
  1.4798E+01  1.2000E+02  5.3227E+00  9.5598E+01  8.4286E-01 -4.4630E-01 -2.5325E-01
  1.2912E+01  1.6000E+02  5.9364E+00  9.5707E+01  8.3548E-01 -2.6724E-01 -1.0635E-01
  1.1455E+01  2.0000E+02  6.4753E+00  9.6001E+01  8.2899E-01 -1.6837E-01 -5.1731E-02
  1.0263E+01  2.4000E+02  7.0198E+00  9.6432E+01  8.2300E-01 -9.5441E-02 -2.4007E-02
  9.2489E+00  2.8000E+02  7.6128E+00  9.6992E+01  8.1731E-01 -3.1711E-02 -6.7861E-03
  8.3615E+00  3.2000E+02  8.2974E+00  9.7677E+01  8.1176E-01 -2.7274E-04 -5.1061E-05
  7.5685E+00  3.6000E+02  9.0986E+00  9.8461E+01  8.0624E-01 -2.0973E-02 -3.5088E-03
  6.8486E+00  4.0000E+02  1.0018E+01  9.9318E+01  8.0062E-01 -8.6813E-02 -1.3187E-02
  6.1872E+00  4.4000E+02  1.1047E+01  1.0023E+02  7.9483E-01 -1.8329E-01 -2.5576E-02
  5.5741E+00  4.8000E+02  1.2176E+01  1.0117E+02  7.8876E-01 -3.0232E-01 -3.9105E-02
  5.0017E+00  5.2000E+02  1.3403E+01  1.0214E+02  7.8233E-01 -4.4650E-01 -5.3917E-02
  4.4643E+00  5.6000E+02  1.4729E+01  1.0313E+02  7.7546E-01 -6.2578E-01 -7.0953E-02
  3.9573E+00  6.0000E+02  1.6157E+01  1.0413E+02  7.6808E-01 -8.5050E-01 -9.0985E-02
  3.4769E+00  6.4000E+02  1.7693E+01  1.0512E+02  7.6014E-01 -1.1292E+00 -1.1443E-01
  3.0204E+00  6.8000E+02  1.9341E+01  1.0610E+02  7.5158E-01 -1.4706E+00 -1.4165E-01
  2.5853E+00  7.2000E+02  2.1112E+01  1.0705E+02  7.4230E-01 -1.8896E+00 -1.7348E-01
  2.1695E+00  7.6000E+02  2.3019E+01  1.0796E+02  7.3221E-01 -2.4017E+00 -2.1069E-01
  1.7714E+00  8.0000E+02  2.5091E+01  1.0881E+02  7.2104E-01 -3.0521E+00 -2.5634E-01
  1.3896E+00  8.4000E+02  2.7378E+01  1.0962E+02  7.0839E-01 -3.8836E+00 -3.1280E-01
  1.0230E+00  8.8000E+02  2.9961E+01  1.1039E+02  6.9380E-01 -4.9398E+00 -3.8213E-01
  6.7012E-01  9.2000E+02  3.2963E+01  1.1115E+02  6.7692E-01 -6.3560E+00 -4.7316E-01
  3.2955E-01  9.6000E+02  3.6485E+01  1.1183E+02  6.5773E-01 -8.3510E+00 -6.0004E-01
  5.1399E-04  1.0000E+03  4.0536E+01  1.1208E+02  6.3676E-01 -1.1544E+01 -8.0141E-01
