  25  9.5995000E+01
  2.7200E+01  2.0000E+01  1.5569E+01  2.8366E+02  1.1592E+01  0.0000E+00  0.0000E+00
  2.0073E+01  6.0000E+01  2.0105E+01  2.8416E+02  1.1080E+01 -5.6597E-01 -8.5103E-01
  1.6746E+01  1.0000E+02  2.6060E+01  2.8539E+02  1.0778E+01 -1.4207E+00 -9.9727E-01
  1.4525E+01  1.4000E+02  3.8100E+01  2.8733E+02  1.0290E+01 -4.5470E+00 -2.1312E+00
  1.2845E+01  1.8000E+02  5.1790E+01  2.8967E+02  9.6693E+00 -6.7527E+00 -2.3937E+00
  1.1489E+01  2.2000E+02  6.4501E+01  2.9344E+02  9.0262E+00 -6.5979E+00 -1.8872E+00
  1.0340E+01  2.6000E+02  7.7477E+01  2.9901E+02  8.3984E+00 -6.4490E+00 -1.5628E+00
  9.3341E+00  3.0000E+02  9.1277E+01  3.0542E+02  7.8017E+00 -7.3438E+00 -1.5590E+00
  8.4346E+00  3.4000E+02  1.0605E+02  3.1251E+02  7.2483E+00 -8.5423E+00 -1.6213E+00
  7.6186E+00  3.8000E+02  1.2159E+02  3.2003E+02  6.7564E+00 -9.8227E+00 -1.6909E+00
  6.8708E+00  4.2000E+02  1.3737E+02  3.2780E+02  6.3273E+00 -1.0711E+01 -1.6900E+00
  6.1799E+00  4.6000E+02  1.5291E+02  3.3570E+02  5.9507E+00 -1.1065E+01 -1.6130E+00
  5.5373E+00  5.0000E+02  1.6802E+02  3.4373E+02  5.6166E+00 -1.1010E+01 -1.4925E+00
  4.9363E+00  5.4000E+02  1.8270E+02  3.5190E+02  5.3179E+00 -1.0851E+01 -1.3758E+00
  4.3714E+00  5.8000E+02  1.9711E+02  3.6022E+02  5.0483E+00 -1.0766E+01 -1.2832E+00
  3.8380E+00  6.2000E+02  2.1131E+02  3.6866E+02  4.8019E+00 -1.0801E+01 -1.2155E+00
  3.3323E+00  6.6000E+02  2.2547E+02  3.7723E+02  4.5734E+00 -1.1056E+01 -1.1795E+00
  2.8514E+00  7.0000E+02  2.3960E+02  3.8578E+02  4.3582E+00 -1.1605E+01 -1.1775E+00
  2.3926E+00  7.4000E+02  2.5394E+02  3.9434E+02  4.1525E+00 -1.2584E+01 -1.2180E+00
  1.9539E+00  7.8000E+02  2.6848E+02  4.0274E+02  3.9524E+00 -1.4018E+01 -1.2976E+00
  1.5333E+00  8.2000E+02  2.8398E+02  4.1126E+02  3.7525E+00 -1.6596E+01 -1.4727E+00
  1.1293E+00  8.6000E+02  3.0107E+02  4.1962E+02  3.5375E+00 -2.1603E+01 -1.8414E+00
  7.4030E-01  9.0000E+02  3.2396E+02  4.2994E+02  3.2764E+00 -3.2301E+01 -2.6509E+00
  3.6428E-01  9.4000E+02  3.5509E+02  4.4280E+02  2.9619E+00 -4.8595E+01 -3.8551E+00
  0.0000E+00  9.8000E+02  3.8700E+02  4.5183E+02  2.6371E+00 -6.2804E+01 -4.8268E+00
