  25  9.5995000E+01
  2.7200E+01  2.0000E+01  1.5491E+01  3.7596E+02  1.1593E+01  0.0000E+00  0.0000E+00
  2.0073E+01  6.0000E+01  1.9693E+01  3.7655E+02  1.1088E+01 -5.0708E-01 -7.6247E-01
  1.6746E+01  1.0000E+02  2.2749E+01  3.7779E+02  1.0834E+01 -5.4600E-01 -3.8326E-01
  1.4525E+01  1.4000E+02  2.5578E+01  3.7937E+02  1.0642E+01 -5.6411E-01 -2.6440E-01
  1.2845E+01  1.8000E+02  2.7954E+01  3.8098E+02  1.0482E+01 -4.5507E-01 -1.6131E-01
  1.1489E+01  2.2000E+02  3.0231E+01  3.8316E+02  1.0340E+01 -7.2450E-02 -2.0723E-02
  1.0340E+01  2.6000E+02  3.3065E+01  3.8601E+02  1.0207E+01  1.6331E-02  3.9574E-03
  9.3341E+00  3.0000E+02  3.6353E+01  3.8907E+02  1.0082E+01 -2.2411E-01 -4.7576E-02
  8.4346E+00  3.4000E+02  3.9940E+01  3.9224E+02  9.9635E+00 -4.6676E-01 -8.8586E-02
  7.6186E+00  3.8000E+02  4.3697E+01  3.9539E+02  9.8499E+00 -7.3852E-01 -1.2713E-01
  6.8708E+00  4.2000E+02  4.7523E+01  3.9848E+02  9.7408E+00 -9.9195E-01 -1.5651E-01
  6.1799E+00  4.6000E+02  5.1348E+01  4.0147E+02  9.6354E+00 -1.2023E+00 -1.7525E-01
  5.5373E+00  5.0000E+02  5.5169E+01  4.0440E+02  9.5330E+00 -1.3825E+00 -1.8742E-01
  4.9363E+00  5.4000E+02  5.8993E+01  4.0729E+02  9.4330E+00 -1.5653E+00 -1.9848E-01
  4.3714E+00  5.8000E+02  6.2848E+01  4.1014E+02  9.3350E+00 -1.7746E+00 -2.1152E-01
  3.8380E+00  6.2000E+02  6.6742E+01  4.1296E+02  9.2386E+00 -2.0226E+00 -2.2762E-01
  3.3323E+00  6.6000E+02  7.0701E+01  4.1574E+02  9.1436E+00 -2.3302E+00 -2.4858E-01
  2.8514E+00  7.0000E+02  7.4705E+01  4.1845E+02  9.0499E+00 -2.6876E+00 -2.7269E-01
  2.3926E+00  7.4000E+02  7.8772E+01  4.2109E+02  8.9573E+00 -3.1027E+00 -3.0031E-01
  1.9539E+00  7.8000E+02  8.2856E+01  4.2363E+02  8.8658E+00 -3.5288E+00 -3.2665E-01
  1.5333E+00  8.2000E+02  8.7033E+01  4.2610E+02  8.7753E+00 -4.0448E+00 -3.5893E-01
  1.1293E+00  8.6000E+02  9.1179E+01  4.2844E+02  8.6858E+00 -4.4790E+00 -3.8178E-01
  7.4030E-01  9.0000E+02  9.5586E+01  4.3092E+02  8.5972E+00 -4.9530E+00 -4.0649E-01
  3.6428E-01  9.4000E+02  1.0066E+02  4.3345E+02  8.5096E+00 -6.7652E+00 -5.3669E-01
  0.0000E+00  9.8000E+02  1.0582E+02  4.3496E+02  8.4227E+00 -1.0011E+01 -7.6942E-01
