  25  9.5995000E+01
  2.5668E+01  2.0000E+01  1.5259E+01  2.5144E+02  1.1571E+01  0.0000E+00  0.0000E+00
  1.8788E+01  6.0000E+01  1.9530E+01  2.5313E+02  1.0994E+01 -3.7488E-01 -5.4414E-01
  1.5558E+01  1.0000E+02  2.2540E+01  2.5472E+02  1.0708E+01 -4.4227E-01 -3.0141E-01
  1.3411E+01  1.4000E+02  2.4853E+01  2.5615E+02  1.0500E+01 -4.0898E-01 -1.8518E-01
  1.1795E+01  1.8000E+02  2.6853E+01  2.5760E+02  1.0330E+01 -3.4321E-01 -1.1708E-01
  1.0492E+01  2.2000E+02  2.8686E+01  2.5902E+02  1.0181E+01 -3.1297E-01 -8.6039E-02
  9.3972E+00  2.6000E+02  3.0484E+01  2.6048E+02  1.0045E+01 -3.0871E-01 -7.1278E-02
  8.4518E+00  3.0000E+02  3.2336E+01  2.6194E+02  9.9179E+00 -4.1276E-01 -8.2338E-02
  7.6182E+00  3.4000E+02  3.4278E+01  2.6344E+02  9.7964E+00 -5.2870E-01 -9.2979E-02
  6.8713E+00  3.8000E+02  3.6382E+01  2.6509E+02  9.6790E+00 -6.1409E-01 -9.6763E-02
  6.1928E+00  4.2000E+02  3.8728E+01  2.6692E+02  9.5641E+00 -7.6557E-01 -1.0960E-01
  5.5691E+00  4.6000E+02  4.1315E+01  2.6887E+02  9.4505E+00 -1.0242E+00 -1.3476E-01
  4.9909E+00  5.0000E+02  4.4118E+01  2.7089E+02  9.3372E+00 -1.3426E+00 -1.6379E-01
  4.4512E+00  5.4000E+02  4.7082E+01  2.7296E+02  9.2232E+00 -1.6589E+00 -1.8890E-01
  3.9447E+00  5.8000E+02  5.0177E+01  2.7510E+02  9.1082E+00 -1.8827E+00 -2.0121E-01
  3.4667E+00  6.2000E+02  5.3488E+01  2.7740E+02  8.9919E+00 -2.1198E+00 -2.1373E-01
  3.0134E+00  6.6000E+02  5.7109E+01  2.7985E+02  8.8738E+00 -2.5869E+00 -2.4741E-01
  2.5814E+00  7.0000E+02  6.1071E+01  2.8237E+02  8.7534E+00 -3.3332E+00 -3.0379E-01
  2.1683E+00  7.4000E+02  6.5359E+01  2.8488E+02  8.6301E+00 -4.3000E+00 -3.7481E-01
  1.7721E+00  7.8000E+02  6.9940E+01  2.8732E+02  8.5040E+00 -5.4115E+00 -4.5234E-01
  1.3914E+00  8.2000E+02  7.4776E+01  2.8963E+02  8.3755E+00 -6.6186E+00 -5.3163E-01
  1.0249E+00  8.6000E+02  7.9831E+01  2.9179E+02  8.2456E+00 -7.9225E+00 -6.1259E-01
  6.7159E-01  9.0000E+02  8.5081E+01  2.9374E+02  8.1143E+00 -9.3278E+00 -6.9528E-01
  3.3043E-01  9.4000E+02  9.0734E+01  2.9555E+02  7.9799E+00 -1.1253E+01 -8.0995E-01
  0.0000E+00  9.8000E+02  9.6982E+01  2.9684E+02  7.8448E+00 -1.5034E+01 -1.0481E+00
