  25  9.5995000E+01
  2.6511E+01  2.0000E+01  1.5953E+01  2.7073E+02  1.1553E+01  0.0000E+00  0.0000E+00
  1.9431E+01  6.0000E+01  2.1007E+01  2.7276E+02  1.0981E+01 -4.2702E-01 -6.3782E-01
  1.6099E+01  1.0000E+02  2.4603E+01  2.7463E+02  1.0699E+01 -5.1868E-01 -3.6464E-01
  1.3873E+01  1.4000E+02  2.7712E+01  2.7645E+02  1.0492E+01 -5.7947E-01 -2.7211E-01
  1.2187E+01  1.8000E+02  3.0552E+01  2.7810E+02  1.0320E+01 -7.0392E-01 -2.5039E-01
  1.0827E+01  2.2000E+02  3.3094E+01  2.7952E+02  1.0169E+01 -8.2056E-01 -2.3551E-01
  9.6867E+00  2.6000E+02  3.5374E+01  2.8081E+02  1.0031E+01 -8.7513E-01 -2.1056E-01
  8.7049E+00  3.0000E+02  3.7500E+01  2.8210E+02  9.9019E+00 -8.4722E-01 -1.7548E-01
  7.8422E+00  3.4000E+02  3.9626E+01  2.8356E+02  9.7785E+00 -7.7395E-01 -1.4088E-01
  7.0705E+00  3.8000E+02  4.1978E+01  2.8531E+02  9.6583E+00 -7.7540E-01 -1.2623E-01
  6.3698E+00  4.2000E+02  4.4730E+01  2.8735E+02  9.5392E+00 -1.0151E+00 -1.5007E-01
  5.7257E+00  4.6000E+02  4.7899E+01  2.8957E+02  9.4191E+00 -1.4834E+00 -2.0160E-01
  5.1281E+00  5.0000E+02  5.1421E+01  2.9186E+02  9.2964E+00 -2.0521E+00 -2.5871E-01
  4.5699E+00  5.4000E+02  5.5223E+01  2.9419E+02  9.1705E+00 -2.6464E+00 -3.1163E-01
  4.0458E+00  5.8000E+02  5.9237E+01  2.9651E+02  9.0413E+00 -3.2289E+00 -3.5708E-01
  3.5514E+00  6.2000E+02  6.3417E+01  2.9883E+02  8.9092E+00 -3.7672E+00 -3.9296E-01
  3.0832E+00  6.6000E+02  6.7780E+01  3.0117E+02  8.7751E+00 -4.3088E+00 -4.2563E-01
  2.6381E+00  7.0000E+02  7.2361E+01  3.0355E+02  8.6397E+00 -4.9494E+00 -4.6474E-01
  2.2136E+00  7.4000E+02  7.7174E+01  3.0593E+02  8.5039E+00 -5.7340E+00 -5.1355E-01
  1.8075E+00  7.8000E+02  8.2214E+01  3.0826E+02  8.3682E+00 -6.6672E+00 -5.7124E-01
  1.4180E+00  8.2000E+02  8.7464E+01  3.1049E+02  8.2329E+00 -7.7467E+00 -6.3654E-01
  1.0438E+00  8.6000E+02  9.2896E+01  3.1257E+02  8.0979E+00 -8.9669E+00 -7.0804E-01
  6.8355E-01  9.0000E+02  9.8483E+01  3.1447E+02  7.9622E+00 -1.0245E+01 -7.7866E-01
  3.3611E-01  9.4000E+02  1.0445E+02  3.1626E+02  7.8245E+00 -1.1993E+01 -8.7907E-01
  0.0000E+00  9.8000E+02  1.1098E+02  3.1751E+02  7.6860E+00 -1.5744E+01 -1.1164E+00
