  25  6.0000000E+00
  2.7430E+01  2.0000E+01  1.5027E+00  1.3350E+02  1.2334E+00  0.0000E+00  0.0000E+00
  1.9635E+01  6.0000E+01  2.0185E+00  1.3353E+02  1.2291E+00 -6.2468E-02 -1.0274E-01
  1.6636E+01  1.0000E+02  2.2280E+00  1.3377E+02  1.2254E+00  1.0880E-02  6.8824E-03
  1.4629E+01  1.4000E+02  2.4643E+00  1.3422E+02  1.2216E+00  1.0503E-01  4.4481E-02
  1.3066E+01  1.8000E+02  2.8640E+00  1.3480E+02  1.2174E+00  1.1858E-01  3.9113E-02
  1.1757E+01  2.2000E+02  3.4758E+00  1.3549E+02  1.2127E+00  5.5553E-02  1.5335E-02
  1.0619E+01  2.6000E+02  4.2982E+00  1.3622E+02  1.2075E+00 -8.1731E-02 -1.9626E-02
  9.6099E+00  3.0000E+02  5.3004E+00  1.3698E+02  1.2015E+00 -2.3746E-01 -5.0559E-02
  8.7028E+00  3.4000E+02  6.4787E+00  1.3779E+02  1.1945E+00 -4.0734E-01 -7.7955E-02
  7.8784E+00  3.8000E+02  7.8636E+00  1.3866E+02  1.1862E+00 -6.1898E-01 -1.0766E-01
  7.1219E+00  4.2000E+02  9.5034E+00  1.3961E+02  1.1763E+00 -9.1821E-01 -1.4655E-01
  6.4221E+00  4.6000E+02  1.1429E+01  1.4060E+02  1.1648E+00 -1.3334E+00 -1.9687E-01
  5.7704E+00  5.0000E+02  1.3659E+01  1.4161E+02  1.1515E+00 -1.8767E+00 -2.5802E-01
  5.1605E+00  5.4000E+02  1.6192E+01  1.4259E+02  1.1368E+00 -2.5337E+00 -3.2604E-01
  4.5873E+00  5.8000E+02  1.8985E+01  1.4353E+02  1.1207E+00 -3.2462E+00 -3.9257E-01
  4.0469E+00  6.2000E+02  2.2006E+01  1.4439E+02  1.1036E+00 -3.9966E+00 -4.5566E-01
  3.5362E+00  6.6000E+02  2.5369E+01  1.4521E+02  1.0846E+00 -4.9682E+00 -5.3535E-01
  3.0523E+00  7.0000E+02  2.9452E+01  1.4609E+02  1.0615E+00 -6.6189E+00 -6.7569E-01
  2.5925E+00  7.4000E+02  3.4725E+01  1.4710E+02  1.0321E+00 -9.2846E+00 -9.0058E-01
  2.1543E+00  7.8000E+02  4.1303E+01  1.4819E+02  9.9554E-01 -1.2516E+01 -1.1572E+00
  1.7355E+00  8.2000E+02  4.8847E+01  1.4927E+02  9.5334E-01 -1.5434E+01 -1.3638E+00
  1.3344E+00  8.6000E+02  5.7076E+01  1.5025E+02  9.0642E-01 -1.8076E+01 -1.5297E+00
  9.4978E-01  9.0000E+02  6.6940E+01  1.5122E+02  8.4811E-01 -2.3128E+01 -1.8768E+00
  5.8030E-01  9.4000E+02  7.9099E+01  1.5221E+02  7.7263E-01 -3.0236E+01 -2.3570E+00
  2.2381E-01  9.8000E+02  9.2753E+01  1.5235E+02  6.8491E-01 -3.7901E+01 -2.8506E+00
