  25  6.0000000E+00
  2.7145E+01  2.0000E+01  1.1159E+00  9.9217E+01  8.7049E-01  0.0000E+00  0.0000E+00
  1.9156E+01  6.0000E+01  1.8065E+00  9.9253E+01  8.6657E-01 -8.1862E-02 -1.3797E-01
  1.5842E+01  1.0000E+02  2.3354E+00  9.9213E+01  8.6304E-01 -1.7187E-01 -1.2020E-01
  1.3668E+01  1.4000E+02  2.6862E+00  9.9268E+01  8.5960E-01 -1.3576E-01 -6.2261E-02
  1.2061E+01  1.8000E+02  2.9722E+00  9.9433E+01  8.5620E-01 -7.5528E-02 -2.5600E-02
  1.0780E+01  2.2000E+02  3.2603E+00  9.9682E+01  8.5278E-01 -3.0064E-02 -8.1281E-03
  9.7072E+00  2.6000E+02  3.5770E+00  1.0000E+02  8.4930E-01  3.2179E-03  7.2827E-04
  8.7786E+00  3.0000E+02  3.9418E+00  1.0039E+02  8.4577E-01  1.9758E-02  3.8711E-03
  7.9542E+00  3.4000E+02  4.3728E+00  1.0082E+02  8.4216E-01  3.7727E-03  6.5613E-04
  7.2090E+00  3.8000E+02  4.8794E+00  1.0129E+02  8.3842E-01 -4.7071E-02 -7.4007E-03
  6.5266E+00  4.2000E+02  5.4626E+00  1.0179E+02  8.3449E-01 -1.2401E-01 -1.7856E-02
  5.8956E+00  4.6000E+02  6.1222E+00  1.0231E+02  8.3032E-01 -2.2053E-01 -2.9357E-02
  5.3079E+00  5.0000E+02  6.8606E+00  1.0285E+02  8.2583E-01 -3.3820E-01 -4.1935E-02
  4.7572E+00  5.4000E+02  7.6839E+00  1.0341E+02  8.2092E-01 -4.8522E-01 -5.6381E-02
  4.2384E+00  5.8000E+02  8.6016E+00  1.0397E+02  8.1551E-01 -6.7256E-01 -7.3608E-02
  3.7477E+00  6.2000E+02  9.6248E+00  1.0455E+02  8.0953E-01 -9.1214E-01 -9.4429E-02
  3.2819E+00  6.6000E+02  1.0767E+01  1.0513E+02  8.0290E-01 -1.2174E+00 -1.1964E-01
  2.8384E+00  7.0000E+02  1.2045E+01  1.0569E+02  7.9552E-01 -1.6050E+00 -1.5019E-01
  2.4150E+00  7.4000E+02  1.3481E+01  1.0624E+02  7.8726E-01 -2.1001E+00 -1.8761E-01
  2.0099E+00  7.8000E+02  1.5106E+01  1.0676E+02  7.7795E-01 -2.7292E+00 -2.3325E-01
  1.6217E+00  8.2000E+02  1.6976E+01  1.0724E+02  7.6721E-01 -3.5716E+00 -2.9254E-01
  1.2491E+00  8.6000E+02  1.9178E+01  1.0769E+02  7.5452E-01 -4.7039E+00 -3.6973E-01
  8.9105E-01  9.0000E+02  2.1812E+01  1.0810E+02  7.3941E-01 -6.2071E+00 -4.6890E-01
  5.4610E-01  9.4000E+02  2.4974E+01  1.0842E+02  7.2162E-01 -8.2471E+00 -6.0021E-01
  2.1268E-01  9.8000E+02  2.8694E+01  1.0846E+02  7.0139E-01 -1.1035E+01 -7.7627E-01
