  25  6.0000000E+00
  2.7417E+01  2.0000E+01  1.4873E+00  1.3191E+02  1.2211E+00  0.0000E+00  0.0000E+00
  1.9613E+01  6.0000E+01  2.0109E+00  1.3194E+02  1.2169E+00 -6.3194E-02 -1.0404E-01
  1.6598E+01  1.0000E+02  2.2338E+00  1.3217E+02  1.2131E+00  2.0101E-03  1.2788E-03
  1.4584E+01  1.4000E+02  2.4723E+00  1.3260E+02  1.2093E+00  9.6109E-02  4.0837E-02
  1.3019E+01  1.8000E+02  2.8666E+00  1.3317E+02  1.2052E+00  1.1119E-01  3.6701E-02
  1.1712E+01  2.2000E+02  3.4640E+00  1.3383E+02  1.2005E+00  5.0762E-02  1.3999E-02
  1.0577E+01  2.6000E+02  4.2617E+00  1.3454E+02  1.1954E+00 -7.8725E-02 -1.8858E-02
  9.5712E+00  3.0000E+02  5.2283E+00  1.3528E+02  1.1895E+00 -2.2356E-01 -4.7433E-02
  8.6679E+00  3.4000E+02  6.3578E+00  1.3607E+02  1.1828E+00 -3.7802E-01 -7.2041E-02
  7.8473E+00  3.8000E+02  7.6737E+00  1.3692E+02  1.1748E+00 -5.6797E-01 -9.8343E-02
  7.0942E+00  4.2000E+02  9.2160E+00  1.3784E+02  1.1655E+00 -8.3513E-01 -1.3268E-01
  6.3975E+00  4.6000E+02  1.1021E+01  1.3879E+02  1.1547E+00 -1.2154E+00 -1.7866E-01
  5.7485E+00  5.0000E+02  1.3095E+01  1.3976E+02  1.1424E+00 -1.7110E+00 -2.3427E-01
  5.1409E+00  5.4000E+02  1.5416E+01  1.4069E+02  1.1289E+00 -2.2889E+00 -2.9342E-01
  4.5698E+00  5.8000E+02  1.7918E+01  1.4155E+02  1.1147E+00 -2.8792E+00 -3.4694E-01
  4.0313E+00  6.2000E+02  2.0549E+01  1.4232E+02  1.0998E+00 -3.4568E+00 -3.9273E-01
  3.5223E+00  6.6000E+02  2.3393E+01  1.4303E+02  1.0838E+00 -4.1793E+00 -4.4875E-01
  3.0403E+00  7.0000E+02  2.6787E+01  1.4378E+02  1.0645E+00 -5.4816E+00 -5.5749E-01
  2.5824E+00  7.4000E+02  3.1229E+01  1.4465E+02  1.0395E+00 -7.8079E+00 -7.5433E-01
  2.1460E+00  7.8000E+02  3.6982E+01  1.4562E+02  1.0075E+00 -1.0961E+01 -1.0092E+00
  1.7289E+00  8.2000E+02  4.3894E+01  1.4661E+02  9.6910E-01 -1.4198E+01 -1.2492E+00
  1.3295E+00  8.6000E+02  5.1826E+01  1.4755E+02  9.2441E-01 -1.7499E+01 -1.4746E+00
  9.4646E-01  9.0000E+02  6.1508E+01  1.4849E+02  8.6817E-01 -2.2829E+01 -1.8451E+00
  5.7834E-01  9.4000E+02  7.3314E+01  1.4938E+02  7.9639E-01 -2.9644E+01 -2.3024E+00
  2.2317E-01  9.8000E+02  8.6605E+01  1.4947E+02  7.1271E-01 -3.7183E+01 -2.7863E+00
