  25  6.0000000E+00
  2.7377E+01  2.0000E+01  1.4482E+00  1.2793E+02  1.1920E+00  0.0000E+00  0.0000E+00
  1.9564E+01  6.0000E+01  1.9883E+00  1.2797E+02  1.1878E+00 -6.4093E-02 -1.0564E-01
  1.6506E+01  1.0000E+02  2.2497E+00  1.2816E+02  1.1841E+00 -2.0901E-02 -1.3485E-02
  1.4474E+01  1.4000E+02  2.4985E+00  1.2856E+02  1.1803E+00  7.1439E-02  3.0637E-02
  1.2904E+01  1.8000E+02  2.8854E+00  1.2908E+02  1.1762E+00  8.8206E-02  2.9213E-02
  1.1598E+01  2.2000E+02  3.4505E+00  1.2969E+02  1.1718E+00  3.2491E-02  8.9514E-03
  1.0469E+01  2.6000E+02  4.1842E+00  1.3034E+02  1.1668E+00 -7.2423E-02 -1.7247E-02
  9.4723E+00  3.0000E+02  5.0581E+00  1.3103E+02  1.1614E+00 -1.9207E-01 -4.0403E-02
  8.5782E+00  3.4000E+02  6.0601E+00  1.3175E+02  1.1553E+00 -3.1550E-01 -5.9512E-02
  7.7664E+00  3.8000E+02  7.2030E+00  1.3251E+02  1.1484E+00 -4.6608E-01 -7.9827E-02
  7.0216E+00  4.2000E+02  8.5142E+00  1.3332E+02  1.1406E+00 -6.7781E-01 -1.0652E-01
  6.3323E+00  4.6000E+02  1.0017E+01  1.3415E+02  1.1317E+00 -9.7488E-01 -1.4176E-01
  5.6904E+00  5.0000E+02  1.1704E+01  1.3497E+02  1.1219E+00 -1.3441E+00 -1.8205E-01
  5.0894E+00  5.4000E+02  1.3537E+01  1.3575E+02  1.1113E+00 -1.7491E+00 -2.2177E-01
  4.5246E+00  5.8000E+02  1.5462E+01  1.3647E+02  1.1004E+00 -2.1411E+00 -2.5511E-01
  3.9923E+00  6.2000E+02  1.7447E+01  1.3712E+02  1.0892E+00 -2.5134E+00 -2.8231E-01
  3.4891E+00  6.6000E+02  1.9557E+01  1.3772E+02  1.0773E+00 -2.9887E+00 -3.1728E-01
  3.0123E+00  7.0000E+02  2.2034E+01  1.3835E+02  1.0630E+00 -3.8799E+00 -3.9031E-01
  2.5591E+00  7.4000E+02  2.5296E+01  1.3906E+02  1.0443E+00 -5.6225E+00 -5.3751E-01
  2.1272E+00  7.8000E+02  2.9756E+01  1.3988E+02  1.0190E+00 -8.4235E+00 -7.6766E-01
  1.7142E+00  8.2000E+02  3.5572E+01  1.4077E+02  9.8657E-01 -1.1949E+01 -1.0410E+00
  1.3186E+00  8.6000E+02  4.2731E+01  1.4164E+02  9.4664E-01 -1.5897E+01 -1.3270E+00
  9.3891E-01  9.0000E+02  5.1467E+01  1.4247E+02  8.9695E-01 -2.0817E+01 -1.6675E+00
  5.7395E-01  9.4000E+02  6.1969E+01  1.4321E+02  8.3507E-01 -2.6755E+01 -2.0601E+00
  2.2176E-01  9.8000E+02  7.4029E+01  1.4323E+02  7.6209E-01 -3.4174E+01 -2.5393E+00
