  25  6.0000000E+00
  2.7467E+01  2.0000E+01  1.5392E+00  1.3224E+02  1.2674E+00  0.0000E+00  0.0000E+00
  1.9686E+01  6.0000E+01  2.0459E+00  1.3227E+02  1.2631E+00 -6.2095E-02 -1.0193E-01
  1.6719E+01  1.0000E+02  2.2304E+00  1.3252E+02  1.2594E+00  2.4453E-02  1.5310E-02
  1.4728E+01  1.4000E+02  2.4600E+00  1.3300E+02  1.2555E+00  1.2335E-01  5.1816E-02
  1.3165E+01  1.8000E+02  2.8759E+00  1.3361E+02  1.2512E+00  1.2490E-01  4.1173E-02
  1.1854E+01  2.2000E+02  3.5198E+00  1.3433E+02  1.2463E+00  5.6102E-02  1.5519E-02
  1.0710E+01  2.6000E+02  4.4059E+00  1.3510E+02  1.2407E+00 -9.9908E-02 -2.4113E-02
  9.6934E+00  3.0000E+02  5.5280E+00  1.3592E+02  1.2339E+00 -2.9523E-01 -6.3341E-02
  8.7775E+00  3.4000E+02  6.9314E+00  1.3682E+02  1.2254E+00 -5.5060E-01 -1.0639E-01
  7.9440E+00  3.8000E+02  8.7233E+00  1.3783E+02  1.2141E+00 -9.3656E-01 -1.6470E-01
  7.1790E+00  4.2000E+02  1.1043E+01  1.3897E+02  1.1994E+00 -1.5366E+00 -2.4801E-01
  6.4719E+00  4.6000E+02  1.4016E+01  1.4025E+02  1.1806E+00 -2.4011E+00 -3.5819E-01
  5.8145E+00  5.0000E+02  1.7809E+01  1.4167E+02  1.1569E+00 -3.6074E+00 -5.0031E-01
  5.2003E+00  5.4000E+02  2.2548E+01  1.4324E+02  1.1278E+00 -5.1586E+00 -6.6848E-01
  4.6239E+00  5.8000E+02  2.8264E+01  1.4494E+02  1.0932E+00 -6.9628E+00 -8.4681E-01
  4.0807E+00  6.2000E+02  3.4870E+01  1.4674E+02  1.0536E+00 -8.8532E+00 -1.0146E+00
  3.5671E+00  6.6000E+02  4.2209E+01  1.4859E+02  1.0097E+00 -1.0682E+01 -1.1576E+00
  3.0799E+00  7.0000E+02  5.0100E+01  1.5046E+02  9.6210E-01 -1.2367E+01 -1.2713E+00
  2.6164E+00  7.4000E+02  5.8369E+01  1.5230E+02  9.1163E-01 -1.3871E+01 -1.3564E+00
  2.1744E+00  7.8000E+02  6.6849E+01  1.5407E+02  8.5901E-01 -1.5188E+01 -1.4165E+00
  1.7518E+00  8.2000E+02  7.5401E+01  1.5571E+02  8.0503E-01 -1.6359E+01 -1.4585E+00
  1.3470E+00  8.6000E+02  8.3957E+01  1.5716E+02  7.5008E-01 -1.7550E+01 -1.4989E+00
  9.5851E-01  9.0000E+02  9.2654E+01  1.5837E+02  6.9324E-01 -1.9274E+01 -1.5799E+00
  5.8507E-01  9.4000E+02  1.0225E+02  1.5932E+02  6.2884E-01 -2.3140E+01 -1.8232E+00
  2.2521E-01  9.8000E+02  1.1403E+02  1.5951E+02  5.4802E-01 -3.2229E+01 -2.4469E+00
