  25  6.0000000E+00
  2.7399E+01  2.0000E+01  1.4693E+00  1.3001E+02  1.2073E+00  0.0000E+00  0.0000E+00
  1.9589E+01  6.0000E+01  2.0012E+00  1.3004E+02  1.2031E+00 -6.3813E-02 -1.0515E-01
  1.6554E+01  1.0000E+02  2.2410E+00  1.3026E+02  1.1994E+00 -8.5134E-03 -5.4515E-03
  1.4532E+01  1.4000E+02  2.4836E+00  1.3067E+02  1.1956E+00  8.5090E-02  3.6304E-02
  1.2965E+01  1.8000E+02  2.8737E+00  1.3122E+02  1.1914E+00  1.0087E-01  3.3340E-02
  1.1659E+01  2.2000E+02  3.4552E+00  1.3186E+02  1.1869E+00  4.3321E-02  1.1939E-02
  1.0527E+01  2.6000E+02  4.2231E+00  1.3254E+02  1.1818E+00 -7.5217E-02 -1.7966E-02
  9.5252E+00  3.0000E+02  5.1470E+00  1.3326E+02  1.1761E+00 -2.0873E-01 -4.4109E-02
  8.6263E+00  3.4000E+02  6.2164E+00  1.3401E+02  1.1697E+00 -3.4722E-01 -6.5852E-02
  7.8099E+00  3.8000E+02  7.4492E+00  1.3483E+02  1.1622E+00 -5.1569E-01 -8.8829E-02
  7.0607E+00  4.2000E+02  8.8803E+00  1.3569E+02  1.1536E+00 -7.5425E-01 -1.1921E-01
  6.3675E+00  4.6000E+02  1.0544E+01  1.3659E+02  1.1437E+00 -1.0970E+00 -1.6045E-01
  5.7217E+00  5.0000E+02  1.2434E+01  1.3749E+02  1.1326E+00 -1.5337E+00 -2.0896E-01
  5.1170E+00  5.4000E+02  1.4519E+01  1.3835E+02  1.1205E+00 -2.0280E+00 -2.5871E-01
  4.5487E+00  5.8000E+02  1.6732E+01  1.3914E+02  1.1079E+00 -2.5150E+00 -3.0157E-01
  4.0129E+00  6.2000E+02  1.9024E+01  1.3984E+02  1.0950E+00 -2.9731E+00 -3.3611E-01
  3.5065E+00  6.6000E+02  2.1465E+01  1.4048E+02  1.0812E+00 -3.5434E+00 -3.7857E-01
  3.0268E+00  7.0000E+02  2.4351E+01  1.4116E+02  1.0647E+00 -4.6124E+00 -4.6677E-01
  2.5711E+00  7.4000E+02  2.8160E+01  1.4193E+02  1.0431E+00 -6.6506E+00 -6.3937E-01
  2.1369E+00  7.8000E+02  3.3244E+01  1.4282E+02  1.0146E+00 -9.6626E+00 -8.8532E-01
  1.7218E+00  8.2000E+02  3.9612E+01  1.4376E+02  9.7917E-01 -1.3096E+01 -1.1468E+00
  1.3243E+00  8.6000E+02  4.7231E+01  1.4467E+02  9.3651E-01 -1.6864E+01 -1.4145E+00
  9.4283E-01  9.0000E+02  5.6559E+01  1.4557E+02  8.8293E-01 -2.2104E+01 -1.7788E+00
  5.7622E-01  9.4000E+02  6.7775E+01  1.4638E+02  8.1581E-01 -2.8375E+01 -2.1947E+00
  2.2249E-01  9.8000E+02  8.0484E+01  1.4643E+02  7.3732E-01 -3.5791E+01 -2.6711E+00
