  25  6.0000000E+00
  2.5586E+01  2.0000E+01  4.0316E-01  9.0588E+01  2.4295E-01  0.0000E+00  0.0000E+00
  1.8167E+01  6.0000E+01  8.2584E-01  9.0649E+01  2.4082E-01 -4.8749E-02 -7.6307E-02
  1.5081E+01  1.0000E+02  1.1966E+00  9.0699E+01  2.3894E-01 -1.0401E-01 -6.7706E-02
  1.3006E+01  1.4000E+02  1.5048E+00  9.0742E+01  2.3705E-01 -1.2767E-01 -5.5907E-02
  1.1483E+01  1.8000E+02  1.7056E+00  9.0859E+01  2.3525E-01 -5.5153E-02 -1.7715E-02
  1.0284E+01  2.2000E+02  1.8738E+00  9.1079E+01  2.3351E-01  4.2723E-02  1.0814E-02
  9.2803E+00  2.6000E+02  2.0755E+00  9.1374E+01  2.3179E-01  9.3826E-02  1.9859E-02
  8.4081E+00  3.0000E+02  2.3354E+00  9.1724E+01  2.3008E-01  1.0297E-01  1.8946E-02
  7.6309E+00  3.4000E+02  2.6576E+00  9.2112E+01  2.2837E-01  8.3901E-02  1.3759E-02
  6.9269E+00  3.8000E+02  3.0359E+00  9.2528E+01  2.2666E-01  5.4818E-02  8.1415E-03
  6.2821E+00  4.2000E+02  3.4636E+00  9.2975E+01  2.2493E-01  2.8758E-02  3.9124E-03
  5.6858E+00  4.6000E+02  3.9418E+00  9.3454E+01  2.2319E-01  1.5464E-03  1.9454E-04
  5.1296E+00  5.0000E+02  4.4806E+00  9.3965E+01  2.2140E-01 -4.8826E-02 -5.7295E-03
  4.6069E+00  5.4000E+02  5.0899E+00  9.4502E+01  2.1955E-01 -1.3978E-01 -1.5416E-02
  4.1127E+00  5.8000E+02  5.7751E+00  9.5053E+01  2.1760E-01 -2.7149E-01 -2.8309E-02
  3.6433E+00  6.2000E+02  6.5384E+00  9.5610E+01  2.1550E-01 -4.3880E-01 -4.3449E-02
  3.1961E+00  6.6000E+02  7.3829E+00  9.6168E+01  2.1318E-01 -6.4103E-01 -6.0479E-02
  2.7689E+00  7.0000E+02  8.3157E+00  9.6721E+01  2.1056E-01 -8.8768E-01 -8.0016E-02
  2.3598E+00  7.4000E+02  9.3495E+00  9.7266E+01  2.0757E-01 -1.1963E+00 -1.0327E-01
  1.9672E+00  7.8000E+02  1.0503E+01  9.7794E+01  2.0410E-01 -1.5922E+00 -1.3189E-01
  1.5898E+00  8.2000E+02  1.1803E+01  9.8298E+01  2.0005E-01 -2.1102E+00 -1.6802E-01
  1.2264E+00  8.6000E+02  1.3283E+01  9.8764E+01  1.9527E-01 -2.7914E+00 -2.1399E-01
  8.7606E-01  9.0000E+02  1.4993E+01  9.9174E+01  1.8958E-01 -3.7099E+00 -2.7421E-01
  5.3776E-01  9.4000E+02  1.7118E+01  9.9503E+01  1.8223E-01 -5.3072E+00 -3.7879E-01
  2.1013E-01  9.8000E+02  1.9804E+01  9.9600E+01  1.7302E-01 -7.9022E+00 -5.4623E-01
