  25  6.0000000E+00
  2.7468E+01  2.0000E+01  1.5431E+00  1.3173E+02  1.2721E+00  0.0000E+00  0.0000E+00
  1.9691E+01  6.0000E+01  2.0489E+00  1.3175E+02  1.2678E+00 -6.1980E-02 -1.0170E-01
  1.6725E+01  1.0000E+02  2.2327E+00  1.3201E+02  1.2640E+00  2.4638E-02  1.5418E-02
  1.4735E+01  1.4000E+02  2.4608E+00  1.3248E+02  1.2601E+00  1.2455E-01  5.2278E-02
  1.3174E+01  1.8000E+02  2.8770E+00  1.3310E+02  1.2558E+00  1.2647E-01  4.1671E-02
  1.1862E+01  2.2000E+02  3.5270E+00  1.3382E+02  1.2509E+00  5.4015E-02  1.4948E-02
  1.0717E+01  2.6000E+02  4.4275E+00  1.3459E+02  1.2452E+00 -1.0757E-01 -2.5988E-02
  9.6987E+00  3.0000E+02  5.5803E+00  1.3543E+02  1.2381E+00 -3.0990E-01 -6.6561E-02
  8.7819E+00  3.4000E+02  7.0501E+00  1.3636E+02  1.2289E+00 -5.8453E-01 -1.1307E-01
  7.9477E+00  3.8000E+02  8.9705E+00  1.3744E+02  1.2166E+00 -1.0168E+00 -1.7897E-01
  7.1821E+00  4.2000E+02  1.1499E+01  1.3867E+02  1.2003E+00 -1.6949E+00 -2.7377E-01
  6.4746E+00  4.6000E+02  1.4760E+01  1.4005E+02  1.1795E+00 -2.6539E+00 -3.9615E-01
  5.8169E+00  5.0000E+02  1.8884E+01  1.4159E+02  1.1535E+00 -3.9353E+00 -5.4603E-01
  5.2024E+00  5.4000E+02  2.3939E+01  1.4326E+02  1.1223E+00 -5.4990E+00 -7.1287E-01
  4.6258E+00  5.8000E+02  2.9909E+01  1.4506E+02  1.0859E+00 -7.2461E+00 -8.8159E-01
  4.0824E+00  6.2000E+02  3.6699E+01  1.4693E+02  1.0448E+00 -9.0453E+00 -1.0369E+00
  3.5687E+00  6.6000E+02  4.4163E+01  1.4885E+02  9.9966E-01 -1.0784E+01 -1.1690E+00
  3.0813E+00  7.0000E+02  5.2134E+01  1.5079E+02  9.5105E-01 -1.2381E+01 -1.2731E+00
  2.6177E+00  7.4000E+02  6.0438E+01  1.5270E+02  8.9975E-01 -1.3794E+01 -1.3492E+00
  2.1755E+00  7.8000E+02  6.8910E+01  1.5453E+02  8.4659E-01 -1.5022E+01 -1.4015E+00
  1.7528E+00  8.2000E+02  7.7416E+01  1.5622E+02  7.9237E-01 -1.6117E+01 -1.4375E+00
  1.3478E+00  8.6000E+02  8.5911E+01  1.5772E+02  7.3735E-01 -1.7270E+01 -1.4756E+00
  9.5911E-01  9.0000E+02  9.4644E+01  1.5902E+02  6.7973E-01 -1.9142E+01 -1.5696E+00
  5.8557E-01  9.4000E+02  1.0442E+02  1.6013E+02  6.1349E-01 -2.3188E+01 -1.8275E+00
  2.2544E-01  9.8000E+02  1.1615E+02  1.6044E+02  5.3306E-01 -3.1704E+01 -2.4088E+00
