  25  6.0000000E+00
  2.7154E+01  2.0000E+01  1.1465E+00  1.0078E+02  9.0259E-01  0.0000E+00  0.0000E+00
  1.9181E+01  6.0000E+01  1.8254E+00  1.0081E+02  8.9863E-01 -8.0478E-02 -1.3537E-01
  1.5884E+01  1.0000E+02  2.3324E+00  1.0079E+02  8.9506E-01 -1.6151E-01 -1.1237E-01
  1.3722E+01  1.4000E+02  2.6706E+00  1.0087E+02  8.9159E-01 -1.1745E-01 -5.3561E-02
  1.2119E+01  1.8000E+02  2.9644E+00  1.0107E+02  8.8813E-01 -6.2179E-02 -2.1025E-02
  1.0836E+01  2.2000E+02  3.2758E+00  1.0134E+02  8.8462E-01 -3.0214E-02 -8.1825E-03
  9.7584E+00  2.6000E+02  3.6219E+00  1.0168E+02  8.8104E-01 -8.8981E-03 -2.0226E-03
  8.8245E+00  3.0000E+02  4.0166E+00  1.0207E+02  8.7740E-01  8.7134E-04  1.7168E-04
  7.9952E+00  3.4000E+02  4.4764E+00  1.0252E+02  8.7366E-01 -1.7671E-02 -3.0919E-03
  7.2454E+00  3.8000E+02  5.0117E+00  1.0300E+02  8.6979E-01 -7.1009E-02 -1.1233E-02
  6.5587E+00  4.2000E+02  5.6246E+00  1.0351E+02  8.6572E-01 -1.5198E-01 -2.2020E-02
  5.9238E+00  4.6000E+02  6.3152E+00  1.0404E+02  8.6138E-01 -2.5346E-01 -3.3949E-02
  5.3325E+00  5.0000E+02  7.0862E+00  1.0458E+02  8.5669E-01 -3.7689E-01 -4.7015E-02
  4.7785E+00  5.4000E+02  7.9440E+00  1.0515E+02  8.5157E-01 -5.3074E-01 -6.2034E-02
  4.2569E+00  5.8000E+02  8.8978E+00  1.0572E+02  8.4593E-01 -7.2581E-01 -7.9888E-02
  3.7635E+00  6.2000E+02  9.9588E+00  1.0630E+02  8.3971E-01 -9.7401E-01 -1.0138E-01
  3.2953E+00  6.6000E+02  1.1140E+01  1.0688E+02  8.3283E-01 -1.2881E+00 -1.2725E-01
  2.8495E+00  7.0000E+02  1.2457E+01  1.0745E+02  8.2521E-01 -1.6842E+00 -1.5839E-01
  2.4241E+00  7.4000E+02  1.3928E+01  1.0799E+02  8.1674E-01 -2.1776E+00 -1.9545E-01
  2.0172E+00  7.8000E+02  1.5585E+01  1.0851E+02  8.0724E-01 -2.8105E+00 -2.4128E-01
  1.6273E+00  8.2000E+02  1.7491E+01  1.0898E+02  7.9629E-01 -3.6664E+00 -3.0160E-01
  1.2532E+00  8.6000E+02  1.9741E+01  1.0942E+02  7.8332E-01 -4.8455E+00 -3.8245E-01
  8.9377E-01  9.0000E+02  2.2464E+01  1.0982E+02  7.6764E-01 -6.4653E+00 -4.9029E-01
  5.4764E-01  9.4000E+02  2.5804E+01  1.1013E+02  7.4873E-01 -8.7406E+00 -6.3830E-01
  2.1318E-01  9.8000E+02  2.9805E+01  1.1017E+02  7.2678E-01 -1.1865E+01 -8.3725E-01
