  25  6.0000000E+00
  2.6239E+01  2.0000E+01  6.5573E-01  9.1410E+01  4.5697E-01  0.0000E+00  0.0000E+00
  1.8523E+01  6.0000E+01  1.2103E+00  9.1458E+01  4.5405E-01 -6.5697E-02 -1.0694E-01
  1.5297E+01  1.0000E+02  1.6888E+00  9.1441E+01  4.5148E-01 -1.5362E-01 -1.0456E-01
  1.3152E+01  1.4000E+02  2.0421E+00  9.1425E+01  4.4891E-01 -1.7189E-01 -7.7818E-02
  1.1584E+01  1.8000E+02  2.2566E+00  9.1494E+01  4.4645E-01 -9.3199E-02 -3.0813E-02
  1.0357E+01  2.2000E+02  2.4149E+00  9.1679E+01  4.4407E-01  2.1705E-02  5.6194E-03
  9.3388E+00  2.6000E+02  2.5936E+00  9.1957E+01  4.4171E-01  9.7836E-02  2.1025E-02
  8.4575E+00  3.0000E+02  2.8297E+00  9.2303E+01  4.3934E-01  1.2458E-01  2.3163E-02
  7.6737E+00  3.4000E+02  3.1360E+00  9.2695E+01  4.3694E-01  1.0994E-01  1.8180E-02
  6.9640E+00  3.8000E+02  3.5105E+00  9.3121E+01  4.3450E-01  7.1724E-02  1.0740E-02
  6.3135E+00  4.2000E+02  3.9462E+00  9.3573E+01  4.3201E-01  2.6257E-02  3.6035E-03
  5.7118E+00  4.6000E+02  4.4401E+00  9.4054E+01  4.2946E-01 -2.2793E-02 -2.8938E-03
  5.1506E+00  5.0000E+02  4.9960E+00  9.4561E+01  4.2682E-01 -8.7289E-02 -1.0335E-02
  4.6237E+00  5.4000E+02  5.6203E+00  9.5089E+01  4.2407E-01 -1.8118E-01 -2.0143E-02
  4.1260E+00  5.8000E+02  6.3184E+00  9.5633E+01  4.2114E-01 -3.0960E-01 -3.2505E-02
  3.6540E+00  6.2000E+02  7.0952E+00  9.6186E+01  4.1799E-01 -4.7483E-01 -4.7289E-02
  3.2046E+00  6.6000E+02  7.9574E+00  9.6742E+01  4.1452E-01 -6.8206E-01 -6.4667E-02
  2.7755E+00  7.0000E+02  8.9152E+00  9.7295E+01  4.1064E-01 -9.4246E-01 -8.5314E-02
  2.3649E+00  7.4000E+02  9.9839E+00  9.7841E+01  4.0626E-01 -1.2745E+00 -1.1042E-01
  1.9710E+00  7.8000E+02  1.1186E+01  9.8371E+01  4.0124E-01 -1.7051E+00 -1.4169E-01
  1.5926E+00  8.2000E+02  1.2552E+01  9.8876E+01  3.9543E-01 -2.2743E+00 -1.8160E-01
  1.2283E+00  8.6000E+02  1.4124E+01  9.9345E+01  3.8865E-01 -3.0297E+00 -2.3282E-01
  8.7725E-01  9.0000E+02  1.5958E+01  9.9756E+01  3.8065E-01 -4.0529E+00 -3.0020E-01
  5.3833E-01  9.4000E+02  1.8194E+01  1.0007E+02  3.7081E-01 -5.6613E+00 -4.0482E-01
  2.1026E-01  9.8000E+02  2.0999E+01  1.0016E+02  3.5865E-01 -8.2974E+00 -5.7431E-01
