  25  6.0000000E+00
  2.7174E+01  2.0000E+01  1.2314E+00  1.0628E+02  9.9212E-01  0.0000E+00  0.0000E+00
  1.9256E+01  6.0000E+01  1.8710E+00  1.0632E+02  9.8807E-01 -7.5632E-02 -1.2634E-01
  1.6017E+01  1.0000E+02  2.3092E+00  1.0635E+02  9.8443E-01 -1.2700E-01 -8.6797E-02
  1.3894E+01  1.4000E+02  2.6137E+00  1.0652E+02  9.8087E-01 -6.1272E-02 -2.7446E-02
  1.2301E+01  1.8000E+02  2.9377E+00  1.0681E+02  9.7725E-01 -2.4950E-02 -8.3855E-03
  1.1009E+01  2.2000E+02  3.3262E+00  1.0715E+02  9.7349E-01 -3.3970E-02 -9.2584E-03
  9.9162E+00  2.6000E+02  3.7710E+00  1.0754E+02  9.6960E-01 -5.1381E-02 -1.1848E-02
  8.9653E+00  3.0000E+02  4.2654E+00  1.0797E+02  9.6560E-01 -6.5616E-02 -1.3164E-02
  8.1202E+00  3.4000E+02  4.8174E+00  1.0845E+02  9.6149E-01 -8.9771E-02 -1.6006E-02
  7.3562E+00  3.8000E+02  5.4407E+00  1.0896E+02  9.5722E-01 -1.4401E-01 -2.3211E-02
  6.6568E+00  4.2000E+02  6.1433E+00  1.0950E+02  9.5271E-01 -2.3206E-01 -3.4246E-02
  6.0102E+00  4.6000E+02  6.9282E+00  1.1006E+02  9.4789E-01 -3.4757E-01 -4.7408E-02
  5.4083E+00  5.0000E+02  7.7977E+00  1.1064E+02  9.4267E-01 -4.8840E-01 -6.2022E-02
  4.8446E+00  5.4000E+02  8.7565E+00  1.1123E+02  9.3701E-01 -6.6006E-01 -7.8499E-02
  4.3141E+00  5.8000E+02  9.8113E+00  1.1182E+02  9.3083E-01 -8.7209E-01 -9.7611E-02
  3.8128E+00  6.2000E+02  1.0971E+01  1.1241E+02  9.2409E-01 -1.1348E+00 -1.2004E-01
  3.3373E+00  6.6000E+02  1.2250E+01  1.1299E+02  9.1670E-01 -1.4622E+00 -1.4669E-01
  2.8849E+00  7.0000E+02  1.3658E+01  1.1356E+02  9.0861E-01 -1.8595E+00 -1.7747E-01
  2.4535E+00  7.4000E+02  1.5218E+01  1.1410E+02  8.9967E-01 -2.3596E+00 -2.1478E-01
  2.0411E+00  7.8000E+02  1.6971E+01  1.1461E+02  8.8964E-01 -3.0132E+00 -2.6218E-01
  1.6461E+00  8.2000E+02  1.8991E+01  1.1508E+02  8.7809E-01 -3.9206E+00 -3.2673E-01
  1.2671E+00  8.6000E+02  2.1410E+01  1.1551E+02  8.6427E-01 -5.2547E+00 -4.2009E-01
  9.0316E-01  9.0000E+02  2.4449E+01  1.1589E+02  8.4688E-01 -7.3089E+00 -5.6125E-01
  5.5300E-01  9.4000E+02  2.8472E+01  1.1619E+02  8.2405E-01 -1.0621E+01 -7.8464E-01
  2.1491E-01  9.8000E+02  3.3682E+01  1.1619E+02  7.9520E-01 -1.5407E+01 -1.0990E+00
