  25  6.0000000E+00
  2.5519E+01  2.0000E+01  3.5621E-01  9.0523E+01  1.9906E-01  0.0000E+00  0.0000E+00
  1.8133E+01  6.0000E+01  7.6443E-01  9.0585E+01  1.9711E-01 -4.6832E-02 -7.2976E-02
  1.5065E+01  1.0000E+02  1.1244E+00  9.0644E+01  1.9539E-01 -9.7958E-02 -6.3412E-02
  1.2995E+01  1.4000E+02  1.4312E+00  9.0693E+01  1.9367E-01 -1.2470E-01 -5.4447E-02
  1.1476E+01  1.8000E+02  1.6325E+00  9.0814E+01  1.9203E-01 -5.2716E-02 -1.6891E-02
  1.0279E+01  2.2000E+02  1.8036E+00  9.1036E+01  1.9046E-01  4.2620E-02  1.0771E-02
  9.2763E+00  2.6000E+02  2.0084E+00  9.1333E+01  1.8891E-01  9.1370E-02  1.9323E-02
  8.4047E+00  3.0000E+02  2.2705E+00  9.1683E+01  1.8738E-01  1.0049E-01  1.8477E-02
  7.6279E+00  3.4000E+02  2.5940E+00  9.2070E+01  1.8585E-01  8.1764E-02  1.3400E-02
  6.9244E+00  3.8000E+02  2.9727E+00  9.2486E+01  1.8433E-01  5.3594E-02  7.9547E-03
  6.2800E+00  4.2000E+02  3.4004E+00  9.2932E+01  1.8279E-01  2.8286E-02  3.8457E-03
  5.6841E+00  4.6000E+02  3.8778E+00  9.3411E+01  1.8124E-01  2.7245E-03  3.4252E-04
  5.1283E+00  5.0000E+02  4.4154E+00  9.3923E+01  1.7966E-01 -4.5483E-02 -5.3335E-03
  4.6059E+00  5.4000E+02  5.0241E+00  9.4460E+01  1.7803E-01 -1.3705E-01 -1.5106E-02
  4.1119E+00  5.8000E+02  5.7091E+00  9.5012E+01  1.7629E-01 -2.7007E-01 -2.8148E-02
  3.6427E+00  6.2000E+02  6.4721E+00  9.5570E+01  1.7442E-01 -4.3743E-01 -4.3297E-02
  3.1957E+00  6.6000E+02  7.3159E+00  9.6128E+01  1.7234E-01 -6.3928E-01 -6.0294E-02
  2.7685E+00  7.0000E+02  8.2477E+00  9.6681E+01  1.7000E-01 -8.8523E-01 -7.9774E-02
  2.3595E+00  7.4000E+02  9.2798E+00  9.7226E+01  1.6729E-01 -1.1928E+00 -1.0295E-01
  1.9670E+00  7.8000E+02  1.0431E+01  9.7754E+01  1.6414E-01 -1.5873E+00 -1.3146E-01
  1.5896E+00  8.2000E+02  1.1728E+01  9.8257E+01  1.6043E-01 -2.1026E+00 -1.6740E-01
  1.2263E+00  8.6000E+02  1.3202E+01  9.8722E+01  1.5605E-01 -2.7777E+00 -2.1292E-01
  8.7598E-01  9.0000E+02  1.4902E+01  9.9131E+01  1.5081E-01 -3.6859E+00 -2.7241E-01
  5.3772E-01  9.4000E+02  1.7016E+01  9.9460E+01  1.4402E-01 -5.2784E+00 -3.7669E-01
  2.1012E-01  9.8000E+02  1.9696E+01  9.9558E+01  1.3551E-01 -7.8822E+00 -5.4480E-01
