  25  6.0000000E+00
  2.6666E+01  2.0000E+01  8.0416E-01  9.2232E+01  5.7912E-01  0.0000E+00  0.0000E+00
  1.8775E+01  6.0000E+01  1.4495E+00  9.2273E+01  5.7582E-01 -7.6500E-02 -1.2735E-01
  1.5466E+01  1.0000E+02  2.0017E+00  9.2214E+01  5.7288E-01 -1.8494E-01 -1.2911E-01
  1.3277E+01  1.4000E+02  2.3883E+00  9.2165E+01  5.6998E-01 -1.9862E-01 -9.1739E-02
  1.1679E+01  1.8000E+02  2.6223E+00  9.2207E+01  5.6720E-01 -1.2034E-01 -4.0563E-02
  1.0430E+01  2.2000E+02  2.7885E+00  9.2369E+01  5.6451E-01 -3.3055E-03 -8.7132E-04
  9.3966E+00  2.6000E+02  2.9640E+00  9.2632E+01  5.6185E-01  8.4669E-02  1.8460E-02
  8.5057E+00  3.0000E+02  3.1920E+00  9.2972E+01  5.5917E-01  1.2514E-01  2.3522E-02
  7.7150E+00  3.4000E+02  3.4915E+00  9.3365E+01  5.5645E-01  1.1867E-01  1.9795E-02
  6.9997E+00  3.8000E+02  3.8654E+00  9.3796E+01  5.5367E-01  7.9344E-02  1.1974E-02
  6.3441E+00  4.2000E+02  4.3089E+00  9.4254E+01  5.5081E-01  2.3276E-02  3.2194E-03
  5.7375E+00  4.6000E+02  4.8178E+00  9.4738E+01  5.4785E-01 -4.1824E-02 -5.3525E-03
  5.1719E+00  5.0000E+02  5.3924E+00  9.5244E+01  5.4477E-01 -1.2044E-01 -1.4372E-02
  4.6411E+00  5.4000E+02  6.0364E+00  9.5770E+01  5.4152E-01 -2.2232E-01 -2.4900E-02
  4.1401E+00  5.8000E+02  6.7552E+00  9.6311E+01  5.3804E-01 -3.5549E-01 -3.7572E-02
  3.6653E+00  6.2000E+02  7.5553E+00  9.6861E+01  5.3425E-01 -5.2669E-01 -5.2765E-02
  3.2136E+00  6.6000E+02  8.4458E+00  9.7415E+01  5.3008E-01 -7.4463E-01 -7.0966E-02
  2.7825E+00  7.0000E+02  9.4396E+00  9.7968E+01  5.2541E-01 -1.0232E+00 -9.3044E-02
  2.3702E+00  7.4000E+02  1.0555E+01  9.8513E+01  5.2013E-01 -1.3828E+00 -1.2028E-01
  1.9750E+00  7.8000E+02  1.1816E+01  9.9042E+01  5.1410E-01 -1.8521E+00 -1.5444E-01
  1.5954E+00  8.2000E+02  1.3260E+01  9.9547E+01  5.0711E-01 -2.4758E+00 -1.9827E-01
  1.2303E+00  8.6000E+02  1.4934E+01  1.0002E+02  4.9894E-01 -3.2990E+00 -2.5414E-01
  8.7850E-01  9.0000E+02  1.6903E+01  1.0043E+02  4.8931E-01 -4.4178E+00 -3.2788E-01
  5.3898E-01  9.4000E+02  1.9263E+01  1.0075E+02  4.7785E-01 -6.0240E+00 -4.3151E-01
  2.1043E-01  9.8000E+02  2.2142E+01  1.0082E+02  4.6421E-01 -8.5421E+00 -5.9211E-01
