  25  6.0000000E+00
  2.7302E+01  2.0000E+01  1.3795E+00  1.2081E+02  1.1376E+00  0.0000E+00  0.0000E+00
  1.9467E+01  6.0000E+01  1.9518E+00  1.2086E+02  1.1335E+00 -6.6775E-02 -1.1037E-01
  1.6343E+01  1.0000E+02  2.2728E+00  1.2100E+02  1.1298E+00 -5.8279E-02 -3.8414E-02
  1.4284E+01  1.4000E+02  2.5342E+00  1.2133E+02  1.1260E+00  3.4609E-02  1.5036E-02
  1.2705E+01  1.8000E+02  2.9109E+00  1.2178E+02  1.1221E+00  4.9387E-02  1.6449E-02
  1.1400E+01  2.2000E+02  3.4316E+00  1.2230E+02  1.1178E+00 -4.4169E-03 -1.2161E-03
  1.0281E+01  2.6000E+02  4.0746E+00  1.2285E+02  1.1133E+00 -8.0944E-02 -1.9123E-02
  9.2962E+00  3.0000E+02  4.8180E+00  1.2343E+02  1.1084E+00 -1.6952E-01 -3.5208E-02
  8.4161E+00  3.4000E+02  5.6462E+00  1.2403E+02  1.1032E+00 -2.6031E-01 -4.8334E-02
  7.6188E+00  3.8000E+02  6.5573E+00  1.2465E+02  1.0977E+00 -3.6164E-01 -6.0832E-02
  6.8887E+00  4.2000E+02  7.5587E+00  1.2529E+02  1.0918E+00 -4.8980E-01 -7.5454E-02
  6.2141E+00  4.6000E+02  8.6591E+00  1.2595E+02  1.0854E+00 -6.5649E-01 -9.3434E-02
  5.5865E+00  5.0000E+02  9.8614E+00  1.2661E+02  1.0784E+00 -8.6341E-01 -1.1432E-01
  4.9993E+00  5.4000E+02  1.1158E+01  1.2726E+02  1.0710E+00 -1.1033E+00 -1.3667E-01
  4.4475E+00  5.8000E+02  1.2533E+01  1.2788E+02  1.0633E+00 -1.3597E+00 -1.5830E-01
  3.9270E+00  6.2000E+02  1.3982E+01  1.2848E+02  1.0551E+00 -1.6406E+00 -1.8018E-01
  3.4343E+00  6.6000E+02  1.5540E+01  1.2905E+02  1.0463E+00 -1.9961E+00 -2.0749E-01
  2.9666E+00  7.0000E+02  1.7301E+01  1.2963E+02  1.0362E+00 -2.5438E+00 -2.5100E-01
  2.5215E+00  7.4000E+02  1.9452E+01  1.3022E+02  1.0237E+00 -3.4947E+00 -3.2821E-01
  2.0967E+00  7.8000E+02  2.2271E+01  1.3086E+02  1.0073E+00 -5.1273E+00 -4.5951E-01
  1.6903E+00  8.2000E+02  2.6050E+01  1.3154E+02  9.8570E-01 -7.6208E+00 -6.5337E-01
  1.3007E+00  8.6000E+02  3.0983E+01  1.3222E+02  9.5795E-01 -1.0935E+01 -8.9896E-01
  9.2651E-01  9.0000E+02  3.7271E+01  1.3283E+02  9.2271E-01 -1.5155E+01 -1.1964E+00
  5.6673E-01  9.4000E+02  4.5324E+01  1.3336E+02  8.7710E-01 -2.0933E+01 -1.5890E+00
  2.1943E-01  9.8000E+02  5.5127E+01  1.3333E+02  8.2119E-01 -2.8288E+01 -2.0728E+00
