  25  6.0000000E+00
  2.7468E+01  2.0000E+01  1.5433E+00  1.3171E+02  1.2721E+00  0.0000E+00  0.0000E+00
  1.9691E+01  6.0000E+01  2.0488E+00  1.3173E+02  1.2678E+00 -6.1967E-02 -1.0167E-01
  1.6725E+01  1.0000E+02  2.2327E+00  1.3199E+02  1.2640E+00  2.4697E-02  1.5454E-02
  1.4735E+01  1.4000E+02  2.4608E+00  1.3247E+02  1.2601E+00  1.2439E-01  5.2215E-02
  1.3174E+01  1.8000E+02  2.8769E+00  1.3308E+02  1.2558E+00  1.2664E-01  4.1723E-02
  1.1862E+01  2.2000E+02  3.5270E+00  1.3380E+02  1.2509E+00  5.3957E-02  1.4932E-02
  1.0717E+01  2.6000E+02  4.4278E+00  1.3458E+02  1.2452E+00 -1.0742E-01 -2.5952E-02
  9.6988E+00  3.0000E+02  5.5817E+00  1.3542E+02  1.2381E+00 -3.1005E-01 -6.6595E-02
  8.7820E+00  3.4000E+02  7.0530E+00  1.3635E+02  1.2289E+00 -5.8533E-01 -1.1322E-01
  7.9477E+00  3.8000E+02  8.9734E+00  1.3742E+02  1.2166E+00 -1.0173E+00 -1.7906E-01
  7.1821E+00  4.2000E+02  1.1505E+01  1.3865E+02  1.2003E+00 -1.6970E+00 -2.7412E-01
  6.4746E+00  4.6000E+02  1.4771E+01  1.4004E+02  1.1794E+00 -2.6601E+00 -3.9708E-01
  5.8169E+00  5.0000E+02  1.8903E+01  1.4158E+02  1.1534E+00 -3.9431E+00 -5.4712E-01
  5.2024E+00  5.4000E+02  2.3966E+01  1.4326E+02  1.1221E+00 -5.5083E+00 -7.1408E-01
  4.6258E+00  5.8000E+02  2.9942E+01  1.4505E+02  1.0857E+00 -7.2525E+00 -8.8237E-01
  4.0824E+00  6.2000E+02  3.6735E+01  1.4693E+02  1.0446E+00 -9.0488E+00 -1.0373E+00
  3.5687E+00  6.6000E+02  4.4202E+01  1.4885E+02  9.9937E-01 -1.0786E+01 -1.1691E+00
  3.0813E+00  7.0000E+02  5.2174E+01  1.5079E+02  9.5074E-01 -1.2381E+01 -1.2730E+00
  2.6177E+00  7.4000E+02  6.0477E+01  1.5270E+02  8.9943E-01 -1.3791E+01 -1.3490E+00
  2.1755E+00  7.8000E+02  6.8948E+01  1.5453E+02  8.4627E-01 -1.5017E+01 -1.4010E+00
  1.7528E+00  8.2000E+02  7.7452E+01  1.5622E+02  7.9206E-01 -1.6109E+01 -1.4368E+00
  1.3478E+00  8.6000E+02  8.5942E+01  1.5772E+02  7.3706E-01 -1.7259E+01 -1.4747E+00
  9.5912E-01  9.0000E+02  9.4670E+01  1.5902E+02  6.7947E-01 -1.9128E+01 -1.5685E+00
  5.8557E-01  9.4000E+02  1.0444E+02  1.6013E+02  6.1327E-01 -2.3178E+01 -1.8267E+00
  2.2544E-01  9.8000E+02  1.1617E+02  1.6044E+02  5.3286E-01 -3.1697E+01 -2.4083E+00
