  25  6.0000000E+00
  2.6885E+01  2.0000E+01  8.9484E-01  9.3033E+01  6.5712E-01  0.0000E+00  0.0000E+00
  1.8917E+01  6.0000E+01  1.5827E+00  9.3073E+01  6.5360E-01 -8.1353E-02 -1.3676E-01
  1.5574E+01  1.0000E+02  2.1644E+00  9.2997E+01  6.5046E-01 -1.9664E-01 -1.3867E-01
  1.3369E+01  1.4000E+02  2.5629E+00  9.2946E+01  6.4738E-01 -2.0385E-01 -9.4851E-02
  1.1757E+01  1.8000E+02  2.8130E+00  9.2989E+01  6.4441E-01 -1.2890E-01 -4.3827E-02
  1.0495E+01  2.2000E+02  2.9975E+00  9.3148E+01  6.4152E-01 -2.0250E-02 -5.3946E-03
  9.4503E+00  2.6000E+02  3.1875E+00  9.3406E+01  6.3866E-01  6.5837E-02  1.4508E-02
  8.5509E+00  3.0000E+02  3.4256E+00  9.3743E+01  6.3578E-01  1.0980E-01  2.0837E-02
  7.7536E+00  3.4000E+02  3.7331E+00  9.4137E+01  6.3285E-01  1.0803E-01  1.8171E-02
  7.0330E+00  3.8000E+02  4.1161E+00  9.4571E+01  6.2985E-01  7.0694E-02  1.0748E-02
  6.3728E+00  4.2000E+02  4.5724E+00  9.5034E+01  6.2675E-01  1.0561E-02  1.4711E-03
  5.7619E+00  4.6000E+02  5.0985E+00  9.5521E+01  6.2353E-01 -6.3533E-02 -8.1874E-03
  5.1925E+00  5.0000E+02  5.6936E+00  9.6030E+01  6.2015E-01 -1.5228E-01 -1.8295E-02
  4.6582E+00  5.4000E+02  6.3605E+00  9.6556E+01  6.1655E-01 -2.6283E-01 -2.9628E-02
  4.1542E+00  5.8000E+02  7.1046E+00  9.7097E+01  6.1266E-01 -4.0377E-01 -4.2932E-02
  3.6768E+00  6.2000E+02  7.9336E+00  9.7647E+01  6.0841E-01 -5.8426E-01 -5.8854E-02
  3.2228E+00  6.6000E+02  8.8581E+00  9.8201E+01  6.0371E-01 -8.1562E-01 -7.8119E-02
  2.7898E+00  7.0000E+02  9.8929E+00  9.8754E+01  5.9844E-01 -1.1136E+00 -1.0172E-01
  2.3759E+00  7.4000E+02  1.1058E+01  9.9298E+01  5.9249E-01 -1.5003E+00 -1.3104E-01
  1.9792E+00  7.8000E+02  1.2381E+01  9.9824E+01  5.8568E-01 -2.0077E+00 -1.6802E-01
  1.5984E+00  8.2000E+02  1.3904E+01  1.0033E+02  5.7778E-01 -2.6829E+00 -2.1553E-01
  1.2324E+00  8.6000E+02  1.5677E+01  1.0079E+02  5.6852E-01 -3.5650E+00 -2.7534E-01
  8.7986E-01  9.0000E+02  1.7772E+01  1.0121E+02  5.5761E-01 -4.7576E+00 -3.5383E-01
  5.3972E-01  9.4000E+02  2.0251E+01  1.0153E+02  5.4491E-01 -6.3665E+00 -4.5687E-01
  2.1065E-01  9.8000E+02  2.3186E+01  1.0159E+02  5.3034E-01 -8.7183E+00 -6.0529E-01
