  25  8.5995000E+01
  2.5849E+01  2.0000E+01  3.6579E+00  1.0717E+02  1.1097E-01  0.0000E+00  0.0000E+00
  1.8221E+01  6.0000E+01  7.9662E+00  1.0721E+02  9.6659E-02 -5.6030E-01 -9.0165E-01
  1.5048E+01  1.0000E+02  1.0293E+01  1.0664E+02  8.9426E-02 -9.1233E-01 -6.1072E-01
  1.2940E+01  1.4000E+02  1.1592E+01  1.0566E+02  8.4789E-02 -1.0808E+00 -4.8081E-01
  1.1400E+01  1.8000E+02  1.3345E+01  1.0498E+02  8.0920E-02 -1.5798E+00 -5.1307E-01
  1.0193E+01  2.2000E+02  1.6693E+01  1.0507E+02  7.6752E-02 -2.6936E+00 -6.8607E-01
  9.1902E+00  2.6000E+02  2.1331E+01  1.0601E+02  7.2245E-02 -3.6953E+00 -7.8199E-01
  8.3216E+00  3.0000E+02  2.7008E+01  1.0765E+02  6.7620E-02 -4.6488E+00 -8.5190E-01
  7.5483E+00  3.4000E+02  3.3481E+01  1.0978E+02  6.2851E-02 -5.6115E+00 -9.1556E-01
  6.8474E+00  3.8000E+02  4.0583E+01  1.1223E+02  5.7914E-02 -6.6316E+00 -9.8067E-01
  6.2044E+00  4.2000E+02  4.8079E+01  1.1494E+02  5.2928E-02 -7.4505E+00 -1.0107E+00
  5.6093E+00  4.6000E+02  5.5710E+01  1.1787E+02  4.7988E-02 -7.8981E+00 -9.9176E-01
  5.0542E+00  5.0000E+02  6.3401E+01  1.2103E+02  4.3173E-02 -8.1571E+00 -9.5529E-01
  4.5331E+00  5.4000E+02  7.1169E+01  1.2442E+02  3.8525E-02 -8.4117E+00 -9.2469E-01
  4.0414E+00  5.8000E+02  7.9042E+01  1.2800E+02  3.4058E-02 -8.7166E+00 -9.0439E-01
  3.5751E+00  6.2000E+02  8.7026E+01  1.3176E+02  2.9785E-02 -9.0669E+00 -8.9200E-01
  3.1312E+00  6.6000E+02  9.5090E+01  1.3565E+02  2.5721E-02 -9.4036E+00 -8.8064E-01
  2.7073E+00  7.0000E+02  1.0317E+02  1.3963E+02  2.1876E-02 -9.6607E+00 -8.6404E-01
  2.3013E+00  7.4000E+02  1.1117E+02  1.4366E+02  1.8265E-02 -9.8038E+00 -8.3975E-01
  1.9115E+00  7.8000E+02  1.1905E+02  1.4771E+02  1.4907E-02 -9.8183E+00 -8.0732E-01
  1.5366E+00  8.2000E+02  1.2682E+02  1.5182E+02  1.1832E-02 -9.7660E+00 -7.7253E-01
  1.1751E+00  8.6000E+02  1.3457E+02  1.5602E+02  9.0671E-03 -9.7896E+00 -7.4662E-01
  8.2590E-01  9.0000E+02  1.4221E+02  1.6026E+02  6.6681E-03 -9.7594E+00 -7.1906E-01
  4.8790E-01  9.4000E+02  1.4982E+02  1.6457E+02  4.6447E-03 -9.7456E+00 -6.9496E-01
  1.6018E-01  9.8000E+02  1.5725E+02  1.7125E+02  3.0249E-03 -2.3272E+00 -1.6091E-01
