  25  8.5995000E+01
  2.6533E+01  2.0000E+01  4.2701E+00  1.1102E+02  2.0402E-01  0.0000E+00  0.0000E+00
  1.8703E+01  6.0000E+01  9.2400E+00  1.1087E+02  1.8106E-01 -6.5388E-01 -1.0803E+00
  1.5481E+01  1.0000E+02  1.1647E+01  1.0965E+02  1.6815E-01 -1.1267E+00 -7.6575E-01
  1.3376E+01  1.4000E+02  1.5574E+01  1.0888E+02  1.5741E-01 -2.2319E+00 -9.9106E-01
  1.1823E+01  1.8000E+02  2.1693E+01  1.0897E+02  1.4676E-01 -3.8833E+00 -1.2724E+00
  1.0584E+01  2.2000E+02  2.8385E+01  1.0985E+02  1.3661E-01 -4.6814E+00 -1.2244E+00
  9.5440E+00  2.6000E+02  3.4964E+01  1.1152E+02  1.2726E-01 -4.7214E+00 -1.0356E+00
  8.6409E+00  3.0000E+02  4.1690E+01  1.1387E+02  1.1838E-01 -4.8487E+00 -9.2392E-01
  7.8364E+00  3.4000E+02  4.8885E+01  1.1674E+02  1.0962E-01 -5.3820E+00 -9.1349E-01
  7.1071E+00  3.8000E+02  5.6694E+01  1.2003E+02  1.0072E-01 -6.1960E+00 -9.5329E-01
  6.4377E+00  4.2000E+02  6.5067E+01  1.2366E+02  9.1648E-02 -7.0762E+00 -9.9948E-01
  5.8172E+00  4.6000E+02  7.3789E+01  1.2756E+02  8.2605E-02 -7.7732E+00 -1.0175E+00
  5.2380E+00  5.0000E+02  8.2616E+01  1.3164E+02  7.3853E-02 -8.2070E+00 -1.0029E+00
  4.6941E+00  5.4000E+02  9.1368E+01  1.3580E+02  6.5585E-02 -8.4295E+00 -9.6733E-01
  4.1809E+00  5.8000E+02  9.9928E+01  1.4000E+02  5.7903E-02 -8.5051E+00 -9.2092E-01
  3.6947E+00  6.2000E+02  1.0823E+02  1.4417E+02  5.0823E-02 -8.4879E+00 -8.7067E-01
  3.2325E+00  6.6000E+02  1.1624E+02  1.4829E+02  4.4297E-02 -8.4263E+00 -8.2167E-01
  2.7918E+00  7.0000E+02  1.2395E+02  1.5232E+02  3.8254E-02 -8.3623E+00 -7.7745E-01
  2.3706E+00  7.4000E+02  1.3139E+02  1.5624E+02  3.2615E-02 -8.3290E+00 -7.4018E-01
  1.9671E+00  7.8000E+02  1.3857E+02  1.6007E+02  2.7329E-02 -8.3120E+00 -7.0768E-01
  1.5797E+00  8.2000E+02  1.4557E+02  1.6386E+02  2.2345E-02 -8.3011E+00 -6.7849E-01
  1.2070E+00  8.6000E+02  1.5251E+02  1.6770E+02  1.7626E-02 -8.2943E+00 -6.5218E-01
  8.4767E-01  9.0000E+02  1.5947E+02  1.7171E+02  1.3203E-02 -8.2409E+00 -6.2471E-01
  5.0046E-01  9.4000E+02  1.6653E+02  1.7596E+02  9.2197E-03 -8.0720E+00 -5.9130E-01
  1.6421E-01  9.8000E+02  1.7332E+02  1.8220E+02  5.9942E-03 -1.6384E+00 -1.1623E-01
