  25  8.5995000E+01
  2.4955E+01  2.0000E+01  2.8025E+00  1.0367E+02  1.1666E-02  0.0000E+00  0.0000E+00
  1.7712E+01  6.0000E+01  5.8092E+00  1.0350E+02  9.9682E-03 -4.3885E-01 -6.7059E-01
  1.4722E+01  1.0000E+02  7.6300E+00  1.0355E+02  9.3652E-03 -5.9120E-01 -3.7289E-01
  1.2702E+01  1.4000E+02  8.9767E+00  1.0311E+02  8.8519E-03 -8.8396E-01 -3.7681E-01
  1.1215E+01  1.8000E+02  1.1515E+01  1.0282E+02  8.0691E-03 -1.9017E+00 -5.9649E-01
  1.0041E+01  2.2000E+02  1.5494E+01  1.0329E+02  7.1952E-03 -2.9946E+00 -7.4171E-01
  9.0592E+00  2.6000E+02  1.9929E+01  1.0441E+02  6.3913E-03 -3.3788E+00 -7.0005E-01
  8.2063E+00  3.0000E+02  2.4799E+01  1.0599E+02  5.6775E-03 -3.8558E+00 -6.9378E-01
  7.4470E+00  3.4000E+02  3.0225E+01  1.0790E+02  5.0001E-03 -4.6313E+00 -7.4190E-01
  6.7598E+00  3.8000E+02  3.6165E+01  1.1006E+02  4.3409E-03 -5.5002E+00 -7.9749E-01
  6.1304E+00  4.2000E+02  4.2461E+01  1.1247E+02  3.7115E-03 -6.1618E+00 -8.1823E-01
  5.5484E+00  4.6000E+02  4.8945E+01  1.1521E+02  3.1260E-03 -6.4437E+00 -7.9119E-01
  5.0055E+00  5.0000E+02  5.5683E+01  1.1833E+02  2.5889E-03 -6.6539E+00 -7.6224E-01
  4.4947E+00  5.4000E+02  6.2855E+01  1.2180E+02  2.0898E-03 -7.2613E+00 -7.8239E-01
  4.0114E+00  5.8000E+02  7.0544E+01  1.2552E+02  1.6211E-03 -8.2117E+00 -8.3740E-01
  3.5519E+00  6.2000E+02  7.8677E+01  1.2942E+02  1.1913E-03 -9.1988E+00 -8.9187E-01
  3.1134E+00  6.6000E+02  8.7095E+01  1.3346E+02  8.2012E-04 -9.9959E+00 -9.2463E-01
  2.6939E+00  7.0000E+02  9.5634E+01  1.3759E+02  5.2349E-04 -1.0516E+01 -9.3071E-01
  2.2916E+00  7.4000E+02  1.0417E+02  1.4180E+02  3.0522E-04 -1.0740E+01 -9.1160E-01
  1.9049E+00  7.8000E+02  1.1268E+02  1.4614E+02  1.5892E-04 -1.0783E+01 -8.7992E-01
  1.5322E+00  8.2000E+02  1.2114E+02  1.5058E+02  7.1455E-05 -1.0806E+01 -8.4971E-01
  1.1723E+00  8.6000E+02  1.2949E+02  1.5502E+02  2.6473E-05 -1.0845E+01 -8.2344E-01
  8.2422E-01  9.0000E+02  1.3775E+02  1.5943E+02  7.4227E-06 -1.1075E+01 -8.1331E-01
  4.8705E-01  9.4000E+02  1.4615E+02  1.6387E+02  1.2502E-06 -1.1732E+01 -8.3459E-01
  1.5994E-01  9.8000E+02  1.5436E+02  1.7107E+02  1.1288E-07 -3.0883E+00 -2.1314E-01
