  25  8.5995000E+01
  2.6457E+01  2.0000E+01  4.4605E+00  1.0596E+02  2.6865E-01  0.0000E+00  0.0000E+00
  1.8799E+01  6.0000E+01  7.7621E+00  1.0415E+02  2.4172E-01 -6.6705E-01 -1.0778E+00
  1.5859E+01  1.0000E+02  8.1155E+00  1.0314E+02  2.2709E-01 -4.6348E-01 -2.8754E-01
  1.3952E+01  1.4000E+02  1.1771E+01  1.0398E+02  2.1344E-01 -1.4771E+00 -5.9417E-01
  1.2495E+01  1.8000E+02  2.0636E+01  1.0645E+02  1.9639E-01 -4.3906E+00 -1.3500E+00
  1.1285E+01  2.2000E+02  3.2736E+01  1.1062E+02  1.7730E-01 -6.5554E+00 -1.6728E+00
  1.0233E+01  2.6000E+02  4.6520E+01  1.1617E+02  1.5709E-01 -7.8269E+00 -1.7368E+00
  9.2945E+00  3.0000E+02  6.0879E+01  1.2245E+02  1.3691E-01 -8.6077E+00 -1.7050E+00
  8.4437E+00  3.4000E+02  7.5344E+01  1.2915E+02  1.1760E-01 -9.1328E+00 -1.6393E+00
  7.6640E+00  3.8000E+02  8.9635E+01  1.3605E+02  9.9625E-02 -9.4741E+00 -1.5585E+00
  6.9431E+00  4.2000E+02  1.0349E+02  1.4299E+02  8.3311E-02 -9.6019E+00 -1.4604E+00
  6.2719E+00  4.6000E+02  1.1674E+02  1.4976E+02  6.8634E-02 -9.6482E+00 -1.3664E+00
  5.6435E+00  5.0000E+02  1.2927E+02  1.5622E+02  5.5259E-02 -9.6597E+00 -1.2807E+00
  5.0526E+00  5.4000E+02  1.4092E+02  1.6231E+02  4.3094E-02 -9.4002E+00 -1.1718E+00
  4.4951E+00  5.8000E+02  1.5146E+02  1.6799E+02  3.2366E-02 -8.7252E+00 -1.0263E+00
  3.9674E+00  6.2000E+02  1.6080E+02  1.7325E+02  2.3312E-02 -7.7329E+00 -8.6097E-01
  3.4665E+00  6.6000E+02  1.6894E+02  1.7810E+02  1.6022E-02 -6.5645E+00 -6.9370E-01
  2.9899E+00  7.0000E+02  1.7599E+02  1.8260E+02  1.0434E-02 -5.3304E+00 -5.3597E-01
  2.5354E+00  7.4000E+02  1.8206E+02  1.8682E+02  6.3993E-03 -4.1008E+00 -3.9325E-01
  2.1010E+00  7.8000E+02  1.8733E+02  1.9079E+02  3.6893E-03 -2.9749E+00 -2.7267E-01
  1.6849E+00  8.2000E+02  1.9197E+02  1.9457E+02  2.0022E-03 -2.0753E+00 -1.8218E-01
  1.2856E+00  8.6000E+02  1.9616E+02  1.9816E+02  1.0128E-03 -1.4839E+00 -1.2500E-01
  9.0174E-01  9.0000E+02  2.0013E+02  2.0174E+02  4.4439E-04 -1.0248E+00 -8.2994E-02
  5.3196E-01  9.4000E+02  2.0422E+02  2.0573E+02  1.5861E-04 -2.8007E-01 -2.1850E-02
  1.7450E-01  9.8000E+02  2.0935E+02  2.1589E+02  4.2776E-05  1.4085E+01  1.0622E+00
