  25  3.9900000E+00
  2.6339E+01  2.0000E+01  5.6716E+00  1.0069E+01  5.6501E+00  0.0000E+00  0.0000E+00
  1.8520E+01  6.0000E+01  5.4708E+00  1.0077E+01  5.3848E+00  2.6615E-02  4.3909E-02
  1.5258E+01  1.0000E+02  5.4101E+00  1.0065E+01  5.2444E+00  1.5140E-02  1.0420E-02
  1.3109E+01  1.4000E+02  5.3661E+00  1.0061E+01  5.1166E+00  1.8561E-02  8.4134E-03
  1.1546E+01  1.8000E+02  5.3042E+00  1.0090E+01  4.9665E+00  5.8090E-02  1.9166E-02
  1.0320E+01  2.2000E+02  5.2091E+00  1.0172E+01  4.7798E+00  1.4452E-01  3.7360E-02
  9.3036E+00  2.6000E+02  5.1150E+00  1.0319E+01  4.5708E+00  2.3718E-01  5.0869E-02
  8.4241E+00  3.0000E+02  5.0657E+00  1.0542E+01  4.3408E+00  3.0931E-01  5.7397E-02
  7.6410E+00  3.4000E+02  5.1043E+00  1.0854E+01  4.0785E+00  3.4880E-01  5.7631E-02
  6.9306E+00  3.8000E+02  5.2812E+00  1.1266E+01  3.7911E+00  3.3101E-01  4.9607E-02
  6.2783E+00  4.2000E+02  5.6354E+00  1.1786E+01  3.4989E+00  2.5452E-01  3.5028E-02
  5.6738E+00  4.6000E+02  6.1811E+00  1.2418E+01  3.2185E+00  1.4314E-01  1.8254E-02
  5.1097E+00  5.0000E+02  6.9201E+00  1.3164E+01  2.9635E+00  1.2573E-02  1.4964E-03
  4.5801E+00  5.4000E+02  7.8385E+00  1.4023E+01  2.7391E+00 -1.1197E-01 -1.2510E-02
  4.0805E+00  5.8000E+02  8.9137E+00  1.4993E+01  2.5416E+00 -2.1224E-01 -2.2372E-02
  3.6071E+00  6.2000E+02  1.0127E+01  1.6066E+01  2.3653E+00 -2.9420E-01 -2.9383E-02
  3.1570E+00  6.6000E+02  1.1465E+01  1.7237E+01  2.2059E+00 -3.7141E-01 -3.5273E-02
  2.7276E+00  7.0000E+02  1.2918E+01  1.8495E+01  2.0606E+00 -4.5565E-01 -4.1278E-02
  2.3169E+00  7.4000E+02  1.4478E+01  1.9828E+01  1.9275E+00 -5.5285E-01 -4.7906E-02
  1.9231E+00  7.8000E+02  1.6136E+01  2.1227E+01  1.8045E+00 -6.5782E-01 -5.4652E-02
  1.5448E+00  8.2000E+02  1.7886E+01  2.2692E+01  1.6894E+00 -7.5137E-01 -5.9975E-02
  1.1805E+00  8.6000E+02  1.9746E+01  2.4249E+01  1.5803E+00 -8.3546E-01 -6.4199E-02
  8.2922E-01  9.0000E+02  2.1726E+01  2.5908E+01  1.4768E+00 -9.1123E-01 -6.7541E-02
  4.8965E-01  9.4000E+02  2.3886E+01  2.7716E+01  1.3792E+00 -1.0370E+00 -7.4295E-02
  1.6070E-01  9.8000E+02  2.6230E+01  3.0753E+01  1.2879E+00  2.1048E+00  1.4608E-01
