  25  8.5995000E+01
  2.5291E+01  2.0000E+01  3.1079E+00  1.0490E+02  6.6056E-02  0.0000E+00  0.0000E+00
  1.7906E+01  6.0000E+01  6.5729E+00  1.0482E+02  5.6824E-02 -4.8017E-01 -7.4808E-01
  1.4847E+01  1.0000E+02  8.5594E+00  1.0466E+02  5.2691E-02 -7.0133E-01 -4.5264E-01
  1.2793E+01  1.4000E+02  9.8285E+00  1.0406E+02  5.0078E-02 -9.1147E-01 -3.9498E-01
  1.1286E+01  1.8000E+02  1.1926E+01  1.0363E+02  4.7488E-02 -1.6776E+00 -5.3365E-01
  1.0098E+01  2.2000E+02  1.5769E+01  1.0394E+02  4.4493E-02 -2.9732E+00 -7.4475E-01
  9.1079E+00  2.6000E+02  2.0399E+01  1.0500E+02  4.1469E-02 -3.6120E+00 -7.5471E-01
  8.2487E+00  3.0000E+02  2.5615E+01  1.0661E+02  3.8555E-02 -4.1950E+00 -7.6043E-01
  7.4837E+00  3.4000E+02  3.1434E+01  1.0860E+02  3.5627E-02 -5.0011E+00 -8.0722E-01
  6.7909E+00  3.8000E+02  3.7806E+01  1.1086E+02  3.2662E-02 -5.9373E+00 -8.6790E-01
  6.1559E+00  4.2000E+02  4.4555E+01  1.1336E+02  2.9705E-02 -6.6906E+00 -8.9626E-01
  5.5686E+00  4.6000E+02  5.1472E+01  1.1612E+02  2.6803E-02 -7.0708E+00 -8.7611E-01
  5.0210E+00  5.0000E+02  5.8545E+01  1.1920E+02  2.3993E-02 -7.2927E+00 -8.4266E-01
  4.5065E+00  5.4000E+02  6.5874E+01  1.2258E+02  2.1275E-02 -7.6898E+00 -8.3467E-01
  4.0203E+00  5.8000E+02  7.3536E+01  1.2620E+02  1.8630E-02 -8.2987E+00 -8.5123E-01
  3.5587E+00  6.2000E+02  8.1524E+01  1.3004E+02  1.6057E-02 -8.9959E+00 -8.7619E-01
  3.1186E+00  6.6000E+02  8.9753E+01  1.3403E+02  1.3577E-02 -9.6328E+00 -8.9432E-01
  2.6978E+00  7.0000E+02  9.8097E+01  1.3812E+02  1.1221E-02 -1.0104E+01 -8.9699E-01
  2.2945E+00  7.4000E+02  1.0644E+02  1.4228E+02  9.0253E-03 -1.0353E+01 -8.8114E-01
  1.9068E+00  7.8000E+02  1.1471E+02  1.4653E+02  7.0326E-03 -1.0392E+01 -8.4987E-01
  1.5335E+00  8.2000E+02  1.2295E+02  1.5089E+02  5.2825E-03 -1.0397E+01 -8.1884E-01
  1.1732E+00  8.6000E+02  1.3114E+02  1.5530E+02  3.7996E-03 -1.0492E+01 -7.9761E-01
  8.2480E-01  9.0000E+02  1.3924E+02  1.5968E+02  2.5864E-03 -1.0650E+01 -7.8285E-01
  4.8736E-01  9.4000E+02  1.4740E+02  1.6411E+02  1.6020E-03 -1.1086E+01 -7.8927E-01
  1.6003E-01  9.8000E+02  1.5539E+02  1.7113E+02  8.8380E-04 -2.9431E+00 -2.0325E-01
