  25  3.9900000E+00
  2.5582E+01  2.0000E+01  3.5038E+00  9.7804E+00  3.4896E+00  0.0000E+00  0.0000E+00
  1.8081E+01  6.0000E+01  3.3762E+00  9.7939E+00  3.3226E+00  1.8811E-02  2.9773E-02
  1.4964E+01  1.0000E+02  3.3322E+00  9.8066E+00  3.2280E+00  1.8214E-02  1.1977E-02
  1.2879E+01  1.4000E+02  3.3001E+00  9.8252E+00  3.1441E+00  2.4288E-02  1.0685E-02
  1.1352E+01  1.8000E+02  3.2591E+00  9.8669E+00  3.0503E+00  5.4166E-02  1.7447E-02
  1.0153E+01  2.2000E+02  3.1984E+00  9.9492E+00  2.9176E+00  1.1925E-01  3.0171E-02
  9.1550E+00  2.6000E+02  3.1438E+00  1.0086E+01  2.7602E+00  1.9209E-01  4.0440E-02
  8.2902E+00  3.0000E+02  3.1307E+00  1.0283E+01  2.5963E+00  2.4292E-01  4.4326E-02
  7.5201E+00  3.4000E+02  3.1850E+00  1.0543E+01  2.4225E+00  2.6728E-01  4.3426E-02
  6.8224E+00  3.8000E+02  3.3385E+00  1.0873E+01  2.2427E+00  2.5305E-01  3.7248E-02
  6.1828E+00  4.2000E+02  3.6157E+00  1.1283E+01  2.0651E+00  2.0737E-01  2.7985E-02
  5.5909E+00  4.6000E+02  4.0297E+00  1.1784E+01  1.8965E+00  1.4633E-01  1.8272E-02
  5.0389E+00  5.0000E+02  4.5954E+00  1.2387E+01  1.7425E+00  6.8486E-02  7.9752E-03
  4.5207E+00  5.4000E+02  5.3294E+00  1.3104E+01  1.6046E+00 -3.3725E-02 -3.6872E-03
  4.0315E+00  5.8000E+02  6.2419E+00  1.3941E+01  1.4805E+00 -1.5372E-01 -1.5868E-02
  3.5673E+00  6.2000E+02  7.3346E+00  1.4904E+01  1.3671E+00 -2.8000E-01 -2.7422E-02
  3.1252E+00  6.6000E+02  8.5999E+00  1.5991E+01  1.2625E+00 -4.0269E-01 -3.7561E-02
  2.7027E+00  7.0000E+02  1.0024E+01  1.7197E+01  1.1660E+00 -5.1653E-01 -4.6037E-02
  2.2980E+00  7.4000E+02  1.1591E+01  1.8513E+01  1.0774E+00 -6.2052E-01 -5.2990E-02
  1.9093E+00  7.8000E+02  1.3289E+01  1.9936E+01  9.9618E-01 -7.0898E-01 -5.8144E-02
  1.5351E+00  8.2000E+02  1.5139E+01  2.1484E+01  9.2111E-01 -8.0549E-01 -6.3582E-02
  1.1742E+00  8.6000E+02  1.7160E+01  2.3159E+01  8.5087E-01 -9.5898E-01 -7.3022E-02
  8.2537E-01  9.0000E+02  1.9343E+01  2.4936E+01  7.8449E-01 -1.1646E+00 -8.5706E-02
  4.8765E-01  9.4000E+02  2.1731E+01  2.6844E+01  7.2048E-01 -1.4209E+00 -1.0125E-01
  1.6011E-01  9.8000E+02  2.4292E+01  3.0211E+01  6.5903E-01  2.4613E+00  1.7009E-01
