  25  3.9900000E+00
  2.6432E+01  2.0000E+01  5.9578E+00  1.0132E+01  5.9355E+00  0.0000E+00  0.0000E+00
  1.8580E+01  6.0000E+01  5.7472E+00  1.0139E+01  5.6568E+00  2.7720E-02  4.5921E-02
  1.5302E+01  1.0000E+02  5.6850E+00  1.0124E+01  5.5100E+00  1.4451E-02  9.9923E-03
  1.3147E+01  1.4000E+02  5.6419E+00  1.0115E+01  5.3723E+00  1.6054E-02  7.2993E-03
  1.1579E+01  1.8000E+02  5.5761E+00  1.0141E+01  5.2025E+00  5.8383E-02  1.9324E-02
  1.0349E+01  2.2000E+02  5.4733E+00  1.0225E+01  4.9971E+00  1.5162E-01  3.9341E-02
  9.3285E+00  2.6000E+02  5.3752E+00  1.0377E+01  4.7779E+00  2.4540E-01  5.2821E-02
  8.4464E+00  3.0000E+02  5.3234E+00  1.0608E+01  4.5397E+00  3.2009E-01  5.9571E-02
  7.6614E+00  3.4000E+02  5.3620E+00  1.0931E+01  4.2684E+00  3.6204E-01  5.9961E-02
  6.9495E+00  3.8000E+02  5.5450E+00  1.1359E+01  3.9706E+00  3.4506E-01  5.1829E-02
  6.2956E+00  4.2000E+02  5.9137E+00  1.1903E+01  3.6664E+00  2.6712E-01  3.6849E-02
  5.6896E+00  4.6000E+02  6.4841E+00  1.2564E+01  3.3740E+00  1.5066E-01  1.9263E-02
  5.1238E+00  5.0000E+02  7.2562E+00  1.3345E+01  3.1084E+00  1.5281E-02  1.8239E-03
  4.5927E+00  5.4000E+02  8.2122E+00  1.4242E+01  2.8751E+00 -1.1053E-01 -1.2387E-02
  4.0914E+00  5.8000E+02  9.3258E+00  1.5251E+01  2.6700E+00 -2.1022E-01 -2.2230E-02
  3.6166E+00  6.2000E+02  1.0575E+01  1.6361E+01  2.4872E+00 -2.9138E-01 -2.9194E-02
  3.1650E+00  6.6000E+02  1.1944E+01  1.7564E+01  2.3222E+00 -3.6842E-01 -3.5100E-02
  2.7343E+00  7.0000E+02  1.3421E+01  1.8846E+01  2.1720E+00 -4.5265E-01 -4.1133E-02
  2.3223E+00  7.4000E+02  1.4999E+01  2.0198E+01  2.0344E+00 -5.4891E-01 -4.7705E-02
  1.9275E+00  7.8000E+02  1.6670E+01  2.1611E+01  1.9072E+00 -6.5251E-01 -5.4361E-02
  1.5482E+00  8.2000E+02  1.8430E+01  2.3088E+01  1.7879E+00 -7.4561E-01 -5.9670E-02
  1.1830E+00  8.6000E+02  2.0298E+01  2.4655E+01  1.6744E+00 -8.2719E-01 -6.3718E-02
  8.3093E-01  9.0000E+02  2.2287E+01  2.6326E+01  1.5666E+00 -9.0182E-01 -6.6995E-02
  4.9063E-01  9.4000E+02  2.4457E+01  2.8143E+01  1.4649E+00 -1.0354E+00 -7.4341E-02
  1.6101E-01  9.8000E+02  2.6809E+01  3.1131E+01  1.3697E+00  1.9288E+00  1.3414E-01
