  25  3.9900000E+00
  2.6482E+01  2.0000E+01  6.2371E+00  1.0210E+01  6.2143E+00  0.0000E+00  0.0000E+00
  1.8618E+01  6.0000E+01  6.0147E+00  1.0217E+01  5.9225E+00  2.9178E-02  4.8407E-02
  1.5338E+01  1.0000E+02  5.9483E+00  1.0201E+01  5.7699E+00  1.5449E-02  1.0692E-02
  1.3183E+01  1.4000E+02  5.9038E+00  1.0192E+01  5.6224E+00  1.6402E-02  7.4566E-03
  1.1613E+01  1.8000E+02  5.8323E+00  1.0219E+01  5.4324E+00  6.2244E-02  2.0619E-02
  1.0380E+01  2.2000E+02  5.7219E+00  1.0307E+01  5.2071E+00  1.6141E-01  4.1977E-02
  9.3573E+00  2.6000E+02  5.6207E+00  1.0469E+01  4.9744E+00  2.5699E-01  5.5477E-02
  8.4725E+00  3.0000E+02  5.5695E+00  1.0712E+01  4.7243E+00  3.3294E-01  6.2148E-02
  7.6852E+00  3.4000E+02  5.6140E+00  1.1051E+01  4.4423E+00  3.7436E-01  6.2184E-02
  6.9712E+00  3.8000E+02  5.8107E+00  1.1502E+01  4.1339E+00  3.5561E-01  5.3570E-02
  6.3154E+00  4.2000E+02  6.2021E+00  1.2074E+01  3.8190E+00  2.7522E-01  3.8082E-02
  5.7074E+00  4.6000E+02  6.8047E+00  1.2770E+01  3.5167E+00  1.5387E-01  1.9738E-02
  5.1397E+00  5.0000E+02  7.6157E+00  1.3589E+01  3.2430E+00  1.4550E-02  1.7425E-03
  4.6067E+00  5.4000E+02  8.6126E+00  1.4527E+01  3.0030E+00 -1.1102E-01 -1.2486E-02
  4.1037E+00  5.8000E+02  9.7659E+00  1.5575E+01  2.7919E+00 -2.0879E-01 -2.2157E-02
  3.6271E+00  6.2000E+02  1.1051E+01  1.6723E+01  2.6038E+00 -2.8846E-01 -2.9005E-02
  3.1740E+00  6.6000E+02  1.2452E+01  1.7958E+01  2.4341E+00 -3.6517E-01 -3.4912E-02
  2.7418E+00  7.0000E+02  1.3956E+01  1.9268E+01  2.2798E+00 -4.5025E-01 -4.1054E-02
  2.3285E+00  7.4000E+02  1.5555E+01  2.0641E+01  2.1384E+00 -5.4763E-01 -4.7748E-02
  1.9324E+00  7.8000E+02  1.7243E+01  2.2070E+01  2.0073E+00 -6.5144E-01 -5.4439E-02
  1.5520E+00  8.2000E+02  1.9018E+01  2.3563E+01  1.8838E+00 -7.4444E-01 -5.9748E-02
  1.1859E+00  8.6000E+02  2.0899E+01  2.5142E+01  1.7661E+00 -8.2200E-01 -6.3491E-02
  8.3292E-01  9.0000E+02  2.2901E+01  2.6830E+01  1.6541E+00 -8.9081E-01 -6.6347E-02
  4.9178E-01  9.4000E+02  2.5094E+01  2.8672E+01  1.5481E+00 -1.0279E+00 -7.3979E-02
  1.6138E-01  9.8000E+02  2.7468E+01  3.1692E+01  1.4488E+00  1.9524E+00  1.3610E-01
