  25  3.9900000E+00
  2.6050E+01  2.0000E+01  4.7743E+00  9.9239E+00  4.7556E+00  0.0000E+00  0.0000E+00
  1.8344E+01  6.0000E+01  4.6042E+00  9.9333E+00  4.5318E+00  2.3293E-02  3.7869E-02
  1.5134E+01  1.0000E+02  4.5500E+00  9.9325E+00  4.4106E+00  1.6664E-02  1.1286E-02
  1.3007E+01  1.4000E+02  4.5093E+00  9.9385E+00  4.3044E+00  2.1976E-02  9.8625E-03
  1.1457E+01  1.8000E+02  4.4572E+00  9.9729E+00  4.1888E+00  5.5707E-02  1.8224E-02
  1.0242E+01  2.2000E+02  4.3810E+00  1.0051E+01  4.0364E+00  1.2735E-01  3.2642E-02
  9.2333E+00  2.6000E+02  4.3007E+00  1.0188E+01  3.8489E+00  2.1536E-01  4.5821E-02
  8.3603E+00  3.0000E+02  4.2620E+00  1.0395E+01  3.6426E+00  2.8116E-01  5.1785E-02
  7.5829E+00  3.4000E+02  4.3016E+00  1.0680E+01  3.4145E+00  3.1524E-01  5.1702E-02
  6.8781E+00  3.8000E+02  4.4598E+00  1.1049E+01  3.1708E+00  2.9947E-01  4.4530E-02
  6.2314E+00  4.2000E+02  4.7684E+00  1.1510E+01  2.9264E+00  2.3593E-01  3.2194E-02
  5.6325E+00  4.6000E+02  5.2410E+00  1.2071E+01  2.6924E+00  1.4671E-01  1.8538E-02
  5.0738E+00  5.0000E+02  5.8857E+00  1.2737E+01  2.4780E+00  3.9454E-02  4.6504E-03
  4.5494E+00  5.4000E+02  6.7040E+00  1.3516E+01  2.2875E+00 -7.6571E-02 -8.4713E-03
  4.0546E+00  5.8000E+02  7.6881E+00  1.4408E+01  2.1183E+00 -1.8527E-01 -1.9341E-02
  3.5857E+00  6.2000E+02  8.8278E+00  1.5415E+01  1.9661E+00 -2.8349E-01 -2.8048E-02
  3.1395E+00  6.6000E+02  1.0114E+01  1.6533E+01  1.8273E+00 -3.7613E-01 -3.5407E-02
  2.7136E+00  7.0000E+02  1.1536E+01  1.7754E+01  1.7001E+00 -4.7037E-01 -4.2265E-02
  2.3060E+00  7.4000E+02  1.3082E+01  1.9068E+01  1.5833E+00 -5.7046E-01 -4.9064E-02
  1.9148E+00  7.8000E+02  1.4741E+01  2.0464E+01  1.4759E+00 -6.7229E-01 -5.5479E-02
  1.5388E+00  8.2000E+02  1.6510E+01  2.1946E+01  1.3761E+00 -7.6514E-01 -6.0708E-02
  1.1764E+00  8.6000E+02  1.8423E+01  2.3542E+01  1.2819E+00 -8.7472E-01 -6.6868E-02
  8.2662E-01  9.0000E+02  2.0480E+01  2.5247E+01  1.1924E+00 -1.0040E+00 -7.4099E-02
  4.8824E-01  9.4000E+02  2.2725E+01  2.7094E+01  1.1076E+00 -1.1785E+00 -8.4132E-02
  1.6027E-01  9.8000E+02  2.5151E+01  3.0263E+01  1.0272E+00  2.2671E+00  1.5687E-01
