  25  3.9900000E+00
  2.6456E+01  2.0000E+01  9.9131E+00  1.1288E+01  9.8872E+00  0.0000E+00  0.0000E+00
  1.8807E+01  6.0000E+01  9.4951E+00  1.1288E+01  9.4204E+00  5.4739E-02  8.8340E-02
  1.5866E+01  1.0000E+02  9.3164E+00  1.1329E+01  9.2122E+00  7.4583E-02  4.6278E-02
  1.3959E+01  1.4000E+02  9.1314E+00  1.1431E+01  8.9869E+00  1.5077E-01  6.0650E-02
  1.2506E+01  1.8000E+02  8.8224E+00  1.1654E+01  8.5342E+00  3.6589E-01  1.1222E-01
  1.1298E+01  2.2000E+02  8.5662E+00  1.2117E+01  7.8825E+00  5.9573E-01  1.5179E-01
  1.0246E+01  2.6000E+02  8.6377E+00  1.2933E+01  7.0976E+00  7.0736E-01  1.5695E-01
  9.3069E+00  3.0000E+02  9.2809E+00  1.4139E+01  6.3248E+00  5.9911E-01  1.1873E-01
  8.4552E+00  3.4000E+02  1.0558E+01  1.5729E+01  5.6697E+00  3.6769E-01  6.6071E-02
  7.6743E+00  3.8000E+02  1.2387E+01  1.7662E+01  5.1521E+00  1.3306E-01  2.1922E-02
  6.9521E+00  4.2000E+02  1.4651E+01  1.9884E+01  4.7309E+00 -5.8179E-02 -8.8643E-03
  6.2797E+00  4.6000E+02  1.7255E+01  2.2319E+01  4.3709E+00 -2.5186E-01 -3.5732E-02
  5.6502E+00  5.0000E+02  2.0087E+01  2.4873E+01  4.0526E+00 -4.4102E-01 -5.8570E-02
  5.0585E+00  5.4000E+02  2.3045E+01  2.7485E+01  3.7670E+00 -5.8376E-01 -7.2871E-02
  4.5004E+00  5.8000E+02  2.6054E+01  3.0119E+01  3.5083E+00 -6.7183E-01 -7.9107E-02
  3.9723E+00  6.2000E+02  2.9056E+01  3.2744E+01  3.2721E+00 -7.1588E-01 -7.9765E-02
  3.4711E+00  6.6000E+02  3.2018E+01  3.5341E+01  3.0559E+00 -7.2579E-01 -7.6745E-02
  2.9943E+00  7.0000E+02  3.4923E+01  3.7908E+01  2.8577E+00 -7.1064E-01 -7.1498E-02
  2.5394E+00  7.4000E+02  3.7771E+01  4.0448E+01  2.6753E+00 -6.7830E-01 -6.5093E-02
  2.1046E+00  7.8000E+02  4.0572E+01  4.2971E+01  2.5067E+00 -6.3778E-01 -5.8511E-02
  1.6880E+00  8.2000E+02  4.3336E+01  4.5485E+01  2.3502E+00 -6.0050E-01 -5.2778E-02
  1.2881E+00  8.6000E+02  4.6074E+01  4.7994E+01  2.2036E+00 -5.7437E-01 -4.8459E-02
  9.0356E-01  9.0000E+02  4.8812E+01  5.0535E+01  2.0630E+00 -5.0998E-01 -4.1376E-02
  5.3307E-01  9.4000E+02  5.1743E+01  5.3360E+01  1.9243E+00 -2.8562E-01 -2.2325E-02
  1.7489E-01  9.8000E+02  5.5673E+01  6.0929E+01  1.7801E+00  1.0158E+01  7.6765E-01
