  25  8.5995000E+01
  2.6539E+01  2.0000E+01  4.2663E+00  1.1075E+02  1.9738E-01  0.0000E+00  0.0000E+00
  1.8697E+01  6.0000E+01  9.3407E+00  1.1072E+02  1.7491E-01 -6.5140E-01 -1.0777E+00
  1.5456E+01  1.0000E+02  1.1916E+01  1.0953E+02  1.6230E-01 -1.1598E+00 -7.9294E-01
  1.3335E+01  1.4000E+02  1.5686E+01  1.0859E+02  1.5202E-01 -2.2200E+00 -9.9360E-01
  1.1775E+01  1.8000E+02  2.1391E+01  1.0840E+02  1.4202E-01 -3.7799E+00 -1.2441E+00
  1.0535E+01  2.2000E+02  2.7571E+01  1.0903E+02  1.3254E-01 -4.4764E+00 -1.1709E+00
  9.4986E+00  2.6000E+02  3.3684E+01  1.1048E+02  1.2382E-01 -4.5027E+00 -9.8475E-01
  8.5998E+00  3.0000E+02  4.0031E+01  1.1265E+02  1.1549E-01 -4.6491E+00 -8.8162E-01
  7.7998E+00  3.4000E+02  4.7023E+01  1.1539E+02  1.0713E-01 -5.3070E+00 -8.9577E-01
  7.0746E+00  3.8000E+02  5.4768E+01  1.1860E+02  9.8494E-02 -6.2623E+00 -9.5814E-01
  6.4087E+00  4.2000E+02  6.3140E+01  1.2217E+02  8.9602E-02 -7.2070E+00 -1.0125E+00
  5.7915E+00  4.6000E+02  7.1865E+01  1.2601E+02  8.0711E-02 -7.9133E+00 -1.0305E+00
  5.2152E+00  5.0000E+02  8.0687E+01  1.3003E+02  7.2103E-02 -8.3300E+00 -1.0128E+00
  4.6739E+00  5.4000E+02  8.9439E+01  1.3416E+02  6.3961E-02 -8.5513E+00 -9.7651E-01
  4.1632E+00  5.8000E+02  9.8016E+01  1.3832E+02  5.6379E-02 -8.6421E+00 -9.3132E-01
  3.6792E+00  6.2000E+02  1.0635E+02  1.4247E+02  4.9380E-02 -8.6379E+00 -8.8199E-01
  3.2191E+00  6.6000E+02  1.1439E+02  1.4657E+02  4.2928E-02 -8.5739E+00 -8.3234E-01
  2.7803E+00  7.0000E+02  1.2213E+02  1.5058E+02  3.6963E-02 -8.4915E+00 -7.8604E-01
  2.3609E+00  7.4000E+02  1.2958E+02  1.5450E+02  3.1412E-02 -8.4305E+00 -7.4602E-01
  1.9590E+00  7.8000E+02  1.3678E+02  1.5832E+02  2.6218E-02 -8.4003E+00 -7.1221E-01
  1.5732E+00  8.2000E+02  1.4378E+02  1.6209E+02  2.1345E-02 -8.3588E+00 -6.8041E-01
  1.2020E+00  8.6000E+02  1.5068E+02  1.6592E+02  1.6771E-02 -8.2876E+00 -6.4900E-01
  8.4420E-01  9.0000E+02  1.5755E+02  1.6989E+02  1.2555E-02 -8.1003E+00 -6.1155E-01
  4.9841E-01  9.4000E+02  1.6445E+02  1.7410E+02  8.8487E-03 -7.7962E+00 -5.6877E-01
  1.6354E-01  9.8000E+02  1.7109E+02  1.8028E+02  5.8821E-03 -1.3673E+00 -9.6604E-02
