  25  3.9900000E+00
  2.6191E+01  2.0000E+01  5.0794E+00  9.9577E+00  5.0592E+00  0.0000E+00  0.0000E+00
  1.8422E+01  6.0000E+01  4.9009E+00  9.9657E+00  4.8214E+00  2.4009E-02  3.9353E-02
  1.5182E+01  1.0000E+02  4.8464E+00  9.9590E+00  4.6937E+00  1.4761E-02  1.0091E-02
  1.3042E+01  1.4000E+02  4.8054E+00  9.9594E+00  4.5805E+00  1.9303E-02  8.7140E-03
  1.1484E+01  1.8000E+02  4.7507E+00  9.9901E+00  4.4543E+00  5.4899E-02  1.8040E-02
  1.0265E+01  2.2000E+02  4.6687E+00  1.0068E+01  4.2921E+00  1.3080E-01  3.3656E-02
  9.2532E+00  2.6000E+02  4.5831E+00  1.0205E+01  4.0990E+00  2.2030E-01  4.7018E-02
  8.3783E+00  3.0000E+02  4.5381E+00  1.0414E+01  3.8854E+00  2.9023E-01  5.3578E-02
  7.5994E+00  3.4000E+02  4.5732E+00  1.0705E+01  3.6459E+00  3.2841E-01  5.3967E-02
  6.8931E+00  3.8000E+02  4.7326E+00  1.1086E+01  3.3872E+00  3.1347E-01  4.6708E-02
  6.2449E+00  4.2000E+02  5.0513E+00  1.1564E+01  3.1261E+00  2.4600E-01  3.3646E-02
  5.6444E+00  4.6000E+02  5.5437E+00  1.2146E+01  2.8756E+00  1.4888E-01  1.8862E-02
  5.0841E+00  5.0000E+02  6.2158E+00  1.2836E+01  2.6465E+00  3.3075E-02  3.9096E-03
  4.5582E+00  5.4000E+02  7.0643E+00  1.3639E+01  2.4435E+00 -8.6294E-02 -9.5749E-03
  4.0620E+00  5.8000E+02  8.0764E+00  1.4556E+01  2.2641E+00 -1.9190E-01 -2.0090E-02
  3.5917E+00  6.2000E+02  9.2380E+00  1.5584E+01  2.1031E+00 -2.8380E-01 -2.8158E-02
  3.1444E+00  6.6000E+02  1.0538E+01  1.6719E+01  1.9570E+00 -3.6982E-01 -3.4905E-02
  2.7174E+00  7.0000E+02  1.1967E+01  1.7952E+01  1.8234E+00 -4.5939E-01 -4.1378E-02
  2.3089E+00  7.4000E+02  1.3515E+01  1.9271E+01  1.7009E+00 -5.5809E-01 -4.8105E-02
  1.9170E+00  7.8000E+02  1.5169E+01  2.0666E+01  1.5882E+00 -6.6248E-01 -5.4777E-02
  1.5403E+00  8.2000E+02  1.6926E+01  2.2139E+01  1.4832E+00 -7.5660E-01 -6.0134E-02
  1.1774E+00  8.6000E+02  1.8816E+01  2.3717E+01  1.3839E+00 -8.5780E-01 -6.5668E-02
  8.2721E-01  9.0000E+02  2.0844E+01  2.5405E+01  1.2895E+00 -9.7039E-01 -7.1697E-02
  4.8855E-01  9.4000E+02  2.3053E+01  2.7233E+01  1.2002E+00 -1.1230E+00 -8.0239E-02
  1.6036E-01  9.8000E+02  2.5440E+01  3.0365E+01  1.1161E+00  2.2665E+00  1.5694E-01
