  25  8.5995000E+01
  2.6366E+01  2.0000E+01  4.1533E+00  1.0962E+02  1.5286E-01  0.0000E+00  0.0000E+00
  1.8534E+01  6.0000E+01  9.3141E+00  1.0981E+02  1.3423E-01 -6.3471E-01 -1.0488E+00
  1.5264E+01  1.0000E+02  1.2072E+01  1.0879E+02  1.2419E-01 -1.1577E+00 -7.9858E-01
  1.3112E+01  1.4000E+02  1.4082E+01  1.0744E+02  1.1721E-01 -1.5578E+00 -7.0742E-01
  1.1546E+01  1.8000E+02  1.6746E+01  1.0657E+02  1.1130E-01 -2.2620E+00 -7.4740E-01
  1.0319E+01  2.2000E+02  2.0184E+01  1.0656E+02  1.0566E-01 -2.8061E+00 -7.2628E-01
  9.3016E+00  2.6000E+02  2.4581E+01  1.0746E+02  9.9987E-02 -3.4373E+00 -7.3777E-01
  8.4220E+00  3.0000E+02  3.0169E+01  1.0916E+02  9.4092E-02 -4.4252E+00 -8.2124E-01
  7.6392E+00  3.4000E+02  3.6957E+01  1.1146E+02  8.7717E-02 -5.7251E+00 -9.4561E-01
  6.9292E+00  3.8000E+02  4.4719E+01  1.1419E+02  8.0841E-02 -7.0867E+00 -1.0615E+00
  6.2772E+00  4.2000E+02  5.3007E+01  1.1723E+02  7.3732E-02 -8.0498E+00 -1.1072E+00
  5.6731E+00  4.6000E+02  6.1461E+01  1.2050E+02  6.6624E-02 -8.5815E+00 -1.0938E+00
  5.1092E+00  5.0000E+02  6.9938E+01  1.2396E+02  5.9688E-02 -8.8962E+00 -1.0583E+00
  4.5799E+00  5.4000E+02  7.8366E+01  1.2758E+02  5.3039E-02 -9.0928E+00 -1.0155E+00
  4.0804E+00  5.8000E+02  8.6713E+01  1.3131E+02  4.6740E-02 -9.2326E+00 -9.7292E-01
  3.6071E+00  6.2000E+02  9.4945E+01  1.3513E+02  4.0834E-02 -9.3269E+00 -9.3129E-01
  3.1570E+00  6.6000E+02  1.0302E+02  1.3900E+02  3.5328E-02 -9.3626E+00 -8.8903E-01
  2.7277E+00  7.0000E+02  1.1092E+02  1.4288E+02  3.0201E-02 -9.3467E+00 -8.4667E-01
  2.3170E+00  7.4000E+02  1.1860E+02  1.4674E+02  2.5423E-02 -9.3059E+00 -8.0634E-01
  1.9232E+00  7.8000E+02  1.2607E+02  1.5056E+02  2.0969E-02 -9.2672E+00 -7.6991E-01
  1.5449E+00  8.2000E+02  1.3336E+02  1.5437E+02  1.6834E-02 -9.1976E+00 -7.3416E-01
  1.1807E+00  8.6000E+02  1.4050E+02  1.5823E+02  1.3069E-02 -9.0193E+00 -6.9309E-01
  8.2932E-01  9.0000E+02  1.4745E+02  1.6215E+02  9.7795E-03 -8.5904E+00 -6.3677E-01
  4.8970E-01  9.4000E+02  1.5423E+02  1.6621E+02  7.0574E-03 -8.0274E+00 -5.7518E-01
  1.6071E-01  9.8000E+02  1.6080E+02  1.7225E+02  4.9181E-03 -1.5893E+00 -1.1031E-01
