  25  8.5995000E+01
  2.5936E+01  2.0000E+01  3.7365E+00  1.0770E+02  1.1967E-01  0.0000E+00  0.0000E+00
  1.8279E+01  6.0000E+01  8.1647E+00  1.0776E+02  1.0445E-01 -5.7097E-01 -9.2234E-01
  1.5092E+01  1.0000E+02  1.0593E+01  1.0716E+02  9.6622E-02 -9.4936E-01 -6.3844E-01
  1.2974E+01  1.4000E+02  1.1978E+01  1.0613E+02  9.1543E-02 -1.1393E+00 -5.0894E-01
  1.1429E+01  1.8000E+02  1.3699E+01  1.0542E+02  8.7405E-02 -1.5748E+00 -5.1333E-01
  1.0218E+01  2.2000E+02  1.6914E+01  1.0549E+02  8.3055E-02 -2.5965E+00 -6.6345E-01
  9.2124E+00  2.6000E+02  2.1507E+01  1.0642E+02  7.8320E-02 -3.6478E+00 -7.7406E-01
  8.3415E+00  3.0000E+02  2.7265E+01  1.0807E+02  7.3386E-02 -4.7120E+00 -8.6579E-01
  7.5660E+00  3.4000E+02  3.3892E+01  1.1023E+02  6.8254E-02 -5.7561E+00 -9.4178E-01
  6.8630E+00  3.8000E+02  4.1174E+01  1.1273E+02  6.2912E-02 -6.8063E+00 -1.0095E+00
  6.2181E+00  4.2000E+02  4.8847E+01  1.1548E+02  5.7502E-02 -7.6305E+00 -1.0383E+00
  5.6210E+00  4.6000E+02  5.6644E+01  1.1846E+02  5.2141E-02 -8.0725E+00 -1.0170E+00
  5.0640E+00  5.0000E+02  6.4480E+01  1.2165E+02  4.6917E-02 -8.3325E+00 -9.7909E-01
  4.5413E+00  5.4000E+02  7.2363E+01  1.2506E+02  4.1881E-02 -8.5718E+00 -9.4540E-01
  4.0480E+00  5.8000E+02  8.0311E+01  1.2864E+02  3.7051E-02 -8.8446E+00 -9.2055E-01
  3.5803E+00  6.2000E+02  8.8332E+01  1.3238E+02  3.2440E-02 -9.1532E+00 -9.0311E-01
  3.1353E+00  6.6000E+02  9.6393E+01  1.3624E+02  2.8064E-02 -9.4406E+00 -8.8643E-01
  2.7103E+00  7.0000E+02  1.0443E+02  1.4018E+02  2.3932E-02 -9.6517E+00 -8.6526E-01
  2.3035E+00  7.4000E+02  1.1238E+02  1.4415E+02  2.0051E-02 -9.7617E+00 -8.3786E-01
  1.9131E+00  7.8000E+02  1.2018E+02  1.4814E+02  1.6436E-02 -9.7672E+00 -8.0454E-01
  1.5376E+00  8.2000E+02  1.2785E+02  1.5217E+02  1.3110E-02 -9.7062E+00 -7.6892E-01
  1.1757E+00  8.6000E+02  1.3548E+02  1.5629E+02  1.0098E-02 -9.6964E+00 -7.4034E-01
  8.2622E-01  9.0000E+02  1.4300E+02  1.6045E+02  7.4722E-03 -9.5856E+00 -7.0680E-01
  4.8806E-01  9.4000E+02  1.5044E+02  1.6471E+02  5.2645E-03 -9.4255E+00 -6.7248E-01
  1.6022E-01  9.8000E+02  1.5771E+02  1.7127E+02  3.4965E-03 -2.1688E+00 -1.5001E-01
