  25  8.5995000E+01
  2.5132E+01  2.0000E+01  2.9592E+00  1.0434E+02  4.7674E-02  0.0000E+00  0.0000E+00
  1.7821E+01  6.0000E+01  6.2035E+00  1.0424E+02  4.0727E-02 -4.5808E-01 -7.0658E-01
  1.4794E+01  1.0000E+02  8.1886E+00  1.0423E+02  3.7851E-02 -6.5844E-01 -4.2052E-01
  1.2752E+01  1.4000E+02  9.5795E+00  1.0370E+02  3.5956E-02 -9.4287E-01 -4.0621E-01
  1.1252E+01  1.8000E+02  1.1788E+01  1.0330E+02  3.3928E-02 -1.7351E+00 -5.4917E-01
  1.0070E+01  2.2000E+02  1.5619E+01  1.0366E+02  3.1578E-02 -2.9386E+00 -7.3281E-01
  9.0829E+00  2.6000E+02  2.0116E+01  1.0472E+02  2.9269E-02 -3.4771E+00 -7.2394E-01
  8.2264E+00  3.0000E+02  2.5153E+01  1.0630E+02  2.7057E-02 -4.0393E+00 -7.2988E-01
  7.4640E+00  3.4000E+02  3.0777E+01  1.0823E+02  2.4850E-02 -4.8538E+00 -7.8073E-01
  6.7740E+00  3.8000E+02  3.6923E+01  1.1041E+02  2.2640E-02 -5.7410E+00 -8.3579E-01
  6.1420E+00  4.2000E+02  4.3424E+01  1.1286E+02  2.0450E-02 -6.4166E+00 -8.5556E-01
  5.5576E+00  4.6000E+02  5.0122E+01  1.1561E+02  1.8318E-02 -6.7435E+00 -8.3152E-01
  5.0123E+00  5.0000E+02  5.7040E+01  1.1872E+02  1.6267E-02 -6.9914E+00 -8.0422E-01
  4.4998E+00  5.4000E+02  6.4294E+01  1.2213E+02  1.4288E-02 -7.4918E+00 -8.1006E-01
  4.0152E+00  5.8000E+02  7.1956E+01  1.2580E+02  1.2360E-02 -8.2451E+00 -8.4308E-01
  3.5547E+00  6.2000E+02  8.0002E+01  1.2967E+02  1.0481E-02 -9.0773E+00 -8.8188E-01
  3.1156E+00  6.6000E+02  8.8317E+01  1.3368E+02  8.6721E-03 -9.7995E+00 -9.0789E-01
  2.6956E+00  7.0000E+02  9.6757E+01  1.3779E+02  6.9670E-03 -1.0304E+01 -9.1313E-01
  2.2928E+00  7.4000E+02  1.0519E+02  1.4198E+02  5.4082E-03 -1.0542E+01 -8.9580E-01
  1.9057E+00  7.8000E+02  1.1359E+02  1.4628E+02  4.0379E-03 -1.0584E+01 -8.6439E-01
  1.5327E+00  8.2000E+02  1.2196E+02  1.5069E+02  2.8836E-03 -1.0606E+01 -8.3455E-01
  1.1727E+00  8.6000E+02  1.3024E+02  1.5513E+02  1.9529E-03 -1.0687E+01 -8.1184E-01
  8.2448E-01  9.0000E+02  1.3844E+02  1.5953E+02  1.2317E-03 -1.0895E+01 -8.0039E-01
  4.8719E-01  9.4000E+02  1.4674E+02  1.6398E+02  6.8280E-04 -1.1439E+01 -8.1404E-01
  1.5998E-01  9.8000E+02  1.5485E+02  1.7110E+02  3.2412E-04 -2.9933E+00 -2.0664E-01
