  25  8.5995000E+01
  2.6518E+01  2.0000E+01  4.2627E+00  1.1131E+02  2.1041E-01  0.0000E+00  0.0000E+00
  1.8704E+01  6.0000E+01  9.0943E+00  1.1103E+02  1.8701E-01 -6.5423E-01 -1.0785E+00
  1.5507E+01  1.0000E+02  1.1326E+01  1.0980E+02  1.7384E-01 -1.0837E+00 -7.3106E-01
  1.3421E+01  1.4000E+02  1.5394E+01  1.0923E+02  1.6266E-01 -2.2215E+00 -9.7778E-01
  1.1875E+01  1.8000E+02  2.1895E+01  1.0962E+02  1.5139E-01 -3.9504E+00 -1.2884E+00
  1.0635E+01  2.2000E+02  2.9085E+01  1.1079E+02  1.4059E-01 -4.8600E+00 -1.2712E+00
  9.5922E+00  2.6000E+02  3.6151E+01  1.1271E+02  1.3060E-01 -4.9364E+00 -1.0862E+00
  8.6845E+00  3.0000E+02  4.3285E+01  1.1526E+02  1.2116E-01 -5.0507E+00 -9.6729E-01
  7.8752E+00  3.4000E+02  5.0733E+01  1.1826E+02  1.1200E-01 -5.4855E+00 -9.3664E-01
  7.1414E+00  3.8000E+02  5.8657E+01  1.2164E+02  1.0283E-01 -6.1939E+00 -9.5889E-01
  6.4679E+00  4.2000E+02  6.7065E+01  1.2533E+02  9.3580E-02 -7.0048E+00 -9.9537E-01
  5.8439E+00  4.6000E+02  7.5782E+01  1.2927E+02  8.4406E-02 -7.6652E+00 -1.0091E+00
  5.2615E+00  5.0000E+02  8.4580E+01  1.3336E+02  7.5556E-02 -8.0752E+00 -9.9220E-01
  4.7148E+00  5.4000E+02  9.3284E+01  1.3754E+02  6.7220E-02 -8.2747E+00 -9.5446E-01
  4.1990E+00  5.8000E+02  1.0179E+02  1.4174E+02  5.9487E-02 -8.3439E+00 -9.0791E-01
  3.7105E+00  6.2000E+02  1.1004E+02  1.4592E+02  5.2350E-02 -8.3484E+00 -8.6042E-01
  3.2462E+00  6.6000E+02  1.1803E+02  1.5004E+02  4.5746E-02 -8.3303E+00 -8.1603E-01
  2.8036E+00  7.0000E+02  1.2575E+02  1.5407E+02  3.9595E-02 -8.3202E+00 -7.7698E-01
  2.3806E+00  7.4000E+02  1.3321E+02  1.5801E+02  3.3820E-02 -8.3357E+00 -7.4400E-01
  1.9753E+00  7.8000E+02  1.4044E+02  1.6185E+02  2.8378E-02 -8.3477E+00 -7.1375E-01
  1.5862E+00  8.2000E+02  1.4749E+02  1.6565E+02  2.3220E-02 -8.3556E+00 -6.8583E-01
  1.2120E+00  8.6000E+02  1.5448E+02  1.6952E+02  1.8315E-02 -8.3520E+00 -6.5944E-01
  8.5122E-01  9.0000E+02  1.6153E+02  1.7356E+02  1.3680E-02 -8.3375E+00 -6.3464E-01
  5.0257E-01  9.4000E+02  1.6873E+02  1.7788E+02  9.4390E-03 -8.2478E+00 -6.0669E-01
  1.6491E-01  9.8000E+02  1.7567E+02  1.8430E+02  5.9784E-03 -1.5539E+00 -1.1070E-01
