  25  3.9900000E+00
  2.5849E+01  2.0000E+01  4.1481E+00  9.8200E+00  4.1313E+00  0.0000E+00  0.0000E+00
  1.8221E+01  6.0000E+01  4.0002E+00  9.8307E+00  3.9359E+00  2.0811E-02  3.3489E-02
  1.5048E+01  1.0000E+02  3.9513E+00  9.8355E+00  3.8281E+00  1.6896E-02  1.1310E-02
  1.2940E+01  1.4000E+02  3.9144E+00  9.8472E+00  3.7337E+00  2.3059E-02  1.0258E-02
  1.1400E+01  1.8000E+02  3.8675E+00  9.8847E+00  3.6296E+00  5.4794E-02  1.7796E-02
  1.0193E+01  2.2000E+02  3.7985E+00  9.9640E+00  3.4868E+00  1.2289E-01  3.1299E-02
  9.1902E+00  2.6000E+02  3.7292E+00  1.0100E+01  3.3122E+00  2.0451E-01  4.3279E-02
  8.3216E+00  3.0000E+02  3.7012E+00  1.0301E+01  3.1253E+00  2.6393E-01  4.8365E-02
  7.5483E+00  3.4000E+02  3.7457E+00  1.0573E+01  2.9234E+00  2.9413E-01  4.7988E-02
  6.8474E+00  3.8000E+02  3.8987E+00  1.0922E+01  2.7115E+00  2.7892E-01  4.1246E-02
  6.2044E+00  4.2000E+02  4.1883E+00  1.1355E+01  2.5007E+00  2.2356E-01  3.0325E-02
  5.6093E+00  4.6000E+02  4.6274E+00  1.1882E+01  2.2994E+00  1.4765E-01  1.8540E-02
  5.0542E+00  5.0000E+02  5.2274E+00  1.2513E+01  2.1150E+00  5.5957E-02  6.5532E-03
  4.5331E+00  5.4000E+02  5.9974E+00  1.3256E+01  1.9505E+00 -5.1416E-02 -5.6522E-03
  4.0414E+00  5.8000E+02  6.9385E+00  1.4117E+01  1.8034E+00 -1.6271E-01 -1.6882E-02
  3.5751E+00  6.2000E+02  8.0467E+00  1.5099E+01  1.6701E+00 -2.7096E-01 -2.6657E-02
  3.1312E+00  6.6000E+02  9.3144E+00  1.6200E+01  1.5480E+00 -3.7543E-01 -3.5158E-02
  2.7073E+00  7.0000E+02  1.0731E+01  1.7414E+01  1.4358E+00 -4.7756E-01 -4.2713E-02
  2.3013E+00  7.4000E+02  1.2283E+01  1.8731E+01  1.3326E+00 -5.7966E-01 -4.9651E-02
  1.9115E+00  7.8000E+02  1.3958E+01  2.0143E+01  1.2379E+00 -6.7521E-01 -5.5520E-02
  1.5366E+00  8.2000E+02  1.5767E+01  2.1663E+01  1.1502E+00 -7.6836E-01 -6.0780E-02
  1.1751E+00  8.6000E+02  1.7738E+01  2.3309E+01  1.0678E+00 -9.0142E-01 -6.8749E-02
  8.2590E-01  9.0000E+02  1.9867E+01  2.5062E+01  9.8966E-01 -1.0757E+00 -7.9253E-02
  4.8790E-01  9.4000E+02  2.2194E+01  2.6949E+01  9.1486E-01 -1.3011E+00 -9.2781E-02
  1.6018E-01  9.8000E+02  2.4697E+01  3.0235E+01  8.4324E-01  2.3905E+00  1.6529E-01
