  25  3.9900000E+00
  2.6454E+01  2.0000E+01  9.6882E+00  1.1973E+01  9.6620E+00  0.0000E+00  0.0000E+00
  1.8777E+01  6.0000E+01  9.2818E+00  1.1976E+01  9.2064E+00  5.3241E-02  8.6227E-02
  1.5833E+01  1.0000E+02  9.1070E+00  1.2018E+01  9.0025E+00  7.3629E-02  4.5728E-02
  1.3925E+01  1.4000E+02  8.9228E+00  1.2127E+01  8.7750E+00  1.5382E-01  6.1943E-02
  1.2458E+01  1.8000E+02  8.6328E+00  1.2355E+01  8.3262E+00  3.5290E-01  1.0918E-01
  1.1244E+01  2.2000E+02  8.4101E+00  1.2799E+01  7.7147E+00  5.4905E-01  1.4069E-01
  1.0192E+01  2.6000E+02  8.4723E+00  1.3558E+01  6.9955E+00  6.6200E-01  1.4697E-01
  9.2545E+00  3.0000E+02  9.0235E+00  1.4666E+01  6.2811E+00  5.9487E-01  1.1761E-01
  8.4065E+00  3.4000E+02  1.0122E+01  1.6128E+01  5.6598E+00  4.2802E-01  7.6572E-02
  7.6301E+00  3.8000E+02  1.1727E+01  1.7930E+01  5.1628E+00  2.5417E-01  4.1635E-02
  6.9124E+00  4.2000E+02  1.3757E+01  2.0029E+01  4.7637E+00  9.7209E-02  1.4719E-02
  6.2442E+00  4.6000E+02  1.6122E+01  2.2350E+01  4.4288E+00 -6.5699E-02 -9.2629E-03
  5.6184E+00  5.0000E+02  1.8739E+01  2.4824E+01  4.1381E+00 -2.2991E-01 -3.0353E-02
  5.0299E+00  5.4000E+02  2.1519E+01  2.7375E+01  3.8826E+00 -3.8850E-01 -4.8242E-02
  4.4743E+00  5.8000E+02  2.4363E+01  2.9914E+01  3.6576E+00 -5.4984E-01 -6.4451E-02
  3.9482E+00  6.2000E+02  2.7193E+01  3.2359E+01  3.4560E+00 -7.3111E-01 -8.1140E-02
  3.4490E+00  6.6000E+02  2.9976E+01  3.4676E+01  3.2679E+00 -9.3371E-01 -9.8356E-02
  2.9740E+00  7.0000E+02  3.2720E+01  3.6891E+01  3.0825E+00 -1.1140E+00 -1.1163E-01
  2.5213E+00  7.4000E+02  3.5414E+01  3.9043E+01  2.8964E+00 -1.1967E+00 -1.1431E-01
  2.0888E+00  7.8000E+02  3.8024E+01  4.1154E+01  2.7139E+00 -1.1543E+00 -1.0532E-01
  1.6748E+00  8.2000E+02  4.0523E+01  4.3227E+01  2.5412E+00 -1.0297E+00 -8.9927E-02
  1.2779E+00  8.6000E+02  4.2954E+01  4.5300E+01  2.3794E+00 -9.0006E-01 -7.5380E-02
  8.9643E-01  9.0000E+02  4.5509E+01  4.7553E+01  2.2180E+00 -7.9296E-01 -6.3817E-02
  5.2890E-01  9.4000E+02  4.8526E+01  5.0346E+01  2.0527E+00 -6.0847E-01 -4.7183E-02
  1.7350E-01  9.8000E+02  5.2260E+01  5.7203E+01  1.8899E+00  8.7878E+00  6.5893E-01
