  25  8.5995000E+01
  2.6466E+01  2.0000E+01  4.2325E+00  1.1003E+02  1.6851E-01  0.0000E+00  0.0000E+00
  1.8608E+01  6.0000E+01  9.4869E+00  1.1021E+02  1.4843E-01 -6.4642E-01 -1.0716E+00
  1.5333E+01  1.0000E+02  1.2273E+01  1.0909E+02  1.3741E-01 -1.1929E+00 -8.2438E-01
  1.3181E+01  1.4000E+02  1.4826E+01  1.0776E+02  1.2937E-01 -1.8013E+00 -8.1774E-01
  1.1613E+01  1.8000E+02  1.8411E+01  1.0695E+02  1.2221E-01 -2.8036E+00 -9.2750E-01
  1.0382E+01  2.2000E+02  2.2538E+01  1.0704E+02  1.1547E-01 -3.2789E+00 -8.5168E-01
  9.3594E+00  2.6000E+02  2.7301E+01  1.0807E+02  1.0898E-01 -3.6544E+00 -7.8822E-01
  8.4749E+00  3.0000E+02  3.2972E+01  1.0990E+02  1.0245E-01 -4.3417E+00 -8.1024E-01
  7.6875E+00  3.4000E+02  3.9806E+01  1.1235E+02  9.5443E-02 -5.5620E+00 -9.2403E-01
  6.9732E+00  3.8000E+02  4.7676E+01  1.1526E+02  8.7879E-02 -6.9447E+00 -1.0466E+00
  6.3170E+00  4.2000E+02  5.6127E+01  1.1851E+02  8.0019E-02 -7.9391E+00 -1.0991E+00
  5.7087E+00  4.6000E+02  6.4816E+01  1.2199E+02  7.2134E-02 -8.5538E+00 -1.0978E+00
  5.1408E+00  5.0000E+02  7.3542E+01  1.2565E+02  6.4452E-02 -8.9213E+00 -1.0690E+00
  4.6074E+00  5.4000E+02  8.2196E+01  1.2944E+02  5.7116E-02 -9.1268E+00 -1.0270E+00
  4.1042E+00  5.8000E+02  9.0708E+01  1.3330E+02  5.0213E-02 -9.2353E+00 -9.8054E-01
  3.6274E+00  6.2000E+02  9.9021E+01  1.3720E+02  4.3794E-02 -9.2505E+00 -9.3052E-01
  3.1741E+00  6.6000E+02  1.0709E+02  1.4111E+02  3.7854E-02 -9.1914E+00 -8.7904E-01
  2.7418E+00  7.0000E+02  1.1490E+02  1.4498E+02  3.2354E-02 -9.0923E+00 -8.2924E-01
  2.3285E+00  7.4000E+02  1.2245E+02  1.4881E+02  2.7241E-02 -9.0038E+00 -7.8518E-01
  1.9324E+00  7.8000E+02  1.2977E+02  1.5259E+02  2.2471E-02 -8.9512E+00 -7.4811E-01
  1.5519E+00  8.2000E+02  1.3690E+02  1.5634E+02  1.8029E-02 -8.8761E+00 -7.1245E-01
  1.1858E+00  8.6000E+02  1.4384E+02  1.6013E+02  1.3992E-02 -8.6092E+00 -6.6498E-01
  8.3283E-01  9.0000E+02  1.5056E+02  1.6400E+02  1.0471E-02 -8.0676E+00 -6.0084E-01
  4.9172E-01  9.4000E+02  1.5714E+02  1.6803E+02  7.5592E-03 -7.4540E+00 -5.3644E-01
  1.6136E-01  9.8000E+02  1.6352E+02  1.7402E+02  5.2771E-03 -1.2138E+00 -8.4600E-02
