  25  3.9900000E+00
  2.6518E+01  2.0000E+01  7.7454E+00  1.1167E+01  7.7226E+00  0.0000E+00  0.0000E+00
  1.8704E+01  6.0000E+01  7.4442E+00  1.1175E+01  7.3589E+00  3.9545E-02  6.5189E-02
  1.5507E+01  1.0000E+02  7.3334E+00  1.1176E+01  7.1781E+00  3.5127E-02  2.3697E-02
  1.3421E+01  1.4000E+02  7.2404E+00  1.1211E+01  6.9750E+00  6.1118E-02  2.6900E-02
  1.1875E+01  1.8000E+02  7.1041E+00  1.1310E+01  6.6614E+00  1.5243E-01  4.9714E-02
  1.0635E+01  2.2000E+02  6.9787E+00  1.1497E+01  6.3074E+00  2.5165E-01  6.5822E-02
  9.5922E+00  2.6000E+02  6.9131E+00  1.1786E+01  5.9484E+00  3.4038E-01  7.4895E-02
  8.6845E+00  3.0000E+02  6.9488E+00  1.2184E+01  5.5875E+00  3.9900E-01  7.6415E-02
  7.8752E+00  3.4000E+02  7.1355E+00  1.2696E+01  5.2297E+00  4.0165E-01  6.8582E-02
  7.1414E+00  3.8000E+02  7.5181E+00  1.3337E+01  4.8745E+00  3.5231E-01  5.4542E-02
  6.4679E+00  4.2000E+02  8.1295E+00  1.4123E+01  4.5279E+00  2.5906E-01  3.6812E-02
  5.8439E+00  4.6000E+02  8.9788E+00  1.5059E+01  4.2059E+00  1.3938E-01  1.8350E-02
  5.2615E+00  5.0000E+02  1.0044E+01  1.6137E+01  3.9192E+00  2.2313E-02  2.7416E-03
  4.7148E+00  5.4000E+02  1.1290E+01  1.7341E+01  3.6666E+00 -7.5781E-02 -8.7411E-03
  4.1990E+00  5.8000E+02  1.2687E+01  1.8654E+01  3.4420E+00 -1.6343E-01 -1.7783E-02
  3.7105E+00  6.2000E+02  1.4216E+01  2.0060E+01  3.2394E+00 -2.5333E-01 -2.6109E-02
  3.2462E+00  6.6000E+02  1.5862E+01  2.1542E+01  3.0544E+00 -3.5357E-01 -3.4635E-02
  2.8036E+00  7.0000E+02  1.7611E+01  2.3085E+01  2.8840E+00 -4.6569E-01 -4.3488E-02
  2.3806E+00  7.4000E+02  1.9452E+01  2.4677E+01  2.7255E+00 -5.8660E-01 -5.2357E-02
  1.9753E+00  7.8000E+02  2.1379E+01  2.6316E+01  2.5761E+00 -7.1182E-01 -6.0863E-02
  1.5862E+00  8.2000E+02  2.3397E+01  2.8011E+01  2.4328E+00 -8.2958E-01 -6.8092E-02
  1.2120E+00  8.6000E+02  2.5555E+01  2.9813E+01  2.2923E+00 -9.5198E-01 -7.5165E-02
  8.5122E-01  9.0000E+02  2.7924E+01  3.1779E+01  2.1520E+00 -1.1166E+00 -8.4994E-02
  5.0257E-01  9.4000E+02  3.0595E+01  3.3970E+01  2.0104E+00 -1.3763E+00 -1.0124E-01
  1.6491E-01  9.8000E+02  3.3480E+01  3.7567E+01  1.8717E+00  2.1095E+00  1.5028E-01
