  25  8.5995000E+01
  2.6050E+01  2.0000E+01  3.8532E+00  1.0822E+02  1.2820E-01  0.0000E+00  0.0000E+00
  1.8344E+01  6.0000E+01  8.4734E+00  1.0830E+02  1.1208E-01 -5.8868E-01 -9.5706E-01
  1.5134E+01  1.0000E+02  1.0979E+01  1.0759E+02  1.0368E-01 -1.0007E+00 -6.7774E-01
  1.3007E+01  1.4000E+02  1.2435E+01  1.0648E+02  9.8168E-02 -1.2083E+00 -5.4225E-01
  1.1457E+01  1.8000E+02  1.4246E+01  1.0572E+02  9.3685E-02 -1.6564E+00 -5.4189E-01
  1.0242E+01  2.2000E+02  1.7403E+01  1.0577E+02  8.9102E-02 -2.5615E+00 -6.5658E-01
  9.2333E+00  2.6000E+02  2.1916E+01  1.0668E+02  8.4158E-02 -3.5706E+00 -7.5972E-01
  8.3603E+00  3.0000E+02  2.7690E+01  1.0834E+02  7.8949E-02 -4.7103E+00 -8.6755E-01
  7.5829E+00  3.4000E+02  3.4436E+01  1.1054E+02  7.3465E-02 -5.8507E+00 -9.5955E-01
  6.8781E+00  3.8000E+02  4.1893E+01  1.1309E+02  6.7709E-02 -6.9631E+00 -1.0354E+00
  6.2314E+00  4.2000E+02  4.9752E+01  1.1590E+02  6.1858E-02 -7.8049E+00 -1.0650E+00
  5.6325E+00  4.6000E+02  5.7727E+01  1.1894E+02  5.6055E-02 -8.2496E+00 -1.0424E+00
  5.0738E+00  5.0000E+02  6.5724E+01  1.2218E+02  5.0401E-02 -8.5103E+00 -1.0031E+00
  4.5494E+00  5.4000E+02  7.3735E+01  1.2561E+02  4.4958E-02 -8.7285E+00 -9.6566E-01
  4.0546E+00  5.8000E+02  8.1769E+01  1.2921E+02  3.9755E-02 -8.9570E+00 -9.3501E-01
  3.5857E+00  6.2000E+02  8.9828E+01  1.3296E+02  3.4811E-02 -9.2057E+00 -9.1081E-01
  3.1395E+00  6.6000E+02  9.7882E+01  1.3680E+02  3.0138E-02 -9.4287E+00 -8.8757E-01
  2.7136E+00  7.0000E+02  1.0588E+02  1.4072E+02  2.5738E-02 -9.5862E+00 -8.6137E-01
  2.3060E+00  7.4000E+02  1.1376E+02  1.4466E+02  2.1613E-02 -9.6622E+00 -8.3103E-01
  1.9148E+00  7.8000E+02  1.2147E+02  1.4859E+02  1.7767E-02 -9.6618E+00 -7.9731E-01
  1.5388E+00  8.2000E+02  1.2904E+02  1.5255E+02  1.4216E-02 -9.6030E+00 -7.6192E-01
  1.1764E+00  8.6000E+02  1.3654E+02  1.5658E+02  1.0986E-02 -9.5613E+00 -7.3091E-01
  8.2662E-01  9.0000E+02  1.4391E+02  1.6068E+02  8.1617E-03 -9.3646E+00 -6.9112E-01
  4.8824E-01  9.4000E+02  1.5118E+02  1.6488E+02  5.7992E-03 -9.0619E+00 -6.4693E-01
  1.6027E-01  9.8000E+02  1.5826E+02  1.7131E+02  3.9172E-03 -1.9970E+00 -1.3818E-01
