  25  8.5995000E+01
  2.6451E+01  2.0000E+01  4.4200E+00  1.0231E+02  2.7285E-01  0.0000E+00  0.0000E+00
  1.8814E+01  6.0000E+01  7.6672E+00  1.0054E+02  2.4566E-01 -6.5729E-01 -1.0590E+00
  1.5872E+01  1.0000E+02  8.0933E+00  9.9587E+01  2.3079E-01 -4.6946E-01 -2.9137E-01
  1.3965E+01  1.4000E+02  1.1377E+01  1.0023E+02  2.1725E-01 -1.3850E+00 -5.5725E-01
  1.2516E+01  1.8000E+02  2.0267E+01  1.0264E+02  1.9985E-01 -4.4682E+00 -1.3663E+00
  1.1311E+01  2.2000E+02  3.3682E+01  1.0708E+02  1.7864E-01 -7.4478E+00 -1.8939E+00
  1.0259E+01  2.6000E+02  4.9137E+01  1.1312E+02  1.5516E-01 -8.9534E+00 -1.9862E+00
  9.3191E+00  3.0000E+02  6.4963E+01  1.2000E+02  1.3182E-01 -9.5191E+00 -1.8882E+00
  8.4660E+00  3.4000E+02  8.0754E+01  1.2734E+02  1.0981E-01 -9.9087E+00 -1.7834E+00
  7.6835E+00  3.8000E+02  9.6224E+01  1.3482E+02  8.9544E-02 -1.0212E+01 -1.6861E+00
  6.9596E+00  4.2000E+02  1.1101E+02  1.4218E+02  7.1256E-02 -1.0244E+01 -1.5644E+00
  6.2857E+00  4.6000E+02  1.2479E+02  1.4923E+02  5.4880E-02 -9.9921E+00 -1.4206E+00
  5.6552E+00  5.0000E+02  1.3731E+02  1.5585E+02  4.0393E-02 -9.3652E+00 -1.2458E+00
  5.0629E+00  5.4000E+02  1.4830E+02  1.6200E+02  2.8286E-02 -8.1630E+00 -1.0201E+00
  4.5045E+00  5.8000E+02  1.5773E+02  1.6771E+02  1.8847E-02 -6.6650E+00 -7.8528E-01
  3.9762E+00  6.2000E+02  1.6578E+02  1.7303E+02  1.1957E-02 -5.1734E+00 -5.7661E-01
  3.4749E+00  6.6000E+02  1.7270E+02  1.7801E+02  7.2290E-03 -3.8497E+00 -4.0711E-01
  2.9980E+00  7.0000E+02  1.7871E+02  1.8271E+02  4.1674E-03 -2.7679E+00 -2.7850E-01
  2.5431E+00  7.4000E+02  1.8406E+02  1.8718E+02  2.2901E-03 -1.9354E+00 -1.8575E-01
  2.1082E+00  7.8000E+02  1.8895E+02  1.9149E+02  1.1989E-03 -1.3439E+00 -1.2333E-01
  1.6913E+00  8.2000E+02  1.9354E+02  1.9566E+02  5.9737E-04 -9.8660E-01 -8.6768E-02
  1.2910E+00  8.6000E+02  1.9787E+02  1.9968E+02  2.8159E-04 -7.9725E-01 -6.7332E-02
  9.0595E-01  9.0000E+02  2.0201E+02  2.0361E+02  1.2137E-04 -5.2970E-01 -4.3034E-02
  5.3468E-01  9.4000E+02  2.0662E+02  2.0816E+02  4.3172E-05 -1.6993E-01 -1.3311E-02
  1.7545E-01  9.8000E+02  2.1220E+02  2.1903E+02  1.1053E-05  1.4739E+01  1.1171E+00
