  25  8.5995000E+01
  2.5727E+01  2.0000E+01  3.5340E+00  1.0663E+02  1.0218E-01  0.0000E+00  0.0000E+00
  1.8152E+01  6.0000E+01  7.6471E+00  1.0663E+02  8.8830E-02 -5.4202E-01 -8.6616E-01
  1.5004E+01  1.0000E+02  9.8906E+00  1.0616E+02  8.2195E-02 -8.6193E-01 -5.7249E-01
  1.2907E+01  1.4000E+02  1.1161E+01  1.0527E+02  7.7976E-02 -1.0299E+00 -4.5561E-01
  1.1375E+01  1.8000E+02  1.2943E+01  1.0465E+02  7.4381E-02 -1.5699E+00 -5.0768E-01
  1.0172E+01  2.2000E+02  1.6416E+01  1.0479E+02  7.0413E-02 -2.7716E+00 -7.0344E-01
  9.1714E+00  2.6000E+02  2.1102E+01  1.0575E+02  6.6155E-02 -3.7258E+00 -7.8630E-01
  8.3049E+00  3.0000E+02  2.6708E+01  1.0738E+02  6.1853E-02 -4.5820E+00 -8.3769E-01
  7.5333E+00  3.4000E+02  3.3044E+01  1.0949E+02  5.7451E-02 -5.4864E+00 -8.9308E-01
  6.8341E+00  3.8000E+02  3.9983E+01  1.1189E+02  5.2916E-02 -6.4806E+00 -9.5596E-01
  6.1929E+00  4.2000E+02  4.7311E+01  1.1455E+02  4.8348E-02 -7.2877E+00 -9.8590E-01
  5.5995E+00  4.6000E+02  5.4782E+01  1.1744E+02  4.3830E-02 -7.7242E+00 -9.6712E-01
  5.0460E+00  5.0000E+02  6.2330E+01  1.2057E+02  3.9428E-02 -7.9739E+00 -9.3107E-01
  4.5265E+00  5.4000E+02  6.9988E+01  1.2394E+02  3.5176E-02 -8.2490E+00 -9.0420E-01
  4.0360E+00  5.8000E+02  7.7794E+01  1.2753E+02  3.1080E-02 -8.6018E+00 -8.9008E-01
  3.5709E+00  6.2000E+02  8.5758E+01  1.3130E+02  2.7147E-02 -9.0145E+00 -8.8469E-01
  3.1279E+00  6.6000E+02  9.3840E+01  1.3521E+02  2.3394E-02 -9.4148E+00 -8.7978E-01
  2.7048E+00  7.0000E+02  1.0196E+02  1.3922E+02  1.9836E-02 -9.7238E+00 -8.6805E-01
  2.2995E+00  7.4000E+02  1.1004E+02  1.4329E+02  1.6493E-02 -9.9006E+00 -8.4665E-01
  1.9103E+00  7.8000E+02  1.1800E+02  1.4738E+02  1.3389E-02 -9.9245E+00 -8.1490E-01
  1.5358E+00  8.2000E+02  1.2588E+02  1.5156E+02  1.0559E-02 -9.8839E+00 -7.8095E-01
  1.1746E+00  8.6000E+02  1.3373E+02  1.5583E+02  8.0339E-03 -9.9367E+00 -7.5719E-01
  8.2562E-01  9.0000E+02  1.4149E+02  1.6011E+02  5.8578E-03 -9.9634E+00 -7.3365E-01
  4.8777E-01  9.4000E+02  1.4923E+02  1.6445E+02  4.0226E-03 -1.0060E+01 -7.1709E-01
  1.6014E-01  9.8000E+02  1.5681E+02  1.7122E+02  2.5622E-03 -2.4796E+00 -1.7139E-01
