  25  3.9900000E+00
  2.5134E+01  2.0000E+01  1.8398E+00  9.6748E+00  1.8286E+00  0.0000E+00  0.0000E+00
  1.7816E+01  6.0000E+01  1.7741E+00  9.6910E+00  1.7334E+00  1.1184E-02  1.7266E-02
  1.4789E+01  1.0000E+02  1.7531E+00  9.7118E+00  1.6745E+00  1.3821E-02  8.8259E-03
  1.2751E+01  1.4000E+02  1.7393E+00  9.7395E+00  1.6190E+00  2.0356E-02  8.7540E-03
  1.1253E+01  1.8000E+02  1.7160E+00  9.7889E+00  1.5471E+00  4.8504E-02  1.5332E-02
  1.0072E+01  2.2000E+02  1.6864E+00  9.8789E+00  1.4488E+00  1.0134E-01  2.5254E-02
  9.0850E+00  2.6000E+02  1.6783E+00  1.0018E+01  1.3475E+00  1.4871E-01  3.0956E-02
  8.2286E+00  3.0000E+02  1.7078E+00  1.0205E+01  1.2459E+00  1.8472E-01  3.3375E-02
  7.4661E+00  3.4000E+02  1.7994E+00  1.0446E+01  1.1435E+00  1.9603E-01  3.1535E-02
  6.7758E+00  3.8000E+02  1.9782E+00  1.0749E+01  1.0431E+00  1.7960E-01  2.6158E-02
  6.1433E+00  4.2000E+02  2.2604E+00  1.1125E+01  9.4800E-01  1.4811E-01  1.9762E-02
  5.5585E+00  4.6000E+02  2.6567E+00  1.1589E+01  8.6144E-01  1.1513E-01  1.4206E-02
  5.0130E+00  5.0000E+02  3.1892E+00  1.2158E+01  7.8453E-01  6.7339E-02  7.7493E-03
  4.5004E+00  5.4000E+02  3.8914E+00  1.2844E+01  7.1545E-01 -3.1186E-02 -3.3729E-03
  4.0157E+00  5.8000E+02  4.7913E+00  1.3656E+01  6.5190E-01 -1.8132E-01 -1.8544E-02
  3.5551E+00  6.2000E+02  5.8974E+00  1.4599E+01  5.9264E-01 -3.5360E-01 -3.4358E-02
  3.1159E+00  6.6000E+02  7.1972E+00  1.5673E+01  5.3759E-01 -5.1536E-01 -4.7754E-02
  2.6958E+00  7.0000E+02  8.6674E+00  1.6871E+01  4.8709E-01 -6.4852E-01 -5.7480E-02
  2.2930E+00  7.4000E+02  1.0285E+01  1.8189E+01  4.4115E-01 -7.4421E-01 -6.3249E-02
  1.9058E+00  7.8000E+02  1.2053E+01  1.9640E+01  3.9919E-01 -8.1933E-01 -6.6926E-02
  1.5328E+00  8.2000E+02  1.3993E+01  2.1232E+01  3.6060E-01 -9.3117E-01 -7.3275E-02
  1.1728E+00  8.6000E+02  1.6100E+01  2.2940E+01  3.2500E-01 -1.1079E+00 -8.4165E-02
  8.2452E-01  9.0000E+02  1.8372E+01  2.4741E+01  2.9188E-01 -1.3519E+00 -9.9328E-02
  4.8721E-01  9.4000E+02  2.0856E+01  2.6671E+01  2.6001E-01 -1.6429E+00 -1.1692E-01
  1.5999E-01  9.8000E+02  2.3505E+01  3.0164E+01  2.2995E-01  2.5787E+00  1.7803E-01
