  25  3.9900000E+00
  2.6454E+01  2.0000E+01  9.9634E+00  1.0872E+01  9.9375E+00  0.0000E+00  0.0000E+00
  1.8812E+01  6.0000E+01  9.5427E+00  1.0872E+01  9.4683E+00  5.4983E-02  8.8652E-02
  1.5871E+01  1.0000E+02  9.3631E+00  1.0911E+01  9.2591E+00  7.4308E-02  4.6109E-02
  1.3964E+01  1.4000E+02  9.1794E+00  1.1009E+01  9.0362E+00  1.4781E-01  5.9465E-02
  1.2513E+01  1.8000E+02  8.8673E+00  1.1223E+01  8.5836E+00  3.6304E-01  1.1115E-01
  1.1306E+01  2.2000E+02  8.5942E+00  1.1684E+01  7.9013E+00  6.0792E-01  1.5474E-01
  1.0255E+01  2.6000E+02  8.6633E+00  1.2516E+01  7.0642E+00  7.2610E-01  1.6107E-01
  9.3153E+00  3.0000E+02  9.3481E+00  1.3767E+01  6.2520E+00  6.0233E-01  1.1941E-01
  8.4629E+00  3.4000E+02  1.0703E+01  1.5424E+01  5.5851E+00  3.5376E-01  6.3619E-02
  7.6810E+00  3.8000E+02  1.2622E+01  1.7436E+01  5.0668E+00  1.1881E-01  1.9598E-02
  6.9578E+00  4.2000E+02  1.4971E+01  1.9733E+01  4.6448E+00 -7.1538E-02 -1.0916E-02
  6.2843E+00  4.6000E+02  1.7637E+01  2.2227E+01  4.2834E+00 -2.5490E-01 -3.6216E-02
  5.6541E+00  5.0000E+02  2.0501E+01  2.4828E+01  3.9659E+00 -4.1861E-01 -5.5664E-02
  5.0618E+00  5.4000E+02  2.3452E+01  2.7463E+01  3.6839E+00 -5.3056E-01 -6.6294E-02
  4.5034E+00  5.8000E+02  2.6416E+01  3.0100E+01  3.4303E+00 -5.8764E-01 -6.9238E-02
  3.9750E+00  6.2000E+02  2.9363E+01  3.2726E+01  3.2004E+00 -6.0688E-01 -6.7644E-02
  3.4738E+00  6.6000E+02  3.2276E+01  3.5337E+01  2.9909E+00 -6.0327E-01 -6.3800E-02
  2.9969E+00  7.0000E+02  3.5150E+01  3.7933E+01  2.7992E+00 -5.8135E-01 -5.8496E-02
  2.5419E+00  7.4000E+02  3.7987E+01  4.0523E+01  2.6231E+00 -5.4296E-01 -5.2111E-02
  2.1070E+00  7.8000E+02  4.0812E+01  4.3131E+01  2.4604E+00 -4.9925E-01 -4.5813E-02
  1.6902E+00  8.2000E+02  4.3651E+01  4.5772E+01  2.3095E+00 -4.7601E-01 -4.1859E-02
  1.2900E+00  8.6000E+02  4.6497E+01  4.8421E+01  2.1687E+00 -4.9146E-01 -4.1501E-02
  9.0497E-01  9.0000E+02  4.9274E+01  5.1026E+01  2.0350E+00 -4.4781E-01 -3.6374E-02
  5.3400E-01  9.4000E+02  5.2302E+01  5.3965E+01  1.9016E+00 -2.3953E-01 -1.8747E-02
  1.7523E-01  9.8000E+02  5.6436E+01  6.1845E+01  1.7603E+00  1.0441E+01  7.9029E-01
