  25  3.9900000E+00
  2.5281E+01  2.0000E+01  2.5118E+00  9.7139E+00  2.4998E+00  0.0000E+00  0.0000E+00
  1.7908E+01  6.0000E+01  2.4202E+00  9.7296E+00  2.3758E+00  1.4557E-02  2.2642E-02
  1.4852E+01  1.0000E+02  2.3886E+00  9.7483E+00  2.3021E+00  1.6462E-02  1.0617E-02
  1.2795E+01  1.4000E+02  2.3665E+00  9.7729E+00  2.2343E+00  2.2657E-02  9.8301E-03
  1.1286E+01  1.8000E+02  2.3352E+00  9.8191E+00  2.1532E+00  5.1401E-02  1.6368E-02
  1.0098E+01  2.2000E+02  2.2900E+00  9.9059E+00  2.0382E+00  1.1109E-01  2.7842E-02
  9.1073E+00  2.6000E+02  2.2614E+00  1.0044E+01  1.9132E+00  1.6777E-01  3.5066E-02
  8.2479E+00  3.0000E+02  2.2716E+00  1.0233E+01  1.7860E+00  2.0912E-01  3.7918E-02
  7.4827E+00  3.4000E+02  2.3440E+00  1.0479E+01  1.6542E+00  2.2656E-01  3.6574E-02
  6.7899E+00  3.8000E+02  2.5061E+00  1.0789E+01  1.5213E+00  2.1340E-01  3.1191E-02
  6.1552E+00  4.2000E+02  2.7767E+00  1.1174E+01  1.3927E+00  1.8062E-01  2.4187E-02
  5.5681E+00  4.6000E+02  3.1694E+00  1.1649E+01  1.2731E+00  1.3961E-01  1.7292E-02
  5.0206E+00  5.0000E+02  3.7047E+00  1.2227E+01  1.1654E+00  7.8761E-02  9.0986E-03
  4.5062E+00  5.4000E+02  4.4086E+00  1.2920E+01  1.0688E+00 -2.1850E-02 -2.3713E-03
  4.0201E+00  5.8000E+02  5.3027E+00  1.3737E+01  9.8075E-01 -1.5936E-01 -1.6344E-02
  3.5584E+00  6.2000E+02  6.3945E+00  1.4683E+01  8.9920E-01 -3.1447E-01 -3.0627E-02
  3.1184E+00  6.6000E+02  7.6740E+00  1.5759E+01  8.2341E-01 -4.6293E-01 -4.2976E-02
  2.6977E+00  7.0000E+02  9.1215E+00  1.6958E+01  7.5349E-01 -5.9028E-01 -5.2398E-02
  2.2943E+00  7.4000E+02  1.0717E+01  1.8275E+01  6.8955E-01 -6.9022E-01 -5.8737E-02
  1.9068E+00  7.8000E+02  1.2457E+01  1.9717E+01  6.3112E-01 -7.7023E-01 -6.2982E-02
  1.5335E+00  8.2000E+02  1.4365E+01  2.1298E+01  5.7726E-01 -8.7782E-01 -6.9133E-02
  1.1732E+00  8.6000E+02  1.6446E+01  2.2999E+01  5.2716E-01 -1.0509E+00 -7.9885E-02
  8.2477E-01  9.0000E+02  1.8691E+01  2.4797E+01  4.8010E-01 -1.2866E+00 -9.4570E-02
  4.8734E-01  9.4000E+02  2.1148E+01  2.6723E+01  4.3458E-01 -1.5692E+00 -1.1171E-01
  1.6003E-01  9.8000E+02  2.3770E+01  3.0180E+01  3.9119E-01  2.5470E+00  1.7589E-01
