  25  8.5995000E+01
  2.5607E+01  2.0000E+01  3.4137E+00  1.0612E+02  9.3284E-02  0.0000E+00  0.0000E+00
  1.8085E+01  6.0000E+01  7.3416E+00  1.0611E+02  8.0915E-02 -5.2438E-01 -8.3220E-01
  1.4961E+01  1.0000E+02  9.5087E+00  1.0573E+02  7.4890E-02 -8.1498E-01 -5.3712E-01
  1.2876E+01  1.4000E+02  1.0764E+01  1.0492E+02  7.1083E-02 -9.8751E-01 -4.3444E-01
  1.1350E+01  1.8000E+02  1.2601E+01  1.0435E+02  6.7748E-02 -1.5779E+00 -5.0803E-01
  1.0151E+01  2.2000E+02  1.6196E+01  1.0454E+02  6.3993E-02 -2.8455E+00 -7.1969E-01
  9.1536E+00  2.6000E+02  2.0902E+01  1.0552E+02  6.0009E-02 -3.7304E+00 -7.8516E-01
  8.2890E+00  3.0000E+02  2.6420E+01  1.0715E+02  5.6044E-02 -4.4956E+00 -8.2002E-01
  7.5192E+00  3.4000E+02  3.2616E+01  1.0922E+02  5.2012E-02 -5.3563E+00 -8.6993E-01
  6.8217E+00  3.8000E+02  3.9397E+01  1.1159E+02  4.7877E-02 -6.3309E+00 -9.3162E-01
  6.1822E+00  4.2000E+02  4.6565E+01  1.1420E+02  4.3723E-02 -7.1258E+00 -9.6146E-01
  5.5904E+00  4.6000E+02  5.3881E+01  1.1705E+02  3.9619E-02 -7.5504E+00 -9.4270E-01
  5.0386E+00  5.0000E+02  6.1293E+01  1.2016E+02  3.5626E-02 -7.7920E+00 -9.0723E-01
  4.5205E+00  5.4000E+02  6.8852E+01  1.2353E+02  3.1767E-02 -8.0916E+00 -8.8451E-01
  4.0312E+00  5.8000E+02  7.6602E+01  1.2712E+02  2.8039E-02 -8.4990E+00 -8.7723E-01
  3.5671E+00  6.2000E+02  8.4554E+01  1.3090E+02  2.4446E-02 -8.9786E+00 -8.7920E-01
  3.1251E+00  6.6000E+02  9.2662E+01  1.3484E+02  2.1007E-02 -9.4426E+00 -8.8066E-01
  2.7027E+00  7.0000E+02  1.0084E+02  1.3887E+02  1.7742E-02 -9.8016E+00 -8.7350E-01
  2.2979E+00  7.4000E+02  1.0898E+02  1.4297E+02  1.4672E-02 -1.0008E+01 -8.5457E-01
  1.9092E+00  7.8000E+02  1.1703E+02  1.4711E+02  1.1831E-02 -1.0040E+01 -8.2334E-01
  1.5351E+00  8.2000E+02  1.2501E+02  1.5134E+02  9.2545E-03 -1.0012E+01 -7.9028E-01
  1.1742E+00  8.6000E+02  1.3296E+02  1.5566E+02  6.9770E-03 -1.0087E+01 -7.6810E-01
  8.2537E-01  9.0000E+02  1.4082E+02  1.5998E+02  5.0313E-03 -1.0160E+01 -7.4769E-01
  4.8764E-01  9.4000E+02  1.4869E+02  1.6435E+02  3.3951E-03 -1.0358E+01 -7.3805E-01
  1.6011E-01  9.8000E+02  1.5640E+02  1.7119E+02  2.1072E-03 -2.6287E+00 -1.8165E-01
