  25  3.9900000E+00
  2.6451E+01  2.0000E+01  1.0001E+01  1.0614E+01  9.9754E+00  0.0000E+00  0.0000E+00
  1.8814E+01  6.0000E+01  9.5784E+00  1.0613E+01  9.5042E+00  5.5220E-02  8.8969E-02
  1.5872E+01  1.0000E+02  9.3981E+00  1.0651E+01  9.2943E+00  7.4085E-02  4.5980E-02
  1.3965E+01  1.4000E+02  9.2157E+00  1.0746E+01  9.0736E+00  1.4553E-01  5.8555E-02
  1.2516E+01  1.8000E+02  8.8989E+00  1.0955E+01  8.6174E+00  3.6300E-01  1.1100E-01
  1.1311E+01  2.2000E+02  8.6082E+00  1.1421E+01  7.9027E+00  6.2718E-01  1.5949E-01
  1.0259E+01  2.6000E+02  8.6815E+00  1.2280E+01  7.0229E+00  7.4769E-01  1.6586E-01
  9.3191E+00  3.0000E+02  9.4049E+00  1.3570E+01  6.1896E+00  6.0268E-01  1.1955E-01
  8.4660E+00  3.4000E+02  1.0814E+01  1.5274E+01  5.5240E+00  3.4564E-01  6.2209E-02
  7.6835E+00  3.8000E+02  1.2780E+01  1.7331E+01  5.0110E+00  1.1649E-01  1.9232E-02
  6.9596E+00  4.2000E+02  1.5161E+01  1.9664E+01  4.5925E+00 -6.6702E-02 -1.0187E-02
  6.2857E+00  4.6000E+02  1.7830E+01  2.2174E+01  4.2349E+00 -2.3632E-01 -3.3600E-02
  5.6552E+00  5.0000E+02  2.0671E+01  2.4777E+01  3.9226E+00 -3.7687E-01 -5.0131E-02
  5.0629E+00  5.4000E+02  2.3587E+01  2.7414E+01  3.6465E+00 -4.7126E-01 -5.8891E-02
  4.5045E+00  5.8000E+02  2.6524E+01  3.0057E+01  3.3986E+00 -5.2567E-01 -6.1936E-02
  3.9762E+00  6.2000E+02  2.9451E+01  3.2693E+01  3.1736E+00 -5.5183E-01 -6.1505E-02
  3.4749E+00  6.6000E+02  3.2352E+01  3.5315E+01  2.9682E+00 -5.5450E-01 -5.8640E-02
  2.9980E+00  7.0000E+02  3.5218E+01  3.7927E+01  2.7798E+00 -5.3528E-01 -5.3858E-02
  2.5431E+00  7.4000E+02  3.8056E+01  4.0538E+01  2.6063E+00 -4.9788E-01 -4.7784E-02
  2.1082E+00  7.8000E+02  4.0892E+01  4.3175E+01  2.4458E+00 -4.5800E-01 -4.2030E-02
  1.6913E+00  8.2000E+02  4.3742E+01  4.5842E+01  2.2968E+00 -4.3936E-01 -3.8640E-02
  1.2910E+00  8.6000E+02  4.6589E+01  4.8514E+01  2.1575E+00 -4.3741E-01 -3.6942E-02
  9.0595E-01  9.0000E+02  4.9443E+01  5.1229E+01  2.0243E+00 -3.6055E-01 -2.9292E-02
  5.3468E-01  9.4000E+02  5.2770E+01  5.4466E+01  1.8901E+00 -2.4277E-01 -1.9017E-02
  1.7545E-01  9.8000E+02  5.6961E+01  6.2462E+01  1.7497E+00  1.0593E+01  8.0284E-01
