  25  8.5995000E+01
  2.6436E+01  2.0000E+01  4.4381E+00  1.0993E+02  2.5120E-01  0.0000E+00  0.0000E+00
  1.8728E+01  6.0000E+01  8.0845E+00  1.0837E+02  2.2532E-01 -6.7588E-01 -1.0991E+00
  1.5744E+01  1.0000E+02  8.7732E+00  1.0723E+02  2.1121E-01 -6.1188E-01 -3.8517E-01
  1.3805E+01  1.4000E+02  1.3147E+01  1.0824E+02  1.9775E-01 -1.7355E+00 -7.0993E-01
  1.2315E+01  1.8000E+02  2.1844E+01  1.1039E+02  1.8222E-01 -4.3923E+00 -1.3812E+00
  1.1089E+01  2.2000E+02  3.2522E+01  1.1345E+02  1.6585E-01 -6.2118E+00 -1.6065E+00
  1.0038E+01  2.6000E+02  4.3923E+01  1.1771E+02  1.4929E-01 -6.7924E+00 -1.5063E+00
  9.1077E+00  3.0000E+02  5.5576E+01  1.2288E+02  1.3331E-01 -6.9789E+00 -1.3695E+00
  8.2682E+00  3.4000E+02  6.7323E+01  1.2852E+02  1.1839E-01 -7.2658E+00 -1.2870E+00
  7.5004E+00  3.8000E+02  7.9046E+01  1.3438E+02  1.0458E-01 -7.6463E+00 -1.2386E+00
  6.7916E+00  4.2000E+02  9.0571E+01  1.4025E+02  9.1911E-02 -7.9728E+00 -1.1923E+00
  6.1324E+00  4.6000E+02  1.0169E+02  1.4600E+02  8.0435E-02 -8.1408E+00 -1.1321E+00
  5.5160E+00  5.0000E+02  1.1219E+02  1.5151E+02  7.0221E-02 -8.0945E+00 -1.0526E+00
  4.9370E+00  5.4000E+02  1.2188E+02  1.5666E+02  6.1285E-02 -7.8410E+00 -9.5793E-01
  4.3910E+00  5.8000E+02  1.3067E+02  1.6136E+02  5.3565E-02 -7.4913E+00 -8.6301E-01
  3.8745E+00  6.2000E+02  1.3863E+02  1.6556E+02  4.6819E-02 -7.2853E+00 -7.9388E-01
  3.3846E+00  6.6000E+02  1.4609E+02  1.6933E+02  4.0526E-02 -7.5322E+00 -7.7849E-01
  2.9188E+00  7.0000E+02  1.5341E+02  1.7279E+02  3.4077E-02 -8.2847E+00 -8.1411E-01
  2.4750E+00  7.4000E+02  1.6074E+02  1.7609E+02  2.7161E-02 -9.0956E+00 -8.5172E-01
  2.0511E+00  7.8000E+02  1.6784E+02  1.7931E+02  2.0125E-02 -9.1585E+00 -8.1906E-01
  1.6454E+00  8.2000E+02  1.7426E+02  1.8250E+02  1.3768E-02 -7.9436E+00 -6.7987E-01
  1.2563E+00  8.6000E+02  1.8010E+02  1.8600E+02  8.6698E-03 -6.0151E+00 -4.9385E-01
  8.8187E-01  9.0000E+02  1.8578E+02  1.9004E+02  4.9047E-03 -4.3720E+00 -3.4537E-01
  5.2053E-01  9.4000E+02  1.9145E+02  1.9465E+02  2.3918E-03 -2.9193E+00 -2.2255E-01
  1.7079E-01  9.8000E+02  1.9720E+02  2.0397E+02  9.8699E-04  1.0197E+01  7.5244E-01
