  25  8.5995000E+01
  2.6191E+01  2.0000E+01  3.9964E+00  1.0879E+02  1.3655E-01  0.0000E+00  0.0000E+00
  1.8422E+01  6.0000E+01  8.8779E+00  1.0892E+02  1.1954E-01 -6.1113E-01 -1.0017E+00
  1.5182E+01  1.0000E+02  1.1482E+01  1.0805E+02  1.1058E-01 -1.0717E+00 -7.3257E-01
  1.3042E+01  1.4000E+02  1.3070E+01  1.0681E+02  1.0460E-01 -1.3212E+00 -5.9642E-01
  1.1484E+01  1.8000E+02  1.5104E+01  1.0599E+02  9.9684E-02 -1.8383E+00 -6.0409E-01
  1.0265E+01  2.2000E+02  1.8269E+01  1.0599E+02  9.4811E-02 -2.5923E+00 -6.6705E-01
  9.2532E+00  2.6000E+02  2.2664E+01  1.0687E+02  8.9670E-02 -3.4761E+00 -7.4188E-01
  8.3783E+00  3.0000E+02  2.8351E+01  1.0852E+02  8.4237E-02 -4.6128E+00 -8.5155E-01
  7.5994E+00  3.4000E+02  3.5118E+01  1.1074E+02  7.8444E-02 -5.8305E+00 -9.5811E-01
  6.8931E+00  3.8000E+02  4.2695E+01  1.1335E+02  7.2299E-02 -7.0377E+00 -1.0486E+00
  6.2449E+00  4.2000E+02  5.0720E+01  1.1624E+02  6.6011E-02 -7.9258E+00 -1.0840E+00
  5.6444E+00  4.6000E+02  5.8875E+01  1.1935E+02  5.9756E-02 -8.3983E+00 -1.0640E+00
  5.0841E+00  5.0000E+02  6.7047E+01  1.2266E+02  5.3658E-02 -8.6748E+00 -1.0254E+00
  4.5582E+00  5.4000E+02  7.5208E+01  1.2615E+02  4.7797E-02 -8.8794E+00 -9.8522E-01
  4.0620E+00  5.8000E+02  8.3352E+01  1.2980E+02  4.2212E-02 -9.0690E+00 -9.4946E-01
  3.5917E+00  6.2000E+02  9.1470E+01  1.3356E+02  3.6933E-02 -9.2552E+00 -9.1828E-01
  3.1444E+00  6.6000E+02  9.9528E+01  1.3741E+02  3.1972E-02 -9.4036E+00 -8.8753E-01
  2.7174E+00  7.0000E+02  1.0748E+02  1.4131E+02  2.7321E-02 -9.4934E+00 -8.5509E-01
  2.3089E+00  7.4000E+02  1.1529E+02  1.4523E+02  2.2972E-02 -9.5245E+00 -8.2098E-01
  1.9170E+00  7.8000E+02  1.2291E+02  1.4913E+02  1.8919E-02 -9.5116E+00 -7.8646E-01
  1.5403E+00  8.2000E+02  1.3037E+02  1.5302E+02  1.5171E-02 -9.4507E+00 -7.5113E-01
  1.1774E+00  8.6000E+02  1.3774E+02  1.5699E+02  1.1755E-02 -9.3705E+00 -7.1735E-01
  8.2721E-01  9.0000E+02  1.4496E+02  1.6102E+02  8.7611E-03 -9.1063E+00 -6.7282E-01
  4.8855E-01  9.4000E+02  1.5205E+02  1.6517E+02  6.2656E-03 -8.6907E+00 -6.2097E-01
  1.6036E-01  9.8000E+02  1.5894E+02  1.7151E+02  4.2901E-03 -1.6804E+00 -1.1635E-01
