  25  8.5995000E+01
  2.6445E+01  2.0000E+01  4.4734E+00  1.0816E+02  2.5832E-01  0.0000E+00  0.0000E+00
  1.8752E+01  6.0000E+01  7.9639E+00  1.0643E+02  2.3200E-01 -6.7847E-01 -1.1013E+00
  1.5795E+01  1.0000E+02  8.3941E+00  1.0531E+02  2.1778E-01 -5.2345E-01 -3.2651E-01
  1.3877E+01  1.4000E+02  1.2498E+01  1.0639E+02  2.0424E-01 -1.5797E+00 -6.3942E-01
  1.2399E+01  1.8000E+02  2.1446E+01  1.0872E+02  1.8795E-01 -4.4728E+00 -1.3946E+00
  1.1178E+01  2.2000E+02  3.2956E+01  1.1222E+02  1.7019E-01 -6.5644E+00 -1.6904E+00
  1.0126E+01  2.6000E+02  4.5553E+01  1.1699E+02  1.5173E-01 -7.4434E+00 -1.6522E+00
  9.1923E+00  3.0000E+02  5.8434E+01  1.2262E+02  1.3365E-01 -7.7642E+00 -1.5296E+00
  8.3484E+00  3.4000E+02  7.1350E+01  1.2879E+02  1.1669E-01 -7.9952E+00 -1.4235E+00
  7.5760E+00  3.8000E+02  8.4164E+01  1.3526E+02  1.0113E-01 -8.2132E+00 -1.3385E+00
  6.8621E+00  4.2000E+02  9.6694E+01  1.4180E+02  8.7047E-02 -8.3904E+00 -1.2637E+00
  6.1976E+00  4.6000E+02  1.0872E+02  1.4822E+02  7.4481E-02 -8.4344E+00 -1.1825E+00
  5.5755E+00  5.0000E+02  1.2005E+02  1.5439E+02  6.3384E-02 -8.2904E+00 -1.0880E+00
  4.9906E+00  5.4000E+02  1.3048E+02  1.6017E+02  5.3729E-02 -7.9453E+00 -9.8049E-01
  4.4386E+00  5.8000E+02  1.3983E+02  1.6543E+02  4.5538E-02 -7.4310E+00 -8.6540E-01
  3.9162E+00  6.2000E+02  1.4816E+02  1.7007E+02  3.8586E-02 -7.0420E+00 -7.7620E-01
  3.4205E+00  6.6000E+02  1.5574E+02  1.7415E+02  3.2358E-02 -7.0613E+00 -7.3849E-01
  2.9491E+00  7.0000E+02  1.6296E+02  1.7782E+02  2.6209E-02 -7.5501E+00 -7.5083E-01
  2.5000E+00  7.4000E+02  1.6994E+02  1.8123E+02  1.9909E-02 -7.9420E+00 -7.5259E-01
  2.0711E+00  7.8000E+02  1.7637E+02  1.8446E+02  1.3957E-02 -7.4690E+00 -6.7582E-01
  1.6608E+00  8.2000E+02  1.8188E+02  1.8750E+02  9.0306E-03 -6.0198E+00 -5.2110E-01
  1.2675E+00  8.6000E+02  1.8670E+02  1.9066E+02  5.3521E-03 -4.2129E+00 -3.4956E-01
  8.8951E-01  9.0000E+02  1.9149E+02  1.9440E+02  2.7601E-03 -2.7741E+00 -2.2126E-01
  5.2495E-01  9.4000E+02  1.9656E+02  1.9890E+02  1.1783E-03 -1.5778E+00 -1.2136E-01
  1.7221E-01  9.8000E+02  2.0197E+02  2.0853E+02  4.1040E-04  1.1982E+01  8.9170E-01
