  25  3.9900000E+00
  2.6531E+01  2.0000E+01  6.7732E+00  1.0389E+01  6.7501E+00  0.0000E+00  0.0000E+00
  1.8667E+01  6.0000E+01  6.5252E+00  1.0396E+01  6.4329E+00  3.2416E-02  5.3783E-02
  1.5398E+01  1.0000E+02  6.4468E+00  1.0382E+01  6.2695E+00  1.9842E-02  1.3683E-02
  1.3255E+01  1.4000E+02  6.3937E+00  1.0379E+01  6.1022E+00  2.3215E-02  1.0495E-02
  1.1689E+01  1.8000E+02  6.3049E+00  1.0415E+01  5.8682E+00  7.9783E-02  2.6373E-02
  1.0453E+01  2.2000E+02  6.1813E+00  1.0522E+01  5.5994E+00  1.8645E-01  4.8615E-02
  9.4240E+00  2.6000E+02  6.0787E+00  1.0712E+01  5.3297E+00  2.8434E-01  6.1723E-02
  8.5332E+00  3.0000E+02  6.0373E+00  1.0992E+01  5.0461E+00  3.6106E-01  6.7856E-02
  7.7403E+00  3.4000E+02  6.1074E+00  1.1376E+01  4.7379E+00  3.9661E-01  6.6343E-02
  7.0213E+00  3.8000E+02  6.3477E+00  1.1883E+01  4.4095E+00  3.7092E-01  5.6267E-02
  6.3608E+00  4.2000E+02  6.8010E+00  1.2525E+01  4.0769E+00  2.8551E-01  3.9786E-02
  5.7484E+00  4.6000E+02  7.4840E+00  1.3305E+01  3.7607E+00  1.5793E-01  2.0406E-02
  5.1765E+00  5.0000E+02  8.3853E+00  1.4217E+01  3.4777E+00  1.8142E-02  2.1891E-03
  4.6393E+00  5.4000E+02  9.4739E+00  1.5251E+01  3.2301E+00 -1.0134E-01 -1.1485E-02
  4.1323E+00  5.8000E+02  1.0715E+01  1.6393E+01  3.0119E+00 -1.9482E-01 -2.0838E-02
  3.6519E+00  6.2000E+02  1.2083E+01  1.7630E+01  2.8172E+00 -2.7422E-01 -2.7790E-02
  3.1953E+00  6.6000E+02  1.3559E+01  1.8944E+01  2.6413E+00 -3.5443E-01 -3.4150E-02
  2.7598E+00  7.0000E+02  1.5130E+01  2.0321E+01  2.4813E+00 -4.4335E-01 -4.0732E-02
  2.3435E+00  7.4000E+02  1.6785E+01  2.1751E+01  2.3344E+00 -5.4338E-01 -4.7724E-02
  1.9446E+00  7.8000E+02  1.8523E+01  2.3229E+01  2.1976E+00 -6.5001E-01 -5.4702E-02
  1.5616E+00  8.2000E+02  2.0344E+01  2.4764E+01  2.0678E+00 -7.4826E-01 -6.0461E-02
  1.1932E+00  8.6000E+02  2.2276E+01  2.6389E+01  1.9428E+00 -8.3263E-01 -6.4728E-02
  8.3795E-01  9.0000E+02  2.4349E+01  2.8137E+01  1.8222E+00 -9.1359E-01 -6.8470E-02
  4.9472E-01  9.4000E+02  2.6635E+01  3.0057E+01  1.7066E+00 -1.0664E+00 -7.7225E-02
  1.6233E-01  9.8000E+02  2.9106E+01  3.3215E+01  1.5974E+00  2.0656E+00  1.4486E-01
