  25  8.5995000E+01
  2.6430E+01  2.0000E+01  4.3608E+00  1.1148E+02  2.4284E-01  0.0000E+00  0.0000E+00
  1.8710E+01  6.0000E+01  8.2378E+00  1.1020E+02  2.1745E-01 -6.6791E-01 -1.0879E+00
  1.5683E+01  1.0000E+02  9.2650E+00  1.0904E+02  2.0346E-01 -7.2301E-01 -4.6161E-01
  1.3715E+01  1.4000E+02  1.3719E+01  1.0980E+02  1.9032E-01 -1.8738E+00 -7.7809E-01
  1.2212E+01  1.8000E+02  2.1953E+01  1.1166E+02  1.7578E-01 -4.2405E+00 -1.3445E+00
  1.0982E+01  2.2000E+02  3.1690E+01  1.1432E+02  1.6099E-01 -5.7572E+00 -1.4943E+00
  9.9317E+00  2.6000E+02  4.1874E+01  1.1805E+02  1.4647E-01 -6.1469E+00 -1.3623E+00
  9.0052E+00  3.0000E+02  5.2291E+01  1.2259E+02  1.3258E-01 -6.3422E+00 -1.2398E+00
  8.1707E+00  3.4000E+02  6.2774E+01  1.2751E+02  1.1962E-01 -6.6559E+00 -1.1719E+00
  7.4090E+00  3.8000E+02  7.3228E+01  1.3257E+02  1.0755E-01 -7.0914E+00 -1.1396E+00
  6.7070E+00  4.2000E+02  8.3551E+01  1.3762E+02  9.6313E-02 -7.5117E+00 -1.1125E+00
  6.0553E+00  4.6000E+02  9.3615E+01  1.4258E+02  8.5902E-02 -7.8337E+00 -1.0771E+00
  5.4467E+00  5.0000E+02  1.0324E+02  1.4736E+02  7.6397E-02 -7.9563E+00 -1.0216E+00
  4.8755E+00  5.4000E+02  1.1227E+02  1.5190E+02  6.7877E-02 -7.8579E+00 -9.4687E-01
  4.3374E+00  5.8000E+02  1.2064E+02  1.5615E+02  6.0312E-02 -7.6669E+00 -8.7051E-01
  3.8285E+00  6.2000E+02  1.2845E+02  1.6009E+02  5.3486E-02 -7.5969E+00 -8.1559E-01
  3.3459E+00  6.6000E+02  1.3593E+02  1.6378E+02  4.7032E-02 -7.8558E+00 -7.9995E-01
  2.8868E+00  7.0000E+02  1.4335E+02  1.6729E+02  4.0510E-02 -8.5211E+00 -8.2531E-01
  2.4490E+00  7.4000E+02  1.5089E+02  1.7072E+02  3.3601E-02 -9.3834E+00 -8.6665E-01
  2.0306E+00  7.8000E+02  1.5847E+02  1.7415E+02  2.6356E-02 -9.9135E+00 -8.7522E-01
  1.6297E+00  8.2000E+02  1.6578E+02  1.7767E+02  1.9310E-02 -9.4590E+00 -8.0005E-01
  1.2447E+00  8.6000E+02  1.7268E+02  1.8145E+02  1.3135E-02 -8.0870E+00 -6.5689E-01
  8.7393E-01  9.0000E+02  1.7925E+02  1.8562E+02  8.1708E-03 -6.4984E+00 -5.0830E-01
  5.1593E-01  9.4000E+02  1.8570E+02  1.9030E+02  4.4806E-03 -4.9186E+00 -3.7150E-01
  1.6930E-01  9.8000E+02  1.9195E+02  1.9908E+02  2.1385E-03  7.2842E+00  5.3271E-01
