  25  3.9900000E+00
  2.5132E+01  2.0000E+01  1.8397E+00  9.6810E+00  1.8286E+00  0.0000E+00  0.0000E+00
  1.7821E+01  6.0000E+01  1.7738E+00  9.6975E+00  1.7333E+00  1.1273E-02  1.7388E-02
  1.4794E+01  1.0000E+02  1.7531E+00  9.7186E+00  1.6740E+00  1.3824E-02  8.8287E-03
  1.2752E+01  1.4000E+02  1.7401E+00  9.7456E+00  1.6179E+00  1.9564E-02  8.4286E-03
  1.1252E+01  1.8000E+02  1.7176E+00  9.7940E+00  1.5466E+00  4.7240E-02  1.4952E-02
  1.0070E+01  2.2000E+02  1.6883E+00  9.8830E+00  1.4492E+00  1.0010E-01  2.4963E-02
  9.0829E+00  2.6000E+02  1.6799E+00  1.0020E+01  1.3485E+00  1.4777E-01  3.0766E-02
  8.2264E+00  3.0000E+02  1.7088E+00  1.0206E+01  1.2470E+00  1.8349E-01  3.3155E-02
  7.4640E+00  3.4000E+02  1.7990E+00  1.0446E+01  1.1446E+00  1.9529E-01  3.1412E-02
  6.7740E+00  3.8000E+02  1.9745E+00  1.0746E+01  1.0441E+00  1.8181E-01  2.6468E-02
  6.1420E+00  4.2000E+02  2.2513E+00  1.1122E+01  9.4907E-01  1.5559E-01  2.0746E-02
  5.5576E+00  4.6000E+02  2.6433E+00  1.1587E+01  8.6258E-01  1.2483E-01  1.5393E-02
  5.0123E+00  5.0000E+02  3.1746E+00  1.2157E+01  7.8562E-01  7.2083E-02  8.2916E-03
  4.4998E+00  5.4000E+02  3.8765E+00  1.2843E+01  7.1646E-01 -3.0925E-02 -3.3439E-03
  4.0152E+00  5.8000E+02  4.7755E+00  1.3654E+01  6.5285E-01 -1.8248E-01 -1.8659E-02
  3.5547E+00  6.2000E+02  5.8802E+00  1.4595E+01  5.9353E-01 -3.5568E-01 -3.4555E-02
  3.1156E+00  6.6000E+02  7.1784E+00  1.5666E+01  5.3837E-01 -5.1725E-01 -4.7922E-02
  2.6956E+00  7.0000E+02  8.6464E+00  1.6861E+01  4.8778E-01 -6.4852E-01 -5.7470E-02
  2.2928E+00  7.4000E+02  1.0263E+01  1.8179E+01  4.4176E-01 -7.4130E-01 -6.2991E-02
  1.9057E+00  7.8000E+02  1.2032E+01  1.9632E+01  3.9974E-01 -8.1815E-01 -6.6820E-02
  1.5327E+00  8.2000E+02  1.3972E+01  2.1223E+01  3.6111E-01 -9.3313E-01 -7.3422E-02
  1.1727E+00  8.6000E+02  1.6079E+01  2.2931E+01  3.2547E-01 -1.1098E+00 -8.4306E-02
  8.2448E-01  9.0000E+02  1.8352E+01  2.4732E+01  2.9230E-01 -1.3557E+00 -9.9598E-02
  4.8719E-01  9.4000E+02  2.0839E+01  2.6664E+01  2.6037E-01 -1.6452E+00 -1.1708E-01
  1.5998E-01  9.8000E+02  2.3488E+01  3.0163E+01  2.3029E-01  2.5982E+00  1.7936E-01
