  25  3.7500000E+00
  2.5786E+01  2.0000E+01  3.5152E+02  5.6726E+01  3.4996E+02  0.0000E+00  0.0000E+00
  1.8252E+01  6.0000E+01  3.4844E+02  5.4367E+01  3.4296E+02  9.6256E-02  1.5301E-01
  1.5114E+01  1.0000E+02  3.4578E+02  5.2324E+01  3.3717E+02  1.9577E-01  1.2961E-01
  1.3011E+01  1.4000E+02  3.4307E+02  5.0282E+01  3.3155E+02  3.1850E-01  1.4132E-01
  1.1471E+01  1.8000E+02  3.4019E+02  4.8287E+01  3.2603E+02  5.7470E-01  1.8673E-01
  1.0260E+01  2.2000E+02  3.3708E+02  4.6343E+01  3.2051E+02  9.6183E-01  2.4561E-01
  9.2512E+00  2.6000E+02  3.3383E+02  4.4442E+01  3.1506E+02  1.3368E+00  2.8458E-01
  8.3758E+00  3.0000E+02  3.3049E+02  4.2583E+01  3.0970E+02  1.6879E+00  3.1176E-01
  7.5962E+00  3.4000E+02  3.2702E+02  4.0762E+01  3.0437E+02  2.1178E+00  3.4834E-01
  6.8901E+00  3.8000E+02  3.2337E+02  3.8979E+01  2.9901E+02  2.6500E+00  3.9476E-01
  6.2432E+00  4.2000E+02  3.1953E+02  3.7230E+01  2.9359E+02  3.2330E+00  4.4127E-01
  5.6449E+00  4.6000E+02  3.1553E+02  3.5515E+01  2.8815E+02  3.8161E+00  4.8171E-01
  5.0869E+00  5.0000E+02  3.1140E+02  3.3830E+01  2.8268E+02  4.3782E+00  5.1541E-01
  4.5627E+00  5.4000E+02  3.0715E+02  3.2175E+01  2.7720E+02  4.9435E+00  5.4675E-01
  4.0673E+00  5.8000E+02  3.0278E+02  3.0547E+01  2.7169E+02  5.5511E+00  5.8019E-01
  3.5970E+00  6.2000E+02  2.9827E+02  2.8945E+01  2.6613E+02  6.1774E+00  6.1288E-01
  3.1491E+00  6.6000E+02  2.9367E+02  2.7369E+01  2.6057E+02  6.7493E+00  6.3783E-01
  2.7212E+00  7.0000E+02  2.8902E+02  2.5817E+01  2.5504E+02  7.2299E+00  6.5264E-01
  2.3116E+00  7.4000E+02  2.8437E+02  2.4287E+01  2.4958E+02  7.6190E+00  6.5851E-01
  1.9185E+00  7.8000E+02  2.7974E+02  2.2781E+01  2.4421E+02  7.9435E+00  6.5870E-01
  1.5408E+00  8.2000E+02  2.7514E+02  2.1296E+01  2.3893E+02  8.2451E+00  6.5714E-01
  1.1771E+00  8.6000E+02  2.7057E+02  1.9834E+01  2.3374E+02  8.5555E+00  6.5645E-01
  8.2648E-01  9.0000E+02  2.6599E+02  1.8395E+01  2.2861E+02  8.9536E+00  6.6232E-01
  4.8796E-01  9.4000E+02  2.6128E+02  1.6984E+01  2.2340E+02  9.7568E+00  6.9685E-01
  1.6018E-01  9.8000E+02  2.5648E+02  1.5606E+01  2.1816E+02  1.0440E+01  7.2201E-01
