  25  3.7500000E+00
  2.7252E+01  2.0000E+01  1.2132E+03  1.1180E+02  1.2115E+03  0.0000E+00  0.0000E+00
  1.9417E+01  6.0000E+01  1.2099E+03  1.0990E+02  1.2035E+03  1.8231E-01  3.0135E-01
  1.6293E+01  1.0000E+02  1.2066E+03  1.0813E+02  1.1962E+03  4.9284E-01  3.2484E-01
  1.4234E+01  1.4000E+02  1.2022E+03  1.0627E+02  1.1879E+03  1.2588E+00  5.4688E-01
  1.2655E+01  1.8000E+02  1.1961E+03  1.0433E+02  1.1782E+03  2.5846E+00  8.6082E-01
  1.1350E+01  2.2000E+02  1.1887E+03  1.0232E+02  1.1672E+03  4.1645E+00  1.1466E+00
  1.0231E+01  2.6000E+02  1.1802E+03  1.0027E+02  1.1554E+03  5.7660E+00  1.3622E+00
  9.2462E+00  3.0000E+02  1.1710E+03  9.8171E+01  1.1430E+03  7.2302E+00  1.5017E+00
  8.3661E+00  3.4000E+02  1.1613E+03  9.6029E+01  1.1304E+03  8.5414E+00  1.5860E+00
  7.5688E+00  3.8000E+02  1.1514E+03  9.3849E+01  1.1176E+03  9.7566E+00  1.6412E+00
  6.8387E+00  4.2000E+02  1.1412E+03  9.1634E+01  1.1047E+03  1.0886E+01  1.6770E+00
  6.1641E+00  4.6000E+02  1.1309E+03  8.9386E+01  1.0919E+03  1.1859E+01  1.6878E+00
  5.5365E+00  5.0000E+02  1.1208E+03  8.7107E+01  1.0793E+03  1.2544E+01  1.6609E+00
  4.9493E+00  5.4000E+02  1.1109E+03  8.4797E+01  1.0672E+03  1.2869E+01  1.5941E+00
  4.3975E+00  5.8000E+02  1.1014E+03  8.2457E+01  1.0555E+03  1.2955E+01  1.5082E+00
  3.8770E+00  6.2000E+02  1.0922E+03  8.0088E+01  1.0443E+03  1.3154E+01  1.4447E+00
  3.3843E+00  6.6000E+02  1.0830E+03  7.7696E+01  1.0331E+03  1.3943E+01  1.4493E+00
  2.9166E+00  7.0000E+02  1.0732E+03  7.5289E+01  1.0216E+03  1.5719E+01  1.5510E+00
  2.4715E+00  7.4000E+02  1.0625E+03  7.2879E+01  1.0092E+03  1.8554E+01  1.7425E+00
  2.0467E+00  7.8000E+02  1.0508E+03  7.0482E+01  9.9591E+02  2.1948E+01  1.9669E+00
  1.6403E+00  8.2000E+02  1.0383E+03  6.8110E+01  9.8190E+02  2.5039E+01  2.1467E+00
  1.2507E+00  8.6000E+02  1.0253E+03  6.5779E+01  9.6756E+02  2.7374E+01  2.2504E+00
  8.7651E-01  9.0000E+02  1.0120E+03  6.3517E+01  9.5302E+02  2.9505E+01  2.3292E+00
  5.1673E-01  9.4000E+02  9.9825E+02  6.1394E+01  9.3818E+02  3.2200E+01  2.4442E+00
  1.6943E-01  9.8000E+02  9.8440E+02  5.9549E+01  9.2330E+02  3.4571E+01  2.5331E+00
