  25  3.7500000E+00
  2.6623E+01  2.0000E+01  6.1756E+02  7.7759E+01  6.1594E+02  0.0000E+00  0.0000E+00
  1.8733E+01  6.0000E+01  6.1439E+02  7.5613E+01  6.0845E+02  1.3045E-01  2.1716E-01
  1.5425E+01  1.0000E+02  6.1152E+02  7.3663E+01  6.0201E+02  2.7781E-01  1.9387E-01
  1.3235E+01  1.4000E+02  6.0852E+02  7.1648E+01  5.9561E+02  4.4943E-01  2.0768E-01
  1.1636E+01  1.8000E+02  6.0531E+02  6.9612E+01  5.8923E+02  7.3152E-01  2.4681E-01
  1.0385E+01  2.2000E+02  6.0178E+02  6.7567E+01  5.8274E+02  1.1892E+00  3.1384E-01
  9.3506E+00  2.6000E+02  5.9789E+02  6.5515E+01  5.7609E+02  1.7827E+00  3.8908E-01
  8.4589E+00  3.0000E+02  5.9364E+02  6.3459E+01  5.6928E+02  2.4495E+00  4.6082E-01
  7.6677E+00  3.4000E+02  5.8904E+02  6.1399E+01  5.6227E+02  3.2171E+00  5.3700E-01
  6.9520E+00  3.8000E+02  5.8403E+02  5.9339E+01  5.5502E+02  4.1214E+00  6.2233E-01
  6.2961E+00  4.2000E+02  5.7861E+02  5.7281E+01  5.4750E+02  5.1302E+00  7.0993E-01
  5.6892E+00  4.6000E+02  5.7280E+02  5.5226E+01  5.3975E+02  6.1756E+00  7.9072E-01
  5.1233E+00  5.0000E+02  5.6668E+02  5.3175E+01  5.3180E+02  7.1963E+00  8.5918E-01
  4.5922E+00  5.4000E+02  5.6030E+02  5.1129E+01  5.2372E+02  8.1629E+00  9.1470E-01
  4.0910E+00  5.8000E+02  5.5371E+02  4.9089E+01  5.1555E+02  9.0692E+00  9.5897E-01
  3.6160E+00  6.2000E+02  5.4698E+02  4.7054E+01  5.0734E+02  9.8991E+00  9.9211E-01
  3.1641E+00  6.6000E+02  5.4014E+02  4.5027E+01  4.9913E+02  1.0634E+01  1.0138E+00
  2.7330E+00  7.0000E+02  5.3327E+02  4.3008E+01  4.9099E+02  1.1258E+01  1.0241E+00
  2.3205E+00  7.4000E+02  5.2640E+02  4.0997E+01  4.8295E+02  1.1785E+01  1.0254E+00
  1.9252E+00  7.8000E+02  5.1955E+02  3.8997E+01  4.7501E+02  1.2266E+01  1.0231E+00
  1.5455E+00  8.2000E+02  5.1271E+02  3.7010E+01  4.6718E+02  1.2788E+01  1.0243E+00
  1.1804E+00  8.6000E+02  5.0584E+02  3.5040E+01  4.5939E+02  1.3425E+01  1.0343E+00
  8.2854E-01  9.0000E+02  4.9892E+02  3.3093E+01  4.5165E+02  1.4126E+01  1.0485E+00
  4.8900E-01  9.4000E+02  4.9194E+02  3.1179E+01  4.4393E+02  1.4914E+01  1.0684E+00
  1.6044E-01  9.8000E+02  4.8491E+02  2.9317E+01  4.3623E+02  1.5738E+01  1.0909E+00
