  25  3.7500000E+00
  2.6836E+01  2.0000E+01  7.0077E+02  8.3351E+01  6.9914E+02  0.0000E+00  0.0000E+00
  1.8871E+01  6.0000E+01  6.9757E+02  8.1258E+01  6.9153E+02  1.3992E-01  2.3511E-01
  1.5531E+01  1.0000E+02  6.9463E+02  7.9340E+01  6.8493E+02  3.0566E-01  2.1542E-01
  1.3325E+01  1.4000E+02  6.9151E+02  7.7346E+01  6.7831E+02  5.0967E-01  2.3720E-01
  1.1713E+01  1.8000E+02  6.8816E+02  7.5318E+01  6.7168E+02  8.2125E-01  2.7940E-01
  1.0449E+01  2.2000E+02  6.8449E+02  7.3269E+01  6.6495E+02  1.2786E+00  3.4089E-01
  9.4037E+00  2.6000E+02  6.8046E+02  7.1202E+01  6.5804E+02  1.8798E+00  4.1455E-01
  8.5037E+00  3.0000E+02  6.7602E+02  6.9120E+01  6.5091E+02  2.6244E+00  4.9833E-01
  7.7061E+00  3.4000E+02  6.7110E+02  6.7028E+01  6.4348E+02  3.5357E+00  5.9498E-01
  6.9852E+00  3.8000E+02  6.6567E+02  6.4926E+01  6.3569E+02  4.6147E+00  7.0191E-01
  6.3247E+00  4.2000E+02  6.5973E+02  6.2818E+01  6.2753E+02  5.8082E+00  8.0938E-01
  5.7136E+00  4.6000E+02  6.5332E+02  6.0706E+01  6.1906E+02  7.0333E+00  9.0675E-01
  5.1439E+00  5.0000E+02  6.4653E+02  5.8592E+01  6.1033E+02  8.2128E+00  9.8717E-01
  4.6093E+00  5.4000E+02  6.3944E+02  5.6476E+01  6.0143E+02  9.3026E+00  1.0491E+00
  4.1052E+00  5.8000E+02  6.3214E+02  5.4360E+01  5.9244E+02  1.0283E+01  1.0938E+00
  3.6275E+00  6.2000E+02  6.2471E+02  5.2245E+01  5.8343E+02  1.1134E+01  1.1220E+00
  3.1734E+00  6.6000E+02  6.1721E+02  5.0133E+01  5.7447E+02  1.1854E+01  1.1358E+00
  2.7403E+00  7.0000E+02  6.0971E+02  4.8023E+01  5.6560E+02  1.2456E+01  1.1381E+00
  2.3262E+00  7.4000E+02  6.0223E+02  4.5919E+01  5.5686E+02  1.2977E+01  1.1338E+00
  1.9294E+00  7.8000E+02  5.9478E+02  4.3822E+01  5.4824E+02  1.3493E+01  1.1295E+00
  1.5486E+00  8.2000E+02  5.8732E+02  4.1736E+01  5.3971E+02  1.4101E+01  1.1331E+00
  1.1824E+00  8.6000E+02  5.7981E+02  3.9666E+01  5.3121E+02  1.4862E+01  1.1481E+00
  8.2988E-01  9.0000E+02  5.7224E+02  3.7620E+01  5.2275E+02  1.5660E+01  1.1648E+00
  4.8973E-01  9.4000E+02  5.6467E+02  3.5610E+01  5.1437E+02  1.6340E+01  1.1727E+00
  1.6065E-01  9.8000E+02  5.5715E+02  3.3656E+01  5.0612E+02  1.6939E+01  1.1760E+00
