  25  3.7500000E+00
  2.7418E+01  2.0000E+01  1.3566E+03  1.1563E+02  1.3550E+03  0.0000E+00  0.0000E+00
  1.9641E+01  6.0000E+01  1.3533E+03  1.1373E+02  1.3467E+03  1.8942E-01  3.1079E-01
  1.6675E+01  1.0000E+02  1.3501E+03  1.1200E+02  1.3395E+03  4.8883E-01  3.0590E-01
  1.4685E+01  1.4000E+02  1.3458E+03  1.1015E+02  1.3313E+03  1.2416E+00  5.2114E-01
  1.3124E+01  1.8000E+02  1.3389E+03  1.0822E+02  1.3207E+03  3.1562E+00  1.0399E+00
  1.1812E+01  2.2000E+02  1.3285E+03  1.0623E+02  1.3067E+03  6.4471E+00  1.7841E+00
  1.0667E+01  2.6000E+02  1.3145E+03  1.0419E+02  1.2893E+03  1.0417E+01  2.5168E+00
  9.6487E+00  3.0000E+02  1.2981E+03  1.0211E+02  1.2697E+03  1.4047E+01  3.0169E+00
  8.7319E+00  3.4000E+02  1.2807E+03  9.9991E+01  1.2492E+03  1.6700E+01  3.2303E+00
  7.8977E+00  3.8000E+02  1.2632E+03  9.7838E+01  1.2287E+03  1.8444E+01  3.2464E+00
  7.1321E+00  4.2000E+02  1.2461E+03  9.5653E+01  1.2089E+03  1.9483E+01  3.1470E+00
  6.4246E+00  4.6000E+02  1.2296E+03  9.3440E+01  1.1898E+03  2.0151E+01  3.0079E+00
  5.7669E+00  5.0000E+02  1.2138E+03  9.1203E+01  1.1715E+03  2.0654E+01  2.8658E+00
  5.1524E+00  5.4000E+02  1.1986E+03  8.8944E+01  1.1539E+03  2.1040E+01  2.7275E+00
  4.5758E+00  5.8000E+02  1.1840E+03  8.6666E+01  1.1371E+03  2.1359E+01  2.5987E+00
  4.0324E+00  6.2000E+02  1.1699E+03  8.4373E+01  1.1209E+03  2.1637E+01  2.4804E+00
  3.5187E+00  6.6000E+02  1.1564E+03  8.2066E+01  1.1054E+03  2.1895E+01  2.3734E+00
  3.0313E+00  7.0000E+02  1.1433E+03  7.9751E+01  1.0904E+03  2.2136E+01  2.2760E+00
  2.5677E+00  7.4000E+02  1.1306E+03  7.7430E+01  1.0759E+03  2.2353E+01  2.1864E+00
  2.1255E+00  7.8000E+02  1.1183E+03  7.5110E+01  1.0620E+03  2.2546E+01  2.1033E+00
  1.7028E+00  8.2000E+02  1.1064E+03  7.2796E+01  1.0485E+03  2.2733E+01  2.0275E+00
  1.2978E+00  8.6000E+02  1.0947E+03  7.0499E+01  1.0354E+03  2.3046E+01  1.9691E+00
  9.0911E-01  9.0000E+02  1.0832E+03  6.8245E+01  1.0225E+03  2.3980E+01  1.9664E+00
  5.3557E-01  9.4000E+02  1.0711E+03  6.6111E+01  1.0093E+03  2.6552E+01  2.0926E+00
  1.7544E-01  9.8000E+02  1.0581E+03  6.4272E+01  9.9515E+02  3.0978E+01  2.3537E+00
