  25  3.7500000E+00
  2.5666E+01  2.0000E+01  3.0535E+02  5.2294E+01  3.0381E+02  0.0000E+00  0.0000E+00
  1.8187E+01  6.0000E+01  3.0229E+02  4.9894E+01  2.9694E+02  8.9054E-02  1.4051E-01
  1.5075E+01  1.0000E+02  2.9968E+02  4.7845E+01  2.9132E+02  1.7997E-01  1.1815E-01
  1.2985E+01  1.4000E+02  2.9703E+02  4.5817E+01  2.8590E+02  2.9525E-01  1.3021E-01
  1.1453E+01  1.8000E+02  2.9424E+02  4.3855E+01  2.8060E+02  5.4053E-01  1.7470E-01
  1.0248E+01  2.2000E+02  2.9126E+02  4.1959E+01  2.7536E+02  8.9743E-01  2.2824E-01
  9.2414E+00  2.6000E+02  2.8818E+02  4.0119E+01  2.7021E+02  1.2302E+00  2.6120E-01
  8.3675E+00  3.0000E+02  2.8505E+02  3.8330E+01  2.6520E+02  1.5410E+00  2.8412E-01
  7.5890E+00  3.4000E+02  2.8181E+02  3.6590E+01  2.6023E+02  1.9279E+00  3.1666E-01
  6.8839E+00  3.8000E+02  2.7842E+02  3.4894E+01  2.5526E+02  2.4059E+00  3.5789E-01
  6.2379E+00  4.2000E+02  2.7487E+02  3.3241E+01  2.5027E+02  2.9250E+00  3.9863E-01
  5.6406E+00  4.6000E+02  2.7120E+02  3.1626E+01  2.4527E+02  3.4386E+00  4.3337E-01
  5.0834E+00  5.0000E+02  2.6744E+02  3.0047E+01  2.4029E+02  3.9270E+00  4.6158E-01
  4.5599E+00  5.4000E+02  2.6358E+02  2.8501E+01  2.3530E+02  4.4256E+00  4.8880E-01
  4.0651E+00  5.8000E+02  2.5960E+02  2.6987E+01  2.3029E+02  4.9700E+00  5.1887E-01
  3.5953E+00  6.2000E+02  2.5552E+02  2.5502E+01  2.2526E+02  5.5371E+00  5.4883E-01
  3.1477E+00  6.6000E+02  2.5135E+02  2.4045E+01  2.2022E+02  6.0516E+00  5.7143E-01
  2.7202E+00  7.0000E+02  2.4715E+02  2.2615E+01  2.1522E+02  6.4808E+00  5.8462E-01
  2.3107E+00  7.4000E+02  2.4295E+02  2.1210E+01  2.1029E+02  6.8248E+00  5.8952E-01
  1.9179E+00  7.8000E+02  2.3878E+02  1.9829E+01  2.0545E+02  7.1113E+00  5.8938E-01
  1.5403E+00  8.2000E+02  2.3463E+02  1.8472E+01  2.0070E+02  7.3753E+00  5.8756E-01
  1.1768E+00  8.6000E+02  2.3052E+02  1.7137E+01  1.9604E+02  7.6381E+00  5.8583E-01
  8.2629E-01  9.0000E+02  2.2641E+02  1.5826E+01  1.9143E+02  7.9878E+00  5.9067E-01
  4.8787E-01  9.4000E+02  2.2217E+02  1.4543E+01  1.8675E+02  8.7256E+00  6.2301E-01
  1.6015E-01  9.8000E+02  2.1787E+02  1.3288E+01  1.8206E+02  9.3146E+00  6.4402E-01
