  25  3.7500000E+00
  2.7157E+01  2.0000E+01  1.1153E+03  1.0750E+02  1.1136E+03  0.0000E+00  0.0000E+00
  1.9274E+01  6.0000E+01  1.1120E+03  1.0558E+02  1.1056E+03  1.7553E-01  2.9190E-01
  1.6073E+01  1.0000E+02  1.1087E+03  1.0379E+02  1.0984E+03  4.6021E-01  3.1082E-01
  1.3972E+01  1.4000E+02  1.1045E+03  1.0190E+02  1.0903E+03  1.1162E+00  4.9473E-01
  1.2383E+01  1.8000E+02  1.0991E+03  9.9948E+01  1.0813E+03  2.1883E+00  7.3360E-01
  1.1085E+01  2.2000E+02  1.0927E+03  9.7935E+01  1.0715E+03  3.3261E+00  9.1095E-01
  9.9816E+00  2.6000E+02  1.0859E+03  9.5871E+01  1.0614E+03  4.3510E+00  1.0132E+00
  9.0182E+00  3.0000E+02  1.0787E+03  9.3764E+01  1.0511E+03  5.2986E+00  1.0770E+00
  8.1610E+00  3.4000E+02  1.0711E+03  9.1617E+01  1.0406E+03  6.3146E+00  1.1420E+00
  7.3862E+00  3.8000E+02  1.0631E+03  8.9435E+01  1.0298E+03  7.5467E+00  1.2335E+00
  6.6773E+00  4.2000E+02  1.0545E+03  8.7222E+01  1.0186E+03  8.9948E+00  1.3454E+00
  6.0223E+00  4.6000E+02  1.0454E+03  8.4982E+01  1.0070E+03  1.0466E+01  1.4463E+00
  5.4127E+00  5.0000E+02  1.0360E+03  8.2715E+01  9.9525E+02  1.1719E+01  1.5073E+00
  4.8420E+00  5.4000E+02  1.0265E+03  8.0425E+01  9.8353E+02  1.2650E+01  1.5231E+00
  4.3051E+00  5.8000E+02  1.0170E+03  7.8112E+01  9.7197E+02  1.3341E+01  1.5112E+00
  3.7979E+00  6.2000E+02  1.0076E+03  7.5778E+01  9.6060E+02  1.3961E+01  1.4938E+00
  3.3172E+00  6.6000E+02  9.9818E+02  7.3426E+01  9.4936E+02  1.4639E+01  1.4847E+00
  2.8602E+00  7.0000E+02  9.8875E+02  7.1059E+01  9.3820E+02  1.5465E+01  1.4912E+00
  2.4245E+00  7.4000E+02  9.7918E+02  6.8683E+01  9.2701E+02  1.6515E+01  1.5179E+00
  2.0083E+00  7.8000E+02  9.6937E+02  6.6304E+01  9.1569E+02  1.7848E+01  1.5673E+00
  1.6098E+00  8.2000E+02  9.5923E+02  6.3933E+01  9.0415E+02  1.9506E+01  1.6400E+00
  1.2275E+00  8.6000E+02  9.4865E+02  6.1585E+01  8.9227E+02  2.1538E+01  1.7368E+00
  8.6039E-01  9.0000E+02  9.3749E+02  5.9289E+01  8.7993E+02  2.4138E+01  1.8697E+00
  5.0722E-01  9.4000E+02  9.2555E+02  5.7110E+01  8.6691E+02  2.7622E+01  2.0582E+00
  1.6629E-01  9.8000E+02  9.1312E+02  5.5161E+01  8.5351E+02  3.0754E+01  2.2121E+00
