  25  3.7500000E+00
  2.6616E+01  2.0000E+01  6.1756E+02  7.7764E+01  6.1594E+02  0.0000E+00  0.0000E+00
  1.8725E+01  6.0000E+01  6.1438E+02  7.5619E+01  6.0844E+02  1.3109E-01  2.1824E-01
  1.5416E+01  1.0000E+02  6.1151E+02  7.3669E+01  6.0199E+02  2.7837E-01  1.9435E-01
  1.3227E+01  1.4000E+02  6.0852E+02  7.1654E+01  5.9560E+02  4.4542E-01  2.0573E-01
  1.1629E+01  1.8000E+02  6.0533E+02  6.9618E+01  5.8925E+02  7.1920E-01  2.4241E-01
  1.0380E+01  2.2000E+02  6.0182E+02  6.7573E+01  5.8278E+02  1.1793E+00  3.1087E-01
  9.3466E+00  2.6000E+02  5.9792E+02  6.5521E+01  5.7613E+02  1.7820E+00  3.8854E-01
  8.4557E+00  3.0000E+02  5.9368E+02  6.3464E+01  5.6932E+02  2.4509E+00  4.6070E-01
  7.6650E+00  3.4000E+02  5.8908E+02  6.1405E+01  5.6231E+02  3.2154E+00  5.3638E-01
  6.9497E+00  3.8000E+02  5.8408E+02  5.9345E+01  5.5507E+02  4.1136E+00  6.2081E-01
  6.2941E+00  4.2000E+02  5.7867E+02  5.7287E+01  5.4756E+02  5.1158E+00  7.0759E-01
  5.6875E+00  4.6000E+02  5.7288E+02  5.5232E+01  5.3982E+02  6.1526E+00  7.8739E-01
  5.1219E+00  5.0000E+02  5.6678E+02  5.3181E+01  5.3189E+02  7.1640E+00  8.5489E-01
  4.5911E+00  5.4000E+02  5.6042E+02  5.1134E+01  5.2383E+02  8.1259E+00  9.1009E-01
  4.0901E+00  5.8000E+02  5.5385E+02  4.9093E+01  5.1568E+02  9.0362E+00  9.5504E-01
  3.6153E+00  6.2000E+02  5.4712E+02  4.7059E+01  5.0748E+02  9.8802E+00  9.8981E-01
  3.1636E+00  6.6000E+02  5.4029E+02  4.5031E+01  4.9928E+02  1.0632E+01  1.0133E+00
  2.7325E+00  7.0000E+02  5.3341E+02  4.3012E+01  4.9113E+02  1.1269E+01  1.0247E+00
  2.3202E+00  7.4000E+02  5.2654E+02  4.1001E+01  4.8308E+02  1.1805E+01  1.0269E+00
  1.9250E+00  7.8000E+02  5.1968E+02  3.9001E+01  4.7514E+02  1.2293E+01  1.0251E+00
  1.5454E+00  8.2000E+02  5.1283E+02  3.7014E+01  4.6729E+02  1.2820E+01  1.0267E+00
  1.1803E+00  8.6000E+02  5.0594E+02  3.5044E+01  4.5950E+02  1.3460E+01  1.0369E+00
  8.2850E-01  9.0000E+02  4.9901E+02  3.3097E+01  4.5174E+02  1.4158E+01  1.0508E+00
  4.8898E-01  9.4000E+02  4.9203E+02  3.1183E+01  4.4401E+02  1.4939E+01  1.0701E+00
  1.6043E-01  9.8000E+02  4.8498E+02  2.9322E+01  4.3630E+02  1.5770E+01  1.0931E+00
