  25  3.7500000E+00
  2.6494E+01  2.0000E+01  5.7480E+02  7.4743E+01  5.7319E+02  0.0000E+00  0.0000E+00
  1.8654E+01  6.0000E+01  5.7164E+02  7.2567E+01  5.6576E+02  1.2538E-01  2.0741E-01
  1.5370E+01  1.0000E+02  5.6881E+02  7.0601E+01  5.5940E+02  2.6428E-01  1.8311E-01
  1.3192E+01  1.4000E+02  5.6586E+02  6.8576E+01  5.5311E+02  4.2458E-01  1.9510E-01
  1.1602E+01  1.8000E+02  5.6271E+02  6.6538E+01  5.4685E+02  7.0089E-01  2.3513E-01
  1.0358E+01  2.2000E+02  5.5922E+02  6.4498E+01  5.4048E+02  1.1600E+00  3.0433E-01
  9.3288E+00  2.6000E+02  5.5540E+02  6.2457E+01  5.3397E+02  1.7339E+00  3.7650E-01
  8.4408E+00  3.0000E+02  5.5127E+02  6.0417E+01  5.2734E+02  2.3472E+00  4.3977E-01
  7.6522E+00  3.4000E+02  5.4684E+02  5.8380E+01  5.2057E+02  3.0450E+00  5.0660E-01
  6.9386E+00  3.8000E+02  5.4204E+02  5.6348E+01  5.1360E+02  3.8744E+00  5.8331E-01
  6.2846E+00  4.2000E+02  5.3687E+02  5.4322E+01  5.0640E+02  4.8033E+00  6.6281E-01
  5.6794E+00  4.6000E+02  5.3136E+02  5.2302E+01  4.9900E+02  5.7662E+00  7.3618E-01
  5.1152E+00  5.0000E+02  5.2557E+02  5.0291E+01  4.9145E+02  6.7082E+00  7.9862E-01
  4.5855E+00  5.4000E+02  5.1953E+02  4.8288E+01  4.8377E+02  7.6082E+00  8.5022E-01
  4.0855E+00  5.8000E+02  5.1330E+02  4.6294E+01  4.7602E+02  8.4715E+00  8.9353E-01
  3.6116E+00  6.2000E+02  5.0692E+02  4.4309E+01  4.6822E+02  9.2802E+00  9.2800E-01
  3.1606E+00  6.6000E+02  5.0043E+02  4.2334E+01  4.6042E+02  1.0008E+01  9.5226E-01
  2.7302E+00  7.0000E+02  4.9389E+02  4.0369E+01  4.5266E+02  1.0627E+01  9.6497E-01
  2.3184E+00  7.4000E+02  4.8735E+02  3.8415E+01  4.4499E+02  1.1147E+01  9.6838E-01
  1.9236E+00  7.8000E+02  4.8083E+02  3.6474E+01  4.3743E+02  1.1609E+01  9.6694E-01
  1.5444E+00  8.2000E+02  4.7431E+02  3.4547E+01  4.2997E+02  1.2090E+01  9.6729E-01
  1.1796E+00  8.6000E+02  4.6778E+02  3.2638E+01  4.2257E+02  1.2664E+01  9.7477E-01
  8.2805E-01  9.0000E+02  4.6122E+02  3.0750E+01  4.1522E+02  1.3310E+01  9.8721E-01
  4.8874E-01  9.4000E+02  4.5456E+02  2.8895E+01  4.0785E+02  1.4150E+01  1.0130E+00
  1.6037E-01  9.8000E+02  4.4782E+02  2.7090E+01  4.0047E+02  1.5044E+01  1.0423E+00
