  25  3.7500000E+00
  2.7226E+01  2.0000E+01  1.1909E+03  1.1093E+02  1.1892E+03  0.0000E+00  0.0000E+00
  1.9382E+01  6.0000E+01  1.1876E+03  1.0902E+02  1.1811E+03  1.8093E-01  2.9942E-01
  1.6238E+01  1.0000E+02  1.1843E+03  1.0725E+02  1.1739E+03  4.8667E-01  3.2284E-01
  1.4169E+01  1.4000E+02  1.1799E+03  1.0538E+02  1.1656E+03  1.2276E+00  5.3585E-01
  1.2587E+01  1.8000E+02  1.1740E+03  1.0344E+02  1.1561E+03  2.4814E+00  8.2798E-01
  1.1283E+01  2.2000E+02  1.1669E+03  1.0143E+02  1.1455E+03  3.9263E+00  1.0803E+00
  1.0166E+01  2.6000E+02  1.1589E+03  9.9376E+01  1.1341E+03  5.3484E+00  1.2599E+00
  9.1865E+00  3.0000E+02  1.1502E+03  9.7274E+01  1.1224E+03  6.6452E+00  1.3738E+00
  8.3117E+00  3.4000E+02  1.1412E+03  9.5131E+01  1.1104E+03  7.8352E+00  1.4462E+00
  7.5199E+00  3.8000E+02  1.1319E+03  9.2949E+01  1.0982E+03  8.9972E+00  1.5030E+00
  6.7952E+00  4.2000E+02  1.1224E+03  9.0733E+01  1.0860E+03  1.0167E+01  1.5545E+00
  6.1258E+00  4.6000E+02  1.1126E+03  8.8485E+01  1.0737E+03  1.1266E+01  1.5910E+00
  5.5032E+00  5.0000E+02  1.1027E+03  8.6206E+01  1.0614E+03  1.2123E+01  1.5927E+00
  4.9205E+00  5.4000E+02  1.0931E+03  8.3899E+01  1.0495E+03  1.2633E+01  1.5529E+00
  4.3728E+00  5.8000E+02  1.0837E+03  8.1563E+01  1.0380E+03  1.2909E+01  1.4917E+00
  3.8559E+00  6.2000E+02  1.0744E+03  7.9200E+01  1.0267E+03  1.3261E+01  1.4462E+00
  3.3664E+00  6.6000E+02  1.0652E+03  7.6815E+01  1.0155E+03  1.4062E+01  1.4521E+00
  2.9016E+00  7.0000E+02  1.0555E+03  7.4414E+01  1.0041E+03  1.5600E+01  1.5298E+00
  2.4591E+00  7.4000E+02  1.0452E+03  7.2009E+01  9.9209E+02  1.7960E+01  1.6770E+00
  2.0366E+00  7.8000E+02  1.0340E+03  6.9611E+01  9.7931E+02  2.0876E+01  1.8608E+00
  1.6323E+00  8.2000E+02  1.0220E+03  6.7235E+01  9.6588E+02  2.3771E+01  2.0274E+00
  1.2447E+00  8.6000E+02  1.0095E+03  6.4896E+01  9.5204E+02  2.6221E+01  2.1446E+00
  8.7234E-01  9.0000E+02  9.9655E+02  6.2624E+01  9.3790E+02  2.8575E+01  2.2446E+00
  5.1428E-01  9.4000E+02  9.8312E+02  6.0488E+01  9.2335E+02  3.1543E+01  2.3829E+00
  1.6863E-01  9.8000E+02  9.6948E+02  5.8623E+01  9.0869E+02  3.4079E+01  2.4853E+00
