  25  3.7500000E+00
  2.7201E+01  2.0000E+01  1.1671E+03  1.0992E+02  1.1654E+03  0.0000E+00  0.0000E+00
  1.9341E+01  6.0000E+01  1.1638E+03  1.0801E+02  1.1574E+03  1.7929E-01  2.9733E-01
  1.6180E+01  1.0000E+02  1.1605E+03  1.0623E+02  1.1501E+03  4.7863E-01  3.1922E-01
  1.4103E+01  1.4000E+02  1.1562E+03  1.0436E+02  1.1419E+03  1.1916E+00  5.2226E-01
  1.2518E+01  1.8000E+02  1.1504E+03  1.0241E+02  1.1326E+03  2.3805E+00  7.9559E-01
  1.1216E+01  2.2000E+02  1.1436E+03  1.0040E+02  1.1222E+03  3.7118E+00  1.0202E+00
  1.0103E+01  2.6000E+02  1.1360E+03  9.8342E+01  1.1113E+03  4.9794E+00  1.1693E+00
  9.1277E+00  3.0000E+02  1.1279E+03  9.6237E+01  1.1001E+03  6.1235E+00  1.2596E+00
  8.2585E+00  3.4000E+02  1.1195E+03  9.4092E+01  1.0888E+03  7.2071E+00  1.3216E+00
  7.4725E+00  3.8000E+02  1.1108E+03  9.1909E+01  1.0772E+03  8.3582E+00  1.3860E+00
  6.7534E+00  4.2000E+02  1.1016E+03  8.9693E+01  1.0654E+03  9.6300E+00  1.4611E+00
  6.0891E+00  4.6000E+02  1.0921E+03  8.7446E+01  1.0534E+03  1.0897E+01  1.5271E+00
  5.4711E+00  5.0000E+02  1.0825E+03  8.5171E+01  1.0414E+03  1.1942E+01  1.5571E+00
  4.8927E+00  5.4000E+02  1.0729E+03  8.2868E+01  1.0295E+03  1.2646E+01  1.5432E+00
  4.3488E+00  5.8000E+02  1.0634E+03  8.0539E+01  1.0179E+03  1.3103E+01  1.5036E+00
  3.8354E+00  6.2000E+02  1.0541E+03  7.8185E+01  1.0066E+03  1.3580E+01  1.4710E+00
  3.3491E+00  6.6000E+02  1.0447E+03  7.5810E+01  9.9534E+02  1.4354E+01  1.4728E+00
  2.8871E+00  7.0000E+02  1.0351E+03  7.3419E+01  9.8397E+02  1.5611E+01  1.5218E+00
  2.4469E+00  7.4000E+02  1.0251E+03  7.1022E+01  9.7225E+02  1.7422E+01  1.6178E+00
  2.0267E+00  7.8000E+02  1.0144E+03  6.8627E+01  9.6004E+02  1.9696E+01  1.7464E+00
  1.6244E+00  8.2000E+02  1.0031E+03  6.6249E+01  9.4731E+02  2.2171E+01  1.8814E+00
  1.2387E+00  8.6000E+02  9.9125E+02  6.3903E+01  9.3415E+02  2.4600E+01  2.0020E+00
  8.6822E-01  9.0000E+02  9.7889E+02  6.1620E+01  9.2058E+02  2.7189E+01  2.1253E+00
  5.1186E-01  9.4000E+02  9.6589E+02  5.9469E+01  9.0646E+02  3.0471E+01  2.2909E+00
  1.6783E-01  9.8000E+02  9.5256E+02  5.7579E+01  8.9214E+02  3.3232E+01  2.4121E+00
