  25  3.7500000E+00
  2.6189E+01  2.0000E+01  4.8722E+02  6.8202E+01  4.8561E+02  0.0000E+00  0.0000E+00
  1.8473E+01  6.0000E+01  4.8408E+02  6.5960E+01  4.7832E+02  1.1601E-01  1.8883E-01
  1.5247E+01  1.0000E+02  4.8130E+02  6.3960E+01  4.7215E+02  2.4052E-01  1.6371E-01
  1.3102E+01  1.4000E+02  4.7845E+02  6.1919E+01  4.6609E+02  3.7993E-01  1.7201E-01
  1.1534E+01  1.8000E+02  4.7541E+02  5.9884E+01  4.6010E+02  6.4019E-01  2.1165E-01
  1.0307E+01  2.2000E+02  4.7205E+02  5.7864E+01  4.5401E+02  1.0891E+00  2.8196E-01
  9.2888E+00  2.6000E+02  4.6842E+02  5.5858E+01  4.4785E+02  1.6000E+00  3.4384E-01
  8.4075E+00  3.0000E+02  4.6458E+02  5.3867E+01  4.4167E+02  2.0972E+00  3.8992E-01
  7.6237E+00  3.4000E+02  4.6051E+02  5.1890E+01  4.3542E+02  2.6679E+00  4.4118E-01
  6.9140E+00  3.8000E+02  4.5616E+02  4.9930E+01  4.2906E+02  3.3654E+00  5.0393E-01
  6.2635E+00  4.2000E+02  4.5152E+02  4.7986E+01  4.2254E+02  4.1494E+00  5.6945E-01
  5.6618E+00  4.6000E+02  4.4661E+02  4.6058E+01  4.1589E+02  4.9534E+00  6.2888E-01
  5.1006E+00  5.0000E+02  4.4148E+02  4.4147E+01  4.0915E+02  5.7380E+00  6.7935E-01
  4.5737E+00  5.4000E+02  4.3616E+02  4.2252E+01  4.0232E+02  6.5046E+00  7.2316E-01
  4.0760E+00  5.8000E+02  4.3065E+02  4.0373E+01  3.9543E+02  7.2768E+00  7.6399E-01
  3.6040E+00  6.2000E+02  4.2500E+02  3.8510E+01  3.8849E+02  8.0350E+00  8.0023E-01
  3.1546E+00  6.6000E+02  4.1923E+02  3.6662E+01  3.8152E+02  8.7313E+00  8.2782E-01
  2.7255E+00  7.0000E+02  4.1339E+02  3.4830E+01  3.7459E+02  9.3262E+00  8.4423E-01
  2.3149E+00  7.4000E+02  4.0755E+02  3.3014E+01  3.6773E+02  9.8174E+00  8.5057E-01
  1.9210E+00  7.8000E+02  4.0171E+02  3.1215E+01  3.6097E+02  1.0239E+01  8.5083E-01
  1.5426E+00  8.2000E+02  3.9590E+02  2.9432E+01  3.5430E+02  1.0653E+01  8.5060E-01
  1.1783E+00  8.6000E+02  3.9009E+02  2.7669E+01  3.4771E+02  1.1114E+01  8.5405E-01
  8.2725E-01  9.0000E+02  3.8425E+02  2.5928E+01  3.4117E+02  1.1663E+01  8.6385E-01
  4.8833E-01  9.4000E+02  3.7829E+02  2.4218E+01  3.3457E+02  1.2555E+01  8.9773E-01
  1.6026E-01  9.8000E+02  3.7221E+02  2.2552E+01  3.2793E+02  1.3447E+01  9.3073E-01
