  25  3.7500000E+00
  2.7076E+01  2.0000E+01  8.9299E+02  9.5163E+01  8.9132E+02  0.0000E+00  0.0000E+00
  1.9079E+01  6.0000E+01  8.8973E+02  9.3167E+01  8.8351E+02  1.5854E-01  2.6752E-01
  1.5750E+01  1.0000E+02  8.8662E+02  9.1315E+01  8.7658E+02  3.7603E-01  2.6408E-01
  1.3565E+01  1.4000E+02  8.8304E+02  8.9371E+01  8.6932E+02  7.4944E-01  3.4545E-01
  1.1955E+01  1.8000E+02  8.7890E+02  8.7375E+01  8.6172E+02  1.3295E+00  4.5172E-01
  1.0675E+01  2.2000E+02  8.7437E+02  8.5336E+01  8.5391E+02  1.9506E+00  5.2677E-01
  9.6059E+00  2.6000E+02  8.6956E+02  8.3259E+01  8.4601E+02  2.5590E+00  5.7708E-01
  8.6820E+00  3.0000E+02  8.6439E+02  8.1151E+01  8.3794E+02  3.3082E+00  6.4486E-01
  7.8625E+00  3.4000E+02  8.5866E+02  7.9015E+01  8.2947E+02  4.3915E+00  7.5930E-01
  7.1219E+00  3.8000E+02  8.5218E+02  7.6856E+01  8.2041E+02  5.8363E+00  9.1193E-01
  6.4438E+00  4.2000E+02  8.4493E+02  7.4678E+01  8.1073E+02  7.4747E+00  1.0694E+00
  5.8169E+00  4.6000E+02  8.3702E+02  7.2483E+01  8.0054E+02  9.1069E+00  1.2045E+00
  5.2329E+00  5.0000E+02  8.2863E+02  7.0274E+01  7.9000E+02  1.0593E+01  1.3051E+00
  4.6856E+00  5.4000E+02  8.1992E+02  6.8052E+01  7.7927E+02  1.1856E+01  1.3691E+00
  4.1699E+00  5.8000E+02  8.1105E+02  6.5820E+01  7.6851E+02  1.2864E+01  1.3995E+00
  3.6820E+00  6.2000E+02  8.0216E+02  6.3578E+01  7.5785E+02  1.3623E+01  1.4023E+00
  3.2187E+00  6.6000E+02  7.9334E+02  6.1329E+01  7.4737E+02  1.4185E+01  1.3866E+00
  2.7774E+00  7.0000E+02  7.8463E+02  5.9074E+01  7.3710E+02  1.4646E+01  1.3636E+00
  2.3561E+00  7.4000E+02  7.7599E+02  5.6817E+01  7.2703E+02  1.5129E+01  1.3450E+00
  1.9528E+00  7.8000E+02  7.6738E+02  5.4560E+01  7.1707E+02  1.5768E+01  1.3415E+00
  1.5662E+00  8.2000E+02  7.5869E+02  5.2311E+01  7.0715E+02  1.6660E+01  1.3587E+00
  1.1952E+00  8.6000E+02  7.4987E+02  5.0080E+01  6.9719E+02  1.7748E+01  1.3894E+00
  8.3845E-01  9.0000E+02  7.4096E+02  4.7879E+01  6.8725E+02  1.8798E+01  1.4149E+00
  4.9461E-01  9.4000E+02  7.3205E+02  4.5726E+01  6.7738E+02  1.9677E+01  1.4274E+00
  1.6220E-01  9.8000E+02  7.2321E+02  4.3655E+01  6.6770E+02  2.0338E+01  1.4263E+00
