  25  3.7500000E+00
  2.6385E+01  2.0000E+01  9.5079E+02  8.9840E+01  9.4937E+02  0.0000E+00  0.0000E+00
  1.9308E+01  6.0000E+01  9.4128E+02  8.8979E+01  9.3646E+02  1.2219E+00  1.8246E+00
  1.6048E+01  1.0000E+02  9.3579E+02  8.7687E+01  9.2774E+02  1.2900E+00  8.8721E-01
  1.3906E+01  1.4000E+02  9.3147E+02  8.6196E+01  9.2036E+02  1.3185E+00  5.9596E-01
  1.2303E+01  1.8000E+02  9.2754E+02  8.4616E+01  9.1351E+02  1.4638E+00  4.9506E-01
  1.0997E+01  2.2000E+02  9.2373E+02  8.2925E+01  9.0683E+02  1.6297E+00  4.4879E-01
  9.9247E+00  2.6000E+02  9.1964E+02  8.1191E+01  9.0005E+02  2.1903E+00  4.9565E-01
  8.9854E+00  3.0000E+02  9.1489E+02  7.9392E+01  8.9269E+02  3.1481E+00  6.2387E-01
  8.1521E+00  3.4000E+02  9.0960E+02  7.7570E+01  8.8493E+02  4.1586E+00  7.3116E-01
  7.3978E+00  3.8000E+02  9.0342E+02  7.5723E+01  8.7639E+02  5.7483E+00  9.1479E-01
  6.6989E+00  4.2000E+02  8.9604E+02  7.3834E+01  8.6673E+02  7.8473E+00  1.1572E+00
  6.0442E+00  4.6000E+02  8.8763E+02  7.1900E+01  8.5612E+02  9.8942E+00  1.3666E+00
  5.4563E+00  5.0000E+02  8.7899E+02  7.0018E+01  8.4546E+02  1.1492E+01  1.4254E+00
  4.8867E+00  5.4000E+02  8.6990E+02  6.8054E+01  8.3436E+02  1.2523E+01  1.5048E+00
  4.3659E+00  5.8000E+02  8.6097E+02  6.6131E+01  8.2360E+02  1.3439E+01  1.4767E+00
  3.8611E+00  6.2000E+02  8.5172E+02  6.4148E+01  8.1254E+02  1.4416E+01  1.5351E+00
  3.3944E+00  6.6000E+02  8.4252E+02  6.2210E+01  8.0168E+02  1.5549E+01  1.5312E+00
  2.9353E+00  7.0000E+02  8.3297E+02  6.0204E+01  7.9050E+02  1.6441E+01  1.5923E+00
  2.5182E+00  7.4000E+02  8.2407E+02  5.8288E+01  7.8013E+02  1.6742E+01  1.4733E+00
  2.1011E+00  7.8000E+02  8.1506E+02  5.6278E+01  7.6966E+02  1.6771E+01  1.4759E+00
  1.7184E+00  8.2000E+02  8.0673E+02  5.4350E+01  7.6001E+02  1.6743E+01  1.3520E+00
  1.3467E+00  8.6000E+02  7.9854E+02  5.2405E+01  7.5057E+02  1.6776E+01  1.3157E+00
  9.7763E-01  9.0000E+02  7.9035E+02  5.0409E+01  7.4116E+02  1.6789E+01  1.3072E+00
  6.4623E-01  9.4000E+02  7.8286E+02  4.8576E+01  7.3260E+02  1.7079E+01  1.1942E+00
  3.1483E-01  9.8000E+02  7.7518E+02  4.6737E+01  7.2389E+02  1.7616E+01  1.2317E+00
