  25  3.7500000E+00
  2.6703E+01  2.0000E+01  9.4232E+02  8.8917E+01  9.4095E+02  0.0000E+00  0.0000E+00
  1.9498E+01  6.0000E+01  9.3304E+02  8.8098E+01  9.2826E+02  1.1732E+00  1.7835E+00
  1.6233E+01  1.0000E+02  9.2786E+02  8.6799E+01  9.1985E+02  1.1895E+00  8.1930E-01
  1.4083E+01  1.4000E+02  9.2382E+02  8.5254E+01  9.1269E+02  1.1601E+00  5.2644E-01
  1.2496E+01  1.8000E+02  9.1996E+02  8.3619E+01  9.0588E+02  1.4061E+00  4.7052E-01
  1.1212E+01  2.2000E+02  9.1572E+02  8.1892E+01  8.9878E+02  1.9563E+00  5.3008E-01
  1.0132E+01  2.6000E+02  9.1098E+02  8.0113E+01  8.9130E+02  2.7402E+00  6.2470E-01
  9.1860E+00  3.0000E+02  9.0531E+02  7.8300E+01  8.8303E+02  4.0719E+00  8.1230E-01
  8.3402E+00  3.4000E+02  8.9820E+02  7.6460E+01  8.7343E+02  6.2365E+00  1.1129E+00
  7.5696E+00  3.8000E+02  8.8999E+02  7.4591E+01  8.6284E+02  8.2244E+00  1.3371E+00
  6.8543E+00  4.2000E+02  8.8137E+02  7.2678E+01  8.5192E+02  9.3866E+00  1.4165E+00
  6.1997E+00  4.6000E+02  8.7254E+02  7.0768E+01  8.4093E+02  1.0559E+01  1.4584E+00
  5.5930E+00  5.0000E+02  8.6344E+02  6.8852E+01  8.2978E+02  1.1843E+01  1.5159E+00
  5.0073E+00  5.4000E+02  8.5399E+02  6.6863E+01  8.1832E+02  1.2746E+01  1.5750E+00
  4.4809E+00  5.8000E+02  8.4480E+02  6.4954E+01  8.0731E+02  1.3829E+01  1.5358E+00
  3.9598E+00  6.2000E+02  8.3504E+02  6.2947E+01  7.9574E+02  1.4868E+01  1.6347E+00
  3.4870E+00  6.6000E+02  8.2571E+02  6.1023E+01  7.8477E+02  1.5666E+01  1.5627E+00
  3.0142E+00  7.0000E+02  8.1599E+02  5.9000E+01  7.7342E+02  1.6279E+01  1.6239E+00
  2.5864E+00  7.4000E+02  8.0683E+02  5.7084E+01  7.6280E+02  1.6928E+01  1.5280E+00
  2.1599E+00  7.8000E+02  7.9732E+02  5.5096E+01  7.5186E+02  1.7645E+01  1.5875E+00
  1.7592E+00  8.2000E+02  7.8816E+02  5.3160E+01  7.4137E+02  1.8023E+01  1.5239E+00
  1.3738E+00  8.6000E+02  7.7919E+02  5.1239E+01  7.3115E+02  1.8313E+01  1.4889E+00
  9.8949E-01  9.0000E+02  7.7012E+02  4.9278E+01  7.2089E+02  1.8478E+01  1.4982E+00
  6.3923E-01  9.4000E+02  7.6173E+02  4.7470E+01  7.1143E+02  1.8813E+01  1.3902E+00
  2.8897E-01  9.8000E+02  7.5316E+02  4.5680E+01  7.0184E+02  1.9338E+01  1.4290E+00
