  26  6.0000000E+00
  2.9936E+01  1.0000E-03  1.1141E-01  8.5797E+01  1.1141E-01  0.0000E+00  0.0000E+00
  2.1280E+01  4.0000E+01  7.4283E-01  8.5790E+01  1.0937E-01 -7.3680E-02 -1.3455E-01
  1.6526E+01  8.0000E+01  3.0432E+00  8.5919E+01  1.0402E-01 -4.5686E-01 -4.5821E-01
  1.4006E+01  1.2000E+02  4.0938E+00  8.5946E+01  1.0151E-01 -4.0590E-01 -2.1582E-01
  1.2220E+01  1.6000E+02  4.5935E+00  8.5843E+01  9.9359E-02 -3.3772E-01 -1.2725E-01
  1.0859E+01  2.0000E+02  4.7895E+00  8.5953E+01  9.7435E-02 -6.3198E-02 -1.8152E-02
  9.7553E+00  2.4000E+02  5.0284E+00  8.6365E+01  9.5629E-02  1.5676E-01  3.6496E-02
  8.8160E+00  2.8000E+02  5.4446E+00  8.6995E+01  9.3859E-02  2.2724E-01  4.5033E-02
  7.9903E+00  3.2000E+02  6.0407E+00  8.7761E+01  9.2082E-02  2.0580E-01  3.5851E-02
  7.2490E+00  3.6000E+02  6.7718E+00  8.8607E+01  9.0276E-02  1.5575E-01  2.4357E-02
  6.5741E+00  4.0000E+02  7.5987E+00  8.9517E+01  8.8433E-02  1.2278E-01  1.7482E-02
  5.9531E+00  4.4000E+02  8.5107E+00  9.0502E+01  8.6547E-02  1.1699E-01  1.5330E-02
  5.3761E+00  4.8000E+02  9.5387E+00  9.1586E+01  8.4608E-02  9.7539E-02  1.1873E-02
  4.8356E+00  5.2000E+02  1.0718E+01  9.2763E+01  8.2601E-02 -4.3211E-03 -4.9281E-04
  4.3256E+00  5.6000E+02  1.2043E+01  9.3991E+01  8.0509E-02 -1.8924E-01 -2.0359E-02
  3.8422E+00  6.0000E+02  1.3490E+01  9.5239E+01  7.8315E-02 -4.1312E-01 -4.2134E-02
  3.3823E+00  6.4000E+02  1.5045E+01  9.6488E+01  7.6000E-02 -6.6485E-01 -6.4512E-02
  2.9434E+00  6.8000E+02  1.6702E+01  9.7727E+01  7.3541E-02 -9.5320E-01 -8.8257E-02
  2.5236E+00  7.2000E+02  1.8462E+01  9.8944E+01  7.0905E-02 -1.2913E+00 -1.1437E-01
  2.1212E+00  7.6000E+02  2.0330E+01  1.0013E+02  6.8053E-02 -1.6953E+00 -1.4395E-01
  1.7346E+00  8.0000E+02  2.2321E+01  1.0128E+02  6.4939E-02 -2.1861E+00 -1.7828E-01
  1.3627E+00  8.4000E+02  2.4449E+01  1.0237E+02  6.1518E-02 -2.7880E+00 -2.1875E-01
  1.0044E+00  8.8000E+02  2.6733E+01  1.0339E+02  5.7748E-02 -3.5098E+00 -2.6533E-01
  6.5866E-01  9.2000E+02  2.9275E+01  1.0437E+02  5.3402E-02 -4.5221E+00 -3.2989E-01
  3.2421E-01  9.6000E+02  3.2265E+01  1.0529E+02  4.8289E-02 -6.1950E+00 -4.3714E-01
  4.0914E-04  1.0000E+03  3.5774E+01  1.0586E+02  4.2811E-02 -9.0827E+00 -6.2048E-01
