  26  6.0000000E+00
  3.1275E+01  1.0000E-03  5.8032E-01  8.7985E+01  5.8032E-01  0.0000E+00  0.0000E+00
  2.2111E+01  4.0000E+01  1.4470E+00  8.8093E+01  5.7585E-01 -8.2873E-02 -1.6023E-01
  1.7050E+01  8.0000E+01  4.8918E+00  8.8072E+01  5.5890E-01 -6.8472E-01 -7.3107E-01
  1.4372E+01  1.2000E+02  6.1694E+00  8.7793E+01  5.5066E-01 -5.8132E-01 -3.2846E-01
  1.2492E+01  1.6000E+02  6.7088E+00  8.7487E+01  5.4427E-01 -4.4960E-01 -1.7832E-01
  1.1063E+01  2.0000E+02  6.8464E+00  8.7375E+01  5.3892E-01 -1.7484E-01 -5.2718E-02
  9.9131E+00  2.4000E+02  6.9634E+00  8.7604E+01  5.3414E-01  9.7441E-02  2.3641E-02
  8.9439E+00  2.8000E+02  7.2171E+00  8.8102E+01  5.2961E-01  2.5182E-01  5.1495E-02
  8.0977E+00  3.2000E+02  7.6981E+00  8.8838E+01  5.2513E-01  3.0127E-01  5.3785E-02
  7.3405E+00  3.6000E+02  8.3936E+00  8.9713E+01  5.2057E-01  2.3733E-01  3.7917E-02
  6.6515E+00  4.0000E+02  9.2562E+00  9.0675E+01  5.1588E-01  1.4373E-01  2.0895E-02
  6.0171E+00  4.4000E+02  1.0248E+01  9.1696E+01  5.1103E-01  4.7038E-02  6.2948E-03
  5.4281E+00  4.8000E+02  1.1352E+01  9.2770E+01  5.0599E-01 -5.0125E-02 -6.2294E-03
  4.8772E+00  5.2000E+02  1.2568E+01  9.3894E+01  5.0072E-01 -1.6771E-01 -1.9495E-02
  4.3587E+00  5.6000E+02  1.3900E+01  9.5057E+01  4.9519E-01 -3.2681E-01 -3.5746E-02
  3.8685E+00  6.0000E+02  1.5346E+01  9.6242E+01  4.8933E-01 -5.3306E-01 -5.5136E-02
  3.4030E+00  6.4000E+02  1.6904E+01  9.7433E+01  4.8310E-01 -7.8693E-01 -7.7280E-02
  2.9596E+00  6.8000E+02  1.8572E+01  9.8617E+01  4.7641E-01 -1.0935E+00 -1.0230E-01
  2.5360E+00  7.2000E+02  2.0356E+01  9.9780E+01  4.6920E-01 -1.4638E+00 -1.3081E-01
  2.1305E+00  7.6000E+02  2.2263E+01  1.0091E+02  4.6138E-01 -1.9139E+00 -1.6376E-01
  1.7414E+00  8.0000E+02  2.4308E+01  1.0200E+02  4.5283E-01 -2.4663E+00 -2.0246E-01
  1.3674E+00  8.4000E+02  2.6508E+01  1.0302E+02  4.4345E-01 -3.1353E+00 -2.4737E-01
  1.0075E+00  8.8000E+02  2.8903E+01  1.0399E+02  4.3306E-01 -3.9711E+00 -3.0161E-01
  6.6035E-01  9.2000E+02  3.1569E+01  1.0489E+02  4.2137E-01 -5.0944E+00 -3.7308E-01
  3.2488E-01  9.6000E+02  3.4651E+01  1.0568E+02  4.0800E-01 -6.8125E+00 -4.8216E-01
  4.4719E-04  1.0000E+03  3.8298E+01  1.0601E+02  3.9274E-01 -1.0239E+01 -7.0084E-01
