  26  6.0000000E+00
  3.2081E+01  1.0000E-03  1.2765E+00  1.2431E+02  1.2765E+00  0.0000E+00  0.0000E+00
  2.2946E+01  4.0000E+01  2.2224E+00  1.2408E+02  1.2708E+00 -1.2845E-01 -2.4757E-01
  1.8130E+01  8.0000E+01  4.1341E+00  1.2389E+02  1.2456E+00 -4.3650E-01 -4.4349E-01
  1.5706E+01  1.2000E+02  4.6515E+00  1.2461E+02  1.2327E+00  8.0852E-02  4.1360E-02
  1.3946E+01  1.6000E+02  5.6325E+00  1.2604E+02  1.2215E+00  2.5545E-01  9.4838E-02
  1.2512E+01  2.0000E+02  7.2460E+00  1.2784E+02  1.2106E+00  1.3460E-01  4.0722E-02
  1.1282E+01  2.4000E+02  9.3853E+00  1.2984E+02  1.1994E+00 -1.2011E-01 -3.1177E-02
  1.0197E+01  2.8000E+02  1.1850E+01  1.3184E+02  1.1875E+00 -4.2746E-01 -9.7796E-02
  9.2269E+00  3.2000E+02  1.4547E+01  1.3384E+02  1.1739E+00 -7.1967E-01 -1.4736E-01
  8.3483E+00  3.6000E+02  1.7529E+01  1.3587E+02  1.1578E+00 -1.0810E+00 -2.0039E-01
  7.5454E+00  4.0000E+02  2.0913E+01  1.3796E+02  1.1383E+00 -1.6061E+00 -2.7207E-01
  6.8060E+00  4.4000E+02  2.4792E+01  1.4012E+02  1.1151E+00 -2.3331E+00 -3.6394E-01
  6.1207E+00  4.8000E+02  2.9266E+01  1.4233E+02  1.0877E+00 -3.2912E+00 -4.7582E-01
  5.4822E+00  5.2000E+02  3.4400E+01  1.4462E+02  1.0562E+00 -4.4651E+00 -6.0157E-01
  4.8842E+00  5.6000E+02  4.0202E+01  1.4695E+02  1.0205E+00 -5.7998E+00 -7.3170E-01
  4.3219E+00  6.0000E+02  4.6631E+01  1.4932E+02  9.8117E-01 -7.2201E+00 -8.5659E-01
  3.7911E+00  6.4000E+02  5.3606E+01  1.5170E+02  9.3852E-01 -8.6511E+00 -9.6880E-01
  3.2884E+00  6.8000E+02  6.1028E+01  1.5408E+02  8.9299E-01 -1.0033E+01 -1.0641E+00
  2.8108E+00  7.2000E+02  6.8786E+01  1.5643E+02  8.4504E-01 -1.1324E+01 -1.1409E+00
  2.3560E+00  7.6000E+02  7.6764E+01  1.5873E+02  7.9518E-01 -1.2487E+01 -1.1984E+00
  1.9216E+00  8.0000E+02  8.4840E+01  1.6094E+02  7.4408E-01 -1.3496E+01 -1.2367E+00
  1.5060E+00  8.4000E+02  9.2932E+01  1.6305E+02  6.9225E-01 -1.4414E+01 -1.2639E+00
  1.1075E+00  8.8000E+02  1.0111E+02  1.6503E+02  6.3919E-01 -1.5546E+01 -1.3071E+00
  7.2476E-01  9.2000E+02  1.0973E+02  1.6697E+02  5.8217E-01 -1.7459E+01 -1.4100E+00
  3.5611E-01  9.6000E+02  1.1965E+02  1.6898E+02  5.1636E-01 -2.1433E+01 -1.6670E+00
  7.2631E-04  1.0000E+03  1.3204E+02  1.7014E+02  4.3678E-01 -3.1597E+01 -2.3691E+00
