  26  6.0000000E+00
  2.9834E+01  1.0000E-03  6.6900E-02  8.5647E+01  6.6899E-02  0.0000E+00  0.0000E+00
  2.1230E+01  4.0000E+01  6.7849E-01  8.5632E+01  6.5318E-02 -7.2848E-02 -1.3224E-01
  1.6506E+01  8.0000E+01  2.8857E+00  8.5780E+01  6.1581E-02 -4.3577E-01 -4.3434E-01
  1.4000E+01  1.2000E+02  3.9142E+00  8.5842E+01  5.9727E-02 -3.8565E-01 -2.0387E-01
  1.2222E+01  1.6000E+02  4.4289E+00  8.5786E+01  5.8103E-02 -3.2088E-01 -1.2041E-01
  1.0863E+01  2.0000E+02  4.6670E+00  8.5935E+01  5.6648E-02 -6.5960E-02 -1.8909E-02
  9.7593E+00  2.4000E+02  4.9390E+00  8.6359E+01  5.5286E-02  1.3814E-01  3.2161E-02
  8.8193E+00  2.8000E+02  5.3792E+00  8.6996E+01  5.3953E-02  2.0897E-01  4.1441E-02
  7.9929E+00  3.2000E+02  5.9906E+00  8.7762E+01  5.2619E-02  1.8724E-01  3.2649E-02
  7.2510E+00  3.6000E+02  6.7305E+00  8.8607E+01  5.1267E-02  1.4091E-01  2.2057E-02
  6.5755E+00  4.0000E+02  7.5627E+00  8.9513E+01  4.9893E-02  1.0996E-01  1.5669E-02
  5.9540E+00  4.4000E+02  8.4765E+00  9.0492E+01  4.8498E-02  1.0541E-01  1.3822E-02
  5.3768E+00  4.8000E+02  9.5023E+00  9.1570E+01  4.7076E-02  9.0055E-02  1.0967E-02
  4.8361E+00  5.2000E+02  1.0677E+01  9.2742E+01  4.5622E-02 -5.4596E-03 -6.2283E-04
  4.3261E+00  5.6000E+02  1.1998E+01  9.3968E+01  4.4120E-02 -1.8722E-01 -2.0146E-02
  3.8426E+00  6.0000E+02  1.3444E+01  9.5214E+01  4.2558E-02 -4.1155E-01 -4.1980E-02
  3.3826E+00  6.4000E+02  1.4998E+01  9.6463E+01  4.0914E-02 -6.6409E-01 -6.4447E-02
  2.9437E+00  6.8000E+02  1.6654E+01  9.7701E+01  3.9166E-02 -9.5281E-01 -8.8232E-02
  2.5238E+00  7.2000E+02  1.8413E+01  9.8918E+01  3.7285E-02 -1.2908E+00 -1.1434E-01
  2.1213E+00  7.6000E+02  2.0282E+01  1.0010E+02  3.5240E-02 -1.6945E+00 -1.4390E-01
  1.7348E+00  8.0000E+02  2.2271E+01  1.0125E+02  3.3003E-02 -2.1850E+00 -1.7821E-01
  1.3628E+00  8.4000E+02  2.4399E+01  1.0234E+02  3.0552E-02 -2.7861E+00 -2.1863E-01
  1.0045E+00  8.8000E+02  2.6683E+01  1.0337E+02  2.7878E-02 -3.5068E+00 -2.6513E-01
  6.5868E-01  9.2000E+02  2.9221E+01  1.0434E+02  2.4843E-02 -4.5145E+00 -3.2936E-01
  3.2421E-01  9.6000E+02  3.2207E+01  1.0526E+02  2.1363E-02 -6.1790E+00 -4.3603E-01
  4.1140E-04  1.0000E+03  3.5721E+01  1.0585E+02  1.7790E-02 -9.0286E+00 -6.1678E-01
