  26  6.0000000E+00
  3.2084E+01  1.0000E-03  1.1934E+00  1.2051E+02  1.1934E+00  0.0000E+00  0.0000E+00
  2.2897E+01  4.0000E+01  2.1394E+00  1.2033E+02  1.1877E+00 -1.2227E-01 -2.3702E-01
  1.8010E+01  8.0000E+01  4.3201E+00  1.2018E+02  1.1631E+00 -4.7822E-01 -4.9299E-01
  1.5524E+01  1.2000E+02  4.9873E+00  1.2076E+02  1.1505E+00 -3.3700E-02 -1.7679E-02
  1.3729E+01  1.6000E+02  5.9363E+00  1.2192E+02  1.1398E+00  1.1647E-01  4.4098E-02
  1.2287E+01  2.0000E+02  7.3024E+00  1.2336E+02  1.1298E+00  5.3464E-02  1.6273E-02
  1.1064E+01  2.4000E+02  9.0165E+00  1.2496E+02  1.1199E+00 -9.3584E-02 -2.4145E-02
  9.9951E+00  2.8000E+02  1.0941E+01  1.2659E+02  1.1099E+00 -2.7577E-01 -6.2182E-02
  9.0436E+00  3.2000E+02  1.2986E+01  1.2823E+02  1.0994E+00 -4.2363E-01 -8.5047E-02
  8.1845E+00  3.6000E+02  1.5154E+01  1.2991E+02  1.0883E+00 -5.7218E-01 -1.0371E-01
  7.3999E+00  4.0000E+02  1.7479E+01  1.3162E+02  1.0763E+00 -7.7914E-01 -1.2897E-01
  6.6767E+00  4.4000E+02  1.9984E+01  1.3334E+02  1.0636E+00 -1.0809E+00 -1.6492E-01
  6.0052E+00  4.8000E+02  2.2651E+01  1.3502E+02  1.0500E+00 -1.4728E+00 -2.0867E-01
  5.3780E+00  5.2000E+02  2.5433E+01  1.3660E+02  1.0360E+00 -1.9209E+00 -2.5418E-01
  4.7896E+00  5.6000E+02  2.8261E+01  1.3803E+02  1.0217E+00 -2.3749E+00 -2.9479E-01
  4.2359E+00  6.0000E+02  3.1066E+01  1.3929E+02  1.0075E+00 -2.7902E+00 -3.2600E-01
  3.7131E+00  6.4000E+02  3.3807E+01  1.4038E+02  9.9329E-01 -3.1546E+00 -3.4790E-01
  3.2185E+00  6.8000E+02  3.6512E+01  1.4134E+02  9.7882E-01 -3.5228E+00 -3.6760E-01
  2.7495E+00  7.2000E+02  3.9338E+01  1.4225E+02  9.6297E-01 -4.0980E+00 -4.0553E-01
  2.3036E+00  7.6000E+02  4.2632E+01  1.4319E+02  9.4373E-01 -5.2684E+00 -4.9565E-01
  1.8785E+00  8.0000E+02  4.6862E+01  1.4426E+02  9.1872E-01 -7.4396E+00 -6.6725E-01
  1.4720E+00  8.4000E+02  5.2378E+01  1.4545E+02  8.8631E-01 -1.0638E+01 -9.1226E-01
  1.0825E+00  8.8000E+02  5.9335E+01  1.4671E+02  8.4525E-01 -1.4631E+01 -1.2025E+00
  7.0842E-01  9.2000E+02  6.7904E+01  1.4807E+02  7.9362E-01 -1.9275E+01 -1.5211E+00
  3.4815E-01  9.6000E+02  7.8155E+01  1.4953E+02  7.3086E-01 -2.4388E+01 -1.8538E+00
  7.1423E-04  1.0000E+03  8.9870E+01  1.5038E+02  6.5993E-01 -3.1278E+01 -2.2927E+00
