  26  6.0000000E+00
  3.0621E+01  1.0000E-03  4.1616E-01  8.6869E+01  4.1616E-01  0.0000E+00  0.0000E+00
  2.1702E+01  4.0000E+01  1.1608E+00  8.6920E+01  4.1239E-01 -7.7758E-02 -1.4632E-01
  1.6787E+01  8.0000E+01  4.0197E+00  8.6973E+01  3.9905E-01 -5.7081E-01 -5.9187E-01
  1.4184E+01  1.2000E+02  5.1951E+00  8.6856E+01  3.9271E-01 -4.9665E-01 -2.7276E-01
  1.2350E+01  1.6000E+02  5.7063E+00  8.6630E+01  3.8774E-01 -4.0219E-01 -1.5563E-01
  1.0955E+01  2.0000E+02  5.8471E+00  8.6619E+01  3.8355E-01 -1.0811E-01 -3.1819E-02
  9.8297E+00  2.4000E+02  6.0179E+00  8.6952E+01  3.7973E-01  1.4341E-01  3.4055E-02
  8.8767E+00  2.8000E+02  6.3476E+00  8.7522E+01  3.7604E-01  2.5222E-01  5.0716E-02
  8.0414E+00  3.2000E+02  6.8942E+00  8.8290E+01  3.7234E-01  2.6502E-01  4.6703E-02
  7.2924E+00  3.6000E+02  7.6211E+00  8.9160E+01  3.6857E-01  1.9167E-01  3.0291E-02
  6.6103E+00  4.0000E+02  8.4772E+00  9.0098E+01  3.6469E-01  1.2002E-01  1.7271E-02
  5.9824E+00  4.4000E+02  9.4343E+00  9.1095E+01  3.6070E-01  6.4077E-02  8.4883E-03
  5.3993E+00  4.8000E+02  1.0494E+01  9.2161E+01  3.5657E-01  1.0877E-02  1.3379E-03
  4.8538E+00  5.2000E+02  1.1676E+01  9.3299E+01  3.5229E-01 -8.1816E-02 -9.4175E-03
  4.3399E+00  5.6000E+02  1.2987E+01  9.4487E+01  3.4780E-01 -2.3855E-01 -2.5861E-02
  3.8535E+00  6.0000E+02  1.4420E+01  9.5703E+01  3.4307E-01 -4.4830E-01 -4.6009E-02
  3.3911E+00  6.4000E+02  1.5966E+01  9.6925E+01  3.3803E-01 -6.9970E-01 -6.8250E-02
  2.9503E+00  6.8000E+02  1.7619E+01  9.8139E+01  3.3264E-01 -9.9537E-01 -9.2569E-02
  2.5290E+00  7.2000E+02  1.9381E+01  9.9334E+01  3.2682E-01 -1.3462E+00 -1.1969E-01
  2.1252E+00  7.6000E+02  2.1259E+01  1.0050E+02  3.2053E-01 -1.7682E+00 -1.5062E-01
  1.7376E+00  8.0000E+02  2.3265E+01  1.0162E+02  3.1368E-01 -2.2829E+00 -1.8670E-01
  1.3648E+00  8.4000E+02  2.5419E+01  1.0269E+02  3.0618E-01 -2.9139E+00 -2.2917E-01
  1.0057E+00  8.8000E+02  2.7745E+01  1.0369E+02  2.9792E-01 -3.6913E+00 -2.7964E-01
  6.5936E-01  9.2000E+02  3.0325E+01  1.0462E+02  2.8855E-01 -4.7544E+00 -3.4745E-01
  3.2447E-01  9.6000E+02  3.3346E+01  1.0548E+02  2.7755E-01 -6.4672E+00 -4.5694E-01
  4.3486E-04  1.0000E+03  3.6954E+01  1.0593E+02  2.6490E-01 -9.7352E+00 -6.6554E-01
