  26  6.0000000E+00
  3.2081E+01  1.0000E-03  1.2765E+00  1.2431E+02  1.2765E+00  0.0000E+00  0.0000E+00
  2.2946E+01  4.0000E+01  2.2226E+00  1.2408E+02  1.2708E+00 -1.2852E-01 -2.4770E-01
  1.8130E+01  8.0000E+01  4.1340E+00  1.2389E+02  1.2456E+00 -4.3635E-01 -4.4334E-01
  1.5706E+01  1.2000E+02  4.6516E+00  1.2460E+02  1.2327E+00  8.0703E-02  4.1283E-02
  1.3946E+01  1.6000E+02  5.6320E+00  1.2603E+02  1.2215E+00  2.5561E-01  9.4896E-02
  1.2512E+01  2.0000E+02  7.2458E+00  1.2784E+02  1.2106E+00  1.3489E-01  4.0811E-02
  1.1282E+01  2.4000E+02  9.3855E+00  1.2983E+02  1.1994E+00 -1.2034E-01 -3.1236E-02
  1.0198E+01  2.8000E+02  1.1850E+01  1.3183E+02  1.1875E+00 -4.2764E-01 -9.7838E-02
  9.2270E+00  3.2000E+02  1.4548E+01  1.3383E+02  1.1739E+00 -7.2001E-01 -1.4743E-01
  8.3483E+00  3.6000E+02  1.7530E+01  1.3586E+02  1.1578E+00 -1.0815E+00 -2.0048E-01
  7.5454E+00  4.0000E+02  2.0916E+01  1.3796E+02  1.1383E+00 -1.6069E+00 -2.7220E-01
  6.8060E+00  4.4000E+02  2.4796E+01  1.4011E+02  1.1151E+00 -2.3344E+00 -3.6414E-01
  6.1208E+00  4.8000E+02  2.9272E+01  1.4233E+02  1.0877E+00 -3.2926E+00 -4.7602E-01
  5.4822E+00  5.2000E+02  3.4407E+01  1.4462E+02  1.0561E+00 -4.4665E+00 -6.0177E-01
  4.8842E+00  5.6000E+02  4.0211E+01  1.4695E+02  1.0204E+00 -5.8014E+00 -7.3191E-01
  4.3219E+00  6.0000E+02  4.6641E+01  1.4932E+02  9.8109E-01 -7.2212E+00 -8.5671E-01
  3.7911E+00  6.4000E+02  5.3617E+01  1.5170E+02  9.3844E-01 -8.6509E+00 -9.6878E-01
  3.2884E+00  6.8000E+02  6.1038E+01  1.5408E+02  8.9291E-01 -1.0032E+01 -1.0640E+00
  2.8108E+00  7.2000E+02  6.8795E+01  1.5643E+02  8.4497E-01 -1.1322E+01 -1.1407E+00
  2.3560E+00  7.6000E+02  7.6771E+01  1.5873E+02  7.9512E-01 -1.2486E+01 -1.1983E+00
  1.9217E+00  8.0000E+02  8.4848E+01  1.6094E+02  7.4402E-01 -1.3498E+01 -1.2369E+00
  1.5060E+00  8.4000E+02  9.2941E+01  1.6304E+02  6.9218E-01 -1.4419E+01 -1.2644E+00
  1.1075E+00  8.8000E+02  1.0112E+02  1.6502E+02  6.3910E-01 -1.5556E+01 -1.3079E+00
  7.2476E-01  9.2000E+02  1.0975E+02  1.6697E+02  5.8202E-01 -1.7471E+01 -1.4109E+00
  3.5611E-01  9.6000E+02  1.1967E+02  1.6898E+02  5.1617E-01 -2.1438E+01 -1.6674E+00
  7.2624E-04  1.0000E+03  1.3206E+02  1.7015E+02  4.3662E-01 -3.1581E+01 -2.3679E+00
