  26  6.0000000E+00
  3.2004E+01  1.0000E-03  1.0471E+00  1.0434E+02  1.0471E+00  0.0000E+00  0.0000E+00
  2.2758E+01  4.0000E+01  1.9445E+00  1.0436E+02  1.0416E+00 -9.5225E-02 -1.8577E-01
  1.7734E+01  8.0000E+01  4.9009E+00  1.0425E+02  1.0179E+00 -6.1055E-01 -6.4719E-01
  1.5134E+01  1.2000E+02  5.7650E+00  1.0434E+02  1.0059E+00 -2.9709E-01 -1.6297E-01
  1.3293E+01  1.6000E+02  6.4703E+00  1.0495E+02  9.9628E-01 -5.4706E-02 -2.1245E-02
  1.1843E+01  2.0000E+02  7.4290E+00  1.0585E+02  9.8760E-01 -3.7403E-02 -1.1444E-02
  1.0633E+01  2.4000E+02  8.5541E+00  1.0683E+02  9.7934E-01 -1.2166E-01 -3.1045E-02
  9.5906E+00  2.8000E+02  9.7701E+00  1.0787E+02  9.7125E-01 -1.6757E-01 -3.6863E-02
  8.6708E+00  3.2000E+02  1.1068E+01  1.0897E+02  9.6318E-01 -2.1047E-01 -4.0844E-02
  7.8452E+00  3.6000E+02  1.2461E+01  1.1014E+02  9.5498E-01 -2.7297E-01 -4.7547E-02
  7.0941E+00  4.0000E+02  1.3960E+01  1.1136E+02  9.4652E-01 -3.7338E-01 -5.9164E-02
  6.4037E+00  4.4000E+02  1.5567E+01  1.1261E+02  9.3772E-01 -5.1529E-01 -7.5059E-02
  5.7638E+00  4.8000E+02  1.7278E+01  1.1387E+02  9.2855E-01 -6.9885E-01 -9.4355E-02
  5.1667E+00  5.2000E+02  1.9084E+01  1.1513E+02  9.1901E-01 -9.2198E-01 -1.1614E-01
  4.6067E+00  5.6000E+02  2.0972E+01  1.1636E+02  9.0913E-01 -1.1784E+00 -1.3924E-01
  4.0790E+00  6.0000E+02  2.2934E+01  1.1755E+02  8.9889E-01 -1.4656E+00 -1.6315E-01
  3.5801E+00  6.4000E+02  2.4966E+01  1.1869E+02  8.8825E-01 -1.7860E+00 -1.8799E-01
  3.1069E+00  6.8000E+02  2.7074E+01  1.1978E+02  8.7712E-01 -2.1529E+00 -2.1496E-01
  2.6567E+00  7.2000E+02  2.9271E+01  1.2081E+02  8.6533E-01 -2.5824E+00 -2.4527E-01
  2.2274E+00  7.6000E+02  3.1585E+01  1.2179E+02  8.5265E-01 -3.1047E+00 -2.8117E-01
  1.8173E+00  8.0000E+02  3.4075E+01  1.2273E+02  8.3869E-01 -3.7876E+00 -3.2777E-01
  1.4245E+00  8.4000E+02  3.6841E+01  1.2363E+02  8.2281E-01 -4.7600E+00 -3.9442E-01
  1.0478E+00  8.8000E+02  4.0053E+01  1.2449E+02  8.0394E-01 -6.2225E+00 -4.9458E-01
  6.8583E-01  9.2000E+02  4.4045E+01  1.2538E+02  7.8007E-01 -8.5772E+00 -6.5502E-01
  3.3708E-01  9.6000E+02  4.9289E+01  1.2634E+02  7.4917E-01 -1.2284E+01 -9.0388E-01
  6.6830E-04  1.0000E+03  5.5904E+01  1.2717E+02  7.1198E-01 -1.7210E+01 -1.2215E+00
