  26  6.0000000E+00
  3.2094E+01  1.0000E-03  1.2086E+00  1.2252E+02  1.2086E+00  0.0000E+00  0.0000E+00
  2.2910E+01  4.0000E+01  2.1668E+00  1.2231E+02  1.2030E+00 -1.2733E-01 -2.4675E-01
  1.8041E+01  8.0000E+01  4.2536E+00  1.2215E+02  1.1783E+00 -4.6039E-01 -4.7293E-01
  1.5570E+01  1.2000E+02  4.8939E+00  1.2278E+02  1.1657E+00 -3.8008E-03 -1.9816E-03
  1.3782E+01  1.6000E+02  5.8599E+00  1.2401E+02  1.1549E+00  1.4352E-01  5.4129E-02
  1.2341E+01  2.0000E+02  7.2766E+00  1.2553E+02  1.1447E+00  7.4489E-02  2.2644E-02
  1.1117E+01  2.4000E+02  9.0865E+00  1.2723E+02  1.1346E+00 -9.3382E-02 -2.4127E-02
  1.0044E+01  2.8000E+02  1.1121E+01  1.2893E+02  1.1243E+00 -3.0705E-01 -6.9479E-02
  9.0883E+00  3.2000E+02  1.3273E+01  1.3064E+02  1.1134E+00 -4.6812E-01 -9.4398E-02
  8.2250E+00  3.6000E+02  1.5545E+01  1.3237E+02  1.1019E+00 -6.2388E-01 -1.1363E-01
  7.4366E+00  4.0000E+02  1.7984E+01  1.3415E+02  1.0893E+00 -8.4159E-01 -1.3999E-01
  6.7098E+00  4.4000E+02  2.0620E+01  1.3594E+02  1.0758E+00 -1.1638E+00 -1.7846E-01
  6.0348E+00  4.8000E+02  2.3436E+01  1.3768E+02  1.0615E+00 -1.5857E+00 -2.2581E-01
  5.4044E+00  5.2000E+02  2.6392E+01  1.3933E+02  1.0465E+00 -2.0781E+00 -2.7641E-01
  4.8129E+00  5.6000E+02  2.9414E+01  1.4082E+02  1.0312E+00 -2.5866E+00 -3.2277E-01
  4.2561E+00  6.0000E+02  3.2426E+01  1.4213E+02  1.0159E+00 -3.0586E+00 -3.5929E-01
  3.7306E+00  6.4000E+02  3.5374E+01  1.4325E+02  1.0006E+00 -3.4751E+00 -3.8534E-01
  3.2333E+00  6.8000E+02  3.8285E+01  1.4422E+02  9.8497E-01 -3.9007E+00 -4.0921E-01
  2.7619E+00  7.2000E+02  4.1361E+01  1.4513E+02  9.6760E-01 -4.5925E+00 -4.5680E-01
  2.3138E+00  7.6000E+02  4.5037E+01  1.4611E+02  9.4607E-01 -6.0272E+00 -5.6977E-01
  1.8867E+00  8.0000E+02  4.9817E+01  1.4723E+02  9.1794E-01 -8.5528E+00 -7.7065E-01
  1.4785E+00  8.4000E+02  5.5949E+01  1.4849E+02  8.8205E-01 -1.1944E+01 -1.0289E+00
  1.0872E+00  8.8000E+02  6.3551E+01  1.4982E+02  8.3720E-01 -1.6041E+01 -1.3242E+00
  7.1148E-01  9.2000E+02  7.2802E+01  1.5125E+02  7.8119E-01 -2.0809E+01 -1.6495E+00
  3.4963E-01  9.6000E+02  8.3677E+01  1.5276E+02  7.1383E-01 -2.5867E+01 -1.9748E+00
  7.1557E-04  1.0000E+03  9.5994E+01  1.5354E+02  6.3795E-01 -3.3072E+01 -2.4346E+00
