  26  6.0000000E+00
  3.2043E+01  1.0000E-03  1.1389E+00  1.1372E+02  1.1389E+00  0.0000E+00  0.0000E+00
  2.2845E+01  4.0000E+01  2.0404E+00  1.1366E+02  1.1334E+00 -1.0409E-01 -2.0201E-01
  1.7901E+01  8.0000E+01  4.5639E+00  1.1350E+02  1.1090E+00 -5.4228E-01 -5.6571E-01
  1.5364E+01  1.2000E+02  5.3074E+00  1.1390E+02  1.0966E+00 -1.3881E-01 -7.4286E-02
  1.3550E+01  1.6000E+02  6.1625E+00  1.1484E+02  1.0863E+00  4.7097E-02  1.8028E-02
  1.2102E+01  2.0000E+02  7.3776E+00  1.1606E+02  1.0768E+00  5.4785E-03  1.6728E-03
  1.0884E+01  2.4000E+02  8.8360E+00  1.1738E+02  1.0676E+00 -1.1616E-01 -2.9860E-02
  9.8256E+00  2.8000E+02  1.0447E+01  1.1875E+02  1.0584E+00 -2.2444E-01 -5.0118E-02
  8.8866E+00  3.2000E+02  1.2168E+01  1.2016E+02  1.0490E+00 -3.3527E-01 -6.6417E-02
  8.0407E+00  3.6000E+02  1.3989E+01  1.2159E+02  1.0394E+00 -4.5620E-01 -8.1418E-02
  7.2694E+00  4.0000E+02  1.5920E+01  1.2305E+02  1.0292E+00 -6.1190E-01 -9.9570E-02
  6.5595E+00  4.4000E+02  1.7969E+01  1.2452E+02  1.0186E+00 -8.2110E-01 -1.2299E-01
  5.9010E+00  4.8000E+02  2.0129E+01  1.2596E+02  1.0074E+00 -1.0881E+00 -1.5116E-01
  5.2865E+00  5.2000E+02  2.2376E+01  1.2735E+02  9.9586E-01 -1.3965E+00 -1.8105E-01
  4.7103E+00  5.6000E+02  2.4670E+01  1.2865E+02  9.8410E-01 -1.7180E+00 -2.0884E-01
  4.1680E+00  6.0000E+02  2.6981E+01  1.2986E+02  9.7222E-01 -2.0350E+00 -2.3285E-01
  3.6558E+00  6.4000E+02  2.9299E+01  1.3097E+02  9.6021E-01 -2.3510E+00 -2.5407E-01
  3.1706E+00  6.8000E+02  3.1645E+01  1.3201E+02  9.4782E-01 -2.7030E+00 -2.7669E-01
  2.7098E+00  7.2000E+02  3.4086E+01  1.3299E+02  9.3454E-01 -3.1726E+00 -3.0845E-01
  2.2710E+00  7.6000E+02  3.6754E+01  1.3394E+02  9.1947E-01 -3.9021E+00 -3.6121E-01
  1.8523E+00  8.0000E+02  3.9867E+01  1.3491E+02  9.0132E-01 -5.1121E+00 -4.5162E-01
  1.4517E+00  8.4000E+02  4.3717E+01  1.3593E+02  8.7860E-01 -7.0705E+00 -5.9757E-01
  1.0676E+00  8.8000E+02  4.8586E+01  1.3698E+02  8.4971E-01 -9.9426E+00 -8.0564E-01
  6.9875E-01  9.2000E+02  5.4839E+01  1.3810E+02  8.1229E-01 -1.3920E+01 -1.0834E+00
  3.4341E-01  9.6000E+02  6.2844E+01  1.3933E+02  7.6457E-01 -1.9060E+01 -1.4289E+00
  7.0245E-04  1.0000E+03  7.2383E+01  1.4026E+02  7.0925E-01 -2.5130E+01 -1.8170E+00
