  26  6.0000000E+00
  3.1768E+01  1.0000E-03  7.3318E-01  8.9515E+01  7.3318E-01  0.0000E+00  0.0000E+00
  2.2448E+01  4.0000E+01  1.6782E+00  8.9656E+01  7.2819E-01 -8.6174E-02 -1.6946E-01
  1.7301E+01  8.0000E+01  5.4574E+00  8.9581E+01  7.0830E-01 -7.4897E-01 -8.1329E-01
  1.4584E+01  1.2000E+02  6.7552E+00  8.9243E+01  6.9847E-01 -6.0196E-01 -3.4514E-01
  1.2678E+01  1.6000E+02  7.3420E+00  8.9008E+01  6.9083E-01 -4.3124E-01 -1.7339E-01
  1.1223E+01  2.0000E+02  7.6072E+00  8.8963E+01  6.8440E-01 -2.1294E-01 -6.5379E-02
  1.0047E+01  2.4000E+02  7.8283E+00  8.9191E+01  6.7863E-01  5.9461E-03  1.4749E-03
  9.0556E+00  2.8000E+02  8.1414E+00  8.9662E+01  6.7320E-01  1.5955E-01  3.3369E-02
  8.1919E+00  3.2000E+02  8.6412E+00  9.0364E+01  6.6789E-01  2.3346E-01  4.2540E-02
  7.4209E+00  3.6000E+02  9.3458E+00  9.1224E+01  6.6254E-01  2.0240E-01  3.2924E-02
  6.7205E+00  4.0000E+02  1.0228E+01  9.2189E+01  6.5705E-01  1.1743E-01  1.7351E-02
  6.0765E+00  4.4000E+02  1.1258E+01  9.3224E+01  6.5137E-01  8.1553E-03  1.1081E-03
  5.4788E+00  4.8000E+02  1.2414E+01  9.4311E+01  6.4543E-01 -1.1636E-01 -1.4673E-02
  4.9200E+00  5.2000E+02  1.3688E+01  9.5438E+01  6.3918E-01 -2.6267E-01 -3.0963E-02
  4.3947E+00  5.6000E+02  1.5078E+01  9.6594E+01  6.3257E-01 -4.4513E-01 -4.9336E-02
  3.8984E+00  6.0000E+02  1.6582E+01  9.7764E+01  6.2553E-01 -6.7203E-01 -7.0373E-02
  3.4276E+00  6.4000E+02  1.8200E+01  9.8935E+01  6.1800E-01 -9.4921E-01 -9.4285E-02
  2.9795E+00  6.8000E+02  1.9933E+01  1.0009E+02  6.0990E-01 -1.2857E+00 -1.2154E-01
  2.5519E+00  7.2000E+02  2.1790E+01  1.0122E+02  6.0115E-01 -1.6955E+00 -1.5297E-01
  2.1428E+00  7.6000E+02  2.3780E+01  1.0231E+02  5.9164E-01 -2.1996E+00 -1.8985E-01
  1.7506E+00  8.0000E+02  2.5918E+01  1.0335E+02  5.8121E-01 -2.8164E+00 -2.3301E-01
  1.3741E+00  8.4000E+02  2.8226E+01  1.0432E+02  5.6966E-01 -3.5546E+00 -2.8236E-01
  1.0121E+00  8.8000E+02  3.0760E+01  1.0524E+02  5.5673E-01 -4.4636E+00 -3.4096E-01
  6.6322E-01  9.2000E+02  3.3604E+01  1.0611E+02  5.4230E-01 -5.6570E+00 -4.1635E-01
  3.2624E-01  9.6000E+02  3.6840E+01  1.0686E+02  5.2636E-01 -7.3535E+00 -5.2282E-01
  4.6107E-04  1.0000E+03  4.0523E+01  1.0709E+02  5.0907E-01 -1.0625E+01 -7.3025E-01
