  26  6.0000000E+00
  3.2030E+01  1.0000E-03  1.1180E+00  1.1137E+02  1.1180E+00  0.0000E+00  0.0000E+00
  2.2823E+01  4.0000E+01  2.0086E+00  1.1135E+02  1.1124E+00 -9.9095E-02 -1.9249E-01
  1.7860E+01  8.0000E+01  4.6403E+00  1.1119E+02  1.0882E+00 -5.6217E-01 -5.8868E-01
  1.5308E+01  1.2000E+02  5.4074E+00  1.1152E+02  1.0759E+00 -1.7304E-01 -9.3147E-02
  1.3488E+01  1.6000E+02  6.2322E+00  1.1239E+02  1.0658E+00  2.2745E-02  8.7356E-03
  1.2040E+01  2.0000E+02  7.3895E+00  1.1353E+02  1.0565E+00 -9.3280E-03 -2.8503E-03
  1.0823E+01  2.4000E+02  8.7631E+00  1.1476E+02  1.0475E+00 -1.1870E-01 -3.0464E-02
  9.7685E+00  2.8000E+02  1.0275E+01  1.1605E+02  1.0386E+00 -2.0867E-01 -4.6431E-02
  8.8340E+00  3.2000E+02  1.1891E+01  1.1738E+02  1.0296E+00 -3.0590E-01 -6.0309E-02
  7.9929E+00  3.6000E+02  1.3604E+01  1.1875E+02  1.0203E+00 -4.1442E-01 -7.3548E-02
  7.2264E+00  4.0000E+02  1.5420E+01  1.2014E+02  1.0106E+00 -5.5466E-01 -8.9700E-02
  6.5211E+00  4.4000E+02  1.7345E+01  1.2154E+02  1.0005E+00 -7.4127E-01 -1.1030E-01
  5.8671E+00  4.8000E+02  1.9373E+01  1.2293E+02  9.8992E-01 -9.7836E-01 -1.3500E-01
  5.2569E+00  5.2000E+02  2.1485E+01  1.2427E+02  9.7901E-01 -1.2555E+00 -1.6164E-01
  4.6847E+00  5.6000E+02  2.3652E+01  1.2555E+02  9.6788E-01 -1.5506E+00 -1.8717E-01
  4.1460E+00  6.0000E+02  2.5852E+01  1.2675E+02  9.5658E-01 -1.8543E+00 -2.1074E-01
  3.6371E+00  6.4000E+02  2.8080E+01  1.2788E+02  9.4505E-01 -2.1733E+00 -2.3335E-01
  3.1549E+00  6.8000E+02  3.0354E+01  1.2893E+02  9.3310E-01 -2.5337E+00 -2.5779E-01
  2.6967E+00  7.2000E+02  3.2718E+01  1.2992E+02  9.2035E-01 -2.9893E+00 -2.8899E-01
  2.2602E+00  7.6000E+02  3.5258E+01  1.3088E+02  9.0617E-01 -3.6292E+00 -3.3419E-01
  1.8435E+00  8.0000E+02  3.8122E+01  1.3182E+02  8.8966E-01 -4.6046E+00 -4.0479E-01
  1.4449E+00  8.4000E+02  4.1535E+01  1.3278E+02  8.6962E-01 -6.1546E+00 -5.1767E-01
  1.0626E+00  8.8000E+02  4.5770E+01  1.3376E+02  8.4447E-01 -8.5287E+00 -6.8780E-01
  6.9547E-01  9.2000E+02  5.1248E+01  1.3479E+02  8.1168E-01 -1.2099E+01 -9.3722E-01
  3.4180E-01  9.6000E+02  5.8439E+01  1.3594E+02  7.6901E-01 -1.7092E+01 -1.2754E+00
  6.9652E-04  1.0000E+03  6.7218E+01  1.3686E+02  7.1864E-01 -2.3041E+01 -1.6582E+00
