  26  6.0000000E+00
  3.1962E+01  1.0000E-03  8.7178E-01  9.3423E+01  8.7177E-01  0.0000E+00  0.0000E+00
  2.2621E+01  4.0000E+01  1.8113E+00  9.3553E+01  8.6647E-01 -8.6711E-02 -1.7089E-01
  1.7487E+01  8.0000E+01  5.4327E+00  9.3414E+01  8.4453E-01 -7.3227E-01 -7.9327E-01
  1.4796E+01  1.2000E+02  6.5319E+00  9.3148E+01  8.3360E-01 -5.0738E-01 -2.8807E-01
  1.2908E+01  1.6000E+02  7.1231E+00  9.3223E+01  8.2507E-01 -2.7362E-01 -1.0896E-01
  1.1452E+01  2.0000E+02  7.6463E+00  9.3532E+01  8.1769E-01 -1.4681E-01 -4.5106E-02
  1.0260E+01  2.4000E+02  8.1957E+00  9.4011E+01  8.1092E-01 -5.9592E-02 -1.4982E-02
  9.2468E+00  2.8000E+02  8.8251E+00  9.4654E+01  8.0446E-01  1.3998E-02  2.9933E-03
  8.3601E+00  3.2000E+02  9.5825E+00  9.5452E+01  7.9811E-01  4.5959E-02  8.5977E-03
  7.5676E+00  3.6000E+02  1.0491E+01  9.6376E+01  7.9172E-01  1.8430E-02  3.0815E-03
  6.8479E+00  4.0000E+02  1.1546E+01  9.7387E+01  7.8518E-01 -6.0434E-02 -9.1762E-03
  6.1867E+00  4.4000E+02  1.2730E+01  9.8457E+01  7.7840E-01 -1.7124E-01 -2.3890E-02
  5.5737E+00  4.8000E+02  1.4029E+01  9.9569E+01  7.7130E-01 -3.0608E-01 -3.9585E-02
  5.0014E+00  5.2000E+02  1.5438E+01  1.0071E+02  7.6381E-01 -4.6869E-01 -5.6591E-02
  4.4640E+00  5.6000E+02  1.6958E+01  1.0187E+02  7.5587E-01 -6.6916E-01 -7.5867E-02
  3.9570E+00  6.0000E+02  1.8590E+01  1.0304E+02  7.4743E-01 -9.1803E-01 -9.8202E-02
  3.4767E+00  6.4000E+02  2.0336E+01  1.0420E+02  7.3842E-01 -1.2227E+00 -1.2390E-01
  3.0202E+00  6.8000E+02  2.2200E+01  1.0533E+02  7.2878E-01 -1.5905E+00 -1.5318E-01
  2.5851E+00  7.2000E+02  2.4188E+01  1.0644E+02  7.1843E-01 -2.0344E+00 -1.8676E-01
  2.1693E+00  7.6000E+02  2.6309E+01  1.0749E+02  7.0728E-01 -2.5681E+00 -2.2526E-01
  1.7713E+00  8.0000E+02  2.8585E+01  1.0848E+02  6.9507E-01 -3.2298E+00 -2.7125E-01
  1.3895E+00  8.4000E+02  3.1054E+01  1.0940E+02  6.8143E-01 -4.0505E+00 -3.2622E-01
  1.0229E+00  8.8000E+02  3.3795E+01  1.1029E+02  6.6594E-01 -5.0660E+00 -3.9185E-01
  6.7009E-01  9.2000E+02  3.6935E+01  1.1116E+02  6.4827E-01 -6.4207E+00 -4.7794E-01
  3.2954E-01  9.6000E+02  4.0587E+01  1.1197E+02  6.2844E-01 -8.3580E+00 -6.0052E-01
  5.1209E-04  1.0000E+03  4.4771E+01  1.1233E+02  6.0693E-01 -1.1605E+01 -8.0563E-01
