  26  6.0000000E+00
  3.2100E+01  1.0000E-03  1.2548E+00  1.2666E+02  1.2548E+00  0.0000E+00  0.0000E+00
  2.2939E+01  4.0000E+01  2.2219E+00  1.2640E+02  1.2491E+00 -1.3343E-01 -2.5790E-01
  1.8113E+01  8.0000E+01  4.1277E+00  1.2623E+02  1.2241E+00 -4.3058E-01 -4.3842E-01
  1.5680E+01  1.2000E+02  4.6779E+00  1.2695E+02  1.2113E+00  7.0380E-02  3.6116E-02
  1.3913E+01  1.6000E+02  5.6729E+00  1.2835E+02  1.2002E+00  2.2655E-01  8.4461E-02
  1.2477E+01  2.0000E+02  7.2379E+00  1.3009E+02  1.1896E+00  1.2183E-01  3.6912E-02
  1.1248E+01  2.4000E+02  9.2852E+00  1.3202E+02  1.1788E+00 -9.6966E-02 -2.5140E-02
  1.0167E+01  2.8000E+02  1.1618E+01  1.3395E+02  1.1677E+00 -3.7254E-01 -8.4999E-02
  9.2000E+00  3.2000E+02  1.4111E+01  1.3585E+02  1.1558E+00 -6.1387E-01 -1.2524E-01
  8.3248E+00  3.6000E+02  1.6744E+01  1.3772E+02  1.1428E+00 -8.6484E-01 -1.5968E-01
  7.5251E+00  4.0000E+02  1.9558E+01  1.3959E+02  1.1283E+00 -1.1798E+00 -1.9907E-01
  6.7883E+00  4.4000E+02  2.2592E+01  1.4145E+02  1.1122E+00 -1.6013E+00 -2.4892E-01
  6.1050E+00  4.8000E+02  2.5885E+01  1.4327E+02  1.0943E+00 -2.1518E+00 -3.1023E-01
  5.4678E+00  5.2000E+02  2.9501E+01  1.4506E+02  1.0741E+00 -2.8604E+00 -3.8455E-01
  4.8708E+00  5.6000E+02  3.3524E+01  1.4683E+02  1.0512E+00 -3.7700E+00 -4.7485E-01
  4.3092E+00  6.0000E+02  3.8031E+01  1.4858E+02  1.0254E+00 -4.9083E+00 -5.8153E-01
  3.7791E+00  6.4000E+02  4.3090E+01  1.5031E+02  9.9636E-01 -6.2808E+00 -7.0243E-01
  3.2772E+00  6.8000E+02  4.8783E+01  1.5204E+02  9.6349E-01 -7.9112E+00 -8.3773E-01
  2.8007E+00  7.2000E+02  5.5218E+01  1.5378E+02  9.2613E-01 -9.8389E+00 -9.8923E-01
  2.3469E+00  7.6000E+02  6.2426E+01  1.5556E+02  8.8392E-01 -1.1971E+01 -1.1459E+00
  1.9139E+00  8.0000E+02  7.0237E+01  1.5732E+02  8.3758E-01 -1.3970E+01 -1.2763E+00
  1.4996E+00  8.4000E+02  7.8410E+01  1.5900E+02  7.8815E-01 -1.5685E+01 -1.3709E+00
  1.1026E+00  8.8000E+02  8.7080E+01  1.6060E+02  7.3410E-01 -1.7806E+01 -1.4915E+00
  7.2146E-01  9.2000E+02  9.6689E+01  1.6226E+02  6.7202E-01 -2.0862E+01 -1.6776E+00
  3.5446E-01  9.6000E+02  1.0760E+02  1.6393E+02  6.0018E-01 -2.5169E+01 -1.9489E+00
  7.0863E-04  1.0000E+03  1.2063E+02  1.6456E+02  5.1476E-01 -3.5071E+01 -2.6175E+00
