  26  6.0000000E+00
  3.1900E+01  1.0000E-03  8.0444E-01  9.1090E+01  8.0444E-01  0.0000E+00  0.0000E+00
  2.2551E+01  4.0000E+01  1.7564E+00  9.1232E+01  7.9926E-01 -8.6585E-02 -1.7078E-01
  1.7400E+01  8.0000E+01  5.5051E+00  9.1107E+01  7.7825E-01 -7.5203E-01 -8.1729E-01
  1.4692E+01  1.2000E+02  6.6961E+00  9.0781E+01  7.6782E-01 -5.6018E-01 -3.2010E-01
  1.2793E+01  1.6000E+02  7.2750E+00  9.0700E+01  7.5972E-01 -3.4762E-01 -1.3921E-01
  1.1336E+01  2.0000E+02  7.6768E+00  9.0839E+01  7.5280E-01 -1.8059E-01 -5.5525E-02
  1.0151E+01  2.4000E+02  8.0724E+00  9.1184E+01  7.4651E-01 -4.2669E-02 -1.0671E-02
  9.1471E+00  2.8000E+02  8.5348E+00  9.1718E+01  7.4056E-01  7.1619E-02  1.5166E-02
  8.2712E+00  3.2000E+02  9.1496E+00  9.2450E+01  7.3473E-01  1.3422E-01  2.4803E-02
  7.4892E+00  3.6000E+02  9.9374E+00  9.3323E+01  7.2888E-01  1.0906E-01  1.7993E-02
  6.7794E+00  4.0000E+02  1.0886E+01  9.4297E+01  7.2289E-01  3.5926E-02  5.3804E-03
  6.1271E+00  4.4000E+02  1.1974E+01  9.5340E+01  7.1668E-01 -7.0165E-02 -9.6562E-03
  5.5221E+00  4.8000E+02  1.3187E+01  9.6432E+01  7.1019E-01 -1.9924E-01 -2.5429E-02
  4.9571E+00  5.2000E+02  1.4516E+01  9.7561E+01  7.0334E-01 -3.5409E-01 -4.2215E-02
  4.4261E+00  5.6000E+02  1.5961E+01  9.8716E+01  6.9607E-01 -5.4628E-01 -6.1193E-02
  3.9248E+00  6.0000E+02  1.7521E+01  9.9882E+01  6.8831E-01 -7.8560E-01 -8.3085E-02
  3.4497E+00  6.4000E+02  1.9197E+01  1.0105E+02  6.8000E-01 -1.0792E+00 -1.0819E-01
  2.9977E+00  6.8000E+02  2.0993E+01  1.0219E+02  6.7108E-01 -1.4357E+00 -1.3690E-01
  2.5667E+00  7.2000E+02  2.2916E+01  1.0331E+02  6.6145E-01 -1.8695E+00 -1.7002E-01
  2.1545E+00  7.6000E+02  2.4978E+01  1.0438E+02  6.5099E-01 -2.4039E+00 -2.0902E-01
  1.7597E+00  8.0000E+02  2.7193E+01  1.0539E+02  6.3953E-01 -3.0495E+00 -2.5401E-01
  1.3809E+00  8.4000E+02  2.9589E+01  1.0634E+02  6.2679E-01 -3.8312E+00 -3.0621E-01
  1.0168E+00  8.8000E+02  3.2229E+01  1.0724E+02  6.1250E-01 -4.7826E+00 -3.6736E-01
  6.6623E-01  9.2000E+02  3.5209E+01  1.0810E+02  5.9650E-01 -6.0301E+00 -4.4603E-01
  3.2768E-01  9.6000E+02  3.8613E+01  1.0886E+02  5.7884E-01 -7.7975E+00 -5.5696E-01
  4.8098E-04  1.0000E+03  4.2468E+01  1.0911E+02  5.5986E-01 -1.1048E+01 -7.6264E-01
