  26  6.0000000E+00
  3.0100E+01  1.0000E-03  2.4390E-01  8.6038E+01  2.4390E-01  0.0000E+00  0.0000E+00
  2.1388E+01  4.0000E+01  8.9387E-01  8.6048E+01  2.4098E-01 -7.3419E-02 -1.3496E-01
  1.6598E+01  8.0000E+01  3.3175E+00  8.6170E+01  2.3180E-01 -4.8073E-01 -4.8579E-01
  1.4059E+01  1.2000E+02  4.3906E+00  8.6166E+01  2.2755E-01 -4.2419E-01 -2.2720E-01
  1.2262E+01  1.6000E+02  4.8986E+00  8.6053E+01  2.2413E-01 -3.4545E-01 -1.3097E-01
  1.0892E+01  2.0000E+02  5.0995E+00  8.6149E+01  2.2113E-01 -7.6333E-02 -2.2070E-02
  9.7818E+00  2.4000E+02  5.3355E+00  8.6547E+01  2.1834E-01  1.4570E-01  3.4130E-02
  8.8378E+00  2.8000E+02  5.7415E+00  8.7167E+01  2.1560E-01  2.2659E-01  4.5128E-02
  8.0085E+00  3.2000E+02  6.3347E+00  8.7936E+01  2.1283E-01  2.1245E-01  3.7169E-02
  7.2643E+00  3.6000E+02  7.0727E+00  8.8790E+01  2.1001E-01  1.5598E-01  2.4493E-02
  6.5866E+00  4.0000E+02  7.9141E+00  8.9707E+01  2.0713E-01  1.1113E-01  1.5888E-02
  5.9629E+00  4.4000E+02  8.8421E+00  9.0691E+01  2.0418E-01  8.9692E-02  1.1801E-02
  5.3838E+00  4.8000E+02  9.8770E+00  9.1763E+01  2.0114E-01  6.3428E-02  7.7502E-03
  4.8415E+00  5.2000E+02  1.1051E+01  9.2921E+01  1.9798E-01 -2.8056E-02 -3.2099E-03
  4.3303E+00  5.6000E+02  1.2366E+01  9.4134E+01  1.9467E-01 -1.9921E-01 -2.1487E-02
  3.8459E+00  6.0000E+02  1.3805E+01  9.5371E+01  1.9117E-01 -4.1821E-01 -4.2740E-02
  3.3852E+00  6.4000E+02  1.5355E+01  9.6612E+01  1.8745E-01 -6.7067E-01 -6.5187E-02
  2.9457E+00  6.8000E+02  1.7008E+01  9.7843E+01  1.8347E-01 -9.6173E-01 -8.9174E-02
  2.5254E+00  7.2000E+02  1.8767E+01  9.9053E+01  1.7919E-01 -1.3034E+00 -1.1559E-01
  2.1225E+00  7.6000E+02  2.0636E+01  1.0023E+02  1.7457E-01 -1.7121E+00 -1.4553E-01
  1.7356E+00  8.0000E+02  2.2629E+01  1.0137E+02  1.6954E-01 -2.2094E+00 -1.8035E-01
  1.3634E+00  8.4000E+02  2.4762E+01  1.0245E+02  1.6404E-01 -2.8198E+00 -2.2142E-01
  1.0049E+00  8.8000E+02  2.7057E+01  1.0347E+02  1.5800E-01 -3.5586E+00 -2.6921E-01
  6.5889E-01  9.2000E+02  2.9606E+01  1.0444E+02  1.5106E-01 -4.5838E+00 -3.3459E-01
  3.2429E-01  9.6000E+02  3.2603E+01  1.0534E+02  1.4284E-01 -6.2652E+00 -4.4229E-01
  4.1954E-04  1.0000E+03  3.6145E+01  1.0588E+02  1.3361E-01 -9.2612E+00 -6.3282E-01
