  26  6.0000000E+00
  3.2102E+01  1.0000E-03  1.2455E+00  1.2676E+02  1.2455E+00  0.0000E+00  0.0000E+00
  2.2934E+01  4.0000E+01  2.2165E+00  1.2650E+02  1.2398E+00 -1.3412E-01 -2.5945E-01
  1.8102E+01  8.0000E+01  4.1358E+00  1.2634E+02  1.2149E+00 -4.3123E-01 -4.3963E-01
  1.5664E+01  1.2000E+02  4.7021E+00  1.2705E+02  1.2022E+00  6.0392E-02  3.1058E-02
  1.3894E+01  1.6000E+02  5.6933E+00  1.2842E+02  1.1912E+00  2.1375E-01  7.9839E-02
  1.2457E+01  2.0000E+02  7.2339E+00  1.3013E+02  1.1806E+00  1.1851E-01  3.5925E-02
  1.1229E+01  2.4000E+02  9.2490E+00  1.3203E+02  1.1700E+00 -9.3682E-02 -2.4278E-02
  1.0148E+01  2.8000E+02  1.1538E+01  1.3393E+02  1.1591E+00 -3.6374E-01 -8.2911E-02
  9.1827E+00  3.2000E+02  1.3970E+01  1.3579E+02  1.1475E+00 -5.8953E-01 -1.2010E-01
  8.3093E+00  3.6000E+02  1.6522E+01  1.3763E+02  1.1349E+00 -8.1220E-01 -1.4967E-01
  7.5114E+00  4.0000E+02  1.9233E+01  1.3948E+02  1.1211E+00 -1.0836E+00 -1.8242E-01
  6.7763E+00  4.4000E+02  2.2137E+01  1.4132E+02  1.1059E+00 -1.4495E+00 -2.2481E-01
  6.0943E+00  4.8000E+02  2.5250E+01  1.4312E+02  1.0894E+00 -1.9228E+00 -2.7667E-01
  5.4580E+00  5.2000E+02  2.8580E+01  1.4485E+02  1.0716E+00 -2.5034E+00 -3.3606E-01
  4.8616E+00  5.6000E+02  3.2131E+01  1.4651E+02  1.0524E+00 -3.1850E+00 -4.0077E-01
  4.3004E+00  6.0000E+02  3.5896E+01  1.4805E+02  1.0319E+00 -3.9610E+00 -4.6898E-01
  3.7706E+00  6.4000E+02  3.9906E+01  1.4948E+02  1.0098E+00 -4.8634E+00 -5.4357E-01
  3.2692E+00  6.8000E+02  4.4302E+01  1.5085E+02  9.8504E-01 -6.0439E+00 -6.3939E-01
  2.7934E+00  7.2000E+02  4.9411E+01  1.5224E+02  9.5584E-01 -7.8100E+00 -7.8403E-01
  2.3406E+00  7.6000E+02  5.5570E+01  1.5373E+02  9.2043E-01 -1.0306E+01 -9.8448E-01
  1.9086E+00  8.0000E+02  6.2739E+01  1.5528E+02  8.7899E-01 -1.3005E+01 -1.1854E+00
  1.4954E+00  8.4000E+02  7.0555E+01  1.5678E+02  8.3322E-01 -1.5303E+01 -1.3342E+00
  1.0994E+00  8.8000E+02  7.9094E+01  1.5819E+02  7.8158E-01 -1.8003E+01 -1.5041E+00
  7.1936E-01  9.2000E+02  8.9088E+01  1.5973E+02  7.1846E-01 -2.2225E+01 -1.7818E+00
  3.5349E-01  9.6000E+02  1.0080E+02  1.6144E+02  6.4252E-01 -2.7359E+01 -2.1119E+00
  7.3286E-04  1.0000E+03  1.1401E+02  1.6198E+02  5.5789E-01 -3.5895E+01 -2.6715E+00
