  26  6.0000000E+00
  3.2086E+01  1.0000E-03  1.2734E+00  1.2456E+02  1.2734E+00  0.0000E+00  0.0000E+00
  2.2946E+01  4.0000E+01  2.2237E+00  1.2432E+02  1.2677E+00 -1.2949E-01 -2.4970E-01
  1.8130E+01  8.0000E+01  4.1312E+00  1.2413E+02  1.2425E+00 -4.3528E-01 -4.4235E-01
  1.5704E+01  1.2000E+02  4.6531E+00  1.2485E+02  1.2296E+00  8.0266E-02  4.1070E-02
  1.3944E+01  1.6000E+02  5.6378E+00  1.2628E+02  1.2184E+00  2.5067E-01  9.3115E-02
  1.2510E+01  2.0000E+02  7.2425E+00  1.2807E+02  1.2075E+00  1.3319E-01  4.0301E-02
  1.1280E+01  2.4000E+02  9.3690E+00  1.3006E+02  1.1965E+00 -1.1409E-01 -2.9606E-02
  1.0196E+01  2.8000E+02  1.1819E+01  1.3205E+02  1.1846E+00 -4.1870E-01 -9.5751E-02
  9.2257E+00  3.2000E+02  1.4492E+01  1.3404E+02  1.1712E+00 -7.0523E-01 -1.4434E-01
  8.3474E+00  3.6000E+02  1.7430E+01  1.3606E+02  1.1556E+00 -1.0525E+00 -1.9502E-01
  7.5447E+00  4.0000E+02  2.0739E+01  1.3812E+02  1.1368E+00 -1.5503E+00 -2.6253E-01
  6.8056E+00  4.4000E+02  2.4508E+01  1.4023E+02  1.1145E+00 -2.2420E+00 -3.4964E-01
  6.1204E+00  4.8000E+02  2.8847E+01  1.4240E+02  1.0882E+00 -3.1671E+00 -4.5781E-01
  5.4819E+00  5.2000E+02  3.3844E+01  1.4463E+02  1.0577E+00 -4.3290E+00 -5.8318E-01
  4.8840E+00  5.6000E+02  3.9531E+01  1.4692E+02  1.0230E+00 -5.6819E+00 -7.1679E-01
  4.3217E+00  6.0000E+02  4.5881E+01  1.4926E+02  9.8428E-01 -7.1417E+00 -8.4724E-01
  3.7909E+00  6.4000E+02  5.2810E+01  1.5162E+02  9.4210E-01 -8.6128E+00 -9.6445E-01
  3.2882E+00  6.8000E+02  6.0202E+01  1.5397E+02  8.9696E-01 -1.0014E+01 -1.0620E+00
  2.8107E+00  7.2000E+02  6.7929E+01  1.5631E+02  8.4947E-01 -1.1293E+01 -1.1377E+00
  2.3559E+00  7.6000E+02  7.5856E+01  1.5858E+02  8.0030E-01 -1.2431E+01 -1.1930E+00
  1.9215E+00  8.0000E+02  8.3862E+01  1.6075E+02  7.5015E-01 -1.3441E+01 -1.2318E+00
  1.5058E+00  8.4000E+02  9.1863E+01  1.6276E+02  6.9949E-01 -1.4402E+01 -1.2631E+00
  1.1072E+00  8.8000E+02  9.9933E+01  1.6461E+02  6.4767E-01 -1.5607E+01 -1.3125E+00
  7.2436E-01  9.2000E+02  1.0849E+02  1.6639E+02  5.9142E-01 -1.7722E+01 -1.4313E+00
  3.5582E-01  9.6000E+02  1.1843E+02  1.6821E+02  5.2513E-01 -2.2013E+01 -1.7116E+00
  7.3912E-04  1.0000E+03  1.3085E+02  1.6933E+02  4.4364E-01 -3.1827E+01 -2.3843E+00
