  26  3.9900000E+00
  3.2006E+01  1.0000E-03  8.9037E+00  3.2909E+01  8.9037E+00  0.0000E+00  0.0000E+00
  2.2758E+01  4.0000E+01  8.4045E+00  3.2917E+01  8.3922E+00  5.4866E-02  1.0706E-01
  1.7733E+01  8.0000E+01  7.8070E+00  3.3004E+01  7.7316E+00  1.3608E-01  1.4424E-01
  1.5134E+01  1.2000E+02  7.6710E+00  3.3119E+01  7.5464E+00  9.6871E-02  5.3119E-02
  1.3294E+01  1.6000E+02  7.5828E+00  3.3289E+01  7.4051E+00  1.4004E-01  5.4373E-02
  1.1844E+01  2.0000E+02  7.5322E+00  3.3501E+01  7.2818E+00  1.8145E-01  5.5517E-02
  1.0634E+01  2.4000E+02  7.5166E+00  3.3746E+01  7.1684E+00  2.1497E-01  5.4851E-02
  9.5919E+00  2.8000E+02  7.5345E+00  3.4019E+01  7.0620E+00  2.4464E-01  5.3813E-02
  8.6720E+00  3.2000E+02  7.5870E+00  3.4317E+01  6.9613E+00  2.6697E-01  5.1812E-02
  7.8462E+00  3.6000E+02  7.6765E+00  3.4636E+01  6.8654E+00  2.7843E-01  4.8508E-02
  7.0950E+00  4.0000E+02  7.8052E+00  3.4972E+01  6.7733E+00  2.7558E-01  4.3678E-02
  6.4044E+00  4.4000E+02  7.9754E+00  3.5319E+01  6.6842E+00  2.5633E-01  3.7348E-02
  5.7643E+00  4.8000E+02  8.1882E+00  3.5673E+01  6.5975E+00  2.1952E-01  2.9646E-02
  5.1671E+00  5.2000E+02  8.4438E+00  3.6027E+01  6.5127E+00  1.6517E-01  2.0810E-02
  4.6070E+00  5.6000E+02  8.7415E+00  3.6377E+01  6.4294E+00  9.4526E-02  1.1170E-02
  4.0793E+00  6.0000E+02  9.0797E+00  3.6720E+01  6.3475E+00  8.9316E-03  9.9432E-04
  3.5804E+00  6.4000E+02  9.4566E+00  3.7052E+01  6.2668E+00 -9.0445E-02 -9.5208E-03
  3.1071E+00  6.8000E+02  9.8698E+00  3.7370E+01  6.1872E+00 -2.0222E-01 -2.0193E-02
  2.6569E+00  7.2000E+02  1.0316E+01  3.7670E+01  6.1087E+00 -3.2449E-01 -3.0821E-02
  2.2276E+00  7.6000E+02  1.0794E+01  3.7952E+01  6.0311E+00 -4.5504E-01 -4.1213E-02
  1.8174E+00  8.0000E+02  1.1298E+01  3.8214E+01  5.9546E+00 -5.9306E-01 -5.1328E-02
  1.4246E+00  8.4000E+02  1.1828E+01  3.8453E+01  5.8790E+00 -7.3906E-01 -6.1246E-02
  1.0478E+00  8.8000E+02  1.2380E+01  3.8671E+01  5.8044E+00 -8.8708E-01 -7.0514E-02
  6.8586E-01  9.2000E+02  1.2952E+01  3.8870E+01  5.7308E+00 -1.0298E+00 -7.8649E-02
  3.3709E-01  9.6000E+02  1.3564E+01  3.9051E+01  5.6581E+00 -1.2347E+00 -9.0856E-02
  6.6961E-04  1.0000E+03  1.4258E+01  3.9184E+01  5.5865E+00 -1.6687E+00 -1.1844E-01
