  26  8.5995000E+01
  3.1567E+01  1.0000E-03  1.5191E-01  1.4357E+02  1.5191E-01  0.0000E+00  0.0000E+00
  2.2304E+01  4.0000E+01  2.5151E+00  1.4387E+02  1.4323E-01 -2.2262E-01 -4.3508E-01
  1.7185E+01  8.0000E+01  1.0572E+01  1.4370E+02  1.1732E-01 -1.6057E+00 -1.7341E+00
  1.4477E+01  1.2000E+02  1.2984E+01  1.4291E+02  1.0860E-01 -1.1832E+00 -6.7611E-01
  1.2576E+01  1.6000E+02  1.3806E+01  1.4204E+02  1.0367E-01 -8.8879E-01 -3.5634E-01
  1.1131E+01  2.0000E+02  1.3852E+01  1.4144E+02  1.0045E-01 -4.4856E-01 -1.3684E-01
  9.9670E+00  2.4000E+02  1.3878E+01  1.4143E+02  9.8065E-02 -3.0232E-02 -7.4211E-03
  8.9878E+00  2.8000E+02  1.4205E+01  1.4193E+02  9.6158E-02  1.7726E-01  3.6622E-02
  8.1344E+00  3.2000E+02  1.4965E+01  1.4287E+02  9.4549E-02  2.0509E-01  3.6925E-02
  7.3718E+00  3.6000E+02  1.6112E+01  1.4407E+02  9.3149E-02  6.9454E-02  1.1174E-02
  6.6785E+00  4.0000E+02  1.7522E+01  1.4540E+02  9.1911E-02 -1.0917E-01 -1.5969E-02
  6.0405E+00  4.4000E+02  1.9095E+01  1.4681E+02  9.0805E-02 -2.6462E-01 -3.5622E-02
  5.4480E+00  4.8000E+02  2.0775E+01  1.4826E+02  8.9810E-02 -3.9070E-01 -4.8834E-02
  4.8940E+00  5.2000E+02  2.2535E+01  1.4974E+02  8.8908E-02 -5.0524E-01 -5.9059E-02
  4.3727E+00  5.6000E+02  2.4357E+01  1.5123E+02  8.8086E-02 -6.2616E-01 -6.8857E-02
  3.8800E+00  6.0000E+02  2.6216E+01  1.5272E+02  8.7330E-02 -7.5129E-01 -7.8100E-02
  3.4124E+00  6.4000E+02  2.8088E+01  1.5418E+02  8.6632E-02 -8.7376E-01 -8.6206E-02
  2.9671E+00  6.8000E+02  2.9952E+01  1.5561E+02  8.5984E-02 -9.9127E-01 -9.3125E-02
  2.5419E+00  7.2000E+02  3.1792E+01  1.5698E+02  8.5379E-02 -1.1044E+00 -9.9066E-02
  2.1350E+00  7.6000E+02  3.3593E+01  1.5828E+02  8.4814E-02 -1.2148E+00 -1.0430E-01
  1.7447E+00  8.0000E+02  3.5339E+01  1.5951E+02  8.4284E-02 -1.3199E+00 -1.0868E-01
  1.3698E+00  8.4000E+02  3.7014E+01  1.6066E+02  8.3785E-02 -1.3994E+00 -1.1070E-01
  1.0090E+00  8.8000E+02  3.8629E+01  1.6176E+02  8.3316E-02 -1.4467E+00 -1.1011E-01
  6.6131E-01  9.2000E+02  4.0237E+01  1.6284E+02  8.2872E-02 -1.5129E+00 -1.1099E-01
  3.2532E-01  9.6000E+02  4.1920E+01  1.6393E+02  8.2453E-02 -1.7569E+00 -1.2454E-01
  4.5197E-04  1.0000E+03  4.3748E+01  1.6459E+02  8.2054E-02 -3.5889E+00 -2.4599E-01
