  26  8.5995000E+01
  3.2091E+01  1.0000E-03  2.9275E-01  1.7303E+02  2.9275E-01  0.0000E+00  0.0000E+00
  2.2946E+01  4.0000E+01  2.7105E+00  1.7243E+02  2.8186E-01 -3.3003E-01 -6.3682E-01
  1.8127E+01  8.0000E+01  7.0158E+00  1.7147E+02  2.4320E-01 -1.0927E+00 -1.1109E+00
  1.5701E+01  1.2000E+02  8.0634E+00  1.7243E+02  2.2760E-01 -3.5871E-02 -1.8362E-02
  1.3939E+01  1.6000E+02  1.0090E+01  1.7477E+02  2.1616E-01  1.7525E-01  6.5163E-02
  1.2504E+01  2.0000E+02  1.3141E+01  1.7763E+02  2.0733E-01 -1.2969E-01 -3.9256E-02
  1.1275E+01  2.4000E+02  1.6864E+01  1.8069E+02  2.0050E-01 -5.3922E-01 -1.3985E-01
  1.0192E+01  2.8000E+02  2.0741E+01  1.8357E+02  1.9508E-01 -9.2509E-01 -2.1138E-01
  9.2223E+00  3.2000E+02  2.4471E+01  1.8619E+02  1.9065E-01 -1.1378E+00 -2.3267E-01
  8.3446E+00  3.6000E+02  2.7963E+01  1.8858E+02  1.8694E-01 -1.2577E+00 -2.3289E-01
  7.5425E+00  4.0000E+02  3.1206E+01  1.9075E+02  1.8377E-01 -1.3371E+00 -2.2630E-01
  6.8036E+00  4.4000E+02  3.4204E+01  1.9272E+02  1.8104E-01 -1.3937E+00 -2.1726E-01
  6.1187E+00  4.8000E+02  3.6964E+01  1.9450E+02  1.7865E-01 -1.4267E+00 -2.0617E-01
  5.4803E+00  5.2000E+02  3.9510E+01  1.9613E+02  1.7655E-01 -1.4402E+00 -1.9396E-01
  4.8825E+00  5.6000E+02  4.1869E+01  1.9763E+02  1.7469E-01 -1.4446E+00 -1.8221E-01
  4.3203E+00  6.0000E+02  4.4069E+01  1.9901E+02  1.7303E-01 -1.4476E+00 -1.7171E-01
  3.7896E+00  6.4000E+02  4.6130E+01  2.0030E+02  1.7153E-01 -1.4512E+00 -1.6248E-01
  3.2871E+00  6.8000E+02  4.8073E+01  2.0151E+02  1.7016E-01 -1.4570E+00 -1.5449E-01
  2.8096E+00  7.2000E+02  4.9915E+01  2.0265E+02  1.6891E-01 -1.4680E+00 -1.4787E-01
  2.3549E+00  7.6000E+02  5.1671E+01  2.0373E+02  1.6776E-01 -1.4875E+00 -1.4272E-01
  1.9206E+00  8.0000E+02  5.3350E+01  2.0475E+02  1.6669E-01 -1.5174E+00 -1.3902E-01
  1.5050E+00  8.4000E+02  5.4956E+01  2.0571E+02  1.6570E-01 -1.5582E+00 -1.3662E-01
  1.1066E+00  8.8000E+02  5.6492E+01  2.0660E+02  1.6477E-01 -1.6187E+00 -1.3608E-01
  7.2383E-01  9.2000E+02  5.7921E+01  2.0741E+02  1.6389E-01 -1.6159E+00 -1.3048E-01
  3.5547E-01  9.6000E+02  5.9370E+01  2.0828E+02  1.6307E-01 -1.5881E+00 -1.2342E-01
  7.3812E-04  1.0000E+03  6.1047E+01  2.0926E+02  1.6229E-01 -1.9611E+00 -1.4677E-01
