  26  3.9900000E+00
  3.1143E+01  1.0000E-03  4.5936E+00  2.3964E+01  4.5936E+00  0.0000E+00  0.0000E+00
  2.2022E+01  4.0000E+01  4.2683E+00  2.3971E+01  4.2573E+00  3.6506E-02  7.0248E-02
  1.6987E+01  8.0000E+01  3.9972E+00  2.4016E+01  3.9112E+00  6.2648E-02  6.6558E-02
  1.4319E+01  1.2000E+02  3.9563E+00  2.4060E+01  3.8013E+00  3.2050E-02  1.8036E-02
  1.2446E+01  1.6000E+02  3.9276E+00  2.4129E+01  3.7141E+00  5.1809E-02  2.0482E-02
  1.1023E+01  2.0000E+02  3.8939E+00  2.4238E+01  3.6372E+00  1.0020E-01  3.0067E-02
  9.8806E+00  2.4000E+02  3.8604E+00  2.4391E+01  3.5662E+00  1.6346E-01  3.9412E-02
  8.9173E+00  2.8000E+02  3.8348E+00  2.4582E+01  3.4991E+00  2.2496E-01  4.5720E-02
  8.0756E+00  3.2000E+02  3.8248E+00  2.4806E+01  3.4345E+00  2.7788E-01  4.9344E-02
  7.3219E+00  3.6000E+02  3.8360E+00  2.5055E+01  3.3716E+00  3.1584E-01  5.0227E-02
  6.6357E+00  4.0000E+02  3.8711E+00  2.5325E+01  3.3101E+00  3.4280E-01  4.9625E-02
  6.0040E+00  4.4000E+02  3.9319E+00  2.5614E+01  3.2497E+00  3.6054E-01  4.8054E-02
  5.4173E+00  4.8000E+02  4.0206E+00  2.5919E+01  3.1905E+00  3.6792E-01  4.5543E-02
  4.8684E+00  5.2000E+02  4.1406E+00  2.6236E+01  3.1324E+00  3.6007E-01  4.1698E-02
  4.3517E+00  5.6000E+02  4.2956E+00  2.6563E+01  3.0754E+00  3.3181E-01  3.6172E-02
  3.8629E+00  6.0000E+02  4.4885E+00  2.6893E+01  3.0195E+00  2.8117E-01  2.8997E-02
  3.3986E+00  6.4000E+02  4.7211E+00  2.7222E+01  2.9648E+00  2.0818E-01  2.0392E-02
  2.9562E+00  6.8000E+02  4.9943E+00  2.7546E+01  2.9113E+00  1.1312E-01  1.0559E-02
  2.5334E+00  7.2000E+02  5.3084E+00  2.7858E+01  2.8588E+00 -3.8408E-03 -3.4256E-04
  2.1285E+00  7.6000E+02  5.6630E+00  2.8155E+01  2.8075E+00 -1.4256E-01 -1.2178E-02
  1.7400E+00  8.0000E+02  6.0572E+00  2.8431E+01  2.7573E+00 -3.0270E-01 -2.4814E-02
  1.3665E+00  8.4000E+02  6.4893E+00  2.8683E+01  2.7081E+00 -4.8353E-01 -3.8104E-02
  1.0068E+00  8.8000E+02  6.9584E+00  2.8905E+01  2.6600E+00 -6.8678E-01 -5.2112E-02
  6.5999E-01  9.2000E+02  7.4652E+00  2.9092E+01  2.6129E+00 -9.2120E-01 -6.7412E-02
  3.2473E-01  9.6000E+02  8.0188E+00  2.9233E+01  2.5669E+00 -1.2331E+00 -8.7222E-02
  4.4336E-04  1.0000E+03  8.6365E+00  2.9272E+01  2.5219E+00 -1.7836E+00 -1.2203E-01
