  26  8.5995000E+01
  3.1900E+01  1.0000E-03  1.8562E-01  1.4569E+02  1.8562E-01  0.0000E+00  0.0000E+00
  2.2551E+01  4.0000E+01  2.6264E+00  1.4602E+02  1.7608E-01 -2.2548E-01 -4.4474E-01
  1.7400E+01  8.0000E+01  1.0792E+01  1.4566E+02  1.4595E-01 -1.6555E+00 -1.7991E+00
  1.4692E+01  1.2000E+02  1.2905E+01  1.4480E+02  1.3524E-01 -1.0972E+00 -6.2699E-01
  1.2793E+01  1.6000E+02  1.3763E+01  1.4437E+02  1.2894E-01 -6.7890E-01 -2.7188E-01
  1.1336E+01  2.0000E+02  1.4288E+01  1.4431E+02  1.2474E-01 -3.9716E-01 -1.2211E-01
  1.0151E+01  2.4000E+02  1.4832E+01  1.4461E+02  1.2163E-01 -2.0652E-01 -5.1645E-02
  9.1471E+00  2.8000E+02  1.5520E+01  1.4523E+02  1.1913E-01 -7.3930E-02 -1.5655E-02
  8.2712E+00  3.2000E+02  1.6496E+01  1.4618E+02  1.1704E-01 -2.5906E-02 -4.7872E-03
  7.4892E+00  3.6000E+02  1.7751E+01  1.4735E+02  1.1524E-01 -1.0563E-01 -1.7426E-02
  6.7794E+00  4.0000E+02  1.9224E+01  1.4866E+02  1.1365E-01 -2.2711E-01 -3.4013E-02
  6.1271E+00  4.4000E+02  2.0847E+01  1.5005E+02  1.1224E-01 -3.5952E-01 -4.9478E-02
  5.5221E+00  4.8000E+02  2.2566E+01  1.5148E+02  1.1097E-01 -4.8302E-01 -6.1649E-02
  4.9571E+00  5.2000E+02  2.4348E+01  1.5292E+02  1.0983E-01 -5.9653E-01 -7.1119E-02
  4.4261E+00  5.6000E+02  2.6170E+01  1.5437E+02  1.0879E-01 -7.0846E-01 -7.9361E-02
  3.9248E+00  6.0000E+02  2.8010E+01  1.5580E+02  1.0784E-01 -8.2114E-01 -8.6844E-02
  3.4497E+00  6.4000E+02  2.9847E+01  1.5719E+02  1.0697E-01 -9.3197E-01 -9.3432E-02
  2.9977E+00  6.8000E+02  3.1664E+01  1.5854E+02  1.0616E-01 -1.0396E+00 -9.9123E-02
  2.5667E+00  7.2000E+02  3.3446E+01  1.5983E+02  1.0541E-01 -1.1451E+00 -1.0414E-01
  2.1545E+00  7.6000E+02  3.5176E+01  1.6104E+02  1.0471E-01 -1.2503E+00 -1.0871E-01
  1.7597E+00  8.0000E+02  3.6833E+01  1.6217E+02  1.0406E-01 -1.3465E+00 -1.1216E-01
  1.3809E+00  8.4000E+02  3.8394E+01  1.6320E+02  1.0344E-01 -1.3958E+00 -1.1156E-01
  1.0168E+00  8.8000E+02  3.9887E+01  1.6419E+02  1.0286E-01 -1.3857E+00 -1.0644E-01
  6.6623E-01  9.2000E+02  4.1400E+01  1.6521E+02  1.0232E-01 -1.4146E+00 -1.0463E-01
  3.2768E-01  9.6000E+02  4.3022E+01  1.6626E+02  1.0180E-01 -1.6685E+00 -1.1918E-01
  4.8098E-04  1.0000E+03  4.4796E+01  1.6689E+02  1.0131E-01 -3.4948E+00 -2.4126E-01
