  26  8.5995000E+01
  3.1143E+01  1.0000E-03  1.2465E-01  1.4226E+02  1.2465E-01  0.0000E+00  0.0000E+00
  2.2022E+01  4.0000E+01  2.3141E+00  1.4248E+02  1.1684E-01 -2.1671E-01 -4.1702E-01
  1.6987E+01  8.0000E+01  9.7076E+00  1.4239E+02  9.4777E-02 -1.4854E+00 -1.5782E+00
  1.4319E+01  1.2000E+02  1.2099E+01  1.4175E+02  8.7761E-02 -1.1383E+00 -6.4060E-01
  1.2446E+01  1.6000E+02  1.2880E+01  1.4084E+02  8.3873E-02 -9.0272E-01 -3.5688E-01
  1.1023E+01  2.0000E+02  1.2813E+01  1.4022E+02  8.1330E-02 -3.8354E-01 -1.1508E-01
  9.8806E+00  2.4000E+02  1.2824E+01  1.4032E+02  7.9444E-02  7.1601E-02  1.7264E-02
  8.9173E+00  2.8000E+02  1.3183E+01  1.4091E+02  7.7925E-02  2.4436E-01  4.9664E-02
  8.0756E+00  3.2000E+02  1.4022E+01  1.4194E+02  7.6639E-02  2.2970E-01  4.0788E-02
  7.3219E+00  3.6000E+02  1.5230E+01  1.4318E+02  7.5518E-02  3.9789E-02  6.3275E-03
  6.6357E+00  4.0000E+02  1.6660E+01  1.4452E+02  7.4528E-02 -1.3865E-01 -2.0072E-02
  6.0040E+00  4.4000E+02  1.8220E+01  1.4591E+02  7.3645E-02 -2.6938E-01 -3.5903E-02
  5.4173E+00  4.8000E+02  1.9875E+01  1.4735E+02  7.2852E-02 -3.6256E-01 -4.4879E-02
  4.8684E+00  5.2000E+02  2.1624E+01  1.4884E+02  7.2131E-02 -4.5866E-01 -5.3115E-02
  4.3517E+00  5.6000E+02  2.3454E+01  1.5037E+02  7.1473E-02 -5.8100E-01 -6.3337E-02
  3.8629E+00  6.0000E+02  2.5338E+01  1.5191E+02  7.0866E-02 -7.1668E-01 -7.3911E-02
  3.3986E+00  6.4000E+02  2.7246E+01  1.5342E+02  7.0305E-02 -8.4973E-01 -8.3235E-02
  2.9562E+00  6.8000E+02  2.9153E+01  1.5490E+02  6.9782E-02 -9.7484E-01 -9.0995E-02
  2.5334E+00  7.2000E+02  3.1040E+01  1.5632E+02  6.9293E-02 -1.0918E+00 -9.7383E-02
  2.1285E+00  7.6000E+02  3.2893E+01  1.5769E+02  6.8836E-02 -1.2024E+00 -1.0271E-01
  1.7400E+00  8.0000E+02  3.4698E+01  1.5899E+02  6.8407E-02 -1.3069E+00 -1.0713E-01
  1.3665E+00  8.4000E+02  3.6448E+01  1.6021E+02  6.8003E-02 -1.4009E+00 -1.1040E-01
  1.0068E+00  8.8000E+02  3.8147E+01  1.6138E+02  6.7623E-02 -1.4851E+00 -1.1269E-01
  6.5999E-01  9.2000E+02  3.9814E+01  1.6250E+02  6.7264E-02 -1.5625E+00 -1.1434E-01
  3.2473E-01  9.6000E+02  4.1543E+01  1.6364E+02  6.6925E-02 -1.7709E+00 -1.2526E-01
  4.4336E-04  1.0000E+03  4.3437E+01  1.6442E+02  6.6603E-02 -3.4410E+00 -2.3542E-01
