  26  3.9900000E+00
  3.2030E+01  1.0000E-03  9.5066E+00  3.7026E+01  9.5066E+00  0.0000E+00  0.0000E+00
  2.2824E+01  4.0000E+01  8.9886E+00  3.7035E+01  8.9765E+00  5.7181E-02  1.1106E-01
  1.7860E+01  8.0000E+01  8.3398E+00  3.7141E+01  8.2739E+00  1.5217E-01  1.5937E-01
  1.5308E+01  1.2000E+02  8.1867E+00  3.7289E+01  8.0791E+00  1.1802E-01  6.3558E-02
  1.3487E+01  1.6000E+02  8.0888E+00  3.7496E+01  7.9297E+00  1.6719E-01  6.4222E-02
  1.2038E+01  2.0000E+02  8.0364E+00  3.7750E+01  7.7993E+00  2.1148E-01  6.4623E-02
  1.0822E+01  2.4000E+02  8.0282E+00  3.8039E+01  7.6795E+00  2.4447E-01  6.2759E-02
  9.7667E+00  2.8000E+02  8.0642E+00  3.8358E+01  7.5673E+00  2.6833E-01  5.9723E-02
  8.8321E+00  3.2000E+02  8.1453E+00  3.8701E+01  7.4612E+00  2.8029E-01  5.5268E-02
  7.9910E+00  3.6000E+02  8.2725E+00  3.9063E+01  7.3604E+00  2.7899E-01  4.9511E-02
  7.2246E+00  4.0000E+02  8.4475E+00  3.9439E+01  7.2639E+00  2.6174E-01  4.2322E-02
  6.5195E+00  4.4000E+02  8.6715E+00  3.9822E+01  7.1708E+00  2.2589E-01  3.3604E-02
  5.8657E+00  4.8000E+02  8.9452E+00  4.0207E+01  7.0805E+00  1.7005E-01  2.3456E-02
  5.2557E+00  5.2000E+02  9.2673E+00  4.0587E+01  6.9923E+00  9.5205E-02  1.2253E-02
  4.6837E+00  5.6000E+02  9.6348E+00  4.0957E+01  6.9058E+00  4.9396E-03  5.9609E-04
  4.1452E+00  6.0000E+02  1.0044E+01  4.1314E+01  6.8209E+00 -9.6356E-02 -1.0947E-02
  3.6364E+00  6.4000E+02  1.0490E+01  4.1656E+01  6.7372E+00 -2.0529E-01 -2.2036E-02
  3.1543E+00  6.8000E+02  1.0969E+01  4.1981E+01  6.6547E+00 -3.1981E-01 -3.2529E-02
  2.6963E+00  7.2000E+02  1.1477E+01  4.2289E+01  6.5732E+00 -4.3845E-01 -4.2374E-02
  2.2599E+00  7.6000E+02  1.2012E+01  4.2579E+01  6.4928E+00 -5.6001E-01 -5.1553E-02
  1.8434E+00  8.0000E+02  1.2572E+01  4.2853E+01  6.4134E+00 -6.8590E-01 -6.0282E-02
  1.4448E+00  8.4000E+02  1.3158E+01  4.3110E+01  6.3349E+00 -8.2555E-01 -6.9425E-02
  1.0626E+00  8.8000E+02  1.3768E+01  4.3346E+01  6.2574E+00 -9.7941E-01 -7.8975E-02
  6.9545E-01  9.2000E+02  1.4400E+01  4.3563E+01  6.1809E+00 -1.1300E+00 -8.7521E-02
  3.4179E-01  9.6000E+02  1.5078E+01  4.3765E+01  6.1052E+00 -1.3455E+00 -1.0039E-01
  6.9476E-04  1.0000E+03  1.5850E+01  4.3916E+01  6.0307E+00 -1.8212E+00 -1.3106E-01
