  26  8.5995000E+01
  3.0261E+01  1.0000E-03  6.6351E-02  1.3971E+02  6.6350E-02  0.0000E+00  0.0000E+00
  2.1475E+01  4.0000E+01  1.8584E+00  1.3974E+02  6.0749E-02 -2.0006E-01 -3.7087E-01
  1.6642E+01  8.0000E+01  7.7200E+00  1.3982E+02  4.7870E-02 -1.1968E+00 -1.2203E+00
  1.4081E+01  1.2000E+02  9.9055E+00  1.3955E+02  4.4541E-02 -9.5974E-01 -5.1846E-01
  1.2273E+01  1.6000E+02  1.0716E+01  1.3893E+02  4.2702E-02 -7.9267E-01 -3.0250E-01
  1.0896E+01  2.0000E+02  1.0840E+01  1.3867E+02  4.1470E-02 -2.7431E-01 -7.9654E-02
  9.7838E+00  2.4000E+02  1.1110E+01  1.3907E+02  4.0547E-02  1.0947E-01  2.5694E-02
  8.8393E+00  2.8000E+02  1.1760E+01  1.3988E+02  3.9801E-02  1.7923E-01  3.5715E-02
  8.0100E+00  3.2000E+02  1.2793E+01  1.4099E+02  3.9172E-02  8.3030E-02  1.4527E-02
  7.2658E+00  3.6000E+02  1.4075E+01  1.4221E+02  3.8627E-02 -8.3214E-02 -1.3066E-02
  6.5881E+00  4.0000E+02  1.5490E+01  1.4349E+02  3.8147E-02 -1.9730E-01 -2.8208E-02
  5.9644E+00  4.4000E+02  1.6992E+01  1.4484E+02  3.7719E-02 -2.4556E-01 -3.2313E-02
  5.3851E+00  4.8000E+02  1.8610E+01  1.4629E+02  3.7332E-02 -2.7796E-01 -3.3972E-02
  4.8426E+00  5.2000E+02  2.0381E+01  1.4786E+02  3.6978E-02 -3.7756E-01 -4.3214E-02
  4.3312E+00  5.6000E+02  2.2274E+01  1.4947E+02  3.6651E-02 -5.4261E-01 -5.8552E-02
  3.8466E+00  6.0000E+02  2.4232E+01  1.5109E+02  3.6348E-02 -7.1075E-01 -7.2665E-02
  3.3857E+00  6.4000E+02  2.6214E+01  1.5267E+02  3.6067E-02 -8.5870E-01 -8.3492E-02
  2.9461E+00  6.8000E+02  2.8191E+01  1.5422E+02  3.5805E-02 -9.8911E-01 -9.1740E-02
  2.5257E+00  7.2000E+02  3.0143E+01  1.5570E+02  3.5560E-02 -1.1066E+00 -9.8157E-02
  2.1227E+00  7.6000E+02  3.2059E+01  1.5713E+02  3.5331E-02 -1.2155E+00 -1.0333E-01
  1.7358E+00  8.0000E+02  3.3929E+01  1.5849E+02  3.5117E-02 -1.3185E+00 -1.0764E-01
  1.3636E+00  8.4000E+02  3.5746E+01  1.5978E+02  3.4916E-02 -1.4193E+00 -1.1146E-01
  1.0049E+00  8.8000E+02  3.7503E+01  1.6100E+02  3.4727E-02 -1.5026E+00 -1.1369E-01
  6.5894E-01  9.2000E+02  3.9225E+01  1.6218E+02  3.4548E-02 -1.5533E+00 -1.1339E-01
  3.2431E-01  9.6000E+02  4.1030E+01  1.6340E+02  3.4379E-02 -1.7401E+00 -1.2285E-01
  4.2014E-04  1.0000E+03  4.3034E+01  1.6439E+02  3.4219E-02 -3.1379E+00 -2.1442E-01
