  26  8.5995000E+01
  3.2084E+01  1.0000E-03  2.7536E-01  1.6545E+02  2.7536E-01  0.0000E+00  0.0000E+00
  2.2897E+01  4.0000E+01  2.6791E+00  1.6500E+02  2.6463E-01 -3.1077E-01 -6.0240E-01
  1.8010E+01  8.0000E+01  7.5904E+00  1.6418E+02  2.2699E-01 -1.1731E+00 -1.2093E+00
  1.5524E+01  1.2000E+02  8.8988E+00  1.6489E+02  2.1195E-01 -2.3812E-01 -1.2492E-01
  1.3729E+01  1.6000E+02  1.0776E+01  1.6673E+02  2.0131E-01 -2.5030E-02 -9.4767E-03
  1.2287E+01  2.0000E+02  1.3346E+01  1.6899E+02  1.9339E-01 -2.1051E-01 -6.4071E-02
  1.1064E+01  2.4000E+02  1.6371E+01  1.7142E+02  1.8734E-01 -4.8890E-01 -1.2614E-01
  9.9951E+00  2.8000E+02  1.9506E+01  1.7375E+02  1.8253E-01 -7.5246E-01 -1.6967E-01
  9.0436E+00  3.2000E+02  2.2559E+01  1.7596E+02  1.7858E-01 -8.8759E-01 -1.7819E-01
  8.1845E+00  3.6000E+02  2.5514E+01  1.7809E+02  1.7524E-01 -9.5907E-01 -1.7383E-01
  7.3999E+00  4.0000E+02  2.8402E+01  1.8017E+02  1.7237E-01 -1.0358E+00 -1.7145E-01
  6.6767E+00  4.4000E+02  3.1232E+01  1.8217E+02  1.6988E-01 -1.1432E+00 -1.7443E-01
  6.0052E+00  4.8000E+02  3.3973E+01  1.8405E+02  1.6768E-01 -1.2726E+00 -1.8031E-01
  5.3780E+00  5.2000E+02  3.6574E+01  1.8578E+02  1.6574E-01 -1.4014E+00 -1.8544E-01
  4.7896E+00  5.6000E+02  3.8987E+01  1.8730E+02  1.6401E-01 -1.5091E+00 -1.8733E-01
  4.2359E+00  6.0000E+02  4.1173E+01  1.8861E+02  1.6245E-01 -1.5800E+00 -1.8460E-01
  3.7131E+00  6.4000E+02  4.3113E+01  1.8972E+02  1.6105E-01 -1.6021E+00 -1.7668E-01
  3.2185E+00  6.8000E+02  4.4814E+01  1.9064E+02  1.5978E-01 -1.5651E+00 -1.6332E-01
  2.7495E+00  7.2000E+02  4.6318E+01  1.9146E+02  1.5861E-01 -1.4738E+00 -1.4585E-01
  2.3036E+00  7.6000E+02  4.7703E+01  1.9223E+02  1.5754E-01 -1.3593E+00 -1.2788E-01
  1.8785E+00  8.0000E+02  4.9056E+01  1.9304E+02  1.5655E-01 -1.2828E+00 -1.1505E-01
  1.4720E+00  8.4000E+02  5.0428E+01  1.9388E+02  1.5563E-01 -1.3087E+00 -1.1222E-01
  1.0825E+00  8.8000E+02  5.1765E+01  1.9469E+02  1.5477E-01 -1.3601E+00 -1.1178E-01
  7.0842E-01  9.2000E+02  5.3058E+01  1.9551E+02  1.5396E-01 -1.2725E+00 -1.0042E-01
  3.4815E-01  9.6000E+02  5.4534E+01  1.9654E+02  1.5319E-01 -1.2317E+00 -9.3620E-02
  7.1423E-04  1.0000E+03  5.6452E+01  1.9775E+02  1.5247E-01 -2.0444E+00 -1.4986E-01
