  26  8.5995000E+01
  3.1275E+01  1.0000E-03  1.3391E-01  1.4262E+02  1.3391E-01  0.0000E+00  0.0000E+00
  2.2111E+01  4.0000E+01  2.3719E+00  1.4287E+02  1.2580E-01 -2.1717E-01 -4.1988E-01
  1.7050E+01  8.0000E+01  9.9685E+00  1.4274E+02  1.0241E-01 -1.5268E+00 -1.6302E+00
  1.4372E+01  1.2000E+02  1.2323E+01  1.4203E+02  9.4820E-02 -1.1447E+00 -6.4676E-01
  1.2492E+01  1.6000E+02  1.3109E+01  1.4117E+02  9.0583E-02 -8.7397E-01 -3.4664E-01
  1.1063E+01  2.0000E+02  1.3118E+01  1.4061E+02  8.7809E-02 -3.9834E-01 -1.2011E-01
  9.9131E+00  2.4000E+02  1.3170E+01  1.4069E+02  8.5752E-02  2.2828E-02  5.5385E-03
  8.9439E+00  2.8000E+02  1.3540E+01  1.4126E+02  8.4097E-02  2.0656E-01  4.2239E-02
  8.0977E+00  3.2000E+02  1.4366E+01  1.4226E+02  8.2699E-02  2.0991E-01  3.7475E-02
  7.3405E+00  3.6000E+02  1.5562E+01  1.4349E+02  8.1481E-02  4.0693E-02  6.5012E-03
  6.6515E+00  4.0000E+02  1.6994E+01  1.4483E+02  8.0406E-02 -1.3647E-01 -1.9840E-02
  6.0171E+00  4.4000E+02  1.8566E+01  1.4622E+02  7.9447E-02 -2.7898E-01 -3.7335E-02
  5.4281E+00  4.8000E+02  2.0232E+01  1.4766E+02  7.8584E-02 -3.8572E-01 -4.7935E-02
  4.8772E+00  5.2000E+02  2.1980E+01  1.4914E+02  7.7803E-02 -4.8548E-01 -5.6432E-02
  4.3587E+00  5.6000E+02  2.3799E+01  1.5065E+02  7.7089E-02 -6.0103E-01 -6.5739E-02
  3.8685E+00  6.0000E+02  2.5664E+01  1.5216E+02  7.6433E-02 -7.2798E-01 -7.5297E-02
  3.4030E+00  6.4000E+02  2.7551E+01  1.5365E+02  7.5825E-02 -8.5484E-01 -8.3950E-02
  2.9596E+00  6.8000E+02  2.9435E+01  1.5510E+02  7.5260E-02 -9.7619E-01 -9.1322E-02
  2.5360E+00  7.2000E+02  3.1300E+01  1.5650E+02  7.4733E-02 -1.0914E+00 -9.7532E-02
  2.1305E+00  7.6000E+02  3.3130E+01  1.5785E+02  7.4240E-02 -1.2016E+00 -1.0281E-01
  1.7414E+00  8.0000E+02  3.4912E+01  1.5912E+02  7.3776E-02 -1.3060E+00 -1.0721E-01
  1.3674E+00  8.4000E+02  3.6635E+01  1.6032E+02  7.3341E-02 -1.3965E+00 -1.1018E-01
  1.0075E+00  8.8000E+02  3.8305E+01  1.6146E+02  7.2930E-02 -1.4716E+00 -1.1177E-01
  6.6035E-01  9.2000E+02  3.9951E+01  1.6257E+02  7.2543E-02 -1.5474E+00 -1.1332E-01
  3.2488E-01  9.6000E+02  4.1661E+01  1.6369E+02  7.2177E-02 -1.7667E+00 -1.2504E-01
  4.4719E-04  1.0000E+03  4.3528E+01  1.6442E+02  7.1829E-02 -3.4883E+00 -2.3877E-01
