  26  8.5995000E+01
  3.1423E+01  1.0000E-03  1.4300E-01  1.4304E+02  1.4300E-01  0.0000E+00  0.0000E+00
  2.2207E+01  4.0000E+01  2.4442E+00  1.4332E+02  1.3459E-01 -2.1955E-01 -4.2687E-01
  1.7117E+01  8.0000E+01  1.0274E+01  1.4316E+02  1.0992E-01 -1.5701E+00 -1.6861E+00
  1.4425E+01  1.2000E+02  1.2634E+01  1.4239E+02  1.0177E-01 -1.1611E+00 -6.5957E-01
  1.2536E+01  1.6000E+02  1.3427E+01  1.4154E+02  9.7184E-02 -8.6918E-01 -3.4640E-01
  1.1099E+01  2.0000E+02  1.3469E+01  1.4098E+02  9.4183E-02 -4.1833E-01 -1.2684E-01
  9.9419E+00  2.4000E+02  1.3524E+01  1.4103E+02  9.1961E-02 -9.1338E-03 -2.2293E-03
  8.9673E+00  2.8000E+02  1.3883E+01  1.4157E+02  9.0177E-02  1.8506E-01  3.8051E-02
  8.1172E+00  3.2000E+02  1.4683E+01  1.4254E+02  8.8671E-02  2.0185E-01  3.6202E-02
  7.3571E+00  3.6000E+02  1.5857E+01  1.4375E+02  8.7361E-02  5.0855E-02  8.1560E-03
  6.6657E+00  4.0000E+02  1.7281E+01  1.4509E+02  8.6203E-02 -1.2553E-01 -1.8312E-02
  6.0293E+00  4.4000E+02  1.8858E+01  1.4649E+02  8.5169E-02 -2.7593E-01 -3.7048E-02
  5.4383E+00  4.8000E+02  2.0533E+01  1.4793E+02  8.4240E-02 -3.9417E-01 -4.9143E-02
  4.8857E+00  5.2000E+02  2.2286E+01  1.4941E+02  8.3398E-02 -5.0138E-01 -5.8461E-02
  4.3657E+00  5.6000E+02  2.4103E+01  1.5091E+02  8.2629E-02 -6.1733E-01 -6.7720E-02
  3.8742E+00  6.0000E+02  2.5961E+01  1.5240E+02  8.1923E-02 -7.4093E-01 -7.6842E-02
  3.4076E+00  6.4000E+02  2.7836E+01  1.5387E+02  8.1270E-02 -8.6423E-01 -8.5077E-02
  2.9632E+00  6.8000E+02  2.9706E+01  1.5530E+02  8.0663E-02 -9.8292E-01 -9.2151E-02
  2.5388E+00  7.2000E+02  3.1554E+01  1.5669E+02  8.0098E-02 -1.0966E+00 -9.8180E-02
  2.1326E+00  7.6000E+02  3.3366E+01  1.5801E+02  7.9568E-02 -1.2064E+00 -1.0340E-01
  1.7429E+00  8.0000E+02  3.5128E+01  1.5926E+02  7.9071E-02 -1.3111E+00 -1.0779E-01
  1.3685E+00  8.4000E+02  3.6825E+01  1.6043E+02  7.8604E-02 -1.3973E+00 -1.1038E-01
  1.0082E+00  8.8000E+02  3.8467E+01  1.6155E+02  7.8164E-02 -1.4606E+00 -1.1104E-01
  6.6076E-01  9.2000E+02  4.0091E+01  1.6264E+02  7.7749E-02 -1.5322E+00 -1.1230E-01
  3.2507E-01  9.6000E+02  4.1784E+01  1.6374E+02  7.7355E-02 -1.7638E+00 -1.2492E-01
  4.5077E-04  1.0000E+03  4.3629E+01  1.6443E+02  7.6982E-02 -3.5712E+00 -2.4458E-01
