  26  3.9900000E+00
  3.2086E+01  1.0000E-03  1.0828E+01  5.1217E+01  1.0828E+01  0.0000E+00  0.0000E+00
  2.2946E+01  4.0000E+01  1.0275E+01  5.1220E+01  1.0260E+01  6.0741E-02  1.1713E-01
  1.8130E+01  8.0000E+01  9.5177E+00  5.1394E+01  9.4685E+00  1.9346E-01  1.9660E-01
  1.5704E+01  1.2000E+02  9.3293E+00  5.1632E+01  9.2544E+00  1.7586E-01  8.9985E-02
  1.3944E+01  1.6000E+02  9.2064E+00  5.1951E+01  9.0874E+00  2.5094E-01  9.3216E-02
  1.2509E+01  2.0000E+02  9.1460E+00  5.2339E+01  8.9407E+00  3.1284E-01  9.4659E-02
  1.1280E+01  2.4000E+02  9.1614E+00  5.2781E+01  8.8060E+00  3.4621E-01  8.9835E-02
  1.0196E+01  2.8000E+02  9.2599E+00  5.3256E+01  8.6801E+00  3.4740E-01  7.9444E-02
  9.2256E+00  3.2000E+02  9.4399E+00  5.3751E+01  8.5616E+00  3.2492E-01  6.6499E-02
  8.3473E+00  3.6000E+02  9.6974E+00  5.4256E+01  8.4496E+00  2.8235E-01  5.2317E-02
  7.5447E+00  4.0000E+02  1.0027E+01  5.4764E+01  8.3431E+00  2.2170E-01  3.7543E-02
  6.8055E+00  4.4000E+02  1.0423E+01  5.5268E+01  8.2412E+00  1.4533E-01  2.2665E-02
  6.1204E+00  4.8000E+02  1.0880E+01  5.5763E+01  8.1429E+00  5.6198E-02  8.1233E-03
  5.4819E+00  5.2000E+02  1.1393E+01  5.6247E+01  8.0474E+00 -4.3898E-02 -5.9137E-03
  4.8839E+00  5.6000E+02  1.1956E+01  5.6719E+01  7.9541E+00 -1.5478E-01 -1.9525E-02
  4.3216E+00  6.0000E+02  1.2568E+01  5.7175E+01  7.8626E+00 -2.7670E-01 -3.2825E-02
  3.7909E+00  6.4000E+02  1.3225E+01  5.7614E+01  7.7727E+00 -4.1009E-01 -4.5922E-02
  3.2882E+00  6.8000E+02  1.3925E+01  5.8034E+01  7.6840E+00 -5.5615E-01 -5.8981E-02
  2.8107E+00  7.2000E+02  1.4666E+01  5.8433E+01  7.5965E+00 -7.1709E-01 -7.2244E-02
  2.3558E+00  7.6000E+02  1.5448E+01  5.8807E+01  7.5101E+00 -8.9569E-01 -8.5958E-02
  1.9215E+00  8.0000E+02  1.6268E+01  5.9153E+01  7.4246E+00 -1.0941E+00 -1.0027E-01
  1.5058E+00  8.4000E+02  1.7125E+01  5.9464E+01  7.3402E+00 -1.3112E+00 -1.1500E-01
  1.1072E+00  8.8000E+02  1.8012E+01  5.9737E+01  7.2566E+00 -1.5396E+00 -1.2948E-01
  7.2435E-01  9.2000E+02  1.8923E+01  5.9974E+01  7.1740E+00 -1.7612E+00 -1.4224E-01
  3.5582E-01  9.6000E+02  1.9881E+01  6.0179E+01  7.0923E+00 -2.0420E+00 -1.5877E-01
  7.3913E-04  1.0000E+03  2.0937E+01  6.0301E+01  7.0115E+00 -2.6335E+00 -1.9729E-01
