  26  3.9900000E+00
  3.0009E+01  1.0000E-03  1.7004E+00  2.3534E+01  1.7004E+00  0.0000E+00  0.0000E+00
  2.1334E+01  4.0000E+01  1.5410E+00  2.3540E+01  1.5352E+00  1.8974E-02  3.4730E-02
  1.6566E+01  8.0000E+01  1.4482E+00  2.3597E+01  1.4007E+00  3.1582E-02  3.1767E-02
  1.4039E+01  1.2000E+02  1.4385E+00  2.3663E+01  1.3468E+00  2.9971E-02  1.5981E-02
  1.2248E+01  1.6000E+02  1.4339E+00  2.3753E+01  1.3014E+00  5.2731E-02  1.9921E-02
  1.0882E+01  2.0000E+02  1.4263E+00  2.3880E+01  1.2603E+00  9.8404E-02  2.8367E-02
  9.7740E+00  2.4000E+02  1.4202E+00  2.4044E+01  1.2212E+00  1.5375E-01  3.5939E-02
  8.8314E+00  2.8000E+02  1.4230E+00  2.4241E+01  1.1834E+00  2.0573E-01  4.0913E-02
  8.0031E+00  3.2000E+02  1.4403E+00  2.4465E+01  1.1466E+00  2.4966E-01  4.3630E-02
  7.2597E+00  3.6000E+02  1.4754E+00  2.4713E+01  1.1110E+00  2.8593E-01  4.4851E-02
  6.5828E+00  4.0000E+02  1.5300E+00  2.4982E+01  1.0767E+00  3.1740E-01  4.5330E-02
  5.9598E+00  4.4000E+02  1.6059E+00  2.5273E+01  1.0437E+00  3.4480E-01  4.5315E-02
  5.3813E+00  4.8000E+02  1.7068E+00  2.5584E+01  1.0119E+00  3.6308E-01  4.4314E-02
  4.8396E+00  5.2000E+02  1.8387E+00  2.5911E+01  9.8141E-01  3.6106E-01  4.1268E-02
  4.3288E+00  5.6000E+02  2.0068E+00  2.6249E+01  9.5218E-01  3.3253E-01  3.5837E-02
  3.8447E+00  6.0000E+02  2.2143E+00  2.6592E+01  9.2417E-01  2.7935E-01  2.8530E-02
  3.3843E+00  6.4000E+02  2.4627E+00  2.6934E+01  8.9735E-01  2.0385E-01  1.9803E-02
  2.9450E+00  6.8000E+02  2.7528E+00  2.7271E+01  8.7171E-01  1.0672E-01  9.8908E-03
  2.5248E+00  7.2000E+02  3.0848E+00  2.7598E+01  8.4722E-01 -1.1999E-02 -1.0636E-03
  2.1221E+00  7.6000E+02  3.4586E+00  2.7911E+01  8.2385E-01 -1.5253E-01 -1.2961E-02
  1.7353E+00  8.0000E+02  3.8734E+00  2.8203E+01  8.0158E-01 -3.1531E-01 -2.5731E-02
  1.3632E+00  8.4000E+02  4.3282E+00  2.8472E+01  7.8038E-01 -5.0084E-01 -3.9318E-02
  1.0047E+00  8.8000E+02  4.8211E+00  2.8711E+01  7.6022E-01 -7.0715E-01 -5.3485E-02
  6.5882E-01  9.2000E+02  5.3528E+00  2.8918E+01  7.4106E-01 -9.4031E-01 -6.8623E-02
  3.2426E-01  9.6000E+02  5.9353E+00  2.9080E+01  7.2286E-01 -1.2562E+00 -8.8665E-02
  4.1680E-04  1.0000E+03  6.5888E+00  2.9149E+01  7.0561E-01 -1.8047E+00 -1.2331E-01
