  26  3.9900000E+00
  3.2103E+01  1.0000E-03  1.0499E+01  4.7076E+01  1.0499E+01  0.0000E+00  0.0000E+00
  2.2928E+01  4.0000E+01  9.9562E+00  4.7076E+01  9.9400E+00  5.9118E-02  1.1444E-01
  1.8087E+01  8.0000E+01  9.2224E+00  4.7235E+01  9.1715E+00  1.8441E-01  1.8836E-01
  1.5641E+01  1.2000E+02  9.0414E+00  4.7453E+01  8.9623E+00  1.6320E-01  8.4218E-02
  1.3866E+01  1.6000E+02  8.9246E+00  4.7745E+01  8.7992E+00  2.3043E-01  8.6293E-02
  1.2428E+01  2.0000E+02  8.8664E+00  4.8101E+01  8.6563E+00  2.8785E-01  8.7316E-02
  1.1200E+01  2.4000E+02  8.8771E+00  4.8505E+01  8.5253E+00  3.2081E-01  8.3084E-02
  1.0122E+01  2.8000E+02  8.9619E+00  4.8941E+01  8.4026E+00  3.2555E-01  7.4086E-02
  9.1586E+00  3.2000E+02  9.1183E+00  4.9398E+01  8.2871E+00  3.1214E-01  6.3432E-02
  8.2879E+00  3.6000E+02  9.3430E+00  4.9870E+01  8.1778E+00  2.8332E-01  5.2048E-02
  7.4926E+00  4.0000E+02  9.6357E+00  5.0350E+01  8.0738E+00  2.3581E-01  3.9566E-02
  6.7598E+00  4.4000E+02  9.9973E+00  5.0831E+01  7.9740E+00  1.6319E-01  2.5231E-02
  6.0796E+00  4.8000E+02  1.0427E+01  5.1304E+01  7.8776E+00  6.2972E-02  9.0363E-03
  5.4447E+00  5.2000E+02  1.0922E+01  5.1759E+01  7.7838E+00 -6.2480E-02 -8.3694E-03
  4.8493E+00  5.6000E+02  1.1475E+01  5.2188E+01  7.6921E+00 -2.0732E-01 -2.6044E-02
  4.2889E+00  6.0000E+02  1.2077E+01  5.2587E+01  7.6021E+00 -3.6263E-01 -4.2877E-02
  3.7598E+00  6.4000E+02  1.2715E+01  5.2952E+01  7.5136E+00 -5.1594E-01 -5.7590E-02
  3.2591E+00  6.8000E+02  1.3377E+01  5.3289E+01  7.4265E+00 -6.5037E-01 -6.8698E-02
  2.7843E+00  7.2000E+02  1.4055E+01  5.3606E+01  7.3405E+00 -7.5937E-01 -7.6075E-02
  2.3328E+00  7.6000E+02  1.4754E+01  5.3914E+01  7.2556E+00 -8.6705E-01 -8.2598E-02
  1.9021E+00  8.0000E+02  1.5482E+01  5.4208E+01  7.1717E+00 -1.0071E+00 -9.1496E-02
  1.4903E+00  8.4000E+02  1.6243E+01  5.4479E+01  7.0888E+00 -1.1885E+00 -1.0326E-01
  1.0957E+00  8.8000E+02  1.7026E+01  5.4720E+01  7.0068E+00 -1.3733E+00 -1.1434E-01
  7.1696E-01  9.2000E+02  1.7829E+01  5.4942E+01  6.9257E+00 -1.5353E+00 -1.2268E-01
  3.5230E-01  9.6000E+02  1.8689E+01  5.5146E+01  6.8455E+00 -1.8007E+00 -1.3854E-01
  7.3676E-04  1.0000E+03  1.9669E+01  5.5248E+01  6.7664E+00 -2.4964E+00 -1.8517E-01
