  26  3.9900000E+00
  2.9895E+01  1.0000E-03  5.6886E-01  2.3462E+01  5.6886E-01  0.0000E+00  0.0000E+00
  2.1256E+01  4.0000E+01  5.0438E-01  2.3467E+01  4.9863E-01  8.0116E-03  1.4603E-02
  1.6512E+01  8.0000E+01  4.8877E-01  2.3526E+01  4.4376E-01  1.5623E-02  1.5637E-02
  1.3997E+01  1.2000E+02  5.0512E-01  2.3592E+01  4.1763E-01  2.0036E-02  1.0633E-02
  1.2214E+01  1.6000E+02  5.2135E-01  2.3683E+01  3.9450E-01  4.1640E-02  1.5666E-02
  1.0854E+01  2.0000E+02  5.3153E-01  2.3810E+01  3.7285E-01  8.6318E-02  2.4760E-02
  9.7520E+00  2.4000E+02  5.4266E-01  2.3975E+01  3.5246E-01  1.3959E-01  3.2467E-02
  8.8133E+00  2.8000E+02  5.6292E-01  2.4173E+01  3.3333E-01  1.8851E-01  3.7331E-02
  7.9881E+00  3.2000E+02  5.9773E-01  2.4397E+01  3.1553E-01  2.2961E-01  3.9979E-02
  7.2472E+00  3.6000E+02  6.5005E-01  2.4645E+01  2.9907E-01  2.6417E-01  4.1292E-02
  6.5726E+00  4.0000E+02  7.2142E-01  2.4915E+01  2.8396E-01  2.9491E-01  4.1973E-02
  5.9518E+00  4.4000E+02  8.1360E-01  2.5208E+01  2.7017E-01  3.2232E-01  4.2217E-02
  5.3751E+00  4.8000E+02  9.3082E-01  2.5521E+01  2.5764E-01  3.3990E-01  4.1356E-02
  4.8348E+00  5.2000E+02  1.0795E+00  2.5851E+01  2.4630E-01  3.3538E-01  3.8234E-02
  4.3250E+00  5.6000E+02  1.2649E+00  2.6191E+01  2.3602E-01  3.0373E-01  3.2667E-02
  3.8417E+00  6.0000E+02  1.4897E+00  2.6536E+01  2.2672E-01  2.4826E-01  2.5313E-02
  3.3819E+00  6.4000E+02  1.7551E+00  2.6880E+01  2.1827E-01  1.7125E-01  1.6613E-02
  2.9431E+00  6.8000E+02  2.0620E+00  2.7219E+01  2.1057E-01  7.3081E-02  6.7652E-03
  2.5234E+00  7.2000E+02  2.4105E+00  2.7548E+01  2.0353E-01 -4.6391E-02 -4.1082E-03
  2.1210E+00  7.6000E+02  2.8003E+00  2.7862E+01  1.9708E-01 -1.8746E-01 -1.5915E-02
  1.7345E+00  8.0000E+02  3.2308E+00  2.8157E+01  1.9114E-01 -3.5052E-01 -2.8582E-02
  1.3626E+00  8.4000E+02  3.7008E+00  2.8428E+01  1.8565E-01 -5.3617E-01 -4.2064E-02
  1.0044E+00  8.8000E+02  4.2083E+00  2.8670E+01  1.8057E-01 -7.4179E-01 -5.6073E-02
  6.5862E-01  9.2000E+02  4.7546E+00  2.8879E+01  1.7584E-01 -9.7465E-01 -7.1094E-02
  3.2419E-01  9.6000E+02  5.3520E+00  2.9044E+01  1.7142E-01 -1.2936E+00 -9.1274E-02
  4.0786E-04  1.0000E+03  6.0208E+00  2.9115E+01  1.6729E-01 -1.8457E+00 -1.2608E-01
