  26  3.9900000E+00
  3.0665E+01  1.0000E-03  3.5387E+00  2.3762E+01  3.5387E+00  0.0000E+00  0.0000E+00
  2.1721E+01  4.0000E+01  3.2674E+00  2.3768E+01  3.2588E+00  3.1038E-02  5.8569E-02
  1.6793E+01  8.0000E+01  3.0583E+00  2.3819E+01  2.9903E+00  5.2594E-02  5.4687E-02
  1.4182E+01  1.2000E+02  3.0263E+00  2.3873E+01  2.9001E+00  3.2939E-02  1.8142E-02
  1.2344E+01  1.6000E+02  3.0033E+00  2.3949E+01  2.8268E+00  5.4356E-02  2.1083E-02
  1.0947E+01  2.0000E+02  2.9756E+00  2.4067E+01  2.7617E+00  1.0369E-01  3.0545E-02
  9.8226E+00  2.4000E+02  2.9494E+00  2.4226E+01  2.7014E+00  1.6476E-01  3.9101E-02
  8.8707E+00  2.8000E+02  2.9320E+00  2.4420E+01  2.6439E+00  2.2246E-01  4.4677E-02
  8.0366E+00  3.2000E+02  2.9299E+00  2.4645E+01  2.5883E+00  2.7202E-01  4.7873E-02
  7.2885E+00  3.6000E+02  2.9476E+00  2.4894E+01  2.5339E+00  3.0911E-01  4.8788E-02
  6.6072E+00  4.0000E+02  2.9870E+00  2.5164E+01  2.4807E+00  3.3862E-01  4.8670E-02
  5.9801E+00  4.4000E+02  3.0498E+00  2.5454E+01  2.4286E+00  3.6168E-01  4.7856E-02
  5.3977E+00  4.8000E+02  3.1388E+00  2.5761E+01  2.3777E+00  3.7541E-01  4.6131E-02
  4.8525E+00  5.2000E+02  3.2588E+00  2.6084E+01  2.3279E+00  3.7191E-01  4.2774E-02
  4.3390E+00  5.6000E+02  3.4143E+00  2.6417E+01  2.2793E+00  3.4496E-01  3.7374E-02
  3.8528E+00  6.0000E+02  3.6085E+00  2.6754E+01  2.2320E+00  2.9397E-01  3.0156E-02
  3.3906E+00  6.4000E+02  3.8432E+00  2.7090E+01  2.1858E+00  2.2029E-01  2.1480E-02
  2.9499E+00  6.8000E+02  4.1191E+00  2.7421E+01  2.1408E+00  1.2461E-01  1.1585E-02
  2.5286E+00  7.2000E+02  4.4367E+00  2.7742E+01  2.0969E+00  7.0708E-03  6.2849E-04
  2.1250E+00  7.6000E+02  4.7955E+00  2.8047E+01  2.0542E+00 -1.3236E-01 -1.1273E-02
  1.7374E+00  8.0000E+02  5.1948E+00  2.8332E+01  2.0125E+00 -2.9384E-01 -2.4026E-02
  1.3647E+00  8.4000E+02  5.6336E+00  2.8593E+01  1.9719E+00 -4.7789E-01 -3.7580E-02
  1.0057E+00  8.8000E+02  6.1104E+00  2.8824E+01  1.9324E+00 -6.8503E-01 -5.1888E-02
  6.5932E-01  9.2000E+02  6.6256E+00  2.9020E+01  1.8940E+00 -9.2059E-01 -6.7268E-02
  3.2445E-01  9.6000E+02  7.1893E+00  2.9171E+01  1.8566E+00 -1.2342E+00 -8.7194E-02
  4.3280E-04  1.0000E+03  7.8210E+00  2.9223E+01  1.8203E+00 -1.7885E+00 -1.2227E-01
