  26  8.5995000E+01
  3.1962E+01  1.0000E-03  2.0116E-01  1.4733E+02  2.0116E-01  0.0000E+00  0.0000E+00
  2.2621E+01  4.0000E+01  2.6122E+00  1.4763E+02  1.9132E-01 -2.2592E-01 -4.4523E-01
  1.7487E+01  8.0000E+01  1.0522E+01  1.4721E+02  1.5950E-01 -1.6233E+00 -1.7585E+00
  1.4796E+01  1.2000E+02  1.2473E+01  1.4642E+02  1.4791E-01 -1.0152E+00 -5.7637E-01
  1.2908E+01  1.6000E+02  1.3390E+01  1.4628E+02  1.4093E-01 -5.6452E-01 -2.2480E-01
  1.1452E+01  2.0000E+02  1.4176E+01  1.4654E+02  1.3623E-01 -3.5652E-01 -1.0954E-01
  1.0260E+01  2.4000E+02  1.5013E+01  1.4708E+02  1.3272E-01 -2.4847E-01 -6.2466E-02
  9.2468E+00  2.8000E+02  1.5997E+01  1.4789E+02  1.2992E-01 -1.7330E-01 -3.7058E-02
  8.3601E+00  3.2000E+02  1.7193E+01  1.4894E+02  1.2757E-01 -1.6195E-01 -3.0296E-02
  7.5676E+00  3.6000E+02  1.8612E+01  1.5018E+02  1.2554E-01 -2.2698E-01 -3.7953E-02
  6.8479E+00  4.0000E+02  2.0206E+01  1.5153E+02  1.2377E-01 -3.4000E-01 -5.1626E-02
  6.1867E+00  4.4000E+02  2.1917E+01  1.5294E+02  1.2220E-01 -4.6102E-01 -6.4317E-02
  5.5737E+00  4.8000E+02  2.3697E+01  1.5437E+02  1.2079E-01 -5.7305E-01 -7.4113E-02
  5.0014E+00  5.2000E+02  2.5516E+01  1.5580E+02  1.1953E-01 -6.7589E-01 -8.1609E-02
  4.4640E+00  5.6000E+02  2.7356E+01  1.5722E+02  1.1838E-01 -7.7574E-01 -8.7951E-02
  3.9570E+00  6.0000E+02  2.9199E+01  1.5862E+02  1.1734E-01 -8.7665E-01 -9.3776E-02
  3.4767E+00  6.4000E+02  3.1029E+01  1.5998E+02  1.1638E-01 -9.7738E-01 -9.9040E-02
  3.0202E+00  6.8000E+02  3.2828E+01  1.6129E+02  1.1550E-01 -1.0759E+00 -1.0362E-01
  2.5851E+00  7.2000E+02  3.4583E+01  1.6254E+02  1.1468E-01 -1.1719E+00 -1.0758E-01
  2.1693E+00  7.6000E+02  3.6279E+01  1.6370E+02  1.1391E-01 -1.2674E+00 -1.1117E-01
  1.7713E+00  8.0000E+02  3.7898E+01  1.6478E+02  1.1320E-01 -1.3571E+00 -1.1397E-01
  1.3895E+00  8.4000E+02  3.9412E+01  1.6576E+02  1.1253E-01 -1.4007E+00 -1.1280E-01
  1.0229E+00  8.8000E+02  4.0841E+01  1.6669E+02  1.1190E-01 -1.3650E+00 -1.0558E-01
  6.7009E-01  9.2000E+02  4.2289E+01  1.6767E+02  1.1131E-01 -1.3433E+00 -9.9989E-02
  3.2954E-01  9.6000E+02  4.3872E+01  1.6872E+02  1.1074E-01 -1.5475E+00 -1.1118E-01
  5.1209E-04  1.0000E+03  4.5643E+01  1.6951E+02  1.1021E-01 -2.9717E+00 -2.0629E-01
