  26  3.9900000E+00
  3.2071E+01  1.0000E-03  1.0005E+01  4.1508E+01  1.0005E+01  0.0000E+00  0.0000E+00
  2.2881E+01  4.0000E+01  9.4741E+00  4.1513E+01  9.4604E+00  5.8291E-02  1.1303E-01
  1.7976E+01  8.0000E+01  8.7821E+00  4.1643E+01  8.7244E+00  1.6766E-01  1.7349E-01
  1.5473E+01  1.2000E+02  8.6148E+00  4.1824E+01  8.5220E+00  1.3923E-01  7.3515E-02
  1.3672E+01  1.6000E+02  8.5084E+00  4.2070E+01  8.3657E+00  1.9531E-01  7.4226E-02
  1.2228E+01  2.0000E+02  8.4532E+00  4.2369E+01  8.2292E+00  2.4520E-01  7.4716E-02
  1.1007E+01  2.4000E+02  8.4519E+00  4.2710E+01  8.1040E+00  2.8051E-01  7.2274E-02
  9.9415E+00  2.8000E+02  8.5071E+00  4.3083E+01  7.9867E+00  2.9860E-01  6.7100E-02
  8.9942E+00  3.2000E+02  8.6191E+00  4.3481E+01  7.8760E+00  3.0142E-01  6.0245E-02
  8.1393E+00  3.6000E+02  8.7887E+00  4.3896E+01  7.7710E+00  2.8804E-01  5.1949E-02
  7.3589E+00  4.0000E+02  9.0181E+00  4.4324E+01  7.6707E+00  2.5358E-01  4.1751E-02
  6.6398E+00  4.4000E+02  9.3095E+00  4.4754E+01  7.5743E+00  1.9334E-01  2.9335E-02
  5.9722E+00  4.8000E+02  9.6624E+00  4.5178E+01  7.4809E+00  1.0646E-01  1.4996E-02
  5.3489E+00  5.2000E+02  1.0073E+01  4.5587E+01  7.3898E+00 -2.9055E-03 -3.8210E-04
  4.7643E+00  5.6000E+02  1.0535E+01  4.5974E+01  7.3007E+00 -1.2698E-01 -1.5661E-02
  4.2140E+00  6.0000E+02  1.1038E+01  4.6337E+01  7.2132E+00 -2.5616E-01 -2.9736E-02
  3.6946E+00  6.4000E+02  1.1574E+01  4.6675E+01  7.1271E+00 -3.8107E-01 -4.1757E-02
  3.2031E+00  6.8000E+02  1.2134E+01  4.6992E+01  7.0422E+00 -4.9515E-01 -5.1353E-02
  2.7367E+00  7.2000E+02  1.2714E+01  4.7292E+01  6.9585E+00 -5.9836E-01 -5.8878E-02
  2.2931E+00  7.6000E+02  1.3312E+01  4.7581E+01  6.8758E+00 -6.9750E-01 -6.5283E-02
  1.8700E+00  8.0000E+02  1.3933E+01  4.7861E+01  6.7941E+00 -8.0680E-01 -7.2015E-02
  1.4654E+00  8.4000E+02  1.4583E+01  4.8127E+01  6.7134E+00 -9.4826E-01 -8.0941E-02
  1.0776E+00  8.8000E+02  1.5260E+01  4.8372E+01  6.6337E+00 -1.1141E+00 -9.1147E-02
  7.0526E-01  9.2000E+02  1.5960E+01  4.8598E+01  6.5549E+00 -1.2732E+00 -1.0003E-01
  3.4661E-01  9.6000E+02  1.6713E+01  4.8809E+01  6.4769E+00 -1.5124E+00 -1.1444E-01
  7.1369E-04  1.0000E+03  1.7576E+01  4.8950E+01  6.4000E+00 -2.0863E+00 -1.5225E-01
