  26  3.9900000E+00
  3.1979E+01  1.0000E-03  7.6859E+00  2.7573E+01  7.6859E+00  0.0000E+00  0.0000E+00
  2.2648E+01  4.0000E+01  7.2278E+00  2.7583E+01  7.2142E+00  5.0179E-02  9.8786E-02
  1.7528E+01  8.0000E+01  6.7381E+00  2.7638E+01  6.6414E+00  1.0626E-01  1.1480E-01
  1.4850E+01  1.2000E+02  6.6369E+00  2.7706E+01  6.4765E+00  6.3295E-02  3.5761E-02
  1.2970E+01  1.6000E+02  6.5709E+00  2.7819E+01  6.3508E+00  9.5193E-02  3.7750E-02
  1.1515E+01  2.0000E+02  6.5255E+00  2.7969E+01  6.2413E+00  1.3453E-01  4.1290E-02
  1.0321E+01  2.4000E+02  6.4984E+00  2.8154E+01  6.1404E+00  1.7742E-01  4.4713E-02
  9.3023E+00  2.8000E+02  6.4902E+00  2.8370E+01  6.0456E+00  2.2000E-01  4.7275E-02
  8.4099E+00  3.2000E+02  6.5043E+00  2.8615E+01  5.9556E+00  2.5873E-01  4.8710E-02
  7.6118E+00  3.6000E+02  6.5452E+00  2.8885E+01  5.8693E+00  2.8669E-01  4.8276E-02
  6.8868E+00  4.0000E+02  6.6166E+00  2.9174E+01  5.7860E+00  3.0052E-01  4.5966E-02
  6.2207E+00  4.4000E+02  6.7213E+00  2.9478E+01  5.7049E+00  2.9971E-01  4.2122E-02
  5.6032E+00  4.8000E+02  6.8607E+00  2.9793E+01  5.6256E+00  2.8410E-01  3.7011E-02
  5.0269E+00  5.2000E+02  7.0365E+00  3.0115E+01  5.5477E+00  2.5280E-01  3.0740E-02
  4.4858E+00  5.6000E+02  7.2497E+00  3.0439E+01  5.4712E+00  2.0457E-01  2.3352E-02
  3.9755E+00  6.0000E+02  7.5013E+00  3.0761E+01  5.3958E+00  1.3827E-01  1.4886E-02
  3.4923E+00  6.4000E+02  7.7914E+00  3.1077E+01  5.3215E+00  5.3399E-02  5.4440E-03
  3.0332E+00  6.8000E+02  8.1197E+00  3.1382E+01  5.2482E+00 -4.9779E-02 -4.8218E-03
  2.5957E+00  7.2000E+02  8.4849E+00  3.1673E+01  5.1760E+00 -1.7048E-01 -1.5735E-02
  2.1779E+00  7.6000E+02  8.8852E+00  3.1945E+01  5.1048E+00 -3.0748E-01 -2.7107E-02
  1.7780E+00  8.0000E+02  9.3175E+00  3.2194E+01  5.0346E+00 -4.5760E-01 -3.8611E-02
  1.3945E+00  8.4000E+02  9.7764E+00  3.2419E+01  4.9654E+00 -6.1066E-01 -4.9399E-02
  1.0264E+00  8.8000E+02  1.0258E+01  3.2621E+01  4.8972E+00 -7.5814E-01 -5.8883E-02
  6.7229E-01  9.2000E+02  1.0768E+01  3.2803E+01  4.8300E+00 -9.2824E-01 -6.9352E-02
  3.3059E-01  9.6000E+02  1.1326E+01  3.2950E+01  4.7638E+00 -1.1998E+00 -8.6494E-02
  5.3854E-04  1.0000E+03  1.1952E+01  3.3010E+01  4.6986E+00 -1.7149E+00 -1.1942E-01
