  26  3.9900000E+00
  3.1297E+01  1.0000E-03  4.9346E+00  2.4040E+01  4.9346E+00  0.0000E+00  0.0000E+00
  2.2123E+01  4.0000E+01  4.5930E+00  2.4048E+01  4.5810E+00  3.8136E-02  7.3816E-02
  1.7055E+01  8.0000E+01  4.3019E+00  2.4091E+01  4.2099E+00  6.5850E-02  7.0406E-02
  1.4371E+01  1.2000E+02  4.2580E+00  2.4133E+01  4.0937E+00  3.1952E-02  1.8093E-02
  1.2486E+01  1.6000E+02  4.2277E+00  2.4199E+01  4.0022E+00  5.1238E-02  2.0372E-02
  1.1055E+01  2.0000E+02  4.1929E+00  2.4305E+01  3.9216E+00  9.8665E-02  2.9787E-02
  9.9057E+00  2.4000E+02  4.1579E+00  2.4457E+01  3.8473E+00  1.6189E-01  3.9268E-02
  8.9376E+00  2.8000E+02  4.1307E+00  2.4646E+01  3.7772E+00  2.2417E-01  4.5791E-02
  8.0925E+00  3.2000E+02  4.1190E+00  2.4869E+01  3.7098E+00  2.7788E-01  4.9542E-02
  7.3363E+00  3.6000E+02  4.1286E+00  2.5119E+01  3.6443E+00  3.1661E-01  5.0516E-02
  6.6481E+00  4.0000E+02  4.1628E+00  2.5389E+01  3.5803E+00  3.4303E-01  4.9807E-02
  6.0145E+00  4.4000E+02  4.2236E+00  2.5677E+01  3.5175E+00  3.5908E-01  4.7999E-02
  5.4261E+00  4.8000E+02  4.3130E+00  2.5981E+01  3.4558E+00  3.6407E-01  4.5198E-02
  4.8756E+00  5.2000E+02  4.4340E+00  2.6297E+01  3.3953E+00  3.5402E-01  4.1113E-02
  4.3576E+00  5.6000E+02  4.5902E+00  2.6621E+01  3.3358E+00  3.2430E-01  3.5445E-02
  3.8676E+00  6.0000E+02  4.7840E+00  2.6948E+01  3.2775E+00  2.7290E-01  2.8211E-02
  3.4024E+00  6.4000E+02  5.0173E+00  2.7274E+01  3.2203E+00  1.9958E-01  1.9590E-02
  2.9591E+00  6.8000E+02  5.2908E+00  2.7594E+01  3.1642E+00  1.0440E-01  9.7628E-03
  2.5357E+00  7.2000E+02  5.6049E+00  2.7903E+01  3.1093E+00 -1.2548E-02 -1.1210E-03
  2.1303E+00  7.6000E+02  5.9591E+00  2.8196E+01  3.0554E+00 -1.5108E-01 -1.2924E-02
  1.7412E+00  8.0000E+02  6.3522E+00  2.8468E+01  3.0026E+00 -3.1053E-01 -2.5487E-02
  1.3673E+00  8.4000E+02  6.7824E+00  2.8715E+01  2.9509E+00 -4.8928E-01 -3.8597E-02
  1.0074E+00  8.8000E+02  7.2486E+00  2.8934E+01  2.9003E+00 -6.8890E-01 -5.2315E-02
  6.6032E-01  9.2000E+02  7.7522E+00  2.9118E+01  2.8507E+00 -9.2109E-01 -6.7449E-02
  3.2487E-01  9.6000E+02  8.3025E+00  2.9254E+01  2.8021E+00 -1.2332E+00 -8.7278E-02
  4.4564E-04  1.0000E+03  8.9157E+00  2.9289E+01  2.7546E+00 -1.7843E+00 -1.2213E-01
