  26  8.5995000E+01
  3.2100E+01  1.0000E-03  2.8953E-01  1.7154E+02  2.8953E-01  0.0000E+00  0.0000E+00
  2.2939E+01  4.0000E+01  2.7345E+00  1.7090E+02  2.7867E-01 -3.3694E-01 -6.5124E-01
  1.8113E+01  8.0000E+01  7.0445E+00  1.6997E+02  2.4026E-01 -1.0854E+00 -1.1051E+00
  1.5681E+01  1.2000E+02  8.1418E+00  1.7093E+02  2.2477E-01 -5.6765E-02 -2.9129E-02
  1.3914E+01  1.6000E+02  1.0165E+01  1.7320E+02  2.1346E-01  1.4155E-01  5.2771E-02
  1.2477E+01  2.0000E+02  1.3161E+01  1.7599E+02  2.0478E-01 -1.4444E-01 -4.3764E-02
  1.1249E+01  2.4000E+02  1.6798E+01  1.7896E+02  1.9807E-01 -5.3994E-01 -1.3999E-01
  1.0167E+01  2.8000E+02  2.0568E+01  1.8175E+02  1.9275E-01 -9.0772E-01 -2.0710E-01
  9.2002E+00  3.2000E+02  2.4194E+01  1.8431E+02  1.8840E-01 -1.1022E+00 -2.2487E-01
  8.3250E+00  3.6000E+02  2.7599E+01  1.8666E+02  1.8476E-01 -1.2092E+00 -2.2327E-01
  7.5253E+00  4.0000E+02  3.0790E+01  1.8883E+02  1.8164E-01 -1.2804E+00 -2.1605E-01
  6.7884E+00  4.4000E+02  3.3781E+01  1.9082E+02  1.7895E-01 -1.3478E+00 -2.0952E-01
  6.1051E+00  4.8000E+02  3.6567E+01  1.9265E+02  1.7660E-01 -1.4062E+00 -2.0274E-01
  5.4678E+00  5.2000E+02  3.9153E+01  1.9431E+02  1.7453E-01 -1.4464E+00 -1.9447E-01
  4.8708E+00  5.6000E+02  4.1551E+01  1.9583E+02  1.7269E-01 -1.4756E+00 -1.8587E-01
  4.3092E+00  6.0000E+02  4.3770E+01  1.9721E+02  1.7104E-01 -1.4996E+00 -1.7768E-01
  3.7791E+00  6.4000E+02  4.5820E+01  1.9846E+02  1.6956E-01 -1.5132E+00 -1.6924E-01
  3.2772E+00  6.8000E+02  4.7710E+01  1.9959E+02  1.6821E-01 -1.5065E+00 -1.5953E-01
  2.8006E+00  7.2000E+02  4.9471E+01  2.0064E+02  1.6698E-01 -1.4857E+00 -1.4938E-01
  2.3469E+00  7.6000E+02  5.1142E+01  2.0164E+02  1.6584E-01 -1.4793E+00 -1.4161E-01
  1.9139E+00  8.0000E+02  5.2740E+01  2.0259E+02  1.6479E-01 -1.4997E+00 -1.3702E-01
  1.4996E+00  8.4000E+02  5.4265E+01  2.0347E+02  1.6381E-01 -1.5469E+00 -1.3520E-01
  1.1026E+00  8.8000E+02  5.5675E+01  2.0427E+02  1.6289E-01 -1.5433E+00 -1.2927E-01
  7.2146E-01  9.2000E+02  5.7036E+01  2.0509E+02  1.6204E-01 -1.4343E+00 -1.1534E-01
  3.5446E-01  9.6000E+02  5.8565E+01  2.0607E+02  1.6122E-01 -1.4731E+00 -1.1406E-01
  7.0854E-04  1.0000E+03  6.0416E+01  2.0695E+02  1.6045E-01 -2.7447E+00 -2.0485E-01
