  26  8.5995000E+01
  3.1995E+01  1.0000E-03  2.1572E-01  1.4933E+02  2.1571E-01  0.0000E+00  0.0000E+00
  2.2674E+01  4.0000E+01  2.5824E+00  1.4959E+02  2.0565E-01 -2.2653E-01 -4.4551E-01
  1.7569E+01  8.0000E+01  1.0107E+01  1.4906E+02  1.7238E-01 -1.5762E+00 -1.6975E+00
  1.4906E+01  1.2000E+02  1.1847E+01  1.4842E+02  1.6003E-01 -8.9561E-01 -5.0306E-01
  1.3036E+01  1.6000E+02  1.2883E+01  1.4865E+02  1.5240E-01 -4.3169E-01 -1.7039E-01
  1.1582E+01  2.0000E+02  1.3977E+01  1.4928E+02  1.4717E-01 -3.1695E-01 -9.7202E-02
  1.0384E+01  2.4000E+02  1.5206E+01  1.5015E+02  1.4324E-01 -3.0360E-01 -7.6736E-02
  9.3600E+00  2.8000E+02  1.6535E+01  1.5116E+02  1.4011E-01 -3.0745E-01 -6.6428E-02
  8.4616E+00  3.2000E+02  1.7996E+01  1.5234E+02  1.3749E-01 -3.1053E-01 -5.8863E-02
  7.6575E+00  3.6000E+02  1.9610E+01  1.5366E+02  1.3524E-01 -3.6672E-01 -6.2212E-02
  6.9270E+00  4.0000E+02  2.1349E+01  1.5506E+02  1.3328E-01 -4.6258E-01 -7.1290E-02
  6.2559E+00  4.4000E+02  2.3170E+01  1.5650E+02  1.3155E-01 -5.6947E-01 -8.0633E-02
  5.6339E+00  4.8000E+02  2.5034E+01  1.5795E+02  1.3001E-01 -6.7158E-01 -8.8128E-02
  5.0535E+00  5.2000E+02  2.6915E+01  1.5938E+02  1.2862E-01 -7.6742E-01 -9.3979E-02
  4.5087E+00  5.6000E+02  2.8794E+01  1.6079E+02  1.2737E-01 -8.5986E-01 -9.8822E-02
  3.9951E+00  6.0000E+02  3.0656E+01  1.6217E+02  1.2623E-01 -9.5061E-01 -1.0301E-01
  3.5089E+00  6.4000E+02  3.2486E+01  1.6349E+02  1.2519E-01 -1.0394E+00 -1.0663E-01
  3.0471E+00  6.8000E+02  3.4271E+01  1.6476E+02  1.2423E-01 -1.1253E+00 -1.0964E-01
  2.6072E+00  7.2000E+02  3.6000E+01  1.6596E+02  1.2335E-01 -1.2074E+00 -1.1205E-01
  2.1871E+00  7.6000E+02  3.7663E+01  1.6708E+02  1.2252E-01 -1.2865E+00 -1.1400E-01
  1.7852E+00  8.0000E+02  3.9248E+01  1.6811E+02  1.2176E-01 -1.3649E+00 -1.1573E-01
  1.4000E+00  8.4000E+02  4.0731E+01  1.6905E+02  1.2103E-01 -1.4178E+00 -1.1523E-01
  1.0303E+00  8.8000E+02  4.2109E+01  1.6992E+02  1.2036E-01 -1.3855E+00 -1.0809E-01
  6.7470E-01  9.2000E+02  4.3472E+01  1.7082E+02  1.1972E-01 -1.3040E+00 -9.7826E-02
  3.3174E-01  9.6000E+02  4.4983E+01  1.7185E+02  1.1912E-01 -1.4061E+00 -1.0174E-01
  5.6925E-04  1.0000E+03  4.6750E+01  1.7282E+02  1.1855E-01 -2.4082E+00 -1.6826E-01
