  26  3.9900000E+00
  3.2019E+01  1.0000E-03  9.3169E+00  3.5531E+01  9.3169E+00  0.0000E+00  0.0000E+00
  2.2801E+01  4.0000E+01  8.8046E+00  3.5539E+01  8.7926E+00  5.6481E-02  1.0985E-01
  1.7818E+01  8.0000E+01  8.1718E+00  3.5639E+01  8.1031E+00  1.4696E-01  1.5451E-01
  1.5251E+01  1.2000E+02  8.0239E+00  3.5776E+01  7.9113E+00  1.1107E-01  6.0159E-02
  1.3424E+01  1.6000E+02  7.9292E+00  3.5970E+01  7.7645E+00  1.5797E-01  6.0889E-02
  1.1975E+01  2.0000E+02  7.8773E+00  3.6209E+01  7.6363E+00  2.0099E-01  6.1450E-02
  1.0760E+01  2.4000E+02  7.8665E+00  3.6483E+01  7.5186E+00  2.3410E-01  5.9978E-02
  9.7095E+00  2.8000E+02  7.8961E+00  3.6786E+01  7.4082E+00  2.5994E-01  5.7632E-02
  8.7797E+00  3.2000E+02  7.9674E+00  3.7113E+01  7.3038E+00  2.7512E-01  5.3970E-02
  7.9435E+00  3.6000E+02  8.0815E+00  3.7459E+01  7.2045E+00  2.7784E-01  4.9016E-02
  7.1820E+00  4.0000E+02  8.2404E+00  3.7820E+01  7.1094E+00  2.6539E-01  4.2637E-02
  6.4816E+00  4.4000E+02  8.4456E+00  3.8190E+01  7.0176E+00  2.3528E-01  3.4767E-02
  5.8323E+00  4.8000E+02  8.6979E+00  3.8563E+01  6.9284E+00  1.8612E-01  2.5497E-02
  5.2265E+00  5.2000E+02  8.9965E+00  3.8934E+01  6.8413E+00  1.1852E-01  1.5148E-02
  4.6584E+00  5.6000E+02  9.3394E+00  3.9297E+01  6.7558E+00  3.5149E-02  4.2126E-03
  4.1235E+00  6.0000E+02  9.7236E+00  3.9648E+01  6.6718E+00 -6.0912E-02 -6.8746E-03
  3.6180E+00  6.4000E+02  1.0146E+01  3.9986E+01  6.5891E+00 -1.6720E-01 -1.7833E-02
  3.1388E+00  6.8000E+02  1.0602E+01  4.0307E+01  6.5074E+00 -2.8184E-01 -2.8496E-02
  2.6833E+00  7.2000E+02  1.1090E+01  4.0611E+01  6.4269E+00 -4.0336E-01 -3.8764E-02
  2.2492E+00  7.6000E+02  1.1606E+01  4.0897E+01  6.3474E+00 -5.2984E-01 -4.8520E-02
  1.8347E+00  8.0000E+02  1.2147E+01  4.1164E+01  6.2688E+00 -6.6105E-01 -5.7810E-02
  1.4380E+00  8.4000E+02  1.2713E+01  4.1412E+01  6.1913E+00 -8.0221E-01 -6.7141E-02
  1.0576E+00  8.8000E+02  1.3302E+01  4.1639E+01  6.1147E+00 -9.5218E-01 -7.6419E-02
  6.9220E-01  9.2000E+02  1.3913E+01  4.1848E+01  6.0390E+00 -1.0991E+00 -8.4733E-02
  3.4019E-01  9.6000E+02  1.4566E+01  4.2040E+01  5.9643E+00 -1.3104E+00 -9.7322E-02
  6.8857E-04  1.0000E+03  1.5309E+01  4.2181E+01  5.8906E+00 -1.7735E+00 -1.2704E-01
