  26  3.9900000E+00
  3.2003E+01  1.0000E-03  8.6807E+00  3.1633E+01  8.6807E+00  0.0000E+00  0.0000E+00
  2.2736E+01  4.0000E+01  8.1883E+00  3.1643E+01  8.1759E+00  5.4131E-02  1.0583E-01
  1.7691E+01  8.0000E+01  7.6109E+00  3.1721E+01  7.5313E+00  1.3000E-01  1.3837E-01
  1.5076E+01  1.2000E+02  7.4809E+00  3.1827E+01  7.3498E+00  9.0068E-02  4.9692E-02
  1.3229E+01  1.6000E+02  7.3964E+00  3.1984E+01  7.2115E+00  1.3116E-01  5.1123E-02
  1.1778E+01  2.0000E+02  7.3467E+00  3.2184E+01  7.0908E+00  1.7160E-01  5.2525E-02
  1.0572E+01  2.4000E+02  7.3287E+00  3.2414E+01  6.9797E+00  2.0618E-01  5.2486E-02
  9.5335E+00  2.8000E+02  7.3410E+00  3.2674E+01  6.8755E+00  2.3795E-01  5.2117E-02
  8.6188E+00  3.2000E+02  7.3849E+00  3.2959E+01  6.7767E+00  2.6367E-01  5.0881E-02
  7.7984E+00  3.6000E+02  7.4633E+00  3.3266E+01  6.6826E+00  2.7879E-01  4.8256E-02
  7.0523E+00  4.0000E+02  7.5788E+00  3.3590E+01  6.5921E+00  2.7964E-01  4.4017E-02
  6.3666E+00  4.4000E+02  7.7338E+00  3.3926E+01  6.5045E+00  2.6457E-01  3.8277E-02
  5.7310E+00  4.8000E+02  7.9294E+00  3.4270E+01  6.4191E+00  2.3273E-01  3.1206E-02
  5.1381E+00  5.2000E+02  8.1663E+00  3.4616E+01  6.3356E+00  1.8377E-01  2.2990E-02
  4.5818E+00  5.6000E+02  8.4442E+00  3.4960E+01  6.2535E+00  1.1825E-01  1.3877E-02
  4.0577E+00  6.0000E+02  8.7622E+00  3.5297E+01  6.1728E+00  3.6918E-02  4.0822E-03
  3.5620E+00  6.4000E+02  9.1189E+00  3.5624E+01  6.0932E+00 -5.9444E-02 -6.2171E-03
  3.0916E+00  6.8000E+02  9.5124E+00  3.5938E+01  6.0147E+00 -1.6966E-01 -1.6837E-02
  2.6440E+00  7.2000E+02  9.9402E+00  3.6235E+01  5.9373E+00 -2.9194E-01 -2.7568E-02
  2.2171E+00  7.6000E+02  1.0400E+01  3.6513E+01  5.8608E+00 -4.2424E-01 -3.8213E-02
  1.8090E+00  8.0000E+02  1.0888E+01  3.6770E+01  5.7854E+00 -5.6579E-01 -4.8715E-02
  1.4181E+00  8.4000E+02  1.1401E+01  3.7005E+01  5.7110E+00 -7.1524E-01 -5.8981E-02
  1.0432E+00  8.8000E+02  1.1936E+01  3.7216E+01  5.6375E+00 -8.6335E-01 -6.8302E-02
  6.8285E-01  9.2000E+02  1.2491E+01  3.7408E+01  5.5650E+00 -1.0066E+00 -7.6523E-02
  3.3563E-01  9.6000E+02  1.3087E+01  3.7581E+01  5.4934E+00 -1.2176E+00 -8.9196E-02
  6.5327E-04  1.0000E+03  1.3762E+01  3.7698E+01  5.4229E+00 -1.6657E+00 -1.1772E-01
