  26  3.9900000E+00
  3.1842E+01  1.0000E-03  6.5414E+00  2.5057E+01  6.5414E+00  0.0000E+00  0.0000E+00
  2.2503E+01  4.0000E+01  6.1283E+00  2.5067E+01  6.1138E+00  4.5322E-02  8.9303E-02
  1.7352E+01  8.0000E+01  5.7317E+00  2.5108E+01  5.6248E+00  8.4997E-02  9.2372E-02
  1.4639E+01  1.2000E+02  5.6614E+00  2.5152E+01  5.4797E+00  4.2045E-02  2.4067E-02
  1.2737E+01  1.6000E+02  5.6149E+00  2.5230E+01  5.3682E+00  6.5687E-02  2.6351E-02
  1.1281E+01  2.0000E+02  5.5758E+00  2.5346E+01  5.2708E+00  1.0660E-01  3.2753E-02
  1.0100E+01  2.4000E+02  5.5437E+00  2.5501E+01  5.1811E+00  1.5777E-01  3.9309E-02
  9.1020E+00  2.8000E+02  5.5216E+00  2.5691E+01  5.0968E+00  2.1261E-01  4.4766E-02
  8.2318E+00  3.2000E+02  5.5158E+00  2.5914E+01  5.0164E+00  2.6339E-01  4.8355E-02
  7.4551E+00  3.6000E+02  5.5324E+00  2.6164E+01  4.9390E+00  3.0062E-01  4.9264E-02
  6.7498E+00  4.0000E+02  5.5755E+00  2.6436E+01  4.8637E+00  3.2435E-01  4.8261E-02
  6.1016E+00  4.4000E+02  5.6481E+00  2.6725E+01  4.7901E+00  3.3381E-01  4.5656E-02
  5.5002E+00  4.8000E+02  5.7525E+00  2.7027E+01  4.7179E+00  3.2873E-01  4.1710E-02
  4.9382E+00  5.2000E+02  5.8909E+00  2.7338E+01  4.6469E+00  3.0778E-01  3.6490E-02
  4.4101E+00  5.6000E+02  6.0654E+00  2.7655E+01  4.5770E+00  2.6880E-01  2.9953E-02
  3.9112E+00  6.0000E+02  6.2776E+00  2.7972E+01  4.5082E+00  2.1024E-01  2.2126E-02
  3.4383E+00  6.4000E+02  6.5285E+00  2.8285E+01  4.4405E+00  1.3145E-01  1.3117E-02
  2.9883E+00  6.8000E+02  6.8184E+00  2.8589E+01  4.3738E+00  3.2236E-02  3.0605E-03
  2.5589E+00  7.2000E+02  7.1471E+00  2.8881E+01  4.3082E+00 -8.7342E-02 -7.9112E-03
  2.1484E+00  7.6000E+02  7.5132E+00  2.9154E+01  4.2437E+00 -2.2642E-01 -1.9613E-02
  1.7549E+00  8.0000E+02  7.9140E+00  2.9405E+01  4.1802E+00 -3.8140E-01 -3.1659E-02
  1.3773E+00  8.4000E+02  8.3457E+00  2.9631E+01  4.1177E+00 -5.4433E-01 -4.3368E-02
  1.0143E+00  8.8000E+02  8.8065E+00  2.9832E+01  4.0562E+00 -7.1604E-01 -5.4841E-02
  6.6461E-01  9.2000E+02  9.3024E+00  3.0003E+01  3.9958E+00 -9.2631E-01 -6.8336E-02
  3.2690E-01  9.6000E+02  9.8454E+00  3.0130E+01  3.9364E+00 -1.2340E+00 -8.7923E-02
  4.7204E-04  1.0000E+03  1.0449E+01  3.0149E+01  3.8780E+00 -1.7895E+00 -1.2324E-01
