  26  3.9900000E+00
  3.2043E+01  1.0000E-03  9.6848E+00  3.8511E+01  9.6848E+00  0.0000E+00  0.0000E+00
  2.2844E+01  4.0000E+01  9.1617E+00  3.8518E+01  9.1492E+00  5.7657E-02  1.1190E-01
  1.7900E+01  8.0000E+01  8.4975E+00  3.8633E+01  8.4346E+00  1.5751E-01  1.6428E-01
  1.5365E+01  1.2000E+02  8.3392E+00  3.8792E+01  8.2370E+00  1.2537E-01  6.7060E-02
  1.3551E+01  1.6000E+02  8.2384E+00  3.9012E+01  8.0852E+00  1.7663E-01  6.7601E-02
  1.2104E+01  2.0000E+02  8.1851E+00  3.9280E+01  7.9526E+00  2.2247E-01  6.7925E-02
  1.0886E+01  2.4000E+02  8.1789E+00  3.9587E+01  7.8309E+00  2.5674E-01  6.5983E-02
  9.8273E+00  2.8000E+02  8.2208E+00  3.9924E+01  7.7169E+00  2.7926E-01  6.2347E-02
  8.8884E+00  3.2000E+02  8.3119E+00  4.0286E+01  7.6092E+00  2.8798E-01  5.7047E-02
  8.0425E+00  3.6000E+02  8.4535E+00  4.0666E+01  7.5069E+00  2.8184E-01  5.0303E-02
  7.2711E+00  4.0000E+02  8.6470E+00  4.1058E+01  7.4091E+00  2.5781E-01  4.1958E-02
  6.5610E+00  4.4000E+02  8.8937E+00  4.1456E+01  7.3148E+00  2.1311E-01  3.1928E-02
  5.9023E+00  4.8000E+02  9.1936E+00  4.1853E+01  7.2234E+00  1.4706E-01  2.0437E-02
  5.2876E+00  5.2000E+02  9.5443E+00  4.2242E+01  7.1341E+00  6.1913E-02  8.0290E-03
  4.7113E+00  5.6000E+02  9.9417E+00  4.2618E+01  7.0467E+00 -3.7643E-02 -4.5771E-03
  4.1688E+00  6.0000E+02  1.0380E+01  4.2977E+01  6.9609E+00 -1.4628E-01 -1.6743E-02
  3.6564E+00  6.4000E+02  1.0855E+01  4.3319E+01  6.8763E+00 -2.5961E-01 -2.8063E-02
  3.1711E+00  6.8000E+02  1.1361E+01  4.3642E+01  6.7929E+00 -3.7493E-01 -3.8391E-02
  2.7101E+00  7.2000E+02  1.1894E+01  4.3949E+01  6.7107E+00 -4.9162E-01 -4.7810E-02
  2.2713E+00  7.6000E+02  1.2451E+01  4.4239E+01  6.6294E+00 -6.0946E-01 -5.6432E-02
  1.8524E+00  8.0000E+02  1.3032E+01  4.4514E+01  6.5492E+00 -7.3033E-01 -6.4537E-02
  1.4518E+00  8.4000E+02  1.3638E+01  4.4772E+01  6.4700E+00 -8.6731E-01 -7.3315E-02
  1.0677E+00  8.8000E+02  1.4270E+01  4.5011E+01  6.3916E+00 -1.0223E+00 -8.2843E-02
  6.9876E-01  9.2000E+02  1.4923E+01  4.5232E+01  6.3143E+00 -1.1739E+00 -9.1366E-02
  3.4341E-01  9.6000E+02  1.5625E+01  4.5437E+01  6.2378E+00 -1.3946E+00 -1.0455E-01
  7.0410E-04  1.0000E+03  1.6426E+01  4.5588E+01  6.1624E+00 -1.8991E+00 -1.3731E-01
