  26  3.9900000E+00
  3.0822E+01  1.0000E-03  3.8953E+00  2.3825E+01  3.8953E+00  0.0000E+00  0.0000E+00
  2.1819E+01  4.0000E+01  3.6051E+00  2.3831E+01  3.5957E+00  3.2972E-02  6.2629E-02
  1.6855E+01  8.0000E+01  3.3746E+00  2.3880E+01  3.3010E+00  5.6118E-02  5.8779E-02
  1.4225E+01  1.2000E+02  3.3394E+00  2.3931E+01  3.2041E+00  3.2754E-02  1.8172E-02
  1.2375E+01  1.6000E+02  3.3142E+00  2.4005E+01  3.1260E+00  5.3661E-02  2.0947E-02
  1.0970E+01  2.0000E+02  3.2840E+00  2.4119E+01  3.0568E+00  1.0302E-01  3.0526E-02
  9.8398E+00  2.4000E+02  3.2551E+00  2.4277E+01  2.9928E+00  1.6484E-01  3.9311E-02
  8.8845E+00  2.8000E+02  3.2347E+00  2.4470E+01  2.9320E+00  2.2379E-01  4.5103E-02
  8.0482E+00  3.2000E+02  3.2296E+00  2.4695E+01  2.8732E+00  2.7477E-01  4.8483E-02
  7.2984E+00  3.6000E+02  3.2449E+00  2.4944E+01  2.8159E+00  3.1178E-01  4.9320E-02
  6.6157E+00  4.0000E+02  3.2826E+00  2.5214E+01  2.7597E+00  3.4040E-01  4.9032E-02
  5.9871E+00  4.4000E+02  3.3445E+00  2.5503E+01  2.7047E+00  3.6175E-01  4.7973E-02
  5.4034E+00  4.8000E+02  3.4330E+00  2.5810E+01  2.6508E+00  3.7358E-01  4.6010E-02
  4.8571E+00  5.2000E+02  3.5525E+00  2.6131E+01  2.5980E+00  3.6903E-01  4.2531E-02
  4.3426E+00  5.6000E+02  3.7073E+00  2.6461E+01  2.5465E+00  3.4208E-01  3.7130E-02
  3.8557E+00  6.0000E+02  3.9004E+00  2.6797E+01  2.4961E+00  2.9151E-01  2.9950E-02
  3.3929E+00  6.4000E+02  4.1338E+00  2.7131E+01  2.4469E+00  2.1821E-01  2.1305E-02
  2.9517E+00  6.8000E+02  4.4084E+00  2.7460E+01  2.3988E+00  1.2279E-01  1.1430E-02
  2.5300E+00  7.2000E+02  4.7243E+00  2.7778E+01  2.3519E+00  5.4423E-03  4.8421E-04
  2.1260E+00  7.6000E+02  5.0814E+00  2.8081E+01  2.3062E+00 -1.3380E-01 -1.1405E-02
  1.7381E+00  8.0000E+02  5.4787E+00  2.8364E+01  2.2615E+00 -2.9496E-01 -2.4135E-02
  1.3652E+00  8.4000E+02  5.9151E+00  2.8622E+01  2.2178E+00 -4.7830E-01 -3.7635E-02
  1.0060E+00  8.8000E+02  6.3894E+00  2.8850E+01  2.1753E+00 -6.8485E-01 -5.1901E-02
  6.5951E-01  9.2000E+02  6.9018E+00  2.9044E+01  2.1338E+00 -9.2045E-01 -6.7287E-02
  3.2453E-01  9.6000E+02  7.4620E+00  2.9191E+01  2.0933E+00 -1.2331E+00 -8.7151E-02
  4.3682E-04  1.0000E+03  8.0891E+00  2.9239E+01  2.0539E+00 -1.7860E+00 -1.2212E-01
