  26  3.9900000E+00
  3.1671E+01  1.0000E-03  5.9199E+00  2.4423E+01  5.9199E+00  0.0000E+00  0.0000E+00
  2.2376E+01  4.0000E+01  5.5334E+00  2.4433E+01  5.5195E+00  4.2624E-02  8.3593E-02
  1.7243E+01  8.0000E+01  5.1805E+00  2.4473E+01  5.0760E+00  7.6489E-02  8.2840E-02
  1.4532E+01  1.2000E+02  5.1227E+00  2.4512E+01  4.9420E+00  3.5924E-02  2.0548E-02
  1.2631E+01  1.6000E+02  5.0839E+00  2.4582E+01  4.8381E+00  5.6897E-02  2.2815E-02
  1.1181E+01  2.0000E+02  5.0468E+00  2.4689E+01  4.7472E+00  9.9951E-02  3.0573E-02
  1.0011E+01  2.4000E+02  5.0123E+00  2.4839E+01  4.6635E+00  1.5695E-01  3.8744E-02
  9.0252E+00  2.8000E+02  4.9862E+00  2.5026E+01  4.5847E+00  2.1630E-01  4.5001E-02
  8.1659E+00  3.2000E+02  4.9755E+00  2.5247E+01  4.5093E+00  2.6948E-01  4.8857E-02
  7.3985E+00  3.6000E+02  4.9865E+00  2.5495E+01  4.4365E+00  3.0875E-01  4.9990E-02
  6.7012E+00  4.0000E+02  5.0233E+00  2.5764E+01  4.3656E+00  3.3392E-01  4.9128E-02
  6.0597E+00  4.4000E+02  5.0887E+00  2.6051E+01  4.2960E+00  3.4560E-01  4.6772E-02
  5.4642E+00  4.8000E+02  5.1848E+00  2.6352E+01  4.2278E+00  3.4366E-01  4.3173E-02
  4.9075E+00  5.2000E+02  5.3139E+00  2.6663E+01  4.1606E+00  3.2634E-01  3.8329E-02
  4.3840E+00  5.6000E+02  5.4785E+00  2.6980E+01  4.0946E+00  2.9093E-01  3.2135E-02
  3.8893E+00  6.0000E+02  5.6806E+00  2.7298E+01  4.0297E+00  2.3564E-01  2.4595E-02
  3.4199E+00  6.4000E+02  5.9212E+00  2.7614E+01  3.9658E+00  1.5967E-01  1.5811E-02
  2.9732E+00  6.8000E+02  6.2013E+00  2.7922E+01  3.9030E+00  6.2737E-02  5.9135E-03
  2.5467E+00  7.2000E+02  6.5205E+00  2.8218E+01  3.8413E+00 -5.5223E-02 -4.9687E-03
  2.1387E+00  7.6000E+02  6.8782E+00  2.8496E+01  3.7807E+00 -1.9379E-01 -1.6683E-02
  1.7475E+00  8.0000E+02  7.2723E+00  2.8753E+01  3.7211E+00 -3.5080E-01 -2.8954E-02
  1.3717E+00  8.4000E+02  7.6998E+00  2.8985E+01  3.6626E+00 -5.2075E-01 -4.1279E-02
  1.0104E+00  8.8000E+02  8.1590E+00  2.9190E+01  3.6051E+00 -7.0398E-01 -5.3675E-02
  6.6212E-01  9.2000E+02  8.6539E+00  2.9363E+01  3.5487E+00 -9.2297E-01 -6.7812E-02
  3.2570E-01  9.6000E+02  9.1951E+00  2.9490E+01  3.4932E+00 -1.2320E+00 -8.7446E-02
  4.6029E-04  1.0000E+03  9.7967E+00  2.9511E+01  3.4389E+00 -1.7854E+00 -1.2251E-01
