  26  8.5995000E+01
  3.0382E+01  1.0000E-03  7.6340E-02  1.4004E+02  7.6339E-02  0.0000E+00  0.0000E+00
  2.1548E+01  4.0000E+01  1.9199E+00  1.4010E+02  7.0324E-02 -2.0202E-01 -3.7654E-01
  1.6686E+01  8.0000E+01  7.9858E+00  1.4016E+02  5.5758E-02 -1.2368E+00 -1.2686E+00
  1.4110E+01  1.2000E+02  1.0203E+01  1.3983E+02  5.1805E-02 -9.8658E-01 -5.3608E-01
  1.2293E+01  1.6000E+02  1.1000E+01  1.3916E+02  4.9635E-02 -8.1074E-01 -3.1089E-01
  1.0911E+01  2.0000E+02  1.1084E+01  1.3885E+02  4.8187E-02 -2.8294E-01 -8.2501E-02
  9.7948E+00  2.4000E+02  1.1316E+01  1.3921E+02  4.7102E-02  1.1286E-01  2.6572E-02
  8.8483E+00  2.8000E+02  1.1927E+01  1.4000E+02  4.6224E-02  1.9303E-01  3.8549E-02
  8.0176E+00  3.2000E+02  1.2939E+01  1.4110E+02  4.5483E-02  1.0595E-01  1.8568E-02
  7.2723E+00  3.6000E+02  1.4217E+01  1.4233E+02  4.4842E-02 -6.9079E-02 -1.0863E-02
  6.5936E+00  4.0000E+02  1.5637E+01  1.4362E+02  4.4277E-02 -1.9333E-01 -2.7683E-02
  5.9689E+00  4.4000E+02  1.7148E+01  1.4497E+02  4.3774E-02 -2.5286E-01 -3.3328E-02
  5.3887E+00  4.8000E+02  1.8768E+01  1.4642E+02  4.3321E-02 -2.9115E-01 -3.5640E-02
  4.8454E+00  5.2000E+02  2.0532E+01  1.4797E+02  4.2906E-02 -3.8656E-01 -4.4305E-02
  4.3334E+00  5.6000E+02  2.2414E+01  1.4958E+02  4.2525E-02 -5.4421E-01 -5.8791E-02
  3.8483E+00  6.0000E+02  2.4362E+01  1.5118E+02  4.2172E-02 -7.0865E-01 -7.2519E-02
  3.3871E+00  6.4000E+02  2.6335E+01  1.5276E+02  4.1843E-02 -8.5556E-01 -8.3253E-02
  2.9472E+00  6.8000E+02  2.8303E+01  1.5429E+02  4.1537E-02 -9.8596E-01 -9.1510E-02
  2.5265E+00  7.2000E+02  3.0249E+01  1.5578E+02  4.1251E-02 -1.1038E+00 -9.7966E-02
  2.1234E+00  7.6000E+02  3.2158E+01  1.5720E+02  4.0984E-02 -1.2130E+00 -1.0318E-01
  1.7362E+00  8.0000E+02  3.4021E+01  1.5855E+02  4.0733E-02 -1.3162E+00 -1.0750E-01
  1.3639E+00  8.4000E+02  3.5832E+01  1.5983E+02  4.0498E-02 -1.4168E+00 -1.1131E-01
  1.0051E+00  8.8000E+02  3.7584E+01  1.6105E+02  4.0276E-02 -1.5027E+00 -1.1373E-01
  6.5904E-01  9.2000E+02  3.9300E+01  1.6222E+02  4.0068E-02 -1.5578E+00 -1.1375E-01
  3.2435E-01  9.6000E+02  4.1095E+01  1.6343E+02  3.9871E-02 -1.7443E+00 -1.2317E-01
  4.2419E-04  1.0000E+03  4.3087E+01  1.6440E+02  3.9684E-02 -3.1820E+00 -2.1746E-01
