  26  8.5995000E+01
  3.2103E+01  1.0000E-03  2.8490E-01  1.6945E+02  2.8490E-01  0.0000E+00  0.0000E+00
  2.2928E+01  4.0000E+01  2.7394E+00  1.6882E+02  2.7408E-01 -3.3655E-01 -6.5149E-01
  1.8087E+01  8.0000E+01  7.1592E+00  1.6793E+02  2.3597E-01 -1.0964E+00 -1.1199E+00
  1.5641E+01  1.2000E+02  8.3283E+00  1.6885E+02  2.2063E-01 -1.0348E-01 -5.3400E-02
  1.3866E+01  1.6000E+02  1.0318E+01  1.7100E+02  2.0952E-01  9.0139E-02  3.3755E-02
  1.2428E+01  2.0000E+02  1.3194E+01  1.7365E+02  2.0108E-01 -1.5548E-01 -4.7165E-02
  1.1200E+01  2.4000E+02  1.6690E+01  1.7650E+02  1.9457E-01 -5.2751E-01 -1.3662E-01
  1.0122E+01  2.8000E+02  2.0304E+01  1.7915E+02  1.8941E-01 -8.8960E-01 -2.0245E-01
  9.1586E+00  3.2000E+02  2.3752E+01  1.8158E+02  1.8518E-01 -1.0599E+00 -2.1539E-01
  8.2879E+00  3.6000E+02  2.6989E+01  1.8383E+02  1.8163E-01 -1.1303E+00 -2.0764E-01
  7.4926E+00  4.0000E+02  3.0064E+01  1.8597E+02  1.7860E-01 -1.1771E+00 -1.9750E-01
  6.7598E+00  4.4000E+02  3.3014E+01  1.8801E+02  1.7597E-01 -1.2482E+00 -1.9298E-01
  6.0796E+00  4.8000E+02  3.5837E+01  1.8992E+02  1.7367E-01 -1.3417E+00 -1.9254E-01
  5.4447E+00  5.2000E+02  3.8508E+01  1.9167E+02  1.7164E-01 -1.4406E+00 -1.9298E-01
  4.8493E+00  5.6000E+02  4.0996E+01  1.9325E+02  1.6983E-01 -1.5316E+00 -1.9240E-01
  4.2889E+00  6.0000E+02  4.3271E+01  1.9463E+02  1.6821E-01 -1.6042E+00 -1.8969E-01
  3.7598E+00  6.4000E+02  4.5310E+01  1.9580E+02  1.6675E-01 -1.6438E+00 -1.8348E-01
  3.2591E+00  6.8000E+02  4.7093E+01  1.9677E+02  1.6542E-01 -1.6150E+00 -1.7059E-01
  2.7843E+00  7.2000E+02  4.8671E+01  1.9763E+02  1.6421E-01 -1.5067E+00 -1.5095E-01
  2.3328E+00  7.6000E+02  5.0156E+01  1.9849E+02  1.6310E-01 -1.4002E+00 -1.3338E-01
  1.9021E+00  8.0000E+02  5.1623E+01  1.9936E+02  1.6207E-01 -1.3812E+00 -1.2549E-01
  1.4903E+00  8.4000E+02  5.3073E+01  2.0021E+02  1.6112E-01 -1.4542E+00 -1.2635E-01
  1.0957E+00  8.8000E+02  5.4420E+01  2.0097E+02  1.6022E-01 -1.4835E+00 -1.2351E-01
  7.1696E-01  9.2000E+02  5.5700E+01  2.0174E+02  1.5938E-01 -1.3413E+00 -1.0718E-01
  3.5230E-01  9.6000E+02  5.7184E+01  2.0275E+02  1.5858E-01 -1.3045E+00 -1.0036E-01
  7.3676E-04  1.0000E+03  5.9119E+01  2.0375E+02  1.5783E-01 -2.6497E+00 -1.9654E-01
