  26  8.5995000E+01
  3.2057E+01  1.0000E-03  2.6732E-01  1.6228E+02  2.6732E-01  0.0000E+00  0.0000E+00
  2.2863E+01  4.0000E+01  2.6093E+00  1.6202E+02  2.5666E-01 -2.8270E-01 -5.4836E-01
  1.7939E+01  8.0000E+01  7.9921E+00  1.6124E+02  2.1944E-01 -1.2517E+00 -1.3004E+00
  1.5420E+01  1.2000E+02  9.3707E+00  1.6173E+02  2.0469E-01 -3.5081E-01 -1.8645E-01
  1.3612E+01  1.6000E+02  1.1107E+01  1.6331E+02  1.9448E-01 -8.6800E-02 -3.3106E-02
  1.2167E+01  2.0000E+02  1.3466E+01  1.6533E+02  1.8698E-01 -2.3911E-01 -7.2938E-02
  1.0947E+01  2.4000E+02  1.6158E+01  1.6744E+02  1.8128E-01 -4.7422E-01 -1.2203E-01
  9.8853E+00  2.8000E+02  1.8956E+01  1.6954E+02  1.7674E-01 -6.6305E-01 -1.4851E-01
  8.9421E+00  3.2000E+02  2.1732E+01  1.7156E+02  1.7300E-01 -7.9133E-01 -1.5746E-01
  8.0916E+00  3.6000E+02  2.4454E+01  1.7354E+02  1.6984E-01 -8.7691E-01 -1.5735E-01
  7.3156E+00  4.0000E+02  2.7129E+01  1.7547E+02  1.6711E-01 -9.6271E-01 -1.5762E-01
  6.6009E+00  4.4000E+02  2.9750E+01  1.7733E+02  1.6473E-01 -1.0661E+00 -1.6077E-01
  5.9376E+00  4.8000E+02  3.2289E+01  1.7908E+02  1.6263E-01 -1.1807E+00 -1.6522E-01
  5.3185E+00  5.2000E+02  3.4705E+01  1.8070E+02  1.6077E-01 -1.2888E+00 -1.6834E-01
  4.7379E+00  5.6000E+02  3.6964E+01  1.8216E+02  1.5911E-01 -1.3749E+00 -1.6840E-01
  4.1916E+00  6.0000E+02  3.9043E+01  1.8346E+02  1.5762E-01 -1.4299E+00 -1.6484E-01
  3.6757E+00  6.4000E+02  4.0939E+01  1.8461E+02  1.5627E-01 -1.4505E+00 -1.5787E-01
  3.1872E+00  6.8000E+02  4.2665E+01  1.8563E+02  1.5504E-01 -1.4404E+00 -1.4844E-01
  2.7235E+00  7.2000E+02  4.4250E+01  1.8656E+02  1.5391E-01 -1.4116E+00 -1.3809E-01
  2.2823E+00  7.6000E+02  4.5723E+01  1.8743E+02  1.5288E-01 -1.3724E+00 -1.2777E-01
  1.8613E+00  8.0000E+02  4.7124E+01  1.8827E+02  1.5191E-01 -1.3294E+00 -1.1807E-01
  1.4586E+00  8.4000E+02  4.8504E+01  1.8911E+02  1.5102E-01 -1.3335E+00 -1.1328E-01
  1.0727E+00  8.8000E+02  4.9838E+01  1.8992E+02  1.5018E-01 -1.3652E+00 -1.1116E-01
  7.0203E-01  9.2000E+02  5.1118E+01  1.9073E+02  1.4939E-01 -1.2703E+00 -9.9336E-02
  3.4502E-01  9.6000E+02  5.2567E+01  1.9175E+02  1.4865E-01 -1.2006E+00 -9.0435E-02
  7.1024E-04  1.0000E+03  5.4460E+01  1.9303E+02  1.4794E-01 -1.7794E+00 -1.2926E-01
