  26  3.9900000E+00
  3.2030E+01  1.0000E-03  9.5066E+00  3.7036E+01  9.5066E+00  0.0000E+00  0.0000E+00
  2.2823E+01  4.0000E+01  8.9885E+00  3.7044E+01  8.9765E+00  5.7173E-02  1.1106E-01
  1.7860E+01  8.0000E+01  8.3397E+00  3.7151E+01  8.2739E+00  1.5222E-01  1.5940E-01
  1.5308E+01  1.2000E+02  8.1864E+00  3.7299E+01  8.0792E+00  1.1829E-01  6.3672E-02
  1.3488E+01  1.6000E+02  8.0886E+00  3.7506E+01  7.9298E+00  1.6734E-01  6.4269E-02
  1.2040E+01  2.0000E+02  8.0361E+00  3.7760E+01  7.7994E+00  2.1159E-01  6.4653E-02
  1.0823E+01  2.4000E+02  8.0276E+00  3.8050E+01  7.6796E+00  2.4521E-01  6.2930E-02
  9.7685E+00  2.8000E+02  8.0633E+00  3.8369E+01  7.5673E+00  2.6944E-01  5.9953E-02
  8.8340E+00  3.2000E+02  8.1443E+00  3.8713E+01  7.4612E+00  2.8135E-01  5.5470E-02
  7.9929E+00  3.6000E+02  8.2720E+00  3.9076E+01  7.3604E+00  2.7962E-01  4.9624E-02
  7.2264E+00  4.0000E+02  8.4477E+00  3.9452E+01  7.2639E+00  2.6158E-01  4.2302E-02
  6.5211E+00  4.4000E+02  8.6729E+00  3.9836E+01  7.1708E+00  2.2477E-01  3.3446E-02
  5.8671E+00  4.8000E+02  8.9479E+00  4.0221E+01  7.0805E+00  1.6804E-01  2.3186E-02
  5.2569E+00  5.2000E+02  9.2713E+00  4.0601E+01  6.9923E+00  9.2578E-02  1.1918E-02
  4.6847E+00  5.6000E+02  9.6402E+00  4.0971E+01  6.9058E+00  1.9490E-03  2.3527E-04
  4.1460E+00  6.0000E+02  1.0050E+01  4.1327E+01  6.8209E+00 -9.9834E-02 -1.1346E-02
  3.6371E+00  6.4000E+02  1.0498E+01  4.1668E+01  6.7372E+00 -2.0948E-01 -2.2492E-02
  3.1549E+00  6.8000E+02  1.0978E+01  4.1992E+01  6.6546E+00 -3.2466E-01 -3.3033E-02
  2.6967E+00  7.2000E+02  1.1488E+01  4.2299E+01  6.5732E+00 -4.4413E-01 -4.2936E-02
  2.2602E+00  7.6000E+02  1.2025E+01  4.2588E+01  6.4928E+00 -5.6652E-01 -5.2167E-02
  1.8435E+00  8.0000E+02  1.2585E+01  4.2860E+01  6.4134E+00 -6.9238E-01 -6.0867E-02
  1.4449E+00  8.4000E+02  1.3171E+01  4.3114E+01  6.3349E+00 -8.3081E-01 -6.9881E-02
  1.0626E+00  8.8000E+02  1.3781E+01  4.3349E+01  6.2574E+00 -9.8235E-01 -7.9223E-02
  6.9547E-01  9.2000E+02  1.4412E+01  4.3565E+01  6.1809E+00 -1.1305E+00 -8.7569E-02
  3.4180E-01  9.6000E+02  1.5089E+01  4.3766E+01  6.1052E+00 -1.3447E+00 -1.0034E-01
  6.9652E-04  1.0000E+03  1.5860E+01  4.3917E+01  6.0307E+00 -1.8203E+00 -1.3100E-01
