  26  3.9900000E+00
  3.2100E+01  1.0000E-03  1.0670E+01  4.9222E+01  1.0670E+01  0.0000E+00  0.0000E+00
  2.2939E+01  4.0000E+01  1.0122E+01  4.9222E+01  1.0106E+01  5.9793E-02  1.1557E-01
  1.8113E+01  8.0000E+01  9.3755E+00  4.9390E+01  9.3258E+00  1.8946E-01  1.9290E-01
  1.5681E+01  1.2000E+02  9.1904E+00  4.9619E+01  9.1141E+00  1.7044E-01  8.7459E-02
  1.3914E+01  1.6000E+02  9.0703E+00  4.9926E+01  8.9489E+00  2.4165E-01  9.0091E-02
  1.2477E+01  2.0000E+02  9.0111E+00  5.0300E+01  8.8039E+00  3.0123E-01  9.1268E-02
  1.1249E+01  2.4000E+02  9.0243E+00  5.0724E+01  8.6709E+00  3.3489E-01  8.6825E-02
  1.0167E+01  2.8000E+02  9.1161E+00  5.1183E+01  8.5465E+00  3.3857E-01  7.7248E-02
  9.2002E+00  3.2000E+02  9.2858E+00  5.1662E+01  8.4294E+00  3.2002E-01  6.5290E-02
  8.3250E+00  3.6000E+02  9.5299E+00  5.2152E+01  8.3187E+00  2.8193E-01  5.2056E-02
  7.5253E+00  4.0000E+02  9.8454E+00  5.2648E+01  8.2134E+00  2.2466E-01  3.7908E-02
  6.7884E+00  4.4000E+02  1.0229E+01  5.3140E+01  8.1125E+00  1.4706E-01  2.2862E-02
  6.1051E+00  4.8000E+02  1.0677E+01  5.3622E+01  8.0151E+00  5.1232E-02  7.3864E-03
  5.4678E+00  5.2000E+02  1.1182E+01  5.4090E+01  7.9204E+00 -5.9165E-02 -7.9544E-03
  4.8708E+00  5.6000E+02  1.1741E+01  5.4540E+01  7.8279E+00 -1.8226E-01 -2.2957E-02
  4.3092E+00  6.0000E+02  1.2348E+01  5.4969E+01  7.7371E+00 -3.1630E-01 -3.7476E-02
  3.7791E+00  6.4000E+02  1.2997E+01  5.5376E+01  7.6479E+00 -4.5758E-01 -5.1176E-02
  3.2772E+00  6.8000E+02  1.3682E+01  5.5759E+01  7.5599E+00 -6.0167E-01 -6.3713E-02
  2.8006E+00  7.2000E+02  1.4401E+01  5.6120E+01  7.4731E+00 -7.4949E-01 -7.5357E-02
  2.3469E+00  7.6000E+02  1.5153E+01  5.6459E+01  7.3874E+00 -9.0984E-01 -8.7094E-02
  1.9139E+00  8.0000E+02  1.5938E+01  5.6773E+01  7.3027E+00 -1.0893E+00 -9.9524E-02
  1.4996E+00  8.4000E+02  1.6754E+01  5.7055E+01  7.2190E+00 -1.2880E+00 -1.1257E-01
  1.1026E+00  8.8000E+02  1.7592E+01  5.7304E+01  7.1362E+00 -1.4835E+00 -1.2426E-01
  7.2146E-01  9.2000E+02  1.8454E+01  5.7529E+01  7.0543E+00 -1.6736E+00 -1.3458E-01
  3.5446E-01  9.6000E+02  1.9375E+01  5.7724E+01  6.9733E+00 -1.9754E+00 -1.5296E-01
  7.0854E-04  1.0000E+03  2.0398E+01  5.7809E+01  6.8933E+00 -2.6514E+00 -1.9789E-01
