  26  8.5995000E+01
  3.0100E+01  1.0000E-03  5.6280E-02  1.3926E+02  5.6279E-02  0.0000E+00  0.0000E+00
  2.1388E+01  4.0000E+01  1.7699E+00  1.3927E+02  5.1146E-02 -1.9581E-01 -3.5992E-01
  1.6598E+01  8.0000E+01  7.3376E+00  1.3938E+02  4.0050E-02 -1.1390E+00 -1.1510E+00
  1.4059E+01  1.2000E+02  9.4748E+00  1.3921E+02  3.7326E-02 -9.1103E-01 -4.8796E-01
  1.2262E+01  1.6000E+02  1.0332E+01  1.3870E+02  3.5805E-02 -7.5710E-01 -2.8702E-01
  1.0892E+01  2.0000E+02  1.0567E+01  1.3856E+02  3.4782E-02 -2.7474E-01 -7.9434E-02
  9.7818E+00  2.4000E+02  1.0923E+01  1.3900E+02  3.4015E-02  7.6645E-02  1.7954E-02
  8.8378E+00  2.8000E+02  1.1642E+01  1.3986E+02  3.3397E-02  1.4202E-01  2.8285E-02
  8.0085E+00  3.2000E+02  1.2714E+01  1.4096E+02  3.2876E-02  4.0565E-02  7.0971E-03
  7.2643E+00  3.6000E+02  1.4011E+01  1.4218E+02  3.2425E-02 -1.1197E-01 -1.7582E-02
  6.5866E+00  4.0000E+02  1.5431E+01  1.4345E+02  3.2026E-02 -2.1637E-01 -3.0935E-02
  5.9629E+00  4.4000E+02  1.6930E+01  1.4479E+02  3.1670E-02 -2.5815E-01 -3.3967E-02
  5.3838E+00  4.8000E+02  1.8540E+01  1.4623E+02  3.1348E-02 -2.8257E-01 -3.4526E-02
  4.8415E+00  5.2000E+02  2.0302E+01  1.4779E+02  3.1053E-02 -3.7427E-01 -4.2820E-02
  4.3303E+00  5.6000E+02  2.2190E+01  1.4941E+02  3.0781E-02 -5.3617E-01 -5.7831E-02
  3.8459E+00  6.0000E+02  2.4148E+01  1.5102E+02  3.0529E-02 -7.0568E-01 -7.2118E-02
  3.3852E+00  6.4000E+02  2.6132E+01  1.5261E+02  3.0295E-02 -8.5602E-01 -8.3203E-02
  2.9457E+00  6.8000E+02  2.8111E+01  1.5416E+02  3.0076E-02 -9.8804E-01 -9.1614E-02
  2.5254E+00  7.2000E+02  3.0067E+01  1.5565E+02  2.9873E-02 -1.1064E+00 -9.8116E-02
  2.1225E+00  7.6000E+02  3.1986E+01  1.5708E+02  2.9683E-02 -1.2154E+00 -1.0331E-01
  1.7356E+00  8.0000E+02  3.3858E+01  1.5844E+02  2.9504E-02 -1.3188E+00 -1.0765E-01
  1.3634E+00  8.4000E+02  3.5678E+01  1.5973E+02  2.9337E-02 -1.4198E+00 -1.1149E-01
  1.0049E+00  8.8000E+02  3.7435E+01  1.6095E+02  2.9179E-02 -1.5013E+00 -1.1358E-01
  6.5889E-01  9.2000E+02  3.9157E+01  1.6214E+02  2.9031E-02 -1.5478E+00 -1.1298E-01
  3.2429E-01  9.6000E+02  4.0963E+01  1.6336E+02  2.8890E-02 -1.7287E+00 -1.2204E-01
  4.1954E-04  1.0000E+03  4.2970E+01  1.6439E+02  2.8756E-02 -3.0314E+00 -2.0713E-01
