  26  3.9900000E+00
  3.0382E+01  1.0000E-03  2.8132E+00  2.3655E+01  2.8132E+00  0.0000E+00  0.0000E+00
  2.1548E+01  4.0000E+01  2.5825E+00  2.3660E+01  2.5752E+00  2.6763E-02  4.9882E-02
  1.6686E+01  8.0000E+01  2.4187E+00  2.3714E+01  2.3600E+00  4.4698E-02  4.5848E-02
  1.4110E+01  1.2000E+02  2.3944E+00  2.3773E+01  2.2836E+00  3.2268E-02  1.7534E-02
  1.2293E+01  1.6000E+02  2.3772E+00  2.3855E+01  2.2206E+00  5.4806E-02  2.1016E-02
  1.0911E+01  2.0000E+02  2.3560E+00  2.3976E+01  2.1644E+00  1.0318E-01  3.0087E-02
  9.7948E+00  2.4000E+02  2.3365E+00  2.4138E+01  2.1119E+00  1.6241E-01  3.8239E-02
  8.8483E+00  2.8000E+02  2.3260E+00  2.4334E+01  2.0616E+00  2.1790E-01  4.3516E-02
  8.0176E+00  3.2000E+02  2.3303E+00  2.4559E+01  2.0127E+00  2.6527E-01  4.6489E-02
  7.2723E+00  3.6000E+02  2.3534E+00  2.4807E+01  1.9649E+00  3.0254E-01  4.7573E-02
  6.5936E+00  4.0000E+02  2.3970E+00  2.5077E+01  1.9182E+00  3.3365E-01  4.7777E-02
  5.9689E+00  4.4000E+02  2.4630E+00  2.5368E+01  1.8727E+00  3.5958E-01  4.7393E-02
  5.3887E+00  4.8000E+02  2.5546E+00  2.5678E+01  1.8283E+00  3.7608E-01  4.6036E-02
  4.8454E+00  5.2000E+02  2.6774E+00  2.6003E+01  1.7853E+00  3.7336E-01  4.2793E-02
  4.3334E+00  5.6000E+02  2.8362E+00  2.6339E+01  1.7434E+00  3.4542E-01  3.7316E-02
  3.8483E+00  6.0000E+02  3.0342E+00  2.6679E+01  1.7028E+00  2.9327E-01  3.0012E-02
  3.3871E+00  6.4000E+02  3.2729E+00  2.7019E+01  1.6634E+00  2.1884E-01  2.1295E-02
  2.9472E+00  6.8000E+02  3.5530E+00  2.7353E+01  1.6252E+00  1.2269E-01  1.1387E-02
  2.5265E+00  7.2000E+02  3.8750E+00  2.7677E+01  1.5881E+00  4.8393E-03  4.2950E-04
  2.1234E+00  7.6000E+02  4.2385E+00  2.7986E+01  1.5521E+00 -1.3494E-01 -1.1478E-02
  1.7362E+00  8.0000E+02  4.6428E+00  2.8275E+01  1.5172E+00 -2.9698E-01 -2.4256E-02
  1.3639E+00  8.4000E+02  5.0870E+00  2.8540E+01  1.4834E+00 -4.8193E-01 -3.7862E-02
  1.0051E+00  8.8000E+02  5.5694E+00  2.8775E+01  1.4507E+00 -6.8914E-01 -5.2156E-02
  6.5904E-01  9.2000E+02  6.0906E+00  2.8977E+01  1.4190E+00 -9.2411E-01 -6.7478E-02
  3.2435E-01  9.6000E+02  6.6616E+00  2.9133E+01  1.3884E+00 -1.2399E+00 -8.7557E-02
  4.2419E-04  1.0000E+03  7.3026E+00  2.9192E+01  1.3590E+00 -1.7961E+00 -1.2275E-01
