  26  6.0000000E+00
  3.2086E+01  1.0000E-03  1.2734E+00  1.4377E+02  1.2734E+00  0.0000E+00  0.0000E+00
  2.2946E+01  4.0000E+01  1.2765E+00  1.4378E+02  1.2734E+00  3.1531E-04  6.0802E-04
  1.8130E+01  8.0000E+01  1.2912E+00  1.4383E+02  1.2727E+00  8.3994E-03  8.5358E-03
  1.5704E+01  1.2000E+02  1.2986E+00  1.4388E+02  1.2720E+00  1.5685E-02  8.0254E-03
  1.3944E+01  1.6000E+02  1.3081E+00  1.4393E+02  1.2710E+00  2.3765E-02  8.8278E-03
  1.2510E+01  2.0000E+02  1.3281E+00  1.4399E+02  1.2697E+00  3.1900E-02  9.6521E-03
  1.1280E+01  2.4000E+02  1.3792E+00  1.4409E+02  1.2680E+00  3.8660E-02  1.0032E-02
  1.0196E+01  2.8000E+02  1.5204E+00  1.4426E+02  1.2652E+00  2.9153E-02  6.6669E-03
  9.2257E+00  3.2000E+02  1.8776E+00  1.4457E+02  1.2605E+00 -5.2159E-02 -1.0675E-02
  8.3474E+00  3.6000E+02  2.6539E+00  1.4507E+02  1.2529E+00 -3.1420E-01 -5.8221E-02
  7.5447E+00  4.0000E+02  4.1027E+00  1.4581E+02  1.2412E+00 -8.8977E-01 -1.5067E-01
  6.8056E+00  4.4000E+02  6.4228E+00  1.4677E+02  1.2248E+00 -1.8398E+00 -2.8692E-01
  6.1204E+00  4.8000E+02  9.8126E+00  1.4795E+02  1.2028E+00 -3.2181E+00 -4.6518E-01
  5.4819E+00  5.2000E+02  1.4397E+01  1.4935E+02  1.1749E+00 -4.9902E+00 -6.7225E-01
  4.8840E+00  5.6000E+02  2.0181E+01  1.5093E+02  1.1410E+00 -7.0255E+00 -8.8627E-01
  4.3217E+00  6.0000E+02  2.7057E+01  1.5267E+02  1.1015E+00 -9.1470E+00 -1.0851E+00
  3.7909E+00  6.4000E+02  3.4836E+01  1.5451E+02  1.0571E+00 -1.1188E+01 -1.2528E+00
  3.2882E+00  6.8000E+02  4.3293E+01  1.5642E+02  1.0086E+00 -1.3025E+01 -1.3814E+00
  2.8107E+00  7.2000E+02  5.2194E+01  1.5835E+02  9.5688E-01 -1.4595E+01 -1.4705E+00
  2.3559E+00  7.6000E+02  6.1329E+01  1.6025E+02  9.0295E-01 -1.5893E+01 -1.5252E+00
  1.9215E+00  8.0000E+02  7.0519E+01  1.6208E+02  8.4774E-01 -1.6960E+01 -1.5543E+00
  1.5058E+00  8.4000E+02  7.9666E+01  1.6377E+02  7.9183E-01 -1.7937E+01 -1.5732E+00
  1.1072E+00  8.8000E+02  8.8893E+01  1.6532E+02  7.3443E-01 -1.9258E+01 -1.6195E+00
  7.2436E-01  9.2000E+02  9.8775E+01  1.6682E+02  6.7153E-01 -2.1882E+01 -1.7673E+00
  3.5582E-01  9.6000E+02  1.1030E+02  1.6833E+02  5.9647E-01 -2.7170E+01 -2.1126E+00
  7.3912E-04  1.0000E+03  1.2451E+02  1.6895E+02  5.0345E-01 -3.8273E+01 -2.8672E+00
