  26  6.0000000E+00
  3.2081E+01  1.0000E-03  1.2765E+00  1.4336E+02  1.2765E+00  0.0000E+00  0.0000E+00
  2.2946E+01  4.0000E+01  1.2796E+00  1.4337E+02  1.2765E+00  3.1521E-04  6.0752E-04
  1.8130E+01  8.0000E+01  1.2943E+00  1.4342E+02  1.2758E+00  8.3407E-03  8.4743E-03
  1.5706E+01  1.2000E+02  1.3017E+00  1.4347E+02  1.2751E+00  1.5617E-02  7.9889E-03
  1.3946E+01  1.6000E+02  1.3112E+00  1.4352E+02  1.2741E+00  2.3675E-02  8.7895E-03
  1.2512E+01  2.0000E+02  1.3313E+00  1.4358E+02  1.2728E+00  3.1716E-02  9.5953E-03
  1.1282E+01  2.4000E+02  1.3836E+00  1.4368E+02  1.2711E+00  3.8431E-02  9.9754E-03
  1.0198E+01  2.8000E+02  1.5319E+00  1.4386E+02  1.2682E+00  2.7839E-02  6.3693E-03
  9.2270E+00  3.2000E+02  1.9154E+00  1.4418E+02  1.2633E+00 -6.1640E-02 -1.2621E-02
  8.3483E+00  3.6000E+02  2.7590E+00  1.4472E+02  1.2552E+00 -3.5099E-01 -6.5066E-02
  7.5454E+00  4.0000E+02  4.3369E+00  1.4551E+02  1.2427E+00 -9.8170E-01 -1.6630E-01
  6.8060E+00  4.4000E+02  6.8491E+00  1.4654E+02  1.2251E+00 -2.0036E+00 -3.1255E-01
  6.1208E+00  4.8000E+02  1.0471E+01  1.4780E+02  1.2017E+00 -3.4425E+00 -4.9769E-01
  5.4822E+00  5.2000E+02  1.5279E+01  1.4927E+02  1.1725E+00 -5.2262E+00 -7.0412E-01
  4.8842E+00  5.6000E+02  2.1238E+01  1.5092E+02  1.1374E+00 -7.2134E+00 -9.1004E-01
  4.3219E+00  6.0000E+02  2.8218E+01  1.5270E+02  1.0971E+00 -9.2496E+00 -1.0974E+00
  3.7911E+00  6.4000E+02  3.6041E+01  1.5457E+02  1.0521E+00 -1.1207E+01 -1.2550E+00
  3.2884E+00  6.8000E+02  4.4509E+01  1.5650E+02  1.0031E+00 -1.3000E+01 -1.3789E+00
  2.8108E+00  7.2000E+02  5.3430E+01  1.5846E+02  9.5092E-01 -1.4584E+01 -1.4694E+00
  2.3560E+00  7.6000E+02  6.2621E+01  1.6040E+02  8.9622E-01 -1.5932E+01 -1.5289E+00
  1.9217E+00  8.0000E+02  7.1906E+01  1.6229E+02  8.3990E-01 -1.7027E+01 -1.5603E+00
  1.5060E+00  8.4000E+02  8.1172E+01  1.6409E+02  7.8262E-01 -1.7978E+01 -1.5764E+00
  1.1075E+00  8.8000E+02  9.0524E+01  1.6578E+02  7.2375E-01 -1.9219E+01 -1.6159E+00
  7.2476E-01  9.2000E+02  1.0045E+02  1.6745E+02  6.5995E-01 -2.1555E+01 -1.7407E+00
  3.5611E-01  9.6000E+02  1.1184E+02  1.6913E+02  5.8558E-01 -2.6360E+01 -2.0502E+00
  7.2624E-04  1.0000E+03  1.2585E+02  1.6977E+02  4.9504E-01 -3.7622E+01 -2.8209E+00
