  26  6.0000000E+00
  3.0949E+01  1.0000E-03  4.9946E-01  1.0244E+02  4.9946E-01  0.0000E+00  0.0000E+00
  2.1905E+01  4.0000E+01  5.0165E-01  1.0244E+02  4.9942E-01  2.0262E-04  3.8665E-04
  1.6915E+01  8.0000E+01  5.1681E-01  1.0247E+02  4.9893E-01  1.3636E-03  1.4356E-03
  1.4273E+01  1.2000E+02  5.2743E-01  1.0248E+02  4.9835E-01  1.4999E-03  8.3606E-04
  1.2415E+01  1.6000E+02  5.3781E-01  1.0250E+02  4.9763E-01  4.0017E-03  1.5683E-03
  1.1003E+01  2.0000E+02  5.4757E-01  1.0252E+02  4.9679E-01  9.8790E-03  2.9424E-03
  9.8664E+00  2.4000E+02  5.5720E-01  1.0255E+02  4.9585E-01  1.7858E-02  4.2833E-03
  8.9062E+00  2.8000E+02  5.6800E-01  1.0259E+02  4.9483E-01  2.6082E-02  5.2838E-03
  8.0663E+00  3.2000E+02  5.8146E-01  1.0263E+02  4.9373E-01  3.3286E-02  5.8989E-03
  7.3136E+00  3.6000E+02  5.9952E-01  1.0268E+02  4.9257E-01  3.8289E-02  6.0800E-03
  6.6284E+00  4.0000E+02  6.2439E-01  1.0273E+02  4.9132E-01  4.1311E-02  5.9721E-03
  5.9976E+00  4.4000E+02  6.5904E-01  1.0279E+02  4.8998E-01  4.1598E-02  5.5363E-03
  5.4118E+00  4.8000E+02  7.0771E-01  1.0286E+02  4.8851E-01  3.7042E-02  4.5780E-03
  4.8638E+00  5.2000E+02  7.7672E-01  1.0294E+02  4.8688E-01  2.3278E-02  2.6914E-03
  4.3479E+00  5.6000E+02  8.7550E-01  1.0304E+02  4.8503E-01 -6.8407E-03 -7.4455E-04
  3.8598E+00  6.0000E+02  1.0178E+00  1.0315E+02  4.8290E-01 -6.3924E-02 -6.5829E-03
  3.3961E+00  6.4000E+02  1.2226E+00  1.0328E+02  4.8039E-01 -1.6325E-01 -1.5970E-02
  2.9542E+00  6.8000E+02  1.5152E+00  1.0343E+02  4.7739E-01 -3.2576E-01 -3.0372E-02
  2.5319E+00  7.2000E+02  1.9279E+00  1.0359E+02  4.7377E-01 -5.7882E-01 -5.1571E-02
  2.1274E+00  7.6000E+02  2.5010E+00  1.0378E+02  4.6938E-01 -9.5725E-01 -8.1693E-02
  1.7392E+00  8.0000E+02  3.2854E+00  1.0398E+02  4.6404E-01 -1.5070E+00 -1.2344E-01
  1.3659E+00  8.4000E+02  4.3377E+00  1.0418E+02  4.5756E-01 -2.2725E+00 -1.7897E-01
  1.0065E+00  8.8000E+02  5.7291E+00  1.0438E+02  4.4969E-01 -3.3277E+00 -2.5237E-01
  6.5976E-01  9.2000E+02  7.5971E+00  1.0455E+02  4.3989E-01 -4.9043E+00 -3.5873E-01
  3.2463E-01  9.6000E+02  1.0144E+01  1.0464E+02  4.2742E-01 -7.3301E+00 -5.1829E-01
  4.4159E-04  1.0000E+03  1.3489E+01  1.0452E+02  4.1207E-01 -1.0677E+01 -7.3026E-01
