  26  6.0000000E+00
  3.1900E+01  1.0000E-03  8.0444E-01  1.0510E+02  8.0444E-01  0.0000E+00  0.0000E+00
  2.2551E+01  4.0000E+01  8.0702E-01  1.0511E+02  8.0440E-01  1.4678E-04  2.8951E-04
  1.7400E+01  8.0000E+01  8.2750E-01  1.0513E+02  8.0389E-01  3.4022E-04  3.6975E-04
  1.4692E+01  1.2000E+02  8.4112E-01  1.0514E+02  8.0327E-01  6.6899E-04  3.8228E-04
  1.2793E+01  1.6000E+02  8.5394E-01  1.0516E+02  8.0249E-01  3.3099E-03  1.3255E-03
  1.1336E+01  2.0000E+02  8.6744E-01  1.0519E+02  8.0156E-01  7.7141E-03  2.3718E-03
  1.0151E+01  2.4000E+02  8.8231E-01  1.0522E+02  8.0050E-01  1.3363E-02  3.3418E-03
  9.1471E+00  2.8000E+02  8.9945E-01  1.0525E+02  7.9932E-01  1.9587E-02  4.1477E-03
  8.2712E+00  3.2000E+02  9.2058E-01  1.0530E+02  7.9802E-01  2.5218E-02  4.6601E-03
  7.4892E+00  3.6000E+02  9.4867E-01  1.0535E+02  7.9660E-01  2.8727E-02  4.7394E-03
  6.7794E+00  4.0000E+02  9.8832E-01  1.0541E+02  7.9501E-01  2.8667E-02  4.2933E-03
  6.1271E+00  4.4000E+02  1.0466E+00  1.0548E+02  7.9322E-01  2.1961E-02  3.0223E-03
  5.5221E+00  4.8000E+02  1.1342E+00  1.0557E+02  7.9113E-01  2.8445E-03  3.6305E-04
  4.9571E+00  5.2000E+02  1.2657E+00  1.0568E+02  7.8866E-01 -3.8250E-02 -4.5602E-03
  4.4261E+00  5.6000E+02  1.4606E+00  1.0581E+02  7.8570E-01 -1.1505E-01 -1.2887E-02
  3.9248E+00  6.0000E+02  1.7425E+00  1.0597E+02  7.8215E-01 -2.4453E-01 -2.5861E-02
  3.4497E+00  6.4000E+02  2.1384E+00  1.0616E+02  7.7790E-01 -4.4582E-01 -4.4695E-02
  2.9977E+00  6.8000E+02  2.6798E+00  1.0636E+02  7.7283E-01 -7.4115E-01 -7.0668E-02
  2.5667E+00  7.2000E+02  3.4058E+00  1.0659E+02  7.6679E-01 -1.1612E+00 -1.0560E-01
  2.1545E+00  7.6000E+02  4.3703E+00  1.0683E+02  7.5957E-01 -1.7556E+00 -1.5265E-01
  1.7597E+00  8.0000E+02  5.6351E+00  1.0708E+02  7.5089E-01 -2.5690E+00 -2.1399E-01
  1.3809E+00  8.4000E+02  7.2984E+00  1.0734E+02  7.4030E-01 -3.7141E+00 -2.9685E-01
  1.0168E+00  8.8000E+02  9.4597E+00  1.0759E+02  7.2736E-01 -5.2506E+00 -4.0331E-01
  6.6623E-01  9.2000E+02  1.2183E+01  1.0779E+02  7.1184E-01 -7.1791E+00 -5.3102E-01
  3.2768E-01  9.6000E+02  1.5483E+01  1.0788E+02  6.9387E-01 -9.4871E+00 -6.7764E-01
  4.8098E-04  1.0000E+03  1.9306E+01  1.0772E+02  6.7392E-01 -1.2192E+01 -8.4166E-01
