  26  6.0000000E+00
  3.0207E+01  1.0000E-03  2.8755E-01  1.0241E+02  2.8755E-01  0.0000E+00  0.0000E+00
  2.1452E+01  4.0000E+01  2.8936E-01  1.0241E+02  2.8751E-01  2.7564E-04  5.0918E-04
  1.6636E+01  8.0000E+01  3.0042E-01  1.0243E+02  2.8704E-01  2.6542E-03  2.6968E-03
  1.4084E+01  1.2000E+02  3.0825E-01  1.0245E+02  2.8648E-01  3.2495E-03  1.7496E-03
  1.2279E+01  1.6000E+02  3.1624E-01  1.0247E+02  2.8581E-01  6.3093E-03  2.4020E-03
  1.0904E+01  2.0000E+02  3.2399E-01  1.0249E+02  2.8504E-01  1.2565E-02  3.6459E-03
  9.7910E+00  2.4000E+02  3.3204E-01  1.0252E+02  2.8421E-01  2.0510E-02  4.8170E-03
  8.8453E+00  2.8000E+02  3.4157E-01  1.0256E+02  2.8332E-01  2.8223E-02  5.6311E-03
  8.0149E+00  3.2000E+02  3.5383E-01  1.0260E+02  2.8240E-01  3.4740E-02  6.0864E-03
  7.2697E+00  3.6000E+02  3.7021E-01  1.0265E+02  2.8144E-01  3.9858E-02  6.2666E-03
  6.5912E+00  4.0000E+02  3.9228E-01  1.0270E+02  2.8043E-01  4.3778E-02  6.2674E-03
  5.9667E+00  4.4000E+02  4.2209E-01  1.0276E+02  2.7938E-01  4.5986E-02  6.0589E-03
  5.3867E+00  4.8000E+02  4.6264E-01  1.0282E+02  2.7825E-01  4.4557E-02  5.4516E-03
  4.8438E+00  5.2000E+02  5.1875E-01  1.0290E+02  2.7703E-01  3.5577E-02  4.0752E-03
  4.3321E+00  5.6000E+02  5.9826E-01  1.0299E+02  2.7568E-01  1.3271E-02  1.4328E-03
  3.8473E+00  6.0000E+02  7.1314E-01  1.0309E+02  2.7413E-01 -3.1019E-02 -3.1726E-03
  3.3863E+00  6.4000E+02  8.8035E-01  1.0320E+02  2.7229E-01 -1.1079E-01 -1.0775E-02
  2.9466E+00  6.8000E+02  1.1229E+00  1.0334E+02  2.7009E-01 -2.4541E-01 -2.2768E-02
  2.5261E+00  7.2000E+02  1.4707E+00  1.0349E+02  2.6740E-01 -4.6088E-01 -4.0890E-02
  2.1230E+00  7.6000E+02  1.9617E+00  1.0366E+02  2.6410E-01 -7.9052E-01 -6.7221E-02
  1.7360E+00  8.0000E+02  2.6429E+00  1.0385E+02  2.6004E-01 -1.2765E+00 -1.0424E-01
  1.3637E+00  8.4000E+02  3.5684E+00  1.0404E+02  2.5507E-01 -1.9641E+00 -1.5428E-01
  1.0050E+00  8.8000E+02  4.8013E+00  1.0423E+02  2.4903E-01 -2.9103E+00 -2.2023E-01
  6.5898E-01  9.2000E+02  6.5041E+00  1.0441E+02  2.4133E-01 -4.4245E+00 -3.2303E-01
  3.2432E-01  9.6000E+02  8.8991E+00  1.0451E+02  2.3131E-01 -6.8346E+00 -4.8256E-01
  4.2287E-04  1.0000E+03  1.1991E+01  1.0443E+02  2.1937E-01 -9.8015E+00 -6.6980E-01
