  26  6.0000000E+00
  3.2030E+01  1.0000E-03  1.1180E+00  1.3061E+02  1.1180E+00  0.0000E+00  0.0000E+00
  2.2823E+01  4.0000E+01  1.1206E+00  1.3062E+02  1.1180E+00  3.3519E-04  6.5112E-04
  1.7860E+01  8.0000E+01  1.1373E+00  1.3066E+02  1.1174E+00  5.2827E-03  5.5318E-03
  1.5308E+01  1.2000E+02  1.1469E+00  1.3069E+02  1.1167E+00  9.3189E-03  5.0162E-03
  1.3488E+01  1.6000E+02  1.1574E+00  1.3073E+02  1.1159E+00  1.5381E-02  5.9073E-03
  1.2040E+01  2.0000E+02  1.1739E+00  1.3078E+02  1.1148E+00  2.1832E-02  6.6711E-03
  1.0823E+01  2.4000E+02  1.2015E+00  1.3084E+02  1.1135E+00  2.7092E-02  6.9530E-03
  9.7685E+00  2.8000E+02  1.2467E+00  1.3092E+02  1.1118E+00  2.9711E-02  6.6110E-03
  8.8340E+00  3.2000E+02  1.3197E+00  1.3101E+02  1.1099E+00  2.6068E-02  5.1394E-03
  7.9929E+00  3.6000E+02  1.4354E+00  1.3114E+02  1.1075E+00  9.7996E-03  1.7391E-03
  7.2264E+00  4.0000E+02  1.6137E+00  1.3129E+02  1.1045E+00 -2.9700E-02 -4.8031E-03
  6.5211E+00  4.4000E+02  1.8750E+00  1.3148E+02  1.1010E+00 -1.0456E-01 -1.5559E-02
  5.8671E+00  4.8000E+02  2.2315E+00  1.3169E+02  1.0969E+00 -2.2071E-01 -3.0453E-02
  5.2569E+00  5.2000E+02  2.6833E+00  1.3192E+02  1.0922E+00 -3.7273E-01 -4.7985E-02
  4.6847E+00  5.6000E+02  3.2169E+00  1.3214E+02  1.0872E+00 -5.4450E-01 -6.5729E-02
  4.1460E+00  6.0000E+02  3.8299E+00  1.3235E+02  1.0819E+00 -7.4004E-01 -8.4106E-02
  3.6371E+00  6.4000E+02  4.5404E+00  1.3256E+02  1.0762E+00 -9.8647E-01 -1.0592E-01
  3.1549E+00  6.8000E+02  5.4022E+00  1.3277E+02  1.0698E+00 -1.3483E+00 -1.3718E-01
  2.6967E+00  7.2000E+02  6.5208E+00  1.3300E+02  1.0621E+00 -1.9424E+00 -1.8778E-01
  2.2602E+00  7.6000E+02  8.0772E+00  1.3327E+02  1.0523E+00 -2.9600E+00 -2.7257E-01
  1.8435E+00  8.0000E+02  1.0353E+01  1.3359E+02  1.0391E+00 -4.6888E+00 -4.1218E-01
  1.4449E+00  8.4000E+02  1.3726E+01  1.3398E+02  1.0206E+00 -7.4695E+00 -6.2827E-01
  1.0626E+00  8.8000E+02  1.8655E+01  1.3446E+02  9.9480E-01 -1.1652E+01 -9.3969E-01
  6.9547E-01  9.2000E+02  2.5783E+01  1.3503E+02  9.5809E-01 -1.7870E+01 -1.3842E+00
  3.4180E-01  9.6000E+02  3.5471E+01  1.3559E+02  9.0779E-01 -2.5787E+01 -1.9242E+00
  6.9652E-04  1.0000E+03  4.6899E+01  1.3564E+02  8.4736E-01 -3.3367E+01 -2.4013E+00
